0.00 0.00 0.00 0.00 0.00 0.00 0.00 0.00
0.00 0.00 0.00 0.00 0.00 0.00 0.00 0.00
0.00 0.00 0.00 0.00 0.00 0.00 0.00 0.00
0.00 0.00 0.00 0.00 0.00 0.00 0.00 0.00
0.00 0.00 0.00 0.00 0.00 0.00 0.00 0.00
0.00 0.00 0.00 0.00 0.00 0.00 0.00 0.00
0.00 0.00 0.00 0.00 0.00 0.00 0.00 0.00
0.00 0.00 0.00 0.00 0.00 0.00 0.00 0.00
0.00 0.00 0.00 0.00 0.00 0.00 0.00 0.00
0.00 0.00 0.00 0.00 0.00 0.00 0.00 0.00
0.00 0.00 0.00 0.00 0.00 0.00 0.00 0.02
0.00 0.00 0.00 0.00 0.00 0.00 0.00 0.00
0.00 0.00 0.00 0.00 0.00 0.00 0.00 0.00
0.00 0.00 0.00 0.00 0.00 0.00 0.00 0.01
0.00 0.00 0.00 0.00 0.00 0.00 0.00 0.00
0.00 0.00 0.00 0.00 0.00 0.00 0.00 0.00
0.00 0.00 0.00 0.00 0.00 0.00 0.00 0.00
0.00 0.00 0.00 0.00 0.00 0.00 0.00 0.00
0.00 0.00 0.00 0.00 0.00 0.00 0.01 0.00
0.00 0.00 0.00 0.00 0.00 0.00 0.00 0.00
0.00 0.00 0.00 0.00 0.00 0.00 0.01 0.00
0.00 0.00 0.00 0.00 0.00 0.00 0.00 0.00
0.00 0.00 0.00 0.00 0.00 0.00 0.00 0.00
0.00 0.00 0.00 0.00 0.00 0.00 0.00 0.00
0.00 0.00 0.00 0.00 0.00 0.00 0.00 0.00
0.00 0.00 0.00 0.00 0.00 0.00 0.00 0.00
0.00 0.00 0.00 0.00 0.00 0.00 0.00 0.00
0.00 0.00 0.00 0.00 0.00 0.00 0.00 0.01
0.00 0.00 0.00 0.00 0.00 0.00 0.00 0.00
0.00 0.02 0.00 0.00 0.01 0.02 0.01 0.01
0.13 0.95 0.01 0.00 0.77 1.19 0.17 0.02
0.14 1.02 0.01 0.00 0.88 1.33 0.22 0.06
0.31 2.15 0.02 0.00 1.35 1.97 0.39 0.14
0.22 1.56 0.02 0.00 1.14 1.70 0.34 0.06
0.23 1.65 0.01 0.00 1.04 1.66 0.24 0.02
0.25 1.83 0.02 0.00 1.17 1.78 0.29 0.04
0.40 2.74 0.03 0.00 1.44 2.20 0.43 0.11
0.23 1.61 0.02 0.00 1.04 1.56 0.28 0.07
0.23 1.64 0.02 0.00 0.98 1.48 0.28 0.06
0.33 2.21 0.03 0.00 1.38 2.03 0.45 0.13
0.43 3.01 0.02 0.00 1.35 2.07 0.32 0.12
0.38 2.77 0.02 0.00 1.49 2.23 0.36 0.09
0.36 2.42 0.03 0.00 1.33 1.92 0.44 0.14
0.41 2.85 0.03 0.00 1.60 2.30 0.55 0.10
0.60 4.25 0.04 0.00 1.67 2.43 0.44 0.17
0.50 3.47 0.04 0.00 1.75 2.48 0.59 0.11
0.51 3.51 0.05 0.00 1.60 2.25 0.60 0.07
0.50 3.41 0.05 0.00 1.67 2.29 0.63 0.18
0.71 4.89 0.05 0.01 1.83 2.56 0.62 0.17
0.39 2.76 0.02 0.00 1.46 2.07 0.38 0.15
0.52 3.63 0.04 0.00 1.68 2.38 0.54 0.15
0.51 3.50 0.04 0.01 1.68 2.32 0.54 0.24
0.77 5.31 0.05 0.01 2.00 2.78 0.57 0.36
0.69 5.01 0.04 0.00 2.24 3.13 0.57 0.21
0.54 3.85 0.03 0.00 1.69 2.36 0.49 0.20
0.64 4.62 0.04 0.00 1.89 2.60 0.52 0.23
0.88 6.09 0.06 0.01 2.15 2.92 0.74 0.25
0.57 4.14 0.04 0.00 1.80 2.45 0.56 0.13
0.60 4.26 0.05 0.00 1.69 2.30 0.65 0.10
0.50 3.69 0.03 0.00 1.59 2.21 0.47 0.06
0.00 0.02 0.00 0.00 0.02 0.02 0.04 0.00
0.00 0.01 0.00 0.00 0.01 0.01 0.04 0.01
0.00 0.01 0.00 0.00 0.01 0.01 0.02 0.01
0.00 0.00 0.00 0.00 0.01 0.01 0.02 0.00
0.00 0.01 0.00 0.00 0.01 0.01 0.03 0.01
0.00 0.01 0.00 0.00 0.01 0.01 0.02 0.00
0.00 0.00 0.00 0.00 0.00 0.00 0.01 0.01
0.00 0.00 0.00 0.00 0.00 0.00 0.01 0.01
0.00 0.00 0.00 0.00 0.00 0.00 0.01 0.02
0.00 0.00 0.00 0.00 0.00 0.00 0.01 0.01
0.00 0.00 0.00 0.00 0.00 0.00 0.01 0.00
0.00 0.00 0.00 0.00 0.00 0.00 0.01 0.02
0.00 0.00 0.00 0.00 0.00 0.00 0.00 0.01
0.00 0.00 0.00 0.00 0.00 0.00 0.01 0.01
0.00 0.00 0.00 0.00 0.00 0.00 0.00 0.01
0.00 0.00 0.00 0.00 0.00 0.00 0.01 0.02
0.00 0.00 0.00 0.00 0.00 0.00 0.00 0.01
0.00 0.00 0.00 0.00 0.00 0.00 0.01 0.01
0.00 0.00 0.00 0.00 0.00 0.00 0.00 0.02
0.00 0.00 0.00 0.00 0.00 0.00 0.00 0.02
0.00 0.00 0.00 0.00 0.00 0.00 0.01 0.01
0.00 0.00 0.00 0.00 0.00 0.00 0.01 0.01
0.00 0.00 0.00 0.00 0.00 0.00 0.01 0.02
0.00 0.00 0.00 0.00 0.00 0.00 0.01 0.01
0.00 0.00 0.00 0.00 0.00 0.00 0.00 0.01
0.00 0.00 0.00 0.00 0.00 0.00 0.01 0.02
0.00 0.00 0.00 0.00 0.00 0.00 0.00 0.01
0.00 0.00 0.00 0.00 0.00 0.00 0.00 0.01
0.00 0.00 0.00 0.00 0.00 0.00 0.00 0.00
0.00 0.00 0.00 0.00 0.01 0.00 0.01 0.02
0.00 0.00 0.00 0.00 0.00 0.00 0.01 0.02
0.00 0.00 0.00 0.00 0.00 0.00 0.00 0.01
0.00 0.00 0.00 0.00 0.00 0.00 0.00 0.01
0.00 0.00 0.00 0.00 0.00 0.00 0.00 0.01
0.00 0.00 0.00 0.00 0.00 0.00 0.01 0.02
0.00 0.00 0.00 0.00 0.00 0.00 0.01 0.02
0.00 0.00 0.00 0.00 0.00 0.00 0.01 0.01
0.00 0.00 0.00 0.00 0.01 0.00 0.04 0.02
0.00 0.00 0.00 0.00 0.00 0.00 0.01 0.00
0.00 0.00 0.00 0.00 0.01 0.01 0.01 0.02
0.00 0.00 0.00 0.00 0.00 0.00 0.01 0.01
0.00 0.00 0.00 0.00 0.00 0.00 0.00 0.01
0.00 0.00 0.00 0.00 0.00 0.00 0.01 0.01
0.00 0.00 0.00 0.00 0.00 0.01 0.00 0.01
0.00 0.00 0.00 0.00 0.00 0.00 0.01 0.01
0.00 0.00 0.00 0.00 0.00 0.00 0.01 0.01
0.00 0.00 0.00 0.00 0.00 0.00 0.00 0.01
0.00 0.00 0.00 0.00 0.00 0.00 0.01 0.01
0.00 0.00 0.00 0.00 0.00 0.00 0.00 0.00
0.00 0.00 0.00 0.00 0.00 0.00 0.00 0.00
0.00 0.00 0.00 0.00 0.00 0.00 0.01 0.01
0.00 0.00 0.00 0.00 0.00 0.00 0.00 0.01
0.00 0.00 0.00 0.00 0.00 0.00 0.00 0.01
0.00 0.00 0.00 0.00 0.00 0.00 0.01 0.01
0.00 0.00 0.00 0.00 0.00 0.00 0.00 0.01
0.00 0.00 0.00 0.00 0.00 0.00 0.00 0.01
0.00 0.00 0.00 0.00 0.00 0.01 0.00 0.01
0.00 0.00 0.00 0.00 0.01 0.01 0.01 0.01
0.00 0.00 0.00 0.00 0.00 0.00 0.01 0.01
0.00 0.00 0.00 0.00 0.00 0.00 0.00 0.01
0.00 0.00 0.00 0.00 0.00 0.00 0.01 0.01
0.00 0.00 0.00 0.00 0.00 0.00 0.01 0.00
0.00 0.00 0.00 0.00 0.00 0.01 0.01 0.01
0.00 0.00 0.00 0.00 0.00 0.00 0.01 0.00
0.00 0.00 0.00 0.00 0.00 0.01 0.00 0.01
0.00 0.00 0.00 0.00 0.00 0.00 0.01 0.01
0.00 0.00 0.00 0.00 0.00 0.01 0.00 0.02
0.00 0.00 0.00 0.00 0.00 0.01 0.01 0.01
0.00 0.00 0.00 0.00 0.00 0.01 0.01 0.00
0.00 0.00 0.00 0.00 0.00 0.00 0.00 0.02
0.00 0.00 0.00 0.00 0.00 0.00 0.01 0.01
0.00 0.00 0.00 0.00 0.00 0.00 0.00 0.00
0.00 0.00 0.00 0.00 0.00 0.00 0.00 0.01
0.00 0.00 0.00 0.00 0.00 0.00 0.00 0.01
0.00 0.00 0.00 0.00 0.00 0.00 0.00 0.00
0.00 0.00 0.00 0.00 0.00 0.00 0.00 0.01
0.00 0.00 0.00 0.00 0.00 0.01 0.00 0.01
0.00 0.00 0.00 0.00 0.00 0.00 0.00 0.01
0.00 0.00 0.00 0.00 0.00 0.00 0.01 0.01
0.00 0.00 0.00 0.00 0.00 0.00 0.00 0.01
0.00 0.00 0.00 0.00 0.00 0.01 0.00 0.01
0.00 0.00 0.00 0.00 0.00 0.00 0.01 0.01
0.00 0.00 0.00 0.00 0.00 0.00 0.00 0.01
0.00 0.00 0.00 0.00 0.00 0.00 0.00 0.01
0.00 0.00 0.00 0.00 0.00 0.00 0.00 0.01
0.00 0.00 0.00 0.00 0.00 0.00 0.01 0.01
0.00 0.00 0.00 0.00 0.00 0.00 0.00 0.01
0.00 0.00 0.00 0.00 0.00 0.00 0.00 0.01
0.00 0.00 0.00 0.00 0.00 0.00 0.00 0.00
0.00 0.00 0.00 0.00 0.00 0.00 0.00 0.01
0.00 0.00 0.00 0.00 0.00 0.00 0.00 0.01
0.00 0.01 0.00 0.00 0.00 0.01 0.01 0.01
0.00 0.00 0.00 0.00 0.00 0.00 0.01 0.00
0.00 0.00 0.00 0.00 0.00 0.00 0.00 0.01
0.00 0.00 0.00 0.00 0.00 0.00 0.01 0.01
0.00 0.00 0.00 0.00 0.00 0.00 0.01 0.02
0.00 0.01 0.00 0.00 0.01 0.01 0.01 0.01
0.00 0.01 0.00 0.00 0.00 0.01 0.01 0.01
0.00 0.00 0.00 0.00 0.01 0.01 0.01 0.01
0.00 0.00 0.00 0.00 0.00 0.00 0.01 0.01
0.00 0.01 0.00 0.00 0.01 0.01 0.01 0.01
0.00 0.00 0.00 0.00 0.00 0.00 0.00 0.00
0.00 0.00 0.00 0.00 0.00 0.00 0.01 0.01
0.00 0.00 0.00 0.00 0.00 0.00 0.00 0.00
0.00 0.00 0.00 0.00 0.00 0.00 0.00 0.00
0.00 0.00 0.00 0.00 0.00 0.00 0.00 0.01
0.00 0.00 0.00 0.00 0.00 0.00 0.00 0.01
0.00 0.00 0.00 0.00 0.00 0.00 0.00 0.01
0.00 0.00 0.00 0.00 0.00 0.00 0.00 0.00
0.00 0.00 0.00 0.00 0.00 0.00 0.01 0.01
0.00 0.00 0.00 0.00 0.00 0.00 0.00 0.01
0.00 0.00 0.00 0.00 0.00 0.00 0.00 0.01
0.00 0.01 0.00 0.00 0.00 0.01 0.00 0.01
0.00 0.00 0.00 0.00 0.00 0.00 0.01 0.01
0.00 0.00 0.00 0.00 0.00 0.00 0.01 0.01
0.00 0.00 0.00 0.00 0.00 0.00 0.01 0.01
0.00 0.01 0.00 0.00 0.00 0.00 0.00 0.01
0.00 0.01 0.00 0.00 0.00 0.01 0.01 0.01
0.00 0.00 0.00 0.00 0.00 0.00 0.00 0.00
0.00 0.01 0.00 0.00 0.00 0.00 0.01 0.01
0.00 0.00 0.00 0.00 0.00 0.00 0.00 0.00
0.00 0.00 0.00 0.00 0.00 0.00 0.00 0.01
0.00 0.00 0.00 0.00 0.00 0.00 0.00 0.00
0.00 0.00 0.00 0.00 0.00 0.00 0.00 0.00
0.00 0.01 0.00 0.00 0.00 0.01 0.00 0.01
0.00 0.00 0.00 0.00 0.00 0.00 0.00 0.01
0.00 0.00 0.00 0.00 0.00 0.00 0.01 0.00
0.00 0.00 0.00 0.00 0.00 0.00 0.00 0.01
0.00 0.00 0.00 0.00 0.00 0.01 0.00 0.00
0.00 0.00 0.00 0.00 0.00 0.01 0.01 0.01
0.00 0.00 0.00 0.00 0.00 0.01 0.00 0.01
0.00 0.00 0.00 0.00 0.00 0.00 0.00 0.02
0.00 0.00 0.00 0.00 0.00 0.01 0.00 0.01
0.00 0.00 0.00 0.00 0.01 0.01 0.01 0.01
0.00 0.00 0.00 0.00 0.01 0.01 0.00 0.01
0.00 0.00 0.00 0.00 0.00 0.01 0.01 0.01
0.00 0.00 0.00 0.00 0.01 0.01 0.00 0.01
0.00 0.00 0.00 0.00 0.01 0.01 0.01 0.02
0.00 0.00 0.00 0.00 0.01 0.02 0.00 0.02
0.00 0.00 0.00 0.00 0.01 0.02 0.01 0.01
0.00 0.01 0.00 0.00 0.02 0.03 0.01 0.02
0.00 0.00 0.00 0.00 0.01 0.03 0.03 0.02
0.00 0.00 0.00 0.00 0.01 0.01 0.02 0.01
0.00 0.00 0.00 0.00 0.01 0.01 0.01 0.02
0.00 0.00 0.00 0.00 0.01 0.01 0.01 0.01
0.00 0.00 0.00 0.00 0.01 0.01 0.01 0.01
0.00 0.00 0.00 0.00 0.01 0.01 0.02 0.02
0.00 0.00 0.00 0.00 0.01 0.02 0.02 0.01
0.00 0.00 0.00 0.00 0.01 0.01 0.01 0.02
0.00 0.00 0.00 0.00 0.01 0.01 0.01 0.01
0.00 0.00 0.00 0.00 0.01 0.01 0.01 0.01
0.00 0.00 0.00 0.00 0.00 0.00 0.01 0.01
0.00 0.00 0.00 0.00 0.01 0.01 0.01 0.02
0.00 0.00 0.00 0.00 0.00 0.01 0.01 0.00
0.00 0.00 0.00 0.00 0.01 0.01 0.01 0.01
0.00 0.00 0.00 0.00 0.01 0.01 0.01 0.00
0.00 0.00 0.00 0.00 0.00 0.01 0.00 0.01
0.00 0.00 0.00 0.00 0.00 0.01 0.01 0.01
0.00 0.00 0.00 0.00 0.01 0.01 0.00 0.01
0.00 0.00 0.00 0.00 0.00 0.00 0.01 0.01
0.00 0.00 0.00 0.00 0.01 0.01 0.01 0.01
0.00 0.00 0.00 0.00 0.00 0.01 0.01 0.01
0.00 0.00 0.00 0.00 0.00 0.01 0.01 0.01
0.00 0.00 0.00 0.00 0.01 0.02 0.00 0.02
0.00 0.01 0.00 0.00 0.02 0.03 0.01 0.01
0.00 0.00 0.00 0.00 0.01 0.02 0.01 0.02
0.00 0.00 0.00 0.00 0.01 0.01 0.01 0.01
0.00 0.00 0.00 0.00 0.00 0.01 0.02 0.01
0.00 0.01 0.00 0.00 0.01 0.02 0.01 0.01
0.00 0.00 0.00 0.00 0.01 0.01 0.01 0.01
0.00 0.00 0.00 0.00 0.00 0.01 0.01 0.01
0.00 0.00 0.00 0.00 0.01 0.01 0.01 0.01
0.00 0.00 0.00 0.00 0.00 0.01 0.01 0.01
0.00 0.00 0.00 0.00 0.01 0.01 0.01 0.02
0.00 0.00 0.00 0.00 0.01 0.01 0.01 0.02
0.00 0.00 0.00 0.00 0.01 0.01 0.01 0.01
0.00 0.00 0.00 0.00 0.00 0.01 0.01 0.00
0.00 0.00 0.00 0.00 0.01 0.01 0.00 0.03
0.00 0.00 0.00 0.00 0.00 0.00 0.00 0.01
0.00 0.00 0.00 0.00 0.00 0.01 0.01 0.01
0.00 0.00 0.00 0.00 0.00 0.00 0.01 0.00
0.00 0.00 0.00 0.00 0.00 0.00 0.01 0.01
0.00 0.00 0.00 0.00 0.00 0.00 0.01 0.01
0.00 0.00 0.00 0.00 0.00 0.00 0.01 0.00
0.00 0.00 0.00 0.00 0.00 0.00 0.01 0.00
0.00 0.00 0.00 0.00 0.00 0.00 0.01 0.01
0.00 0.00 0.00 0.00 0.01 0.01 0.01 0.01
0.00 0.00 0.00 0.00 0.00 0.00 0.01 0.01
0.00 0.00 0.00 0.00 0.00 0.00 0.01 0.00
0.00 0.00 0.00 0.00 0.00 0.00 0.00 0.00
0.00 0.00 0.00 0.00 0.00 0.00 0.00 0.00
0.00 0.00 0.00 0.00 0.00 0.00 0.00 0.00
0.00 0.00 0.00 0.00 0.00 0.00 0.00 0.00
0.00 0.00 0.00 0.00 0.00 0.00 0.00 0.00
0.00 0.00 0.00 0.00 0.00 0.00 0.00 0.00
0.00 0.00 0.00 0.00 0.00 0.00 0.00 0.00
0.00 0.00 0.00 0.00 0.00 0.00 0.00 0.00
0.00 0.00 0.00 0.00 0.00 0.00 0.00 0.00
0.00 0.00 0.00 0.00 0.00 0.00 0.00 0.00
0.00 0.00 0.00 0.00 0.00 0.00 0.00 0.00
0.00 0.00 0.00 0.00 0.00 0.00 0.00 0.00
0.00 0.00 0.00 0.00 0.00 0.00 0.00 0.02
0.00 0.00 0.00 0.00 0.00 0.00 0.00 0.01
0.00 0.00 0.00 0.00 0.00 0.00 0.00 0.01
0.00 0.00 0.00 0.00 0.00 0.00 0.00 0.00
0.00 0.00 0.00 0.00 0.00 0.00 0.00 0.00
0.00 0.00 0.00 0.00 0.00 0.00 0.00 0.00
0.00 0.00 0.00 0.00 0.00 0.00 0.00 0.00
0.00 0.00 0.00 0.00 0.00 0.00 0.00 0.00
0.00 0.00 0.00 0.00 0.00 0.00 0.00 0.00
0.00 0.00 0.00 0.00 0.00 0.00 0.00 0.00
0.00 0.00 0.00 0.00 0.00 0.00 0.01 0.00
0.00 0.00 0.00 0.00 0.00 0.00 0.00 0.00
0.00 0.00 0.00 0.00 0.00 0.00 0.01 0.01
0.00 0.00 0.00 0.00 0.00 0.00 0.00 0.01
0.00 0.00 0.00 0.00 0.00 0.00 0.00 0.00
0.00 0.00 0.00 0.00 0.00 0.00 0.00 0.01
0.00 0.00 0.00 0.00 0.00 0.00 0.00 0.00
0.00 0.00 0.00 0.00 0.00 0.00 0.00 0.00
0.00 0.00 0.00 0.00 0.00 0.00 0.00 0.00
0.00 0.00 0.00 0.00 0.00 0.00 0.00 0.00
0.00 0.00 0.00 0.00 0.00 0.00 0.01 0.00
0.00 0.00 0.00 0.00 0.00 0.00 0.00 0.00
0.00 0.00 0.00 0.00 0.00 0.00 0.00 0.01
0.00 0.00 0.00 0.00 0.00 0.00 0.00 0.00
0.00 0.00 0.00 0.00 0.00 0.00 0.01 0.01
0.00 0.00 0.00 0.00 0.00 0.00 0.01 0.01
0.00 0.00 0.00 0.00 0.00 0.00 0.01 0.00
0.00 0.00 0.00 0.00 0.00 0.00 0.01 0.00
0.00 0.00 0.00 0.00 0.00 0.00 0.00 0.00
0.00 0.00 0.00 0.00 0.00 0.00 0.00 0.00
0.00 0.00 0.00 0.00 0.00 0.00 0.00 0.00
0.00 0.00 0.00 0.00 0.00 0.00 0.00 0.00
0.00 0.00 0.00 0.00 0.00 0.00 0.00 0.00
0.00 0.00 0.00 0.00 0.00 0.00 0.00 0.00
0.00 0.00 0.00 0.00 0.00 0.00 0.01 0.01
0.00 0.00 0.00 0.00 0.00 0.00 0.01 0.00
0.00 0.00 0.00 0.00 0.00 0.01 0.01 0.00
0.00 0.00 0.00 0.00 0.00 0.00 0.00 0.00
0.00 0.00 0.00 0.00 0.00 0.00 0.00 0.01
0.00 0.00 0.00 0.00 0.01 0.01 0.00 0.02
0.00 0.00 0.00 0.00 0.01 0.01 0.01 0.02
0.00 0.01 0.00 0.00 0.02 0.02 0.01 0.01
0.00 0.00 0.00 0.00 0.01 0.01 0.01 0.02
0.00 0.01 0.00 0.00 0.02 0.04 0.01 0.01
0.00 0.01 0.00 0.00 0.03 0.04 0.02 0.03
0.00 0.01 0.00 0.00 0.03 0.04 0.02 0.05
0.00 0.00 0.00 0.00 0.02 0.02 0.02 0.03
0.00 0.00 0.00 0.00 0.03 0.03 0.02 0.02
0.00 0.00 0.00 0.00 0.03 0.03 0.02 0.04
0.00 0.01 0.00 0.00 0.05 0.05 0.03 0.06
0.00 0.00 0.00 0.00 0.02 0.02 0.02 0.02
0.00 0.00 0.00 0.00 0.02 0.02 0.02 0.02
0.00 0.01 0.00 0.00 0.04 0.04 0.03 0.06
0.00 0.01 0.00 0.00 0.03 0.04 0.02 0.04
0.00 0.00 0.00 0.00 0.02 0.03 0.01 0.05
0.00 0.00 0.00 0.00 0.02 0.02 0.02 0.03
0.00 0.00 0.00 0.00 0.03 0.04 0.02 0.05
0.00 0.01 0.00 0.00 0.04 0.05 0.02 0.05
0.00 0.00 0.00 0.00 0.01 0.01 0.01 0.06
0.00 0.01 0.00 0.00 0.03 0.03 0.02 0.03
0.00 0.01 0.00 0.00 0.03 0.04 0.02 0.06
0.00 0.01 0.00 0.00 0.03 0.04 0.02 0.08
0.00 0.01 0.00 0.00 0.03 0.05 0.01 0.02
0.00 0.01 0.00 0.00 0.03 0.04 0.02 0.03
0.00 0.00 0.00 0.00 0.02 0.03 0.01 0.04
0.00 0.01 0.00 0.00 0.03 0.04 0.01 0.03
0.00 0.01 0.00 0.00 0.03 0.04 0.01 0.05
0.00 0.01 0.00 0.00 0.02 0.04 0.00 0.03
0.00 0.01 0.00 0.00 0.03 0.05 0.01 0.04
0.01 0.06 0.00 0.00 0.15 0.24 0.03 0.03
0.01 0.04 0.00 0.00 0.11 0.17 0.04 0.02
0.00 0.03 0.00 0.00 0.09 0.14 0.02 0.03
0.01 0.06 0.00 0.00 0.17 0.26 0.06 0.05
0.01 0.06 0.00 0.00 0.13 0.20 0.04 0.03
0.01 0.05 0.00 0.00 0.13 0.21 0.04 0.02
0.01 0.04 0.00 0.00 0.08 0.13 0.02 0.02
0.00 0.03 0.00 0.00 0.07 0.12 0.02 0.02
0.01 0.04 0.00 0.00 0.09 0.12 0.04 0.03
0.01 0.04 0.00 0.00 0.10 0.15 0.04 0.01
0.01 0.05 0.00 0.00 0.11 0.17 0.04 0.02
0.01 0.07 0.00 0.00 0.15 0.23 0.05 0.03
0.02 0.12 0.00 0.00 0.19 0.29 0.08 0.02
0.01 0.08 0.00 0.00 0.17 0.25 0.08 0.03
0.01 0.10 0.00 0.00 0.16 0.24 0.05 0.04
0.01 0.07 0.00 0.00 0.13 0.19 0.06 0.04
0.01 0.10 0.00 0.00 0.15 0.24 0.04 0.02
0.01 0.07 0.00 0.00 0.14 0.23 0.03 0.02
0.01 0.08 0.00 0.00 0.15 0.22 0.06 0.02
0.01 0.05 0.00 0.00 0.12 0.17 0.05 0.02
0.02 0.12 0.00 0.00 0.21 0.32 0.05 0.02
0.01 0.07 0.00 0.00 0.16 0.22 0.07 0.02
0.01 0.10 0.00 0.00 0.19 0.27 0.05 0.02
0.01 0.10 0.00 0.00 0.21 0.30 0.08 0.03
0.02 0.10 0.00 0.00 0.18 0.27 0.06 0.03
0.01 0.07 0.00 0.00 0.17 0.24 0.06 0.04
0.01 0.09 0.00 0.00 0.17 0.24 0.07 0.02
0.01 0.07 0.00 0.00 0.15 0.21 0.05 0.04
0.02 0.12 0.00 0.00 0.19 0.28 0.06 0.03
0.01 0.05 0.00 0.00 0.11 0.15 0.05 0.03
0.00 0.01 0.00 0.00 0.03 0.04 0.04 0.04
0.00 0.01 0.00 0.00 0.02 0.03 0.01 0.05
0.00 0.02 0.00 0.00 0.05 0.05 0.05 0.05
0.00 0.00 0.00 0.00 0.02 0.01 0.02 0.05
0.00 0.01 0.00 0.00 0.03 0.03 0.02 0.04
0.00 0.01 0.00 0.00 0.02 0.03 0.01 0.02
0.00 0.01 0.00 0.00 0.03 0.03 0.02 0.06
0.00 0.01 0.00 0.00 0.02 0.02 0.02 0.05
0.00 0.01 0.00 0.00 0.02 0.02 0.00 0.07
0.00 0.00 0.00 0.00 0.01 0.01 0.01 0.02
0.00 0.01 0.00 0.00 0.01 0.02 0.01 0.03
0.00 0.00 0.00 0.00 0.01 0.02 0.01 0.05
0.00 0.00 0.00 0.00 0.01 0.01 0.01 0.02
0.00 0.00 0.00 0.00 0.00 0.01 0.01 0.04
0.00 0.00 0.00 0.00 0.01 0.02 0.00 0.02
0.00 0.00 0.00 0.00 0.01 0.01 0.00 0.03
0.00 0.01 0.00 0.00 0.02 0.02 0.01 0.04
0.00 0.01 0.00 0.00 0.01 0.02 0.01 0.02
0.00 0.01 0.00 0.00 0.02 0.02 0.01 0.03
0.00 0.00 0.00 0.00 0.01 0.01 0.01 0.01
0.00 0.01 0.00 0.00 0.01 0.01 0.01 0.04
0.00 0.01 0.00 0.00 0.02 0.03 0.01 0.01
0.00 0.02 0.00 0.00 0.03 0.03 0.01 0.03
0.00 0.01 0.00 0.00 0.02 0.02 0.02 0.02
0.00 0.01 0.00 0.00 0.01 0.02 0.01 0.02
0.00 0.01 0.00 0.00 0.01 0.01 0.02 0.02
0.00 0.01 0.00 0.00 0.02 0.02 0.01 0.02
0.00 0.01 0.00 0.00 0.01 0.02 0.00 0.02
0.00 0.00 0.00 0.00 0.01 0.01 0.02 0.02
0.00 0.01 0.00 0.00 0.01 0.02 0.01 0.02
0.00 0.01 0.00 0.00 0.01 0.01 0.02 0.01
0.00 0.00 0.00 0.00 0.00 0.01 0.01 0.01
0.00 0.00 0.00 0.00 0.00 0.00 0.01 0.03
0.00 0.00 0.00 0.00 0.00 0.00 0.01 0.02
0.00 0.00 0.00 0.00 0.00 0.00 0.01 0.02
0.00 0.00 0.00 0.00 0.00 0.01 0.02 0.03
0.00 0.00 0.00 0.00 0.00 0.00 0.01 0.02
0.00 0.00 0.00 0.00 0.00 0.00 0.01 0.02
0.00 0.00 0.00 0.00 0.01 0.01 0.01 0.02
0.00 0.00 0.00 0.00 0.01 0.01 0.02 0.01
0.00 0.00 0.00 0.00 0.00 0.00 0.01 0.02
0.00 0.00 0.00 0.00 0.00 0.00 0.01 0.02
0.00 0.00 0.00 0.00 0.00 0.01 0.01 0.00
0.00 0.00 0.00 0.00 0.00 0.00 0.01 0.01
0.00 0.00 0.00 0.00 0.01 0.01 0.02 0.02
0.00 0.00 0.00 0.00 0.00 0.00 0.01 0.01
0.00 0.00 0.00 0.00 0.00 0.00 0.01 0.03
0.00 0.00 0.00 0.00 0.00 0.00 0.02 0.03
0.00 0.00 0.00 0.00 0.01 0.01 0.01 0.01
0.00 0.00 0.00 0.00 0.01 0.01 0.01 0.01
0.00 0.00 0.00 0.00 0.00 0.01 0.00 0.02
0.00 0.00 0.00 0.00 0.00 0.00 0.01 0.01
0.00 0.00 0.00 0.00 0.00 0.00 0.00 0.03
0.00 0.00 0.00 0.00 0.00 0.00 0.01 0.02
0.00 0.00 0.00 0.00 0.00 0.00 0.00 0.01
0.00 0.00 0.00 0.00 0.00 0.00 0.01 0.02
0.00 0.00 0.00 0.00 0.00 0.00 0.00 0.02
0.00 0.00 0.00 0.00 0.00 0.00 0.01 0.01
0.00 0.00 0.00 0.00 0.00 0.00 0.00 0.01
0.00 0.00 0.00 0.00 0.00 0.00 0.01 0.02
0.00 0.01 0.00 0.00 0.02 0.02 0.02 0.05
0.00 0.01 0.00 0.00 0.03 0.02 0.03 0.06
0.00 0.02 0.00 0.00 0.03 0.03 0.03 0.08
0.00 0.01 0.00 0.00 0.02 0.02 0.04 0.02
0.00 0.01 0.00 0.00 0.02 0.03 0.02 0.04
0.00 0.01 0.00 0.00 0.02 0.03 0.02 0.03
0.00 0.01 0.00 0.00 0.03 0.04 0.03 0.04
0.00 0.01 0.00 0.00 0.02 0.02 0.01 0.04
0.00 0.01 0.00 0.00 0.03 0.04 0.03 0.04
0.00 0.01 0.00 0.00 0.04 0.04 0.02 0.04
0.00 0.01 0.00 0.00 0.03 0.04 0.03 0.04
0.00 0.00 0.00 0.00 0.02 0.02 0.04 0.04
0.00 0.01 0.00 0.00 0.04 0.04 0.05 0.05
0.01 0.04 0.00 0.00 0.15 0.19 0.10 0.08
0.01 0.03 0.00 0.00 0.09 0.12 0.05 0.07
0.00 0.01 0.00 0.00 0.06 0.07 0.05 0.04
0.00 0.01 0.00 0.00 0.03 0.03 0.04 0.04
0.00 0.01 0.00 0.00 0.04 0.05 0.03 0.06
0.00 0.03 0.00 0.00 0.08 0.11 0.04 0.06
0.00 0.02 0.00 0.00 0.06 0.08 0.07 0.03
0.00 0.02 0.00 0.00 0.05 0.07 0.03 0.03
0.00 0.00 0.00 0.00 0.02 0.03 0.01 0.03
0.00 0.02 0.00 0.00 0.05 0.06 0.02 0.04
0.00 0.01 0.00 0.00 0.04 0.04 0.03 0.04
0.00 0.01 0.00 0.00 0.03 0.04 0.02 0.02
0.00 0.01 0.00 0.00 0.03 0.03 0.02 0.04
0.00 0.02 0.00 0.00 0.05 0.07 0.02 0.03
0.00 0.01 0.00 0.00 0.05 0.05 0.03 0.03
0.00 0.01 0.00 0.00 0.03 0.04 0.03 0.02
0.00 0.00 0.00 0.00 0.01 0.01 0.02 0.02
0.00 0.00 0.00 0.00 0.01 0.01 0.01 0.02
0.00 0.00 0.00 0.00 0.01 0.01 0.01 0.03
0.00 0.00 0.00 0.00 0.00 0.00 0.02 0.01
0.00 0.01 0.00 0.00 0.02 0.02 0.02 0.01
0.00 0.00 0.00 0.00 0.01 0.01 0.01 0.01
0.00 0.01 0.00 0.00 0.02 0.02 0.01 0.02
0.00 0.00 0.00 0.00 0.01 0.01 0.01 0.04
0.00 0.00 0.00 0.00 0.00 0.01 0.01 0.03
0.00 0.00 0.00 0.00 0.01 0.01 0.01 0.02
0.00 0.01 0.00 0.00 0.02 0.02 0.02 0.03
0.00 0.01 0.00 0.00 0.01 0.02 0.01 0.01
0.00 0.00 0.00 0.00 0.01 0.01 0.01 0.02
0.00 0.01 0.00 0.00 0.01 0.01 0.01 0.01
0.00 0.01 0.00 0.00 0.01 0.02 0.01 0.01
0.00 0.00 0.00 0.00 0.01 0.01 0.02 0.01
0.00 0.00 0.00 0.00 0.01 0.01 0.01 0.02
0.00 0.01 0.00 0.00 0.01 0.01 0.01 0.02
0.00 0.01 0.00 0.00 0.01 0.02 0.01 0.02
0.00 0.01 0.00 0.00 0.01 0.01 0.02 0.02
0.00 0.01 0.00 0.00 0.02 0.03 0.01 0.03
0.00 0.01 0.00 0.00 0.01 0.01 0.02 0.02
0.00 0.00 0.00 0.00 0.00 0.00 0.01 0.02
0.00 0.01 0.00 0.00 0.01 0.02 0.02 0.03
0.00 0.00 0.00 0.00 0.00 0.00 0.01 0.02
0.00 0.01 0.00 0.00 0.01 0.01 0.01 0.00
0.00 0.00 0.00 0.00 0.00 0.01 0.02 0.03
0.00 0.01 0.00 0.00 0.01 0.02 0.01 0.01
0.00 0.01 0.00 0.00 0.01 0.01 0.01 0.04
0.00 0.01 0.00 0.00 0.01 0.01 0.01 0.02
0.00 0.01 0.00 0.00 0.01 0.01 0.01 0.04
0.00 0.04 0.00 0.00 0.03 0.05 0.01 0.01
0.01 0.07 0.00 0.00 0.06 0.09 0.01 0.01
0.02 0.10 0.00 0.00 0.07 0.10 0.03 0.01
0.01 0.05 0.00 0.00 0.05 0.06 0.03 0.02
0.01 0.06 0.00 0.00 0.05 0.08 0.01 0.03
0.01 0.07 0.00 0.00 0.07 0.09 0.04 0.03
0.01 0.07 0.00 0.00 0.05 0.07 0.03 0.04
0.01 0.06 0.00 0.00 0.06 0.08 0.03 0.03
0.01 0.05 0.00 0.00 0.05 0.06 0.03 0.02
0.01 0.07 0.00 0.00 0.06 0.08 0.01 0.06
0.02 0.09 0.00 0.00 0.07 0.09 0.03 0.03
0.01 0.08 0.00 0.00 0.07 0.11 0.02 0.03
0.01 0.09 0.00 0.00 0.07 0.11 0.01 0.03
0.01 0.07 0.00 0.00 0.07 0.10 0.03 0.04
0.02 0.12 0.00 0.00 0.08 0.11 0.04 0.01
0.01 0.05 0.00 0.00 0.05 0.06 0.03 0.04
0.01 0.05 0.00 0.00 0.04 0.05 0.02 0.01
0.02 0.10 0.00 0.00 0.08 0.10 0.04 0.06
0.02 0.13 0.00 0.00 0.08 0.11 0.03 0.02
0.03 0.17 0.00 0.00 0.12 0.16 0.06 0.02
0.03 0.22 0.01 0.00 0.15 0.20 0.08 0.03
0.02 0.13 0.00 0.00 0.12 0.17 0.06 0.03
0.03 0.20 0.00 0.00 0.15 0.23 0.06 0.01
0.03 0.23 0.00 0.00 0.17 0.25 0.06 0.02
0.03 0.20 0.00 0.00 0.14 0.19 0.06 0.04
0.03 0.18 0.00 0.00 0.14 0.21 0.05 0.01
0.03 0.16 0.00 0.00 0.12 0.16 0.06 0.03
0.02 0.11 0.00 0.00 0.08 0.11 0.04 0.02
0.03 0.23 0.00 0.00 0.13 0.19 0.06 0.01
0.02 0.16 0.00 0.00 0.12 0.18 0.04 0.01
0.01 0.04 0.00 0.00 0.03 0.04 0.02 0.02
0.01 0.03 0.00 0.00 0.03 0.03 0.03 0.04
0.01 0.06 0.00 0.00 0.03 0.04 0.01 0.01
0.01 0.06 0.00 0.00 0.04 0.06 0.04 0.02
0.01 0.05 0.00 0.00 0.03 0.04 0.02 0.01
0.01 0.06 0.00 0.00 0.03 0.05 0.01 0.01
0.02 0.13 0.00 0.00 0.06 0.08 0.03 0.01
0.02 0.10 0.00 0.00 0.07 0.09 0.06 0.02
0.01 0.05 0.00 0.00 0.03 0.04 0.02 0.01
0.01 0.09 0.00 0.00 0.05 0.07 0.03 0.02
0.02 0.14 0.00 0.00 0.06 0.08 0.04 0.02
0.01 0.10 0.00 0.00 0.05 0.07 0.02 0.02
0.01 0.06 0.00 0.00 0.03 0.04 0.01 0.02
0.01 0.08 0.00 0.00 0.03 0.06 0.01 0.05
0.00 0.03 0.00 0.00 0.01 0.01 0.01 0.05
0.01 0.06 0.00 0.00 0.03 0.04 0.02 0.04
0.01 0.06 0.00 0.00 0.03 0.05 0.02 0.02
0.01 0.06 0.00 0.00 0.02 0.04 0.01 0.03
0.01 0.05 0.00 0.00 0.02 0.03 0.02 0.01
0.00 0.02 0.00 0.00 0.01 0.02 0.02 0.02
0.01 0.03 0.00 0.00 0.02 0.03 0.03 0.01
0.00 0.03 0.00 0.00 0.02 0.03 0.03 0.04
0.01 0.07 0.00 0.00 0.04 0.05 0.02 0.01
0.00 0.02 0.00 0.00 0.01 0.02 0.01 0.02
0.01 0.05 0.00 0.00 0.03 0.05 0.01 0.01
0.00 0.02 0.00 0.00 0.02 0.02 0.04 0.07
0.00 0.02 0.00 0.00 0.01 0.02 0.00 0.01
0.00 0.01 0.00 0.00 0.01 0.01 0.04 0.06
0.00 0.01 0.00 0.00 0.01 0.01 0.01 0.03
0.01 0.04 0.01 0.00 0.07 0.05 0.12 0.11
0.01 0.04 0.00 0.00 0.06 0.08 0.04 0.03
0.01 0.03 0.00 0.00 0.05 0.07 0.02 0.07
0.01 0.08 0.00 0.00 0.13 0.18 0.05 0.11
0.01 0.08 0.00 0.00 0.12 0.17 0.05 0.13
0.02 0.12 0.00 0.00 0.17 0.25 0.09 0.06
0.02 0.13 0.00 0.00 0.22 0.32 0.09 0.07
0.02 0.10 0.00 0.00 0.19 0.28 0.08 0.13
0.01 0.05 0.00 0.00 0.08 0.14 0.04 0.03
0.02 0.09 0.00 0.00 0.16 0.22 0.06 0.14
0.01 0.06 0.00 0.00 0.12 0.18 0.07 0.04
0.02 0.11 0.00 0.01 0.21 0.29 0.09 0.16
0.01 0.05 0.00 0.00 0.08 0.14 0.05 0.02
0.02 0.10 0.00 0.00 0.14 0.22 0.04 0.08
0.01 0.09 0.00 0.00 0.15 0.23 0.03 0.11
0.02 0.11 0.00 0.00 0.18 0.28 0.08 0.05
0.01 0.07 0.00 0.00 0.10 0.19 0.04 0.05
0.01 0.09 0.00 0.00 0.13 0.21 0.04 0.04
0.01 0.08 0.00 0.00 0.13 0.22 0.07 0.04
0.02 0.12 0.00 0.00 0.20 0.32 0.08 0.04
0.01 0.06 0.00 0.00 0.09 0.15 0.04 0.03
0.03 0.17 0.00 0.00 0.24 0.36 0.10 0.08
0.02 0.11 0.00 0.00 0.19 0.30 0.06 0.06
0.02 0.14 0.00 0.00 0.21 0.32 0.09 0.05
0.01 0.09 0.00 0.00 0.13 0.22 0.05 0.02
0.02 0.15 0.00 0.00 0.19 0.28 0.10 0.05
0.01 0.08 0.00 0.00 0.13 0.21 0.04 0.05
0.02 0.13 0.00 0.00 0.20 0.27 0.12 0.07
0.01 0.07 0.00 0.00 0.09 0.14 0.04 0.03
0.02 0.11 0.00 0.00 0.14 0.20 0.07 0.07
0.02 0.10 0.00 0.00 0.13 0.21 0.06 0.02
0.00 0.01 0.00 0.00 0.01 0.01 0.03 0.03
0.00 0.01 0.00 0.00 0.03 0.02 0.05 0.05
0.00 0.00 0.00 0.00 0.01 0.01 0.05 0.00
0.00 0.00 0.00 0.00 0.02 0.01 0.07 0.04
0.00 0.00 0.00 0.00 0.01 0.01 0.01 0.01
0.00 0.00 0.00 0.00 0.03 0.01 0.07 0.08
0.00 0.00 0.00 0.00 0.00 0.00 0.01 0.01
0.00 0.00 0.00 0.00 0.01 0.01 0.03 0.08
0.00 0.00 0.00 0.00 0.00 0.00 0.01 0.01
0.00 0.01 0.00 0.00 0.04 0.03 0.05 0.09
0.00 0.00 0.00 0.00 0.01 0.00 0.02 0.02
0.00 0.00 0.00 0.00 0.01 0.00 0.02 0.04
0.00 0.00 0.00 0.00 0.01 0.01 0.02 0.02
0.00 0.01 0.00 0.00 0.03 0.02 0.05 0.07
0.00 0.00 0.00 0.00 0.01 0.01 0.02 0.02
0.00 0.00 0.00 0.00 0.01 0.01 0.02 0.02
0.00 0.00 0.00 0.00 0.01 0.01 0.00 0.02
0.01 0.02 0.00 0.00 0.04 0.03 0.07 0.05
0.00 0.00 0.00 0.00 0.00 0.01 0.01 0.01
0.00 0.00 0.00 0.00 0.00 0.00 0.01 0.02
0.00 0.00 0.00 0.00 0.00 0.00 0.02 0.00
0.01 0.03 0.00 0.00 0.06 0.05 0.09 0.08
0.00 0.00 0.00 0.00 0.00 0.00 0.02 0.01
0.00 0.00 0.00 0.00 0.01 0.00 0.01 0.03
0.00 0.01 0.00 0.00 0.00 0.01 0.01 0.01
0.01 0.04 0.00 0.00 0.06 0.06 0.08 0.09
0.00 0.00 0.00 0.00 0.00 0.00 0.01 0.01
0.00 0.00 0.00 0.00 0.01 0.01 0.02 0.01
0.00 0.01 0.00 0.00 0.00 0.01 0.01 0.01
0.00 0.00 0.00 0.00 0.00 0.00 0.01 0.01
0.00 0.01 0.00 0.00 0.01 0.02 0.01 0.00
0.00 0.00 0.00 0.00 0.01 0.01 0.00 0.01
0.00 0.01 0.00 0.00 0.00 0.01 0.00 0.00
0.00 0.00 0.00 0.00 0.00 0.01 0.00 0.01
0.00 0.01 0.00 0.00 0.00 0.01 0.00 0.01
0.00 0.01 0.00 0.00 0.01 0.01 0.01 0.01
0.00 0.00 0.00 0.00 0.01 0.01 0.00 0.01
0.00 0.01 0.00 0.00 0.01 0.01 0.00 0.01
0.00 0.00 0.00 0.00 0.01 0.01 0.01 0.01
0.00 0.00 0.00 0.00 0.00 0.00 0.00 0.01
0.00 0.01 0.00 0.00 0.00 0.01 0.00 0.01
0.00 0.00 0.00 0.00 0.00 0.01 0.01 0.01
0.00 0.01 0.00 0.00 0.00 0.01 0.01 0.00
0.00 0.00 0.00 0.00 0.00 0.01 0.00 0.00
0.00 0.00 0.00 0.00 0.00 0.00 0.01 0.00
0.00 0.01 0.00 0.00 0.01 0.01 0.00 0.01
0.00 0.01 0.00 0.00 0.00 0.01 0.00 0.00
0.00 0.00 0.00 0.00 0.00 0.01 0.00 0.00
0.00 0.00 0.00 0.00 0.00 0.00 0.00 0.01
0.00 0.00 0.00 0.00 0.00 0.00 0.00 0.02
0.00 0.01 0.00 0.00 0.01 0.01 0.00 0.01
0.00 0.01 0.00 0.00 0.01 0.01 0.01 0.01
0.00 0.00 0.00 0.00 0.00 0.00 0.00 0.01
0.00 0.00 0.00 0.00 0.00 0.01 0.00 0.00
0.00 0.00 0.00 0.00 0.00 0.00 0.01 0.01
0.00 0.00 0.00 0.00 0.00 0.00 0.00 0.01
0.00 0.01 0.00 0.00 0.00 0.01 0.00 0.01
0.00 0.00 0.00 0.00 0.00 0.00 0.00 0.01
0.00 0.01 0.00 0.00 0.00 0.01 0.00 0.01
0.00 0.00 0.00 0.00 0.00 0.00 0.01 0.01
0.00 0.00 0.00 0.00 0.00 0.00 0.01 0.00
0.00 0.01 0.00 0.00 0.01 0.01 0.01 0.01
0.00 0.02 0.00 0.00 0.01 0.02 0.02 0.02
0.00 0.01 0.00 0.00 0.01 0.01 0.01 0.01
0.00 0.01 0.00 0.00 0.01 0.01 0.01 0.01
0.00 0.01 0.00 0.00 0.00 0.01 0.01 0.01
0.00 0.01 0.00 0.00 0.01 0.01 0.01 0.02
0.00 0.01 0.00 0.00 0.01 0.01 0.01 0.01
0.00 0.01 0.00 0.00 0.01 0.01 0.01 0.01
0.00 0.01 0.00 0.00 0.01 0.01 0.01 0.01
0.01 0.04 0.00 0.00 0.02 0.02 0.01 0.01
0.00 0.02 0.00 0.00 0.01 0.01 0.01 0.01
0.00 0.01 0.00 0.00 0.01 0.01 0.01 0.00
0.00 0.01 0.00 0.00 0.01 0.01 0.00 0.01
0.00 0.01 0.00 0.00 0.00 0.00 0.01 0.01
0.00 0.01 0.00 0.00 0.00 0.01 0.00 0.01
0.00 0.01 0.00 0.00 0.00 0.01 0.00 0.00
0.00 0.01 0.00 0.00 0.01 0.01 0.01 0.02
0.00 0.01 0.00 0.00 0.01 0.01 0.01 0.02
0.00 0.01 0.00 0.00 0.01 0.01 0.00 0.01
0.00 0.01 0.00 0.00 0.01 0.01 0.00 0.01
0.00 0.01 0.00 0.00 0.01 0.01 0.00 0.01
0.00 0.02 0.00 0.00 0.01 0.02 0.01 0.03
0.00 0.01 0.00 0.00 0.01 0.02 0.01 0.03
0.00 0.02 0.00 0.00 0.02 0.03 0.01 0.03
0.00 0.01 0.00 0.00 0.02 0.02 0.01 0.06
0.00 0.02 0.00 0.00 0.02 0.03 0.00 0.04
0.00 0.02 0.00 0.00 0.02 0.02 0.02 0.02
0.01 0.02 0.00 0.00 0.03 0.03 0.05 0.05
0.00 0.02 0.00 0.00 0.03 0.03 0.06 0.03
0.00 0.01 0.00 0.00 0.01 0.02 0.00 0.01
0.00 0.01 0.00 0.00 0.01 0.02 0.01 0.01
0.00 0.00 0.00 0.00 0.01 0.02 0.01 0.02
0.00 0.01 0.00 0.00 0.01 0.02 0.00 0.01
0.00 0.01 0.00 0.00 0.02 0.04 0.01 0.01
0.00 0.01 0.00 0.00 0.02 0.05 0.02 0.01
0.00 0.00 0.00 0.00 0.01 0.03 0.01 0.01
0.00 0.00 0.00 0.00 0.01 0.02 0.01 0.01
0.00 0.00 0.00 0.00 0.01 0.04 0.00 0.01
0.00 0.00 0.00 0.00 0.01 0.03 0.00 0.02
0.00 0.01 0.00 0.00 0.01 0.03 0.01 0.00
0.00 0.01 0.00 0.00 0.01 0.03 0.01 0.01
0.00 0.00 0.00 0.00 0.01 0.02 0.02 0.01
0.00 0.01 0.00 0.00 0.01 0.03 0.01 0.01
0.00 0.00 0.00 0.00 0.01 0.02 0.01 0.01
0.00 0.01 0.00 0.00 0.02 0.04 0.02 0.01
0.00 0.00 0.00 0.00 0.01 0.01 0.01 0.01
0.00 0.01 0.00 0.00 0.02 0.03 0.01 0.01
0.00 0.00 0.00 0.00 0.01 0.03 0.01 0.01
0.00 0.01 0.00 0.00 0.01 0.03 0.01 0.00
0.00 0.00 0.00 0.00 0.01 0.02 0.01 0.00
0.00 0.01 0.00 0.00 0.01 0.04 0.01 0.01
0.00 0.00 0.00 0.00 0.01 0.02 0.01 0.01
0.00 0.01 0.00 0.00 0.01 0.03 0.02 0.00
0.00 0.01 0.00 0.00 0.02 0.04 0.01 0.00
0.00 0.01 0.00 0.00 0.01 0.04 0.01 0.00
0.00 0.00 0.00 0.00 0.01 0.02 0.01 0.02
0.00 0.01 0.00 0.00 0.01 0.02 0.01 0.01
0.00 0.00 0.00 0.00 0.01 0.01 0.01 0.01
0.00 0.00 0.00 0.00 0.01 0.02 0.02 0.01
0.00 0.00 0.00 0.00 0.01 0.02 0.00 0.02
0.00 0.01 0.00 0.00 0.01 0.02 0.01 0.01
0.00 0.01 0.00 0.00 0.01 0.02 0.01 0.01
0.00 0.01 0.00 0.00 0.01 0.03 0.01 0.01
0.00 0.01 0.00 0.00 0.01 0.02 0.01 0.01
0.00 0.01 0.00 0.00 0.01 0.03 0.01 0.00
0.00 0.01 0.00 0.00 0.01 0.02 0.02 0.00
0.00 0.01 0.00 0.00 0.02 0.04 0.02 0.01
0.00 0.00 0.00 0.00 0.01 0.02 0.02 0.01
0.00 0.01 0.00 0.00 0.02 0.04 0.01 0.00
0.00 0.00 0.00 0.00 0.00 0.01 0.01 0.01
0.00 0.01 0.00 0.00 0.01 0.02 0.01 0.00
0.00 0.01 0.00 0.00 0.01 0.02 0.01 0.01
0.00 0.01 0.00 0.00 0.01 0.02 0.01 0.01
0.00 0.00 0.00 0.00 0.00 0.01 0.01 0.01
0.00 0.01 0.00 0.00 0.01 0.02 0.01 0.01
0.00 0.00 0.00 0.00 0.00 0.01 0.01 0.01
0.00 0.01 0.00 0.00 0.01 0.03 0.01 0.00
0.00 0.00 0.00 0.00 0.01 0.01 0.01 0.00
0.00 0.01 0.00 0.00 0.01 0.02 0.01 0.01
0.00 0.00 0.00 0.00 0.00 0.01 0.00 0.00
0.00 0.01 0.00 0.00 0.02 0.03 0.02 0.01
0.00 0.01 0.00 0.00 0.01 0.02 0.01 0.01
0.00 0.01 0.00 0.00 0.01 0.03 0.01 0.01
0.00 0.01 0.00 0.00 0.01 0.02 0.00 0.01
0.00 0.01 0.00 0.00 0.01 0.03 0.01 0.01
0.00 0.01 0.00 0.00 0.01 0.03 0.01 0.01
0.00 0.00 0.00 0.00 0.00 0.01 0.00 0.01
0.00 0.01 0.00 0.00 0.01 0.02 0.00 0.01
0.00 0.00 0.00 0.00 0.01 0.01 0.01 0.00
0.00 0.00 0.00 0.00 0.00 0.00 0.01 0.01
0.00 0.00 0.00 0.00 0.00 0.00 0.00 0.01
0.00 0.00 0.00 0.00 0.00 0.00 0.01 0.00
0.00 0.00 0.00 0.00 0.00 0.00 0.01 0.01
0.00 0.00 0.00 0.00 0.00 0.00 0.00 0.00
0.00 0.00 0.00 0.00 0.00 0.00 0.00 0.00
0.00 0.00 0.00 0.00 0.00 0.00 0.01 0.00
0.00 0.00 0.00 0.00 0.00 0.00 0.00 0.00
0.00 0.00 0.00 0.00 0.00 0.00 0.01 0.00
0.00 0.00 0.00 0.00 0.00 0.00 0.00 0.00
0.00 0.00 0.00 0.00 0.00 0.00 0.00 0.00
0.00 0.00 0.00 0.00 0.00 0.00 0.00 0.00
0.00 0.00 0.00 0.00 0.00 0.00 0.00 0.00
0.00 0.00 0.00 0.00 0.00 0.00 0.00 0.00
0.00 0.00 0.00 0.00 0.00 0.00 0.00 0.01
0.00 0.00 0.00 0.00 0.00 0.00 0.00 0.01
0.00 0.00 0.00 0.00 0.00 0.00 0.01 0.00
0.00 0.00 0.00 0.00 0.00 0.00 0.01 0.01
0.00 0.00 0.00 0.00 0.00 0.00 0.01 0.00
0.00 0.00 0.00 0.00 0.00 0.00 0.00 0.00
0.00 0.00 0.00 0.00 0.00 0.00 0.01 0.00
0.00 0.00 0.00 0.00 0.00 0.00 0.00 0.00
0.00 0.00 0.00 0.00 0.00 0.00 0.00 0.01
0.00 0.00 0.00 0.00 0.00 0.00 0.01 0.00
0.00 0.00 0.00 0.00 0.00 0.00 0.00 0.00
0.00 0.00 0.00 0.00 0.00 0.00 0.01 0.00
0.00 0.00 0.00 0.00 0.00 0.00 0.00 0.00
0.00 0.00 0.00 0.00 0.00 0.00 0.01 0.01
0.00 0.00 0.00 0.00 0.00 0.00 0.01 0.00
0.00 0.00 0.00 0.00 0.00 0.00 0.01 0.00
0.00 0.00 0.00 0.00 0.00 0.00 0.02 0.00
0.00 0.00 0.00 0.00 0.00 0.00 0.00 0.00
0.00 0.00 0.00 0.00 0.00 0.00 0.00 0.00
0.00 0.00 0.00 0.00 0.00 0.00 0.01 0.01
0.00 0.00 0.00 0.00 0.00 0.00 0.01 0.00
0.00 0.00 0.00 0.00 0.00 0.00 0.02 0.00
0.00 0.00 0.00 0.00 0.00 0.00 0.01 0.00
0.00 0.00 0.00 0.00 0.00 0.00 0.01 0.01
0.00 0.00 0.00 0.00 0.00 0.00 0.01 0.01
0.00 0.00 0.00 0.00 0.00 0.00 0.01 0.00
0.00 0.00 0.00 0.00 0.00 0.00 0.01 0.01
0.00 0.00 0.00 0.00 0.00 0.00 0.01 0.02
0.00 0.00 0.00 0.00 0.01 0.00 0.01 0.03
0.00 0.00 0.00 0.00 0.01 0.01 0.02 0.02
0.00 0.00 0.00 0.00 0.00 0.01 0.01 0.02
0.00 0.00 0.00 0.00 0.00 0.01 0.01 0.04
0.00 0.00 0.00 0.00 0.00 0.00 0.01 0.04
0.00 0.00 0.00 0.00 0.01 0.01 0.02 0.02
0.00 0.00 0.00 0.00 0.00 0.00 0.01 0.02
0.00 0.00 0.00 0.00 0.02 0.02 0.02 0.04
0.00 0.00 0.00 0.00 0.01 0.01 0.01 0.02
0.00 0.00 0.00 0.00 0.01 0.01 0.01 0.04
0.00 0.00 0.00 0.00 0.02 0.03 0.01 0.02
0.00 0.00 0.00 0.00 0.01 0.01 0.01 0.02
0.00 0.00 0.00 0.00 0.00 0.00 0.01 0.03
0.00 0.00 0.00 0.00 0.01 0.01 0.01 0.01
0.00 0.00 0.00 0.00 0.00 0.00 0.01 0.02
0.00 0.00 0.00 0.00 0.02 0.03 0.01 0.02
0.00 0.00 0.00 0.00 0.00 0.01 0.00 0.03
0.00 0.00 0.00 0.00 0.00 0.01 0.00 0.03
0.00 0.00 0.00 0.00 0.00 0.00 0.01 0.03
0.00 0.00 0.00 0.00 0.01 0.01 0.01 0.03
0.00 0.00 0.00 0.00 0.00 0.00 0.01 0.03
0.00 0.00 0.00 0.00 0.00 0.00 0.01 0.03
0.00 0.00 0.00 0.00 0.00 0.00 0.01 0.02
0.00 0.00 0.00 0.00 0.00 0.00 0.00 0.02
0.00 0.00 0.00 0.00 0.00 0.00 0.01 0.01
0.00 0.00 0.00 0.00 0.00 0.00 0.01 0.01
0.00 0.00 0.00 0.00 0.00 0.00 0.00 0.03
0.00 0.00 0.00 0.00 0.00 0.01 0.00 0.02
0.00 0.00 0.00 0.00 0.00 0.00 0.01 0.02
0.00 0.00 0.00 0.00 0.00 0.00 0.01 0.02
0.00 0.00 0.00 0.00 0.00 0.00 0.00 0.02
0.00 0.00 0.00 0.00 0.00 0.00 0.01 0.02
0.00 0.00 0.00 0.00 0.00 0.00 0.00 0.03
0.00 0.00 0.00 0.00 0.00 0.00 0.00 0.03
0.00 0.00 0.00 0.00 0.00 0.00 0.00 0.02
0.00 0.00 0.00 0.00 0.00 0.00 0.00 0.02
0.00 0.00 0.00 0.00 0.00 0.00 0.01 0.04
0.00 0.00 0.00 0.00 0.00 0.00 0.00 0.05
0.00 0.00 0.00 0.00 0.00 0.00 0.00 0.01
0.00 0.00 0.00 0.00 0.00 0.00 0.01 0.03
0.00 0.00 0.00 0.00 0.00 0.00 0.01 0.02
0.00 0.00 0.00 0.00 0.00 0.00 0.01 0.02
0.00 0.00 0.00 0.00 0.00 0.00 0.01 0.05
0.00 0.00 0.00 0.00 0.00 0.01 0.00 0.03
0.00 0.00 0.00 0.00 0.00 0.00 0.01 0.01
0.00 0.00 0.00 0.00 0.00 0.01 0.01 0.01
0.00 0.00 0.00 0.00 0.00 0.00 0.00 0.02
0.00 0.00 0.00 0.00 0.00 0.00 0.00 0.01
0.00 0.00 0.00 0.00 0.00 0.00 0.00 0.02
0.00 0.00 0.00 0.00 0.00 0.00 0.00 0.01
0.00 0.00 0.00 0.00 0.00 0.00 0.00 0.03
0.00 0.00 0.00 0.00 0.00 0.00 0.00 0.01
0.00 0.00 0.00 0.00 0.00 0.00 0.01 0.02
0.00 0.00 0.00 0.00 0.00 0.00 0.01 0.01
0.00 0.00 0.00 0.00 0.00 0.00 0.00 0.01
0.00 0.00 0.00 0.00 0.00 0.00 0.01 0.02
0.00 0.00 0.00 0.00 0.00 0.00 0.01 0.03
0.00 0.00 0.00 0.00 0.00 0.00 0.01 0.02
0.00 0.00 0.00 0.00 0.00 0.00 0.01 0.02
0.00 0.00 0.00 0.00 0.00 0.00 0.00 0.03
0.00 0.00 0.00 0.00 0.00 0.00 0.01 0.02
0.00 0.00 0.00 0.00 0.00 0.00 0.00 0.01
0.00 0.00 0.00 0.00 0.00 0.00 0.00 0.02
0.00 0.00 0.00 0.00 0.00 0.00 0.00 0.02
0.00 0.00 0.00 0.00 0.00 0.00 0.01 0.02
0.00 0.00 0.00 0.00 0.00 0.00 0.01 0.02
0.00 0.00 0.00 0.00 0.00 0.00 0.00 0.02
0.00 0.00 0.00 0.00 0.00 0.00 0.00 0.02
0.00 0.00 0.00 0.00 0.00 0.00 0.02 0.02
0.00 0.00 0.00 0.00 0.00 0.00 0.01 0.01
0.00 0.00 0.00 0.00 0.00 0.00 0.00 0.02
0.00 0.00 0.00 0.00 0.00 0.00 0.00 0.05
0.00 0.00 0.00 0.00 0.00 0.00 0.00 0.03
0.00 0.00 0.00 0.00 0.00 0.00 0.01 0.01
0.00 0.00 0.00 0.00 0.00 0.00 0.01 0.01
0.00 0.00 0.00 0.00 0.00 0.00 0.00 0.01
0.00 0.00 0.00 0.00 0.00 0.00 0.00 0.02
0.00 0.00 0.00 0.00 0.00 0.00 0.01 0.01
0.00 0.00 0.00 0.00 0.00 0.00 0.00 0.01
0.00 0.00 0.00 0.00 0.00 0.00 0.01 0.00
0.00 0.00 0.00 0.00 0.00 0.00 0.00 0.01
0.00 0.00 0.00 0.00 0.00 0.00 0.00 0.01
0.00 0.00 0.00 0.00 0.00 0.00 0.01 0.01
0.00 0.00 0.00 0.00 0.00 0.00 0.00 0.01
0.00 0.00 0.00 0.00 0.00 0.00 0.01 0.02
0.00 0.00 0.00 0.00 0.00 0.00 0.00 0.01
0.00 0.00 0.00 0.00 0.00 0.00 0.00 0.01
0.00 0.00 0.00 0.00 0.00 0.00 0.00 0.02
0.00 0.00 0.00 0.00 0.00 0.00 0.00 0.00
0.00 0.00 0.00 0.00 0.00 0.00 0.00 0.00
0.00 0.00 0.00 0.00 0.00 0.00 0.00 0.00
0.00 0.00 0.00 0.00 0.00 0.00 0.00 0.00
0.00 0.00 0.00 0.00 0.00 0.00 0.00 0.00
0.00 0.00 0.00 0.00 0.00 0.00 0.00 0.00
0.00 0.00 0.00 0.00 0.00 0.00 0.00 0.00
0.00 0.00 0.00 0.00 0.00 0.00 0.00 0.00
0.00 0.00 0.00 0.00 0.00 0.00 0.00 0.00
0.00 0.00 0.00 0.00 0.00 0.00 0.00 0.00
0.00 0.00 0.00 0.00 0.00 0.00 0.00 0.00
0.00 0.00 0.00 0.00 0.00 0.00 0.00 0.00
0.00 0.00 0.00 0.00 0.00 0.00 0.00 0.00
0.00 0.00 0.00 0.00 0.00 0.00 0.00 0.00
0.00 0.00 0.00 0.00 0.00 0.00 0.00 0.00
0.00 0.00 0.00 0.00 0.00 0.00 0.00 0.00
0.00 0.00 0.00 0.00 0.00 0.00 0.00 0.00
0.00 0.00 0.00 0.00 0.00 0.00 0.00 0.00
0.00 0.00 0.00 0.00 0.00 0.00 0.00 0.00
0.00 0.00 0.00 0.00 0.00 0.00 0.00 0.00
0.00 0.00 0.00 0.00 0.00 0.00 0.00 0.00
0.00 0.00 0.00 0.00 0.00 0.00 0.00 0.00
0.00 0.00 0.00 0.00 0.00 0.00 0.00 0.00
0.00 0.00 0.00 0.00 0.00 0.00 0.00 0.00
0.00 0.00 0.00 0.00 0.00 0.00 0.00 0.00
0.00 0.00 0.00 0.00 0.00 0.00 0.00 0.00
0.00 0.00 0.00 0.00 0.00 0.00 0.00 0.00
0.00 0.00 0.00 0.00 0.00 0.00 0.00 0.00
0.00 0.00 0.00 0.00 0.00 0.00 0.00 0.00
0.00 0.00 0.00 0.00 0.00 0.00 0.00 0.00
0.00 0.00 0.00 0.00 0.00 0.00 0.00 0.00
0.00 0.00 0.00 0.00 0.00 0.00 0.00 0.00
0.00 0.00 0.00 0.00 0.00 0.00 0.00 0.00
0.00 0.00 0.00 0.00 0.00 0.00 0.00 0.00
0.00 0.00 0.00 0.00 0.00 0.00 0.00 0.00
0.00 0.00 0.00 0.00 0.00 0.00 0.00 0.00
0.00 0.00 0.00 0.00 0.00 0.00 0.00 0.00
0.00 0.00 0.00 0.00 0.00 0.00 0.00 0.00
0.00 0.00 0.00 0.00 0.00 0.00 0.00 0.00
0.00 0.00 0.00 0.00 0.00 0.00 0.00 0.00
0.00 0.00 0.00 0.00 0.00 0.00 0.00 0.00
0.00 0.00 0.00 0.00 0.00 0.00 0.00 0.00
0.00 0.00 0.00 0.00 0.00 0.00 0.00 0.00
0.00 0.00 0.00 0.00 0.00 0.00 0.00 0.00
0.00 0.00 0.00 0.00 0.00 0.00 0.00 0.00
0.00 0.00 0.00 0.00 0.00 0.00 0.00 0.00
0.00 0.00 0.00 0.00 0.00 0.00 0.00 0.00
0.00 0.00 0.00 0.00 0.00 0.00 0.00 0.00
0.00 0.00 0.00 0.00 0.00 0.00 0.00 0.00
0.00 0.00 0.00 0.00 0.00 0.00 0.00 0.00
