2.01 4.39 1.05 0.59 45.10 41.71 47.93 50.42
1.87 4.12 0.98 0.50 45.42 41.98 48.23 51.14
1.96 4.29 1.05 0.54 45.20 41.80 47.91 50.84
1.87 4.06 0.99 0.56 45.42 42.04 48.19 50.66
2.16 4.65 1.16 0.65 44.79 41.46 47.48 49.98
1.81 3.95 0.96 0.52 45.56 42.17 48.28 50.97
1.96 4.29 1.01 0.58 45.21 41.81 48.08 50.48
1.90 4.20 0.98 0.51 45.35 41.90 48.21 51.04
2.13 4.71 1.07 0.61 44.85 41.40 47.84 50.29
1.90 4.19 0.98 0.52 45.35 41.91 48.21 50.99
2.01 4.37 1.08 0.58 45.10 41.73 47.79 50.49
1.91 4.22 0.98 0.52 45.32 41.87 48.19 50.97
2.18 4.73 1.15 0.65 44.75 41.38 47.54 50.01
1.91 4.24 0.97 0.52 45.32 41.85 48.26 50.99
2.06 4.60 1.04 0.56 44.98 41.51 47.97 50.63
2.06 4.63 1.02 0.52 44.99 41.47 48.04 50.94
2.32 5.17 1.16 0.64 44.48 41.00 47.48 50.10
2.06 4.65 1.02 0.52 44.99 41.46 48.06 51.02
2.21 4.98 1.07 0.58 44.68 41.16 47.82 50.48
1.98 4.47 0.96 0.52 45.16 41.63 48.32 50.96
2.37 5.32 1.14 0.65 44.38 40.87 47.56 50.01
2.00 4.52 0.95 0.52 45.13 41.58 48.35 50.99
2.10 4.69 1.01 0.60 44.91 41.42 48.10 50.35
2.06 4.72 0.96 0.50 44.99 41.39 48.30 51.13
2.37 5.34 1.18 0.57 44.40 40.86 47.39 50.56
2.13 4.86 1.07 0.47 44.84 41.26 47.82 51.39
2.19 4.98 1.06 0.54 44.72 41.16 47.86 50.83
2.09 4.77 0.98 0.50 44.94 41.35 48.19 51.08
2.34 5.35 1.09 0.57 44.44 40.85 47.74 50.57
2.17 4.97 1.00 0.54 44.77 41.17 48.16 50.81
1.94 4.31 0.95 0.56 45.34 41.92 48.38 50.65
1.93 4.26 0.95 0.58 45.37 41.98 48.37 50.52
2.34 5.23 1.13 0.66 44.58 41.15 47.63 49.93
2.12 4.74 1.07 0.55 45.00 41.55 47.88 50.76
2.24 4.94 1.09 0.69 44.74 41.37 47.77 49.75
2.25 5.04 1.06 0.65 44.73 41.29 47.91 50.05
2.57 5.65 1.25 0.83 44.18 40.84 47.22 48.97
2.24 5.01 1.07 0.63 44.74 41.29 47.87 50.09
2.32 5.15 1.10 0.71 44.58 41.17 47.75 49.58
2.37 5.25 1.16 0.69 44.54 41.14 47.53 49.77
2.74 6.08 1.29 0.83 43.91 40.51 47.06 48.96
2.48 5.63 1.18 0.65 44.34 40.86 47.47 50.01
2.52 5.61 1.21 0.74 44.26 40.84 47.37 49.49
2.50 5.65 1.19 0.65 44.33 40.85 47.45 49.99
2.98 6.75 1.40 0.79 43.56 40.08 46.73 49.15
2.64 6.05 1.26 0.62 44.09 40.57 47.18 50.22
2.77 6.34 1.29 0.67 43.88 40.35 47.08 49.88
2.70 6.19 1.27 0.64 44.00 40.45 47.17 50.07
3.09 7.09 1.39 0.79 43.42 39.89 46.76 49.17
2.53 5.80 1.15 0.65 44.25 40.71 47.57 50.04
2.75 6.30 1.26 0.70 43.91 40.38 47.20 49.69
2.73 6.25 1.24 0.70 43.95 40.42 47.24 49.73
3.11 7.16 1.35 0.84 43.41 39.87 46.90 48.94
2.82 6.63 1.17 0.64 43.87 40.23 47.50 50.07
2.81 6.51 1.23 0.70 43.82 40.24 47.30 49.74
2.91 6.84 1.23 0.67 43.69 40.05 47.29 49.92
3.22 7.51 1.39 0.76 43.28 39.67 46.79 49.33
2.81 6.64 1.19 0.60 43.84 40.17 47.45 50.38
2.96 6.91 1.30 0.66 43.60 39.97 47.06 49.96
2.78 6.54 1.20 0.59 43.86 40.20 47.41 50.43
1.96 4.18 1.06 0.64 45.21 41.92 47.89 50.05
1.79 3.88 0.95 0.54 45.61 42.25 48.34 50.85
1.94 4.19 1.01 0.61 45.26 41.91 48.10 50.29
1.83 3.94 0.98 0.57 45.51 42.17 48.23 50.56
2.03 4.37 1.05 0.66 45.06 41.73 47.91 49.92
1.76 3.78 0.96 0.55 45.67 42.36 48.31 50.70
1.85 3.98 0.97 0.60 45.46 42.13 48.28 50.35
1.67 3.61 0.88 0.52 45.91 42.56 48.68 50.97
1.81 3.85 0.93 0.64 45.56 42.27 48.44 50.08
1.61 3.44 0.85 0.53 46.07 42.76 48.83 50.91
1.63 3.42 0.88 0.59 46.01 42.79 48.69 50.45
1.59 3.39 0.88 0.52 46.10 42.83 48.70 51.01
1.66 3.41 0.94 0.64 45.93 42.81 48.38 50.11
1.49 3.10 0.84 0.51 46.42 43.22 48.89 51.01
1.54 3.12 0.90 0.62 46.24 43.19 48.60 50.23
1.38 2.81 0.80 0.54 46.73 43.65 49.13 50.79
1.57 3.11 0.91 0.67 46.19 43.20 48.53 49.88
1.35 2.69 0.78 0.58 46.83 43.84 49.19 50.49
1.39 2.68 0.81 0.67 46.71 43.84 49.06 49.89
1.29 2.49 0.77 0.61 47.03 44.18 49.29 50.25
1.43 2.69 0.86 0.74 46.58 43.84 48.76 49.42
1.30 2.51 0.75 0.63 47.00 44.13 49.36 50.16
1.38 2.59 0.83 0.72 46.73 43.99 48.91 49.59
1.25 2.31 0.78 0.65 47.18 44.50 49.21 50.03
1.41 2.58 0.86 0.79 46.64 44.02 48.77 49.18
1.17 2.11 0.78 0.61 47.46 44.88 49.21 50.28
1.28 2.33 0.83 0.70 47.04 44.46 48.96 49.70
1.23 2.29 0.79 0.61 47.22 44.53 49.15 50.25
1.39 2.56 0.88 0.74 46.69 44.05 48.69 49.45
1.22 2.25 0.78 0.61 47.28 44.61 49.18 50.25
1.34 2.49 0.83 0.69 46.87 44.16 48.92 49.77
1.29 2.44 0.81 0.63 47.02 44.26 49.06 50.17
1.46 2.78 0.90 0.70 46.48 43.69 48.59 49.66
1.20 2.31 0.75 0.54 47.33 44.49 49.41 50.76
1.31 2.51 0.79 0.63 46.95 44.13 49.16 50.12
1.28 2.51 0.78 0.55 47.06 44.14 49.21 50.71
1.46 2.81 0.90 0.68 46.48 43.64 48.61 49.83
1.35 2.68 0.82 0.56 46.81 43.85 48.98 50.62
1.37 2.63 0.86 0.61 46.77 43.93 48.80 50.25
1.31 2.54 0.81 0.59 46.95 44.08 49.05 50.47
1.52 2.89 0.92 0.73 46.32 43.52 48.48 49.47
1.34 2.52 0.86 0.63 46.87 44.12 48.80 50.14
1.45 2.76 0.89 0.69 46.53 43.72 48.64 49.74
1.45 2.77 0.89 0.68 46.52 43.71 48.64 49.78
1.58 2.92 0.99 0.82 46.15 43.48 48.20 48.97
1.37 2.55 0.87 0.68 46.78 44.06 48.74 49.84
1.47 2.72 0.94 0.76 46.45 43.79 48.42 49.29
1.41 2.59 0.90 0.73 46.65 44.00 48.56 49.52
1.56 2.89 0.97 0.82 46.20 43.52 48.25 49.00
1.37 2.56 0.84 0.70 46.77 44.05 48.88 49.69
1.52 2.82 0.91 0.82 46.32 43.62 48.54 49.00
1.42 2.57 0.90 0.78 46.61 44.02 48.57 49.23
1.64 3.01 1.01 0.89 45.99 43.34 48.08 48.64
1.44 2.67 0.89 0.74 46.56 43.86 48.62 49.44
1.57 2.94 0.94 0.81 46.19 43.44 48.41 49.04
1.43 2.68 0.86 0.74 46.59 43.85 48.78 49.47
1.61 3.03 0.95 0.84 46.07 43.32 48.34 48.90
1.38 2.61 0.83 0.70 46.72 43.96 48.92 49.66
1.41 2.64 0.84 0.74 46.64 43.91 48.88 49.43
1.31 2.46 0.80 0.66 46.98 44.23 49.08 49.96
1.52 2.83 0.91 0.81 46.32 43.61 48.54 49.05
1.35 2.59 0.79 0.67 46.83 44.00 49.12 49.91
1.50 2.84 0.90 0.76 46.38 43.60 48.59 49.33
1.39 2.60 0.86 0.69 46.72 43.98 48.80 49.72
1.54 2.89 0.93 0.80 46.25 43.52 48.45 49.08
1.35 2.53 0.84 0.68 46.83 44.10 48.91 49.79
1.43 2.64 0.87 0.79 46.57 43.92 48.73 49.14
1.42 2.65 0.87 0.73 46.62 43.91 48.73 49.49
1.60 2.99 0.98 0.85 46.08 43.38 48.24 48.84
1.44 2.74 0.88 0.71 46.54 43.75 48.69 49.64
1.53 2.84 0.95 0.80 46.28 43.60 48.35 49.09
1.54 2.86 0.96 0.79 46.26 43.56 48.30 49.14
1.70 3.17 1.03 0.88 45.84 43.11 47.99 48.69
1.52 2.85 0.94 0.77 46.31 43.58 48.41 49.26
1.60 2.95 1.01 0.83 46.10 43.44 48.09 48.92
1.59 2.98 0.99 0.80 46.12 43.39 48.18 49.11
1.79 3.36 1.11 0.91 45.60 42.87 47.68 48.56
1.53 2.87 0.94 0.78 46.29 43.55 48.41 49.24
1.62 2.99 1.01 0.86 46.04 43.38 48.09 48.79
1.62 3.08 1.04 0.75 46.03 43.24 47.96 49.36
1.73 3.23 1.12 0.85 45.75 43.05 47.65 48.85
1.55 2.94 0.97 0.74 46.23 43.44 48.28 49.45
1.74 3.32 1.06 0.84 45.73 42.92 47.90 48.88
1.57 3.00 0.95 0.77 46.16 43.36 48.34 49.29
1.76 3.31 1.08 0.88 45.68 42.93 47.79 48.67
1.62 3.08 0.97 0.79 46.05 43.24 48.24 49.17
1.76 3.39 1.00 0.90 45.67 42.84 48.12 48.60
1.62 3.10 0.97 0.79 46.03 43.22 48.26 49.14
1.91 3.70 1.10 0.93 45.33 42.45 47.72 48.45
1.72 3.37 0.99 0.79 45.78 42.85 48.18 49.14
1.80 3.47 1.00 0.92 45.59 42.72 48.13 48.52
1.73 3.35 0.97 0.86 45.76 42.88 48.28 48.79
2.00 3.85 1.12 1.02 45.13 42.28 47.65 48.03
1.73 3.35 0.97 0.87 45.75 42.88 48.26 48.74
1.98 3.79 1.13 1.01 45.17 42.35 47.59 48.08
1.92 3.77 1.08 0.91 45.30 42.37 47.80 48.53
2.12 4.11 1.18 1.06 44.88 42.00 47.43 47.87
1.94 3.80 1.10 0.90 45.26 42.33 47.70 48.57
2.11 4.14 1.19 1.00 44.89 41.96 47.39 48.14
1.97 3.89 1.11 0.92 45.18 42.24 47.68 48.51
2.28 4.52 1.26 1.05 44.56 41.58 47.14 47.91
2.14 4.22 1.25 0.95 44.83 41.88 47.17 48.36
2.27 4.46 1.33 1.02 44.57 41.64 46.90 48.04
2.27 4.49 1.35 0.98 44.57 41.61 46.85 48.21
2.55 5.07 1.47 1.12 44.06 41.08 46.45 47.63
2.45 4.96 1.42 0.97 44.24 41.18 46.59 48.25
2.48 4.91 1.48 1.04 44.19 41.22 46.43 47.97
2.49 4.96 1.46 1.04 44.17 41.18 46.48 47.95
2.83 5.68 1.67 1.14 43.61 40.59 45.90 47.57
2.49 4.92 1.51 1.05 44.16 41.22 46.35 47.90
2.46 4.85 1.47 1.06 44.22 41.28 46.44 47.89
2.46 4.95 1.44 0.99 44.23 41.18 46.56 48.19
2.66 5.38 1.55 1.06 43.88 40.82 46.23 47.87
2.36 4.62 1.44 1.00 44.41 41.48 46.54 48.15
2.43 4.76 1.50 1.02 44.28 41.35 46.36 48.04
2.27 4.45 1.39 0.98 44.56 41.65 46.70 48.21
2.59 5.14 1.55 1.07 44.01 41.02 46.22 47.85
2.38 4.79 1.40 0.96 44.36 41.33 46.66 48.29
2.46 4.88 1.45 1.04 44.22 41.24 46.52 47.94
2.55 5.11 1.49 1.05 44.07 41.05 46.41 47.91
2.63 5.24 1.54 1.11 43.93 40.93 46.26 47.68
2.33 4.54 1.38 1.06 44.46 41.56 46.74 47.87
2.53 4.96 1.46 1.19 44.09 41.18 46.50 47.38
2.28 4.41 1.32 1.11 44.54 41.68 46.92 47.66
2.34 4.40 1.40 1.22 44.44 41.70 46.68 47.28
2.18 4.08 1.31 1.16 44.75 42.02 46.97 47.50
2.20 4.06 1.33 1.22 44.70 42.05 46.87 47.28
1.99 3.66 1.20 1.12 45.14 42.50 47.35 47.65
2.07 3.86 1.23 1.11 44.98 42.27 47.21 47.69
1.79 3.28 1.11 0.98 45.60 42.97 47.69 48.22
1.80 3.26 1.13 1.02 45.57 43.01 47.59 48.03
1.61 2.91 1.02 0.90 46.06 43.50 48.03 48.60
1.57 2.86 0.94 0.91 46.16 43.56 48.38 48.54
1.31 2.36 0.81 0.75 46.97 44.40 49.07 49.38
1.25 2.20 0.78 0.75 47.18 44.70 49.19 49.40
1.16 2.10 0.72 0.64 47.51 44.91 49.54 50.07
1.09 1.91 0.73 0.63 47.76 45.33 49.48 50.16
0.98 1.74 0.66 0.54 48.23 45.73 49.94 50.80
0.97 1.69 0.64 0.58 48.28 45.86 50.07 50.53
0.90 1.60 0.58 0.53 48.59 46.11 50.52 50.91
0.97 1.72 0.61 0.58 48.27 45.79 50.27 50.48
0.88 1.51 0.59 0.54 48.68 46.33 50.43 50.79
0.92 1.57 0.61 0.59 48.49 46.19 50.32 50.39
0.91 1.56 0.62 0.56 48.52 46.19 50.23 50.64
0.93 1.62 0.61 0.57 48.43 46.04 50.27 50.57
0.89 1.58 0.57 0.51 48.65 46.14 50.60 51.04
0.90 1.55 0.60 0.55 48.59 46.22 50.38 50.72
0.92 1.59 0.63 0.54 48.51 46.13 50.15 50.82
0.97 1.65 0.67 0.59 48.27 45.95 49.89 50.45
0.93 1.64 0.65 0.50 48.46 45.99 50.03 51.16
0.97 1.68 0.66 0.58 48.25 45.89 49.92 50.50
0.93 1.57 0.64 0.57 48.47 46.17 50.07 50.61
1.03 1.78 0.69 0.62 47.99 45.62 49.73 50.20
0.92 1.54 0.63 0.59 48.48 46.25 50.15 50.39
1.04 1.77 0.69 0.65 47.98 45.66 49.71 50.02
1.00 1.71 0.68 0.60 48.15 45.81 49.79 50.38
1.09 1.86 0.76 0.63 47.77 45.42 49.31 50.13
1.05 1.79 0.74 0.63 47.90 45.61 49.42 50.12
1.11 1.87 0.81 0.66 47.68 45.43 49.05 49.96
1.09 1.86 0.75 0.67 47.76 45.44 49.41 49.89
1.21 2.14 0.81 0.68 47.31 44.82 49.07 49.83
1.12 1.92 0.81 0.63 47.63 45.29 49.06 50.10
1.21 2.08 0.86 0.70 47.29 44.95 48.80 49.69
1.19 2.07 0.86 0.64 47.38 44.97 48.79 50.09
1.35 2.33 0.99 0.73 46.84 44.47 48.19 49.49
1.17 2.04 0.83 0.65 47.43 45.04 48.91 50.01
1.12 1.93 0.76 0.68 47.63 45.28 49.36 49.79
1.12 1.93 0.78 0.63 47.65 45.27 49.19 50.12
1.21 2.07 0.83 0.72 47.32 44.98 48.92 49.57
1.14 1.94 0.82 0.65 47.58 45.26 48.97 50.02
1.16 1.98 0.84 0.66 47.48 45.16 48.89 49.92
1.12 1.96 0.79 0.61 47.64 45.21 49.17 50.28
1.20 2.02 0.88 0.72 47.32 45.08 48.71 49.55
1.11 1.89 0.82 0.64 47.67 45.38 49.01 50.10
1.18 1.98 0.84 0.71 47.43 45.16 48.90 49.63
1.12 1.93 0.77 0.66 47.64 45.28 49.26 49.93
1.25 2.06 0.90 0.78 47.17 44.98 48.61 49.22
1.17 2.00 0.81 0.70 47.45 45.13 49.03 49.67
1.30 2.16 0.92 0.81 47.01 44.79 48.49 49.05
1.18 1.95 0.86 0.73 47.41 45.24 48.77 49.50
1.29 2.11 0.94 0.84 47.01 44.90 48.41 48.88
1.24 2.05 0.90 0.77 47.19 45.01 48.58 49.27
1.33 2.20 0.95 0.85 46.88 44.70 48.36 48.85
1.26 2.12 0.88 0.80 47.12 44.88 48.71 49.11
1.43 2.38 1.02 0.89 46.57 44.37 48.03 48.64
1.30 2.17 0.91 0.80 47.01 44.77 48.53 49.10
1.32 2.15 0.90 0.92 46.92 44.81 48.61 48.50
1.31 2.16 0.90 0.85 46.97 44.79 48.58 48.82
1.41 2.31 0.98 0.94 46.64 44.50 48.24 48.38
1.54 2.58 1.09 0.96 46.25 44.01 47.78 48.30
1.29 2.06 0.92 0.88 47.04 45.00 48.48 48.69
1.41 2.25 1.04 0.94 46.64 44.60 47.96 48.40
1.37 2.20 0.96 0.93 46.78 44.69 48.31 48.44
1.46 2.39 1.04 0.95 46.48 44.34 47.95 48.35
1.45 2.35 1.06 0.93 46.53 44.41 47.90 48.46
1.36 2.27 0.97 0.86 46.78 44.57 48.27 48.80
1.39 2.27 0.97 0.93 46.70 44.56 48.28 48.45
1.35 2.21 0.95 0.88 46.84 44.69 48.35 48.69
1.45 2.40 1.01 0.94 46.53 44.34 48.10 48.39
1.33 2.20 0.90 0.90 46.88 44.71 48.58 48.59
1.42 2.33 0.95 1.00 46.60 44.46 48.36 48.17
1.37 2.29 0.89 0.94 46.75 44.53 48.65 48.39
1.46 2.46 0.98 0.94 46.49 44.22 48.22 48.42
1.42 2.36 0.96 0.95 46.60 44.41 48.29 48.35
1.70 2.82 1.27 1.02 45.82 43.63 47.10 48.03
1.72 2.85 1.24 1.07 45.78 43.59 47.20 47.84
1.81 3.03 1.28 1.11 45.56 43.32 47.05 47.67
1.72 2.89 1.28 0.98 45.78 43.52 47.07 48.20
1.78 2.90 1.31 1.12 45.63 43.51 46.95 47.65
1.80 2.99 1.38 1.04 45.57 43.36 46.74 47.96
1.96 3.25 1.41 1.22 45.21 43.01 46.64 47.27
1.62 2.67 1.17 1.03 46.02 43.87 47.43 48.01
1.79 2.99 1.20 1.19 45.60 43.37 47.34 47.39
1.70 2.80 1.17 1.11 45.84 43.65 47.44 47.68
1.89 3.11 1.35 1.21 45.36 43.20 46.83 47.30
1.82 3.05 1.31 1.11 45.52 43.29 46.95 47.69
1.95 3.29 1.44 1.12 45.23 42.96 46.56 47.64
1.86 3.18 1.37 1.03 45.44 43.11 46.76 48.01
1.90 3.16 1.38 1.16 45.35 43.14 46.73 47.50
1.77 3.02 1.28 1.01 45.65 43.32 47.06 48.09
1.86 3.20 1.31 1.07 45.43 43.08 46.94 47.84
1.78 3.01 1.30 1.03 45.62 43.34 46.98 48.01
1.84 3.04 1.31 1.16 45.49 43.30 46.94 47.50
1.80 3.03 1.32 1.05 45.58 43.33 46.92 47.91
1.85 3.12 1.33 1.10 45.46 43.18 46.88 47.73
1.82 3.05 1.30 1.10 45.53 43.29 46.97 47.73
1.99 3.39 1.40 1.19 45.14 42.83 46.68 47.36
1.79 3.00 1.29 1.10 45.59 43.37 47.02 47.70
1.91 3.21 1.36 1.14 45.33 43.06 46.79 47.56
1.85 3.10 1.31 1.13 45.47 43.21 46.96 47.60
1.92 3.29 1.28 1.18 45.30 42.96 47.05 47.41
1.75 3.04 1.15 1.05 45.71 43.30 47.52 47.92
1.88 3.31 1.22 1.13 45.38 42.93 47.29 47.62
1.86 3.30 1.20 1.09 45.43 42.95 47.32 47.77
2.00 3.57 1.29 1.14 45.12 42.60 47.02 47.57
1.69 3.07 1.04 0.94 45.86 43.26 47.96 48.40
1.76 3.18 1.06 1.04 45.68 43.11 47.88 47.96
1.64 2.99 1.00 0.92 45.99 43.37 48.13 48.50
1.76 3.27 1.05 0.94 45.68 42.98 47.89 48.40
1.74 3.27 1.03 0.91 45.73 42.98 48.02 48.53
1.49 2.75 1.02 0.67 46.42 43.74 48.04 49.85
1.30 2.47 0.85 0.56 47.01 44.20 48.82 50.66
1.26 2.46 0.86 0.47 47.12 44.23 48.80 51.41
1.06 2.07 0.76 0.36 47.87 44.98 49.35 52.54
1.02 2.01 0.74 0.31 48.04 45.10 49.41 53.26
0.77 1.54 0.53 0.25 49.25 46.26 50.92 54.15
0.82 1.61 0.56 0.30 48.99 46.06 50.66 53.45
0.72 1.45 0.48 0.22 49.58 46.52 51.37 54.60
0.80 1.60 0.52 0.28 49.10 46.09 50.94 53.71
0.76 1.52 0.50 0.24 49.35 46.31 51.11 54.27
0.88 1.74 0.58 0.31 48.72 45.73 50.53 53.29
0.77 1.58 0.51 0.23 49.26 46.16 51.02 54.63
0.79 1.57 0.54 0.25 49.16 46.16 50.84 54.08
0.81 1.64 0.55 0.25 49.04 45.99 50.77 54.10
0.90 1.82 0.60 0.30 48.56 45.54 50.37 53.33
0.80 1.65 0.52 0.22 49.12 45.96 50.98 54.70
0.82 1.67 0.54 0.26 48.98 45.91 50.81 54.01
0.75 1.51 0.50 0.23 49.40 46.34 51.14 54.53
0.87 1.74 0.58 0.30 48.73 45.73 50.50 53.40
0.79 1.63 0.51 0.23 49.16 46.01 51.05 54.59
0.83 1.71 0.53 0.26 48.94 45.81 50.93 53.99
0.77 1.60 0.48 0.23 49.27 46.09 51.29 54.62
0.87 1.79 0.55 0.28 48.72 45.61 50.73 53.68
0.77 1.60 0.51 0.22 49.24 46.10 51.08 54.74
0.87 1.78 0.57 0.26 48.75 45.64 50.56 54.04
0.77 1.59 0.51 0.21 49.27 46.12 51.10 54.83
0.85 1.75 0.56 0.26 48.82 45.72 50.69 53.94
0.81 1.68 0.52 0.24 49.03 45.89 50.94 54.36
0.88 1.80 0.56 0.27 48.70 45.58 50.64 53.83
0.84 1.73 0.53 0.28 48.87 45.75 50.93 53.72
0.92 1.87 0.60 0.29 48.49 45.43 50.32 53.45
0.88 1.80 0.55 0.29 48.72 45.61 50.75 53.59
0.97 1.98 0.60 0.33 48.27 45.19 50.34 52.89
0.92 1.89 0.58 0.29 48.50 45.40 50.48 53.44
1.06 2.14 0.65 0.38 47.90 44.84 49.98 52.33
0.92 1.88 0.59 0.30 48.49 45.41 50.44 53.29
1.06 2.13 0.68 0.38 47.87 44.86 49.83 52.30
0.97 1.96 0.63 0.33 48.25 45.22 50.15 52.93
1.13 2.31 0.69 0.41 47.59 44.51 49.76 52.02
0.98 2.04 0.60 0.30 48.23 45.06 50.34 53.36
1.08 2.21 0.69 0.35 47.80 44.70 49.76 52.69
1.03 2.13 0.68 0.30 48.00 44.89 49.82 53.30
1.18 2.41 0.75 0.39 47.42 44.34 49.40 52.22
1.05 2.17 0.69 0.29 47.93 44.79 49.76 53.42
1.17 2.42 0.75 0.34 47.48 44.33 49.42 52.78
1.09 2.27 0.69 0.30 47.78 44.59 49.75 53.33
1.17 2.40 0.74 0.37 47.47 44.35 49.46 52.48
1.04 2.16 0.67 0.28 47.99 44.81 49.90 53.60
1.08 2.28 0.66 0.30 47.81 44.57 49.97 53.29
1.03 2.18 0.61 0.30 48.02 44.77 50.28 53.41
1.10 2.29 0.65 0.36 47.75 44.56 50.04 52.59
0.98 2.09 0.56 0.28 48.26 44.96 50.64 53.68
1.05 2.26 0.59 0.30 47.95 44.63 50.40 53.38
0.98 2.10 0.56 0.27 48.26 44.94 50.66 53.83
1.11 2.32 0.64 0.36 47.72 44.50 50.08 52.62
0.97 2.08 0.56 0.27 48.30 44.98 50.69 53.89
1.07 2.30 0.62 0.29 47.86 44.55 50.21 53.49
1.04 2.25 0.60 0.27 47.97 44.64 50.31 53.76
1.14 2.44 0.64 0.34 47.57 44.28 50.05 52.80
1.05 2.27 0.60 0.28 47.93 44.60 50.31 53.68
1.05 2.24 0.59 0.32 47.92 44.63 50.40 53.17
1.02 2.16 0.60 0.30 48.04 44.78 50.38 53.32
1.11 2.31 0.65 0.36 47.70 44.50 50.01 52.63
1.05 2.23 0.63 0.27 47.94 44.64 50.13 53.75
1.10 2.36 0.65 0.30 47.71 44.41 50.01 53.44
1.03 2.17 0.63 0.29 48.00 44.76 50.11 53.58
1.14 2.39 0.70 0.35 47.55 44.35 49.71 52.74
1.06 2.27 0.63 0.29 47.87 44.57 50.16 53.56
1.13 2.37 0.70 0.31 47.61 44.38 49.70 53.14
1.05 2.21 0.65 0.28 47.93 44.69 50.00 53.68
1.15 2.38 0.71 0.36 47.51 44.36 49.58 52.53
1.09 2.31 0.67 0.29 47.76 44.49 49.89 53.49
1.16 2.43 0.70 0.36 47.49 44.28 49.70 52.63
1.10 2.31 0.68 0.28 47.74 44.49 49.82 53.57
1.16 2.37 0.74 0.38 47.48 44.38 49.47 52.36
1.09 2.30 0.69 0.29 47.74 44.51 49.77 53.48
1.18 2.45 0.74 0.36 47.40 44.24 49.43 52.57
1.13 2.34 0.72 0.35 47.58 44.45 49.60 52.62
1.26 2.58 0.78 0.40 47.15 44.01 49.22 52.11
1.20 2.56 0.70 0.33 47.34 44.05 49.66 52.92
1.29 2.66 0.80 0.40 47.03 43.89 49.09 52.08
1.25 2.64 0.76 0.36 47.17 43.93 49.34 52.62
1.39 2.87 0.88 0.43 46.70 43.56 48.70 51.80
1.25 2.63 0.77 0.35 47.16 43.94 49.26 52.65
1.32 2.69 0.80 0.45 46.94 43.83 49.07 51.59
1.28 2.65 0.80 0.38 47.08 43.90 49.11 52.39
1.43 2.95 0.89 0.44 46.59 43.43 48.66 51.65
1.31 2.76 0.80 0.36 46.96 43.72 49.09 52.51
1.35 2.79 0.84 0.42 46.83 43.68 48.87 51.90
1.29 2.67 0.81 0.38 47.03 43.86 49.02 52.37
1.41 2.93 0.87 0.43 46.65 43.47 48.74 51.84
1.30 2.73 0.82 0.38 46.97 43.77 49.01 52.38
1.36 2.85 0.85 0.39 46.80 43.59 48.86 52.29
1.32 2.80 0.81 0.34 46.94 43.66 49.04 52.82
1.48 3.15 0.89 0.41 46.43 43.15 48.66 52.05
1.34 2.85 0.85 0.33 46.85 43.58 48.84 52.95
1.47 3.12 0.91 0.38 46.46 43.19 48.56 52.34
1.42 3.02 0.88 0.35 46.62 43.33 48.68 52.72
1.56 3.29 0.97 0.41 46.21 42.96 48.27 52.01
1.49 3.21 0.91 0.34 46.41 43.07 48.55 52.78
1.53 3.27 0.91 0.39 46.30 42.99 48.52 52.19
1.53 3.35 0.89 0.37 46.27 42.88 48.66 52.42
1.69 3.62 1.02 0.43 45.85 42.54 48.07 51.77
1.57 3.39 0.95 0.37 46.17 42.83 48.35 52.45
1.61 3.43 0.99 0.42 46.05 42.78 48.17 51.93
1.59 3.40 0.99 0.37 46.12 42.81 48.17 52.43
1.70 3.62 1.03 0.46 45.82 42.55 48.01 51.49
1.47 3.10 0.93 0.38 46.47 43.22 48.46 52.34
1.58 3.32 0.99 0.43 46.15 42.93 48.18 51.83
1.44 3.00 0.93 0.39 46.55 43.36 48.43 52.28
1.54 3.16 0.97 0.48 46.26 43.13 48.26 51.33
1.40 2.90 0.88 0.41 46.67 43.51 48.66 51.97
1.40 2.94 0.83 0.41 46.68 43.45 48.93 51.96
1.38 2.91 0.84 0.40 46.73 43.50 48.91 52.08
1.44 3.04 0.85 0.44 46.54 43.31 48.82 51.64
1.31 2.78 0.78 0.37 46.95 43.69 49.19 52.47
1.34 2.82 0.79 0.39 46.87 43.62 49.16 52.16
1.22 2.63 0.70 0.34 47.25 43.94 49.67 52.76
1.33 2.83 0.75 0.42 46.89 43.61 49.41 51.92
1.17 2.52 0.66 0.34 47.44 44.11 49.97 52.81
1.22 2.59 0.69 0.38 47.27 44.00 49.74 52.39
1.32 2.85 0.73 0.38 46.92 43.59 49.46 52.30
1.42 3.04 0.78 0.44 46.62 43.31 49.24 51.73
1.16 2.50 0.66 0.33 47.48 44.15 49.92 53.00
1.12 2.36 0.62 0.37 47.65 44.41 50.23 52.39
1.06 2.26 0.58 0.34 47.89 44.59 50.52 52.83
1.17 2.47 0.63 0.42 47.44 44.21 50.15 51.89
1.17 2.53 0.64 0.33 47.47 44.11 50.08 52.91
1.16 2.42 0.65 0.40 47.50 44.30 49.98 52.12
1.15 2.45 0.65 0.36 47.51 44.24 50.01 52.52
1.14 2.37 0.64 0.43 47.54 44.39 50.10 51.75
1.01 2.11 0.58 0.33 48.10 44.89 50.49 52.94
1.01 2.05 0.60 0.38 48.08 45.02 50.31 52.34
1.03 2.16 0.57 0.35 48.04 44.81 50.56 52.73
1.11 2.31 0.60 0.42 47.68 44.50 50.33 51.90
0.96 2.02 0.54 0.32 48.31 45.08 50.86 52.99
1.01 2.11 0.56 0.37 48.08 44.90 50.64 52.42
0.98 2.04 0.55 0.34 48.24 45.04 50.73 52.84
1.09 2.30 0.60 0.38 47.75 44.53 50.33 52.33
1.00 2.12 0.56 0.31 48.15 44.87 50.65 53.23
1.06 2.25 0.60 0.33 47.89 44.62 50.39 52.90
0.95 2.02 0.54 0.29 48.37 45.08 50.83 53.57
1.13 2.38 0.65 0.36 47.61 44.38 50.04 52.52
0.99 2.11 0.56 0.31 48.17 44.90 50.65 53.29
1.02 2.15 0.57 0.35 48.04 44.81 50.60 52.75
0.95 2.02 0.54 0.31 48.34 45.09 50.83 53.24
1.08 2.29 0.59 0.38 47.78 44.55 50.44 52.32
0.95 2.03 0.51 0.31 48.36 45.07 51.02 53.22
1.04 2.18 0.57 0.37 47.95 44.74 50.56 52.45
1.03 2.20 0.54 0.35 47.99 44.70 50.78 52.64
1.20 2.52 0.65 0.45 47.32 44.12 50.03 51.58
1.07 2.26 0.58 0.37 47.83 44.59 50.49 52.45
1.19 2.47 0.63 0.46 47.38 44.20 50.11 51.48
1.13 2.35 0.62 0.43 47.60 44.42 50.23 51.84
1.31 2.74 0.69 0.51 46.95 43.76 49.77 51.05
1.14 2.40 0.60 0.41 47.58 44.33 50.37 51.99
1.26 2.65 0.65 0.49 47.13 43.90 50.03 51.26
1.18 2.51 0.63 0.41 47.40 44.14 50.16 51.97
1.37 2.90 0.72 0.50 46.76 43.51 49.57 51.17
1.15 2.40 0.63 0.41 47.54 44.33 50.11 52.05
1.30 2.73 0.70 0.46 47.01 43.78 49.70 51.49
1.27 2.70 0.68 0.42 47.10 43.81 49.82 51.86
1.47 3.10 0.78 0.52 46.46 43.21 49.22 50.95
1.27 2.72 0.69 0.41 47.08 43.78 49.74 51.98
1.41 2.98 0.78 0.48 46.63 43.38 49.22 51.34
1.29 2.72 0.74 0.42 47.01 43.78 49.44 51.89
1.46 3.08 0.80 0.50 46.49 43.25 49.11 51.17
1.33 2.84 0.73 0.43 46.88 43.60 49.52 51.77
1.48 3.13 0.83 0.47 46.43 43.17 48.92 51.41
1.44 3.15 0.75 0.42 46.56 43.16 49.38 51.93
1.55 3.31 0.86 0.48 46.24 42.94 48.79 51.35
1.40 3.03 0.76 0.40 46.68 43.32 49.31 52.09
1.55 3.35 0.84 0.45 46.24 42.88 48.91 51.58
1.40 3.03 0.77 0.41 46.67 43.32 49.26 52.05
1.66 3.55 0.91 0.52 45.94 42.63 48.54 51.01
1.45 3.13 0.81 0.42 46.52 43.18 49.07 51.94
1.63 3.55 0.86 0.47 46.01 42.63 48.77 51.40
1.56 3.43 0.81 0.44 46.20 42.78 49.04 51.75
1.90 4.18 0.99 0.53 45.35 41.92 48.18 50.89
1.61 3.56 0.82 0.43 46.08 42.62 48.97 51.76
1.75 3.82 0.94 0.49 45.71 42.32 48.42 51.22
1.77 3.95 0.91 0.46 45.65 42.18 48.56 51.49
2.08 4.54 1.06 0.64 44.96 41.58 47.87 50.08
1.85 4.06 0.95 0.53 45.47 42.05 48.36 50.88
1.88 4.01 1.00 0.63 45.39 42.11 48.11 50.14
1.88 4.04 1.02 0.59 45.39 42.07 48.07 50.45
2.10 4.45 1.14 0.70 44.92 41.65 47.56 49.67
1.80 3.83 1.00 0.56 45.59 42.31 48.15 50.63
1.85 3.93 1.00 0.63 45.45 42.20 48.14 50.12
1.79 3.85 0.96 0.57 45.60 42.28 48.32 50.55
2.10 4.48 1.10 0.71 44.92 41.63 47.71 49.63
1.76 3.81 0.92 0.55 45.69 42.34 48.52 50.74
1.88 4.02 0.99 0.64 45.40 42.10 48.20 50.08
1.74 3.73 0.93 0.55 45.74 42.42 48.46 50.70
2.07 4.46 1.05 0.68 44.99 41.65 47.90 49.79
1.80 3.92 0.94 0.54 45.58 42.20 48.39 50.83
1.88 4.06 0.99 0.58 45.40 42.05 48.17 50.51
1.91 4.19 1.00 0.53 45.33 41.92 48.12 50.88
2.11 4.63 1.07 0.64 44.89 41.49 47.84 50.05
2.05 4.54 1.01 0.60 45.03 41.59 48.07 50.38
2.11 4.47 1.19 0.67 44.91 41.65 47.39 49.85
1.79 3.80 1.01 0.57 45.61 42.36 48.07 50.61
1.93 4.10 1.07 0.61 45.30 42.03 47.85 50.25
1.94 4.16 1.09 0.57 45.27 41.96 47.78 50.56
2.11 4.46 1.22 0.66 44.91 41.66 47.29 49.98
1.88 4.05 1.04 0.55 45.40 42.08 47.94 50.76
2.02 4.32 1.11 0.63 45.09 41.80 47.68 50.15
1.95 4.24 1.06 0.56 45.23 41.87 47.87 50.66
2.21 4.75 1.22 0.65 44.70 41.38 47.27 49.98
1.91 4.12 1.07 0.54 45.34 42.00 47.85 50.84
2.05 4.38 1.16 0.60 45.02 41.72 47.48 50.33
1.99 4.31 1.10 0.57 45.14 41.79 47.72 50.57
2.28 4.93 1.23 0.67 44.56 41.21 47.22 49.84
1.97 4.26 1.11 0.56 45.18 41.85 47.69 50.67
2.15 4.65 1.17 0.63 44.81 41.46 47.46 50.17
2.09 4.51 1.14 0.62 44.93 41.59 47.55 50.21
2.42 5.28 1.27 0.71 44.30 40.91 47.11 49.60
2.08 4.51 1.14 0.60 44.95 41.60 47.56 50.32
2.26 4.90 1.26 0.61 44.60 41.23 47.14 50.26
2.23 4.86 1.20 0.62 44.66 41.27 47.33 50.22
2.54 5.56 1.31 0.74 44.10 40.68 46.98 49.45
2.28 5.01 1.20 0.63 44.55 41.14 47.34 50.12
2.35 5.12 1.23 0.69 44.43 41.04 47.24 49.74
2.30 5.04 1.20 0.67 44.51 41.11 47.35 49.89
2.70 5.90 1.39 0.82 43.81 40.42 46.70 49.01
2.37 5.17 1.21 0.71 44.40 41.00 47.28 49.62
2.27 4.83 1.23 0.73 44.58 41.29 47.23 49.49
2.34 5.00 1.27 0.74 44.45 41.14 47.11 49.47
2.43 5.13 1.28 0.87 44.28 41.03 47.06 48.75
2.25 4.84 1.21 0.70 44.61 41.28 47.32 49.66
2.24 4.79 1.19 0.74 44.62 41.33 47.37 49.40
2.18 4.61 1.15 0.78 44.75 41.50 47.52 49.23
2.32 4.87 1.21 0.89 44.47 41.26 47.30 48.65
2.01 4.30 1.05 0.67 45.10 41.79 47.90 49.87
2.07 4.27 1.14 0.79 44.98 41.83 47.55 49.17
2.09 4.38 1.15 0.75 44.93 41.72 47.53 49.41
2.24 4.62 1.23 0.85 44.63 41.48 47.22 48.82
1.86 3.90 1.04 0.65 45.44 42.22 47.97 50.04
1.85 3.76 1.06 0.75 45.45 42.38 47.89 49.41
1.81 3.60 1.05 0.78 45.56 42.57 47.96 49.22
1.68 3.26 0.98 0.81 45.87 43.01 48.24 49.03
1.52 2.99 0.89 0.69 46.31 43.38 48.66 49.73
1.54 2.97 0.92 0.72 46.27 43.42 48.49 49.56
1.56 3.02 0.93 0.73 46.22 43.36 48.46 49.52
1.65 3.18 0.96 0.82 45.97 43.13 48.33 49.01
1.40 2.71 0.83 0.65 46.69 43.83 48.94 49.98
1.46 2.78 0.82 0.76 46.52 43.72 48.98 49.32
1.38 2.66 0.81 0.68 46.73 43.90 49.03 49.80
1.47 2.76 0.84 0.82 46.47 43.75 48.90 49.04
1.32 2.54 0.79 0.65 46.92 44.11 49.13 50.03
1.43 2.68 0.80 0.79 46.62 43.88 49.11 49.17
1.41 2.71 0.81 0.71 46.65 43.82 49.07 49.62
1.57 3.04 0.84 0.82 46.19 43.33 48.87 48.99
1.42 2.77 0.80 0.68 46.64 43.74 49.11 49.81
1.44 2.82 0.79 0.69 46.58 43.65 49.15 49.75
1.42 2.83 0.80 0.64 46.61 43.63 49.10 50.10
1.47 2.91 0.81 0.69 46.47 43.52 49.08 49.72
1.28 2.52 0.73 0.60 47.06 44.14 49.49 50.34
1.36 2.66 0.76 0.65 46.83 43.92 49.31 50.03
1.38 2.71 0.77 0.67 46.73 43.81 49.28 49.87
1.52 3.03 0.82 0.73 46.33 43.36 49.03 49.52
1.40 2.78 0.74 0.69 46.68 43.72 49.43 49.76
1.45 2.88 0.77 0.68 46.55 43.57 49.25 49.80
1.37 2.74 0.71 0.65 46.79 43.78 49.62 50.01
1.56 3.15 0.81 0.72 46.23 43.19 49.04 49.58
1.42 2.78 0.76 0.71 46.63 43.71 49.32 49.63
1.60 3.18 0.89 0.73 46.12 43.14 48.67 49.53
1.57 3.09 0.89 0.73 46.18 43.24 48.62 49.52
1.71 3.44 0.91 0.77 45.83 42.79 48.53 49.29
1.54 3.07 0.91 0.64 46.27 43.28 48.55 50.04
1.37 2.61 0.80 0.69 46.77 43.96 49.11 49.74
1.38 2.63 0.82 0.69 46.74 43.94 48.99 49.78
1.47 2.79 0.84 0.77 46.46 43.67 48.88 49.26
1.27 2.40 0.78 0.62 47.10 44.33 49.19 50.23
1.37 2.57 0.86 0.68 46.75 44.02 48.77 49.78
1.41 2.68 0.87 0.69 46.64 43.86 48.73 49.77
1.53 2.90 0.90 0.77 46.29 43.50 48.58 49.25
1.36 2.57 0.83 0.66 46.81 44.02 48.95 49.92
1.39 2.62 0.84 0.70 46.71 43.94 48.90 49.69
1.47 2.83 0.87 0.71 46.45 43.61 48.72 49.61
1.55 2.96 0.91 0.78 46.23 43.42 48.55 49.22
1.38 2.65 0.82 0.67 46.72 43.89 48.97 49.87
1.45 2.80 0.86 0.71 46.50 43.66 48.80 49.61
1.54 2.94 0.90 0.76 46.27 43.45 48.57 49.31
1.62 3.10 0.92 0.83 46.05 43.22 48.49 48.93
1.53 2.95 0.89 0.74 46.29 43.44 48.62 49.43
1.56 3.02 0.89 0.75 46.21 43.32 48.65 49.36
1.66 3.20 0.97 0.82 45.93 43.08 48.29 49.02
1.76 3.40 0.99 0.90 45.67 42.82 48.17 48.60
1.60 3.04 0.92 0.83 46.10 43.30 48.50 48.94
1.69 3.25 0.93 0.89 45.85 43.01 48.46 48.63
1.81 3.51 0.98 0.94 45.56 42.69 48.22 48.40
1.91 3.71 1.01 1.00 45.32 42.43 48.10 48.11
1.77 3.44 0.97 0.91 45.65 42.77 48.28 48.57
1.87 3.62 0.99 0.99 45.42 42.55 48.15 48.19
1.95 3.76 1.07 1.00 45.25 42.38 47.84 48.13
2.04 3.94 1.08 1.09 45.04 42.17 47.81 47.76
1.93 3.66 1.07 1.04 45.29 42.49 47.84 47.95
1.90 3.66 1.03 1.00 45.35 42.50 47.99 48.14
2.17 4.23 1.15 1.15 44.76 41.87 47.54 47.54
1.45 2.75 0.94 0.65 46.52 43.74 48.39 49.98
1.38 2.66 0.88 0.61 46.72 43.88 48.67 50.31
1.63 3.10 1.04 0.75 46.01 43.22 47.96 49.40
1.62 3.09 1.07 0.70 46.03 43.24 47.82 49.67
1.88 3.67 1.15 0.82 45.39 42.49 47.51 48.99
1.72 3.37 1.05 0.72 45.79 42.86 47.93 49.54
1.77 3.43 1.07 0.79 45.66 42.78 47.83 49.13
1.72 3.34 1.04 0.78 45.78 42.90 47.96 49.20
1.92 3.76 1.14 0.87 45.29 42.38 47.56 48.75
1.72 3.35 1.04 0.78 45.77 42.88 47.98 49.20
1.83 3.59 1.05 0.85 45.51 42.58 47.92 48.85
1.77 3.50 1.01 0.78 45.66 42.69 48.09 49.19
1.89 3.69 1.10 0.88 45.36 42.46 47.70 48.71
1.79 3.56 1.04 0.76 45.61 42.62 47.96 49.34
1.92 3.77 1.13 0.85 45.30 42.37 47.61 48.82
1.83 3.63 1.07 0.79 45.51 42.53 47.85 49.17
2.00 3.95 1.17 0.88 45.12 42.17 47.45 48.70
1.78 3.51 1.04 0.80 45.62 42.68 47.94 49.10
1.94 3.90 1.08 0.83 45.26 42.21 47.78 48.95
1.82 3.61 1.04 0.80 45.53 42.56 47.95 49.08
2.09 4.26 1.13 0.89 44.93 41.84 47.60 48.65
1.83 3.71 1.01 0.79 45.50 42.44 48.09 49.18
1.92 3.79 1.08 0.89 45.29 42.34 47.79 48.62
1.91 3.83 1.07 0.84 45.31 42.30 47.85 48.88
2.07 4.28 1.08 0.85 44.97 41.82 47.78 48.83
1.91 3.85 1.04 0.82 45.33 42.28 47.95 48.98
1.99 3.98 1.10 0.88 45.15 42.13 47.72 48.70
1.92 3.87 1.08 0.82 45.29 42.26 47.81 48.98
1.95 3.97 1.09 0.80 45.22 42.15 47.78 49.07
2.02 4.07 1.16 0.83 45.08 42.03 47.50 48.95
2.04 3.96 1.19 0.96 45.04 42.15 47.38 48.31
2.07 4.09 1.16 0.96 44.97 42.01 47.48 48.32
2.31 4.53 1.30 1.10 44.50 41.57 47.00 47.74
2.24 4.35 1.25 1.12 44.64 41.75 47.18 47.65
2.47 4.75 1.37 1.28 44.21 41.36 46.75 47.08
2.42 4.71 1.30 1.26 44.28 41.40 46.98 47.12
2.71 5.31 1.48 1.34 43.80 40.88 46.43 46.87
2.58 5.01 1.43 1.31 44.01 41.14 46.56 46.96
2.79 5.33 1.60 1.45 43.67 40.86 46.10 46.52
2.67 5.17 1.52 1.33 43.86 40.99 46.32 46.91
3.01 5.82 1.72 1.50 43.34 40.49 45.77 46.38
2.82 5.65 1.55 1.27 43.62 40.61 46.22 47.10
2.77 5.36 1.54 1.40 43.71 40.84 46.25 46.67
2.78 5.50 1.51 1.32 43.70 40.73 46.34 46.92
3.41 6.80 1.88 1.55 42.81 39.81 45.40 46.24
2.86 5.68 1.54 1.36 43.57 40.59 46.26 46.79
3.09 6.24 1.66 1.37 43.23 40.17 45.92 46.77
2.96 6.01 1.55 1.31 43.42 40.35 46.22 46.95
3.01 5.99 1.64 1.42 43.34 40.36 45.99 46.61
2.62 5.22 1.46 1.18 43.95 40.96 46.50 47.40
2.46 4.82 1.38 1.17 44.22 41.30 46.73 47.45
2.24 4.44 1.19 1.07 44.64 41.66 47.37 47.82
2.22 4.39 1.18 1.09 44.67 41.70 47.41 47.77
1.97 3.94 1.06 0.91 45.19 42.18 47.89 48.52
1.90 3.69 1.05 0.95 45.35 42.46 47.94 48.36
1.80 3.52 1.02 0.86 45.57 42.66 48.03 48.79
1.88 3.74 0.98 0.91 45.40 42.40 48.21 48.56
1.71 3.45 0.91 0.77 45.80 42.75 48.55 49.25
1.65 3.27 0.90 0.76 45.97 42.99 48.57 49.35
1.55 3.10 0.87 0.69 46.22 43.22 48.75 49.74
1.47 2.96 0.77 0.70 46.45 43.43 49.29 49.70
1.25 2.47 0.66 0.61 47.16 44.20 49.93 50.25
1.10 2.13 0.61 0.58 47.70 44.86 50.28 50.52
1.05 1.98 0.58 0.60 47.91 45.17 50.50 50.33
0.94 1.72 0.54 0.57 48.39 45.78 50.83 50.58
0.90 1.63 0.51 0.57 48.58 46.00 51.09 50.57
0.88 1.55 0.51 0.60 48.67 46.25 51.08 50.35
0.98 1.71 0.54 0.69 48.23 45.80 50.81 49.78
0.93 1.62 0.54 0.63 48.45 46.04 50.82 50.12
0.95 1.65 0.56 0.64 48.37 45.97 50.66 50.10
1.01 1.76 0.57 0.69 48.10 45.67 50.53 49.77
1.09 1.85 0.65 0.77 47.76 45.47 49.99 49.29
1.04 1.81 0.61 0.69 47.96 45.54 50.28 49.71
1.03 1.75 0.63 0.72 47.99 45.70 50.12 49.55
1.01 1.68 0.61 0.74 48.09 45.89 50.29 49.42
1.15 1.91 0.67 0.85 47.54 45.32 49.84 48.84
1.14 1.89 0.70 0.81 47.58 45.35 49.66 49.05
1.07 1.77 0.64 0.79 47.85 45.65 50.08 49.14
1.08 1.80 0.66 0.78 47.80 45.59 49.92 49.21
1.26 2.14 0.77 0.87 47.13 44.84 49.26 48.73
1.22 2.05 0.76 0.87 47.25 45.01 49.33 48.74
1.20 2.01 0.77 0.83 47.33 45.11 49.24 48.95
1.22 2.07 0.78 0.81 47.26 44.97 49.22 49.02
1.33 2.21 0.87 0.90 46.90 44.68 48.74 48.60
1.33 2.28 0.89 0.84 46.88 44.55 48.66 48.90
1.27 2.16 0.87 0.79 47.08 44.78 48.75 49.14
1.24 2.11 0.85 0.77 47.19 44.89 48.83 49.29
1.40 2.41 0.91 0.87 46.68 44.32 48.54 48.72
1.33 2.27 0.89 0.82 46.90 44.57 48.63 48.97
1.30 2.14 0.92 0.83 47.01 44.84 48.50 48.95
1.32 2.25 0.94 0.78 46.92 44.62 48.42 49.22
1.41 2.42 0.96 0.85 46.64 44.30 48.31 48.82
1.35 2.30 0.95 0.79 46.84 44.52 48.35 49.17
1.29 2.23 0.85 0.78 47.03 44.65 48.82 49.21
1.27 2.20 0.88 0.74 47.09 44.71 48.68 49.44
1.37 2.40 0.87 0.83 46.78 44.33 48.73 48.96
1.35 2.37 0.92 0.77 46.83 44.38 48.51 49.30
1.25 2.19 0.81 0.76 47.16 44.74 49.04 49.32
1.26 2.16 0.85 0.78 47.12 44.79 48.83 49.22
1.42 2.46 0.92 0.88 46.60 44.22 48.49 48.66
1.41 2.43 0.96 0.84 46.64 44.27 48.32 48.89
1.43 2.48 0.97 0.85 46.57 44.19 48.28 48.83
1.49 2.52 1.09 0.85 46.41 44.13 47.74 48.86
1.70 2.95 1.14 1.00 45.83 43.43 47.56 48.14
1.64 2.81 1.18 0.93 45.98 43.64 47.42 48.45
1.62 2.75 1.20 0.90 46.04 43.74 47.34 48.59
1.57 2.64 1.15 0.92 46.17 43.91 47.52 48.49
1.62 2.73 1.11 1.03 46.03 43.78 47.68 48.01
1.53 2.60 1.07 0.92 46.28 43.99 47.83 48.48
1.52 2.51 1.09 0.97 46.31 44.13 47.78 48.28
1.52 2.54 1.09 0.93 46.31 44.08 47.76 48.44
1.60 2.69 1.05 1.06 46.09 43.83 47.91 47.88
1.58 2.64 1.12 0.98 46.15 43.92 47.63 48.22
1.40 2.28 1.00 0.93 46.66 44.54 48.14 48.44
1.41 2.39 0.94 0.89 46.65 44.34 48.40 48.66
1.49 2.51 0.94 1.01 46.40 44.14 48.37 48.08
1.43 2.42 0.92 0.94 46.58 44.29 48.48 48.39
1.39 2.39 0.85 0.92 46.71 44.35 48.83 48.49
1.34 2.29 0.85 0.89 46.85 44.53 48.85 48.63
1.44 2.48 0.88 0.98 46.54 44.20 48.71 48.22
1.36 2.30 0.87 0.92 46.79 44.52 48.74 48.49
1.35 2.29 0.86 0.90 46.83 44.53 48.80 48.59
1.38 2.31 0.89 0.95 46.72 44.50 48.63 48.35
1.52 2.54 0.96 1.04 46.33 44.08 48.32 47.95
1.46 2.42 0.93 1.02 46.49 44.29 48.43 48.06
1.51 2.50 1.03 1.00 46.33 44.15 47.99 48.11
1.59 2.60 1.08 1.10 46.12 43.99 47.81 47.73
1.74 2.90 1.10 1.22 45.73 43.51 47.73 47.25
1.74 2.91 1.16 1.15 45.72 43.50 47.47 47.52
1.77 2.96 1.16 1.19 45.65 43.42 47.48 47.38
1.69 2.82 1.11 1.13 45.86 43.62 47.69 47.60
1.99 3.43 1.27 1.27 45.15 42.78 47.11 47.10
1.96 3.36 1.29 1.24 45.20 42.87 47.05 47.19
1.78 2.98 1.14 1.21 45.63 43.39 47.54 47.31
1.92 3.23 1.29 1.23 45.31 43.04 47.04 47.23
1.92 3.27 1.18 1.30 45.31 42.99 47.41 46.99
1.82 3.07 1.16 1.23 45.53 43.26 47.50 47.22
1.74 2.91 1.07 1.24 45.74 43.50 47.85 47.21
1.72 2.92 1.06 1.18 45.78 43.49 47.86 47.42
1.90 3.23 1.13 1.35 45.34 43.04 47.59 46.83
1.94 3.36 1.24 1.24 45.24 42.87 47.21 47.21
1.88 3.20 1.13 1.30 45.39 43.07 47.58 47.00
1.98 3.42 1.17 1.35 45.16 42.79 47.44 46.81
2.29 4.00 1.37 1.49 44.54 42.11 46.77 46.39
2.46 4.33 1.59 1.46 44.22 41.77 46.11 46.50
2.35 4.00 1.56 1.50 44.41 42.11 46.20 46.37
2.25 3.80 1.46 1.50 44.60 42.33 46.49 46.38
2.31 3.89 1.47 1.58 44.49 42.23 46.45 46.15
2.22 3.69 1.49 1.47 44.67 42.46 46.40 46.45
2.04 3.39 1.25 1.47 45.05 42.83 47.16 46.47
2.01 3.38 1.27 1.40 45.09 42.84 47.11 46.68
2.12 3.67 1.23 1.46 44.87 42.49 47.22 46.48
2.06 3.55 1.25 1.39 44.99 42.63 47.18 46.70
1.80 3.09 1.05 1.25 45.59 43.24 47.94 47.16
1.66 2.87 0.95 1.15 45.93 43.55 48.34 47.52
1.79 3.21 1.05 1.11 45.61 43.07 47.94 47.70
1.56 2.80 0.97 0.91 46.20 43.66 48.28 48.51
1.47 2.65 0.90 0.85 46.47 43.90 48.62 48.83
1.40 2.57 0.89 0.74 46.67 44.03 48.64 49.44
1.36 2.62 0.78 0.69 46.78 43.96 49.19 49.74
1.23 2.36 0.76 0.56 47.25 44.41 49.34 50.63
1.16 2.27 0.73 0.49 47.48 44.57 49.48 51.27
1.11 2.16 0.71 0.45 47.70 44.78 49.62 51.64
1.10 2.22 0.67 0.41 47.72 44.68 49.84 52.02
0.97 1.93 0.64 0.33 48.27 45.27 50.05 52.95
0.92 1.85 0.62 0.28 48.52 45.47 50.21 53.68
0.86 1.75 0.59 0.25 48.78 45.71 50.45 54.12
0.81 1.67 0.55 0.21 49.04 45.90 50.72 54.82
0.73 1.55 0.48 0.18 49.48 46.23 51.35 55.74
0.71 1.51 0.46 0.17 49.60 46.33 51.51 55.89
0.72 1.52 0.46 0.17 49.59 46.33 51.51 55.77
0.80 1.67 0.52 0.21 49.10 45.91 50.94 54.93
0.77 1.62 0.49 0.20 49.26 46.05 51.19 55.11
0.72 1.50 0.47 0.18 49.56 46.36 51.39 55.50
0.73 1.56 0.47 0.17 49.49 46.21 51.42 55.88
0.83 1.75 0.52 0.20 48.96 45.70 50.93 55.06
0.80 1.76 0.49 0.17 49.08 45.69 51.28 55.77
0.74 1.61 0.46 0.15 49.44 46.08 51.51 56.25
0.77 1.69 0.45 0.17 49.27 45.84 51.61 55.97
0.87 1.90 0.52 0.20 48.73 45.35 50.98 55.22
0.84 1.79 0.52 0.21 48.91 45.61 51.01 55.00
0.82 1.77 0.50 0.19 48.99 45.65 51.15 55.38
0.80 1.69 0.52 0.20 49.09 45.84 51.00 55.20
0.90 1.92 0.56 0.23 48.57 45.29 50.65 54.49
0.92 1.95 0.58 0.24 48.48 45.23 50.46 54.40
0.89 1.89 0.56 0.22 48.64 45.36 50.66 54.76
0.85 1.76 0.55 0.22 48.86 45.68 50.70 54.71
0.92 1.93 0.56 0.25 48.52 45.27 50.63 54.20
0.90 1.92 0.55 0.24 48.58 45.30 50.75 54.35
0.81 1.74 0.49 0.20 49.04 45.72 51.21 55.07
0.80 1.72 0.48 0.20 49.09 45.76 51.33 55.10
0.89 1.91 0.52 0.23 48.65 45.32 50.96 54.50
0.85 1.80 0.52 0.22 48.85 45.57 51.01 54.62
0.79 1.67 0.49 0.20 49.17 45.90 51.25 55.08
0.81 1.73 0.49 0.21 49.05 45.75 51.24 54.97
0.88 1.91 0.51 0.23 48.68 45.32 51.08 54.57
0.83 1.77 0.50 0.21 48.96 45.65 51.15 54.93
0.81 1.74 0.49 0.19 49.06 45.72 51.20 55.43
0.82 1.78 0.50 0.19 48.98 45.62 51.20 55.34
0.87 1.90 0.52 0.21 48.72 45.35 51.00 54.95
0.84 1.81 0.52 0.20 48.88 45.56 51.00 55.12
0.83 1.82 0.50 0.18 48.92 45.54 51.12 55.54
0.84 1.85 0.50 0.17 48.90 45.46 51.14 55.91
0.87 1.89 0.51 0.19 48.75 45.35 51.04 55.27
0.85 1.85 0.51 0.19 48.84 45.44 51.06 55.45
0.84 1.85 0.50 0.17 48.89 45.46 51.16 55.88
0.84 1.82 0.52 0.18 48.90 45.53 50.99 55.66
0.90 1.97 0.54 0.20 48.58 45.19 50.82 55.18
0.90 1.97 0.55 0.20 48.56 45.19 50.77 55.05
0.84 1.83 0.50 0.18 48.90 45.51 51.11 55.58
0.83 1.83 0.49 0.18 48.92 45.50 51.23 55.53
0.90 1.96 0.53 0.21 48.58 45.21 50.86 54.87
0.93 2.00 0.58 0.22 48.43 45.11 50.49 54.73
0.86 1.85 0.52 0.20 48.80 45.45 50.97 55.22
0.87 1.90 0.53 0.19 48.72 45.35 50.88 55.39
0.93 2.01 0.54 0.22 48.47 45.09 50.78 54.77
0.98 2.13 0.59 0.21 48.24 44.86 50.45 54.87
0.92 2.00 0.57 0.20 48.48 45.13 50.55 55.12
0.91 1.98 0.54 0.20 48.57 45.17 50.79 55.26
0.95 2.10 0.56 0.19 48.35 44.91 50.67 55.25
0.98 2.13 0.59 0.21 48.24 44.85 50.45 54.89
0.93 2.07 0.54 0.18 48.46 44.98 50.80 55.67
0.94 2.10 0.56 0.17 48.38 44.90 50.69 55.72
1.01 2.24 0.58 0.20 48.11 44.63 50.53 55.17
0.99 2.19 0.59 0.20 48.16 44.73 50.45 55.07
0.94 2.07 0.55 0.18 48.42 44.96 50.68 55.64
0.93 2.07 0.54 0.18 48.46 44.98 50.80 55.66
0.99 2.21 0.57 0.21 48.16 44.69 50.60 54.92
0.99 2.20 0.58 0.20 48.16 44.71 50.51 55.05
1.02 2.30 0.58 0.19 48.04 44.52 50.48 55.39
1.03 2.33 0.59 0.18 47.98 44.46 50.45 55.43
1.10 2.45 0.64 0.21 47.71 44.25 50.05 54.86
1.08 2.38 0.64 0.21 47.80 44.36 50.06 54.85
1.12 2.54 0.63 0.19 47.64 44.08 50.17 55.26
1.07 2.38 0.63 0.19 47.84 44.36 50.13 55.24
1.17 2.61 0.67 0.22 47.45 43.95 49.85 54.75
1.12 2.48 0.67 0.21 47.63 44.18 49.86 54.85
1.15 2.57 0.67 0.20 47.55 44.04 49.89 55.17
1.22 2.75 0.70 0.21 47.26 43.74 49.66 54.89
1.23 2.75 0.72 0.23 47.21 43.73 49.57 54.42
1.20 2.66 0.72 0.23 47.33 43.87 49.57 54.62
1.13 2.50 0.68 0.20 47.61 44.15 49.80 55.07
1.13 2.49 0.69 0.21 47.59 44.16 49.73 54.90
1.23 2.77 0.69 0.22 47.24 43.71 49.72 54.64
1.19 2.62 0.73 0.21 47.39 43.96 49.53 54.82
1.14 2.56 0.67 0.20 47.55 44.05 49.88 55.23
1.12 2.50 0.67 0.20 47.62 44.15 49.89 55.06
1.22 2.73 0.71 0.22 47.27 43.77 49.62 54.67
1.30 2.91 0.78 0.22 46.98 43.50 49.19 54.73
1.31 2.94 0.78 0.22 46.95 43.44 49.21 54.83
1.17 2.49 0.79 0.23 47.46 44.16 49.18 54.60
1.12 2.41 0.75 0.20 47.64 44.30 49.40 55.06
1.16 2.50 0.77 0.21 47.48 44.14 49.27 54.91
1.18 2.58 0.76 0.21 47.41 44.02 49.35 54.97
1.25 2.70 0.82 0.23 47.17 43.82 49.00 54.53
1.16 2.51 0.76 0.20 47.50 44.14 49.33 55.03
1.17 2.55 0.74 0.21 47.46 44.06 49.44 55.00
1.22 2.69 0.75 0.21 47.28 43.83 49.36 54.92
1.25 2.73 0.81 0.22 47.14 43.76 49.05 54.67
1.16 2.54 0.74 0.20 47.49 44.08 49.43 55.14
1.23 2.71 0.75 0.22 47.25 43.80 49.36 54.80
1.23 2.70 0.80 0.20 47.22 43.82 49.12 55.04
1.36 3.04 0.83 0.22 46.80 43.31 48.96 54.80
1.32 2.94 0.84 0.19 46.92 43.45 48.90 55.32
1.27 2.82 0.81 0.20 47.08 43.63 49.06 55.18
1.28 2.87 0.77 0.21 47.05 43.54 49.26 54.99
1.29 2.82 0.83 0.23 47.02 43.63 48.95 54.47
1.21 2.64 0.77 0.20 47.31 43.91 49.25 55.04
1.19 2.64 0.74 0.21 47.36 43.92 49.44 54.95
1.12 2.53 0.66 0.19 47.62 44.11 49.96 55.32
1.23 2.74 0.73 0.21 47.24 43.75 49.47 55.00
1.06 2.33 0.66 0.19 47.88 44.46 49.93 55.37
1.11 2.43 0.69 0.20 47.69 44.27 49.77 55.04
1.01 2.25 0.58 0.19 48.10 44.61 50.48 55.45
1.12 2.50 0.65 0.20 47.66 44.16 50.00 55.13
1.02 2.31 0.58 0.18 48.04 44.50 50.50 55.68
1.06 2.37 0.61 0.20 47.88 44.39 50.26 55.13
1.02 2.27 0.59 0.19 48.05 44.56 50.42 55.36
0.96 2.12 0.56 0.19 48.32 44.87 50.64 55.32
0.88 1.94 0.52 0.17 48.70 45.26 50.97 55.71
0.90 2.03 0.49 0.19 48.58 45.06 51.23 55.39
0.86 1.93 0.47 0.18 48.80 45.28 51.45 55.56
0.84 1.86 0.47 0.20 48.87 45.43 51.38 55.17
0.74 1.62 0.43 0.16 49.45 46.04 51.77 56.05
0.75 1.66 0.41 0.19 49.37 45.92 52.03 55.45
0.68 1.49 0.38 0.17 49.82 46.40 52.37 55.94
0.73 1.59 0.41 0.20 49.49 46.12 52.05 55.22
0.62 1.38 0.34 0.15 50.18 46.73 52.86 56.28
0.67 1.48 0.35 0.18 49.88 46.44 52.63 55.64
0.66 1.45 0.35 0.18 49.94 46.53 52.69 55.53
0.71 1.52 0.38 0.22 49.64 46.31 52.30 54.79
0.64 1.42 0.33 0.18 50.06 46.62 52.95 55.63
0.68 1.47 0.34 0.22 49.82 46.45 52.79 54.74
0.64 1.42 0.32 0.18 50.06 46.61 53.04 55.52
0.73 1.59 0.37 0.24 49.49 46.13 52.45 54.39
0.65 1.42 0.34 0.19 50.01 46.61 52.80 55.39
0.72 1.56 0.36 0.22 49.58 46.19 52.54 54.63
0.72 1.60 0.35 0.21 49.56 46.09 52.68 54.96
0.81 1.77 0.41 0.26 49.04 45.64 52.02 54.06
0.82 1.81 0.40 0.24 49.00 45.56 52.11 54.26
