2.01 4.39 1.05 0.59 45.10 41.71 47.93 50.43
1.87 4.12 0.98 0.50 45.42 41.98 48.24 51.15
1.97 4.30 1.06 0.54 45.19 41.79 47.89 50.84
1.87 4.05 0.99 0.56 45.42 42.05 48.18 50.65
2.16 4.66 1.16 0.65 44.79 41.45 47.47 49.99
1.81 3.95 0.97 0.52 45.55 42.17 48.27 50.97
1.96 4.30 1.01 0.58 45.20 41.80 48.07 50.47
1.90 4.21 0.99 0.51 45.34 41.89 48.19 51.05
2.13 4.71 1.07 0.61 44.85 41.40 47.85 50.30
1.89 4.18 0.98 0.51 45.36 41.92 48.23 51.02
2.02 4.38 1.09 0.57 45.09 41.71 47.78 50.55
1.92 4.24 0.98 0.52 45.31 41.85 48.20 50.97
2.19 4.75 1.16 0.65 44.74 41.36 47.51 50.02
1.92 4.25 0.97 0.51 45.31 41.84 48.26 51.04
2.07 4.61 1.04 0.56 44.97 41.50 47.97 50.64
2.06 4.64 1.01 0.52 44.99 41.46 48.06 50.94
2.32 5.17 1.16 0.64 44.48 41.00 47.49 50.10
2.07 4.66 1.02 0.52 44.98 41.45 48.05 51.00
2.20 4.97 1.07 0.58 44.69 41.17 47.85 50.49
1.97 4.44 0.95 0.52 45.18 41.66 48.33 50.96
2.38 5.33 1.15 0.65 44.37 40.86 47.53 49.98
1.99 4.50 0.95 0.52 45.14 41.60 48.36 50.99
2.10 4.69 1.00 0.60 44.91 41.42 48.12 50.35
2.06 4.71 0.96 0.50 44.99 41.40 48.28 51.15
2.37 5.34 1.19 0.57 44.39 40.86 47.37 50.56
2.13 4.85 1.08 0.47 44.85 41.27 47.81 51.43
2.19 4.98 1.06 0.54 44.72 41.16 47.87 50.81
2.10 4.78 0.99 0.51 44.92 41.34 48.17 51.04
2.35 5.37 1.10 0.57 44.43 40.83 47.71 50.59
2.20 5.04 1.03 0.53 44.70 41.11 47.98 50.87
2.13 4.80 1.00 0.58 44.88 41.36 48.12 50.50
2.10 4.73 0.97 0.60 44.94 41.43 48.27 50.36
2.63 5.97 1.21 0.70 43.99 40.43 47.31 49.70
2.36 5.37 1.14 0.58 44.45 40.89 47.59 50.52
2.48 5.58 1.15 0.73 44.21 40.71 47.53 49.53
2.50 5.72 1.10 0.68 44.19 40.61 47.72 49.78
2.91 6.54 1.32 0.88 43.52 40.03 46.93 48.71
2.50 5.69 1.14 0.67 44.19 40.64 47.56 49.88
2.58 5.83 1.20 0.74 44.03 40.52 47.35 49.44
2.66 6.01 1.26 0.72 43.92 40.41 47.15 49.55
3.08 6.96 1.42 0.86 43.29 39.77 46.62 48.78
2.77 6.36 1.28 0.67 43.75 40.17 47.06 49.85
2.81 6.37 1.31 0.76 43.69 40.15 46.98 49.31
2.80 6.43 1.29 0.67 43.71 40.10 47.04 49.89
3.36 7.75 1.51 0.81 42.92 39.31 46.33 49.04
3.00 6.99 1.37 0.62 43.41 39.75 46.77 50.18
3.13 7.27 1.42 0.70 43.22 39.59 46.61 49.69
3.02 7.07 1.35 0.65 43.37 39.70 46.85 49.96
3.53 8.23 1.53 0.84 42.70 39.04 46.31 48.93
2.84 6.64 1.23 0.66 43.64 39.97 47.24 49.97
3.13 7.31 1.36 0.72 43.22 39.55 46.80 49.54
3.10 7.23 1.34 0.72 43.27 39.61 46.85 49.57
3.55 8.30 1.44 0.91 42.69 39.02 46.57 48.56
3.22 7.68 1.28 0.69 43.12 39.36 47.09 49.75
3.17 7.46 1.31 0.72 43.18 39.48 46.96 49.54
3.31 7.90 1.33 0.69 43.00 39.24 46.90 49.76
3.69 8.77 1.50 0.80 42.53 38.79 46.40 49.12
3.25 7.79 1.32 0.64 43.08 39.30 46.95 50.05
3.47 8.27 1.45 0.70 42.78 39.03 46.52 49.71
3.30 7.94 1.32 0.66 42.99 39.20 46.94 49.91
3.61 8.62 1.47 0.76 42.55 38.77 46.44 49.35
3.64 8.73 1.54 0.64 42.53 38.72 46.26 50.04
3.77 8.97 1.59 0.74 42.37 38.60 46.12 49.42
3.69 8.90 1.47 0.71 42.46 38.63 46.46 49.63
3.84 9.28 1.46 0.79 42.29 38.46 46.50 49.18
3.62 8.77 1.44 0.68 42.54 38.70 46.56 49.85
3.47 8.40 1.31 0.69 42.73 38.88 46.96 49.72
3.21 7.79 1.26 0.61 43.06 39.22 47.15 50.30
3.43 8.22 1.32 0.75 42.78 38.98 46.93 49.36
3.17 7.65 1.19 0.65 43.13 39.29 47.35 50.01
3.26 7.81 1.27 0.69 43.00 39.20 47.07 49.70
3.14 7.49 1.28 0.64 43.16 39.39 47.03 50.06
3.05 7.14 1.24 0.77 43.29 39.60 47.20 49.25
2.57 5.96 1.13 0.62 44.03 40.37 47.59 50.24
2.66 6.04 1.20 0.73 43.89 40.32 47.33 49.51
2.53 5.82 1.12 0.66 44.10 40.48 47.65 49.95
2.63 5.83 1.25 0.80 43.94 40.48 47.16 49.10
2.28 5.04 1.09 0.71 44.55 41.10 47.75 49.62
2.36 5.09 1.17 0.82 44.40 41.06 47.45 49.01
2.00 4.24 1.03 0.74 45.12 41.86 48.02 49.41
2.33 4.85 1.15 0.99 44.45 41.27 47.51 48.17
1.99 4.19 0.98 0.80 45.14 41.91 48.22 49.06
2.02 4.03 1.09 0.94 45.08 42.07 47.78 48.39
1.88 3.76 1.02 0.85 45.40 42.38 48.06 48.81
2.07 4.13 1.10 0.97 44.97 41.97 47.70 48.23
1.74 3.45 1.00 0.78 45.72 42.75 48.15 49.19
1.87 3.65 1.04 0.92 45.41 42.51 47.99 48.47
1.85 3.71 0.99 0.83 45.47 42.43 48.17 48.93
2.19 4.44 1.13 1.01 44.72 41.66 47.60 48.10
1.81 3.67 0.99 0.78 45.55 42.49 48.18 49.23
1.89 3.80 1.03 0.85 45.36 42.33 48.00 48.85
1.91 3.85 1.03 0.82 45.34 42.27 47.99 48.97
2.30 4.68 1.17 1.04 44.52 41.43 47.44 47.98
1.91 3.96 0.99 0.78 45.32 42.16 48.18 49.22
2.06 4.26 1.08 0.85 44.98 41.84 47.79 48.84
1.96 4.10 1.01 0.78 45.20 42.00 48.09 49.23
2.39 5.07 1.18 0.94 44.34 41.08 47.41 48.40
2.05 4.29 1.07 0.79 45.02 41.81 47.85 49.17
2.13 4.39 1.16 0.85 44.84 41.71 47.50 48.83
2.08 4.34 1.11 0.79 44.95 41.76 47.66 49.14
2.49 5.18 1.28 1.01 44.16 40.99 47.04 48.07
2.14 4.40 1.16 0.86 44.82 41.70 47.48 48.77
2.39 4.89 1.28 0.99 44.35 41.24 47.05 48.20
2.40 4.93 1.32 0.95 44.33 41.21 46.94 48.34
2.51 5.03 1.38 1.11 44.14 41.12 46.72 47.69
2.09 4.21 1.17 0.89 44.93 41.89 47.47 48.62
2.06 4.06 1.18 0.94 44.99 42.04 47.41 48.40
2.01 3.99 1.11 0.92 45.11 42.12 47.67 48.52
2.51 5.04 1.36 1.14 44.14 41.11 46.81 47.58
2.05 4.04 1.14 0.97 45.02 42.07 47.56 48.27
2.30 4.57 1.25 1.08 44.51 41.53 47.16 47.79
2.22 4.39 1.25 1.02 44.66 41.70 47.16 48.03
2.62 5.21 1.40 1.25 43.95 40.96 46.66 47.17
2.30 4.61 1.28 1.02 44.51 41.49 47.08 48.03
2.33 4.63 1.26 1.09 44.46 41.48 47.12 47.76
2.16 4.30 1.16 1.02 44.78 41.79 47.49 48.05
2.67 5.41 1.36 1.22 43.88 40.80 46.81 47.27
2.21 4.55 1.10 0.98 44.69 41.55 47.71 48.25
2.30 4.68 1.20 1.02 44.51 41.43 47.35 48.04
2.20 4.52 1.13 0.95 44.71 41.58 47.60 48.36
2.38 4.88 1.22 1.05 44.36 41.25 47.28 47.90
2.12 4.42 1.08 0.85 44.87 41.67 47.79 48.81
2.40 4.92 1.28 1.01 44.32 41.21 47.07 48.08
2.22 4.55 1.21 0.91 44.66 41.55 47.31 48.54
2.52 5.14 1.35 1.07 44.11 41.02 46.82 47.83
2.30 4.70 1.26 0.93 44.52 41.41 47.11 48.44
2.31 4.69 1.22 1.01 44.50 41.42 47.27 48.08
2.23 4.56 1.20 0.92 44.65 41.54 47.35 48.49
2.79 5.72 1.42 1.23 43.68 40.56 46.61 47.25
2.43 4.97 1.33 1.01 44.26 41.17 46.89 48.09
2.81 5.74 1.47 1.23 43.64 40.54 46.45 47.22
2.79 5.66 1.48 1.21 43.68 40.60 46.41 47.29
2.94 5.85 1.57 1.41 43.44 40.46 46.18 46.62
2.61 5.22 1.41 1.21 43.96 40.96 46.63 47.31
2.86 5.67 1.49 1.41 43.57 40.59 46.38 46.63
2.68 5.45 1.36 1.23 43.85 40.77 46.79 47.23
2.82 5.62 1.58 1.25 43.64 40.64 46.15 47.17
2.32 4.53 1.36 1.06 44.49 41.57 46.81 47.88
2.52 4.92 1.47 1.17 44.12 41.21 46.47 47.45
2.57 5.23 1.44 1.04 44.03 40.95 46.54 47.96
2.83 5.84 1.52 1.14 43.61 40.46 46.32 47.57
2.71 5.54 1.47 1.12 43.80 40.69 46.47 47.63
2.57 5.27 1.34 1.11 44.03 40.91 46.86 47.68
2.55 5.31 1.32 1.02 44.07 40.88 46.91 48.03
2.87 5.89 1.52 1.20 43.55 40.43 46.30 47.33
2.64 5.47 1.39 1.04 43.92 40.75 46.70 47.95
2.79 5.74 1.43 1.20 43.68 40.54 46.58 47.35
2.58 5.37 1.32 1.04 44.01 40.83 46.93 47.94
3.05 6.41 1.51 1.24 43.29 40.07 46.35 47.22
2.88 6.15 1.41 1.09 43.54 40.24 46.65 47.76
2.79 5.75 1.41 1.22 43.67 40.54 46.63 47.25
2.73 5.59 1.42 1.18 43.77 40.66 46.62 47.40
3.50 7.25 1.72 1.53 42.69 39.53 45.78 46.26
3.09 6.46 1.50 1.33 43.22 40.03 46.37 46.89
3.37 6.95 1.70 1.46 42.85 39.71 45.82 46.48
3.31 6.82 1.60 1.51 42.93 39.80 46.08 46.33
3.87 8.05 1.76 1.79 42.26 39.07 45.67 45.59
3.41 7.08 1.73 1.42 42.80 39.63 45.74 46.61
3.59 7.57 1.81 1.41 42.57 39.34 45.56 46.65
3.38 7.12 1.64 1.37 42.85 39.61 45.99 46.76
4.17 8.85 1.96 1.71 41.92 38.66 45.21 45.80
3.88 8.16 1.93 1.53 42.25 39.01 45.27 46.29
4.11 8.74 2.02 1.58 41.99 38.72 45.08 46.16
4.24 9.02 2.07 1.65 41.85 38.58 44.97 45.97
5.12 11.00 2.49 1.87 41.04 37.72 44.18 45.41
4.52 9.79 2.21 1.58 41.58 38.22 44.69 46.14
4.46 9.52 2.27 1.59 41.64 38.34 44.57 46.13
4.71 9.92 2.53 1.68 41.40 38.17 44.10 45.88
5.37 11.38 2.79 1.94 40.83 37.57 43.67 45.26
4.70 10.05 2.35 1.71 41.41 38.11 44.42 45.80
4.67 10.06 2.29 1.66 41.44 38.11 44.52 45.92
4.85 10.49 2.32 1.73 41.28 37.92 44.47 45.76
5.47 11.95 2.54 1.90 40.75 37.36 44.07 45.33
4.62 9.91 2.23 1.71 41.48 38.17 44.64 45.79
5.12 11.32 2.39 1.64 41.04 37.59 44.34 45.98
4.74 10.23 2.26 1.73 41.38 38.03 44.59 45.76
5.42 11.79 2.47 2.00 40.79 37.42 44.19 45.13
4.98 10.80 2.36 1.79 41.15 37.80 44.40 45.60
5.33 11.70 2.50 1.79 40.86 37.45 44.16 45.60
5.05 10.87 2.38 1.90 41.10 37.77 44.36 45.35
5.20 11.22 2.55 1.83 40.97 37.63 44.07 45.52
4.77 10.29 2.24 1.79 41.34 38.01 44.63 45.60
5.19 10.90 2.57 2.09 40.98 37.76 44.04 44.92
4.80 10.09 2.31 1.99 41.32 38.09 44.49 45.14
4.88 10.03 2.41 2.20 41.25 38.12 44.32 44.70
4.67 9.72 2.30 1.99 41.44 38.25 44.52 45.13
4.34 8.75 2.22 2.05 41.76 38.71 44.67 45.00
3.97 7.94 2.10 1.88 42.14 39.13 44.91 45.40
3.63 7.35 1.82 1.71 42.54 39.47 45.53 45.80
3.47 6.90 1.78 1.74 42.73 39.74 45.62 45.74
3.55 6.92 1.98 1.75 42.63 39.73 45.16 45.70
2.82 5.44 1.48 1.54 43.63 40.77 46.43 46.26
2.70 5.23 1.42 1.46 43.82 40.95 46.59 46.51
2.15 4.14 1.19 1.14 44.80 41.96 47.39 47.58
2.00 3.77 1.06 1.15 45.13 42.37 47.88 47.51
1.86 3.46 1.14 0.97 45.44 42.74 47.58 48.25
1.59 2.97 0.96 0.83 46.13 43.41 48.29 48.97
1.35 2.45 0.86 0.74 46.86 44.27 48.83 49.48
1.30 2.43 0.77 0.71 46.99 44.29 49.27 49.61
1.19 2.21 0.68 0.66 47.40 44.70 49.80 49.92
1.31 2.42 0.76 0.76 46.96 44.31 49.33 49.34
1.15 2.08 0.70 0.66 47.55 44.97 49.70 49.92
1.20 2.16 0.73 0.72 47.34 44.81 49.51 49.56
1.13 1.99 0.69 0.72 47.61 45.16 49.76 49.60
1.24 2.25 0.76 0.73 47.19 44.62 49.36 49.50
1.16 2.12 0.67 0.70 47.48 44.88 49.86 49.71
1.19 2.13 0.73 0.72 47.37 44.85 49.49 49.59
1.21 2.18 0.76 0.68 47.33 44.76 49.30 49.83
1.31 2.35 0.82 0.77 46.96 44.43 48.98 49.28
1.18 2.14 0.75 0.66 47.40 44.84 49.36 49.94
1.22 2.12 0.79 0.73 47.29 44.88 49.15 49.47
1.21 2.10 0.81 0.72 47.32 44.93 49.06 49.57
1.30 2.32 0.81 0.79 46.99 44.50 49.05 49.19
1.15 1.98 0.74 0.74 47.52 45.17 49.45 49.47
1.29 2.29 0.81 0.78 47.03 44.56 49.03 49.22
1.24 2.15 0.79 0.78 47.21 44.83 49.14 49.22
1.46 2.58 0.94 0.86 46.52 44.05 48.44 48.81
1.34 2.33 0.88 0.82 46.87 44.48 48.69 49.02
1.45 2.52 1.00 0.83 46.53 44.14 48.13 48.96
1.36 2.35 0.88 0.85 46.82 44.43 48.73 48.87
1.64 2.94 1.05 0.94 46.00 43.47 47.95 48.45
1.49 2.61 0.99 0.87 46.42 43.98 48.18 48.78
1.63 2.87 1.09 0.93 46.04 43.58 47.76 48.50
1.55 2.76 1.02 0.87 46.25 43.75 48.07 48.77
1.82 3.26 1.18 1.03 45.55 43.02 47.43 48.06
1.66 2.88 1.08 1.03 45.96 43.56 47.83 48.12
1.50 2.63 0.97 0.90 46.39 43.94 48.27 48.63
1.58 2.78 1.09 0.87 46.19 43.73 47.83 48.77
1.74 3.03 1.06 1.12 45.76 43.36 47.89 47.68
1.57 2.74 1.05 0.93 46.20 43.79 47.95 48.47
1.61 2.76 1.11 0.95 46.11 43.76 47.71 48.39
1.53 2.68 1.01 0.88 46.33 43.88 48.10 48.74
1.78 3.01 1.13 1.21 45.69 43.40 47.63 47.48
1.57 2.70 1.08 0.94 46.19 43.85 47.80 48.50
1.64 2.80 1.08 1.03 46.03 43.69 47.81 48.11
1.49 2.54 0.97 0.97 46.43 44.11 48.31 48.34
1.73 2.96 1.11 1.13 45.78 43.46 47.70 47.64
1.58 2.70 1.04 0.99 46.19 43.84 48.00 48.23
1.79 3.01 1.16 1.20 45.63 43.37 47.51 47.40
1.69 2.87 1.14 1.07 45.88 43.59 47.60 47.90
1.78 2.95 1.16 1.21 45.66 43.45 47.49 47.33
1.72 2.79 1.11 1.26 45.85 43.73 47.70 47.32
1.92 3.18 1.22 1.36 45.37 43.16 47.30 46.95
1.82 2.95 1.14 1.36 45.61 43.49 47.61 46.96
2.04 3.35 1.28 1.50 45.08 42.93 47.08 46.50
1.78 2.96 1.22 1.16 45.68 43.47 47.30 47.59
1.89 2.93 1.15 1.59 45.47 43.53 47.57 46.38
1.84 3.11 1.16 1.24 45.54 43.26 47.50 47.25
2.14 3.41 1.29 1.72 44.90 42.85 47.06 45.95
2.07 3.41 1.34 1.45 45.02 42.84 46.89 46.61
2.12 3.32 1.28 1.77 44.98 43.00 47.10 45.95
2.01 3.24 1.33 1.48 45.15 43.09 46.91 46.54
2.08 3.30 1.31 1.62 45.01 43.00 46.99 46.12
2.02 3.33 1.34 1.40 45.13 42.96 46.88 46.78
2.04 3.41 1.34 1.38 45.07 42.84 46.89 46.78
1.80 2.99 1.23 1.18 45.61 43.42 47.24 47.47
1.85 3.13 1.21 1.20 45.50 43.22 47.34 47.36
1.74 2.93 1.15 1.16 45.75 43.51 47.55 47.54
1.98 3.40 1.27 1.29 45.20 42.87 47.12 47.08
1.85 3.12 1.20 1.23 45.50 43.23 47.38 47.29
1.87 3.14 1.18 1.29 45.45 43.21 47.44 47.06
1.88 3.19 1.15 1.29 45.44 43.15 47.54 47.08
2.09 3.59 1.28 1.39 44.98 42.63 47.08 46.77
2.01 3.48 1.28 1.28 45.14 42.77 47.07 47.13
2.22 3.76 1.51 1.40 44.71 42.43 46.38 46.74
2.43 4.12 1.60 1.55 44.33 42.03 46.10 46.29
2.66 4.56 1.71 1.71 43.94 41.60 45.84 45.89
2.43 4.17 1.63 1.51 44.33 42.01 46.05 46.45
2.47 4.15 1.64 1.62 44.26 42.01 46.02 46.10
2.55 4.32 1.72 1.61 44.11 41.82 45.78 46.15
2.34 3.92 1.57 1.54 44.49 42.26 46.21 46.31
2.04 3.41 1.39 1.32 45.08 42.85 46.72 47.01
2.20 3.72 1.41 1.46 44.76 42.47 46.67 46.57
2.19 3.74 1.46 1.35 44.78 42.45 46.49 46.87
2.40 4.08 1.58 1.54 44.37 42.08 46.16 46.30
2.25 3.84 1.56 1.35 44.64 42.33 46.21 46.87
2.39 4.17 1.61 1.40 44.37 41.97 46.08 46.71
2.28 3.93 1.58 1.32 44.59 42.23 46.15 46.99
2.47 4.25 1.67 1.49 44.25 41.91 45.93 46.47
2.25 3.89 1.54 1.32 44.66 42.29 46.29 47.00
2.32 3.99 1.57 1.40 44.53 42.17 46.21 46.72
2.24 3.86 1.54 1.32 44.67 42.32 46.26 46.99
2.44 4.16 1.63 1.52 44.32 42.00 46.04 46.40
2.32 3.97 1.63 1.36 44.55 42.22 46.05 46.89
2.38 4.12 1.59 1.44 44.41 42.04 46.16 46.63
2.34 3.99 1.58 1.46 44.50 42.19 46.17 46.56
2.62 4.58 1.72 1.55 43.99 41.57 45.78 46.27
2.31 3.98 1.54 1.42 44.52 42.17 46.25 46.69
2.53 4.42 1.70 1.48 44.15 41.73 45.86 46.52
2.45 4.19 1.63 1.52 44.32 41.99 46.05 46.43
2.54 4.51 1.59 1.53 44.14 41.65 46.16 46.36
2.39 4.23 1.51 1.42 44.41 41.93 46.35 46.70
2.45 4.43 1.48 1.43 44.30 41.74 46.44 46.65
2.37 4.34 1.40 1.37 44.44 41.82 46.70 46.81
2.54 4.72 1.51 1.39 44.14 41.45 46.36 46.77
2.20 4.12 1.28 1.20 44.77 42.05 47.09 47.41
2.34 4.36 1.36 1.29 44.49 41.80 46.81 47.06
2.09 3.94 1.21 1.13 44.98 42.24 47.35 47.67
2.28 4.38 1.30 1.16 44.60 41.77 47.02 47.54
2.19 4.22 1.22 1.12 44.77 41.93 47.28 47.68
1.73 3.28 1.11 0.80 45.78 43.00 47.72 49.16
1.62 3.17 1.01 0.68 46.08 43.16 48.12 49.85
1.58 3.16 1.01 0.56 46.20 43.18 48.10 50.73
1.22 2.42 0.83 0.41 47.33 44.36 48.99 52.10
1.34 2.70 0.95 0.35 46.94 43.89 48.41 52.72
0.86 1.76 0.56 0.27 48.78 45.69 50.63 53.92
0.93 1.88 0.59 0.32 48.46 45.42 50.42 53.10
0.81 1.68 0.52 0.24 49.04 45.89 51.01 54.34
0.89 1.84 0.57 0.28 48.62 45.51 50.58 53.61
0.84 1.75 0.54 0.25 48.88 45.72 50.84 54.19
0.99 2.03 0.62 0.33 48.18 45.07 50.20 53.00
0.84 1.77 0.52 0.24 48.88 45.66 50.94 54.43
0.87 1.78 0.57 0.26 48.72 45.62 50.55 53.94
0.90 1.87 0.57 0.26 48.60 45.43 50.58 53.94
1.03 2.13 0.64 0.32 48.01 44.87 50.04 53.06
0.89 1.89 0.55 0.23 48.64 45.38 50.75 54.45
0.92 1.92 0.57 0.27 48.49 45.30 50.59 53.72
0.85 1.79 0.53 0.24 48.84 45.63 50.88 54.37
1.00 2.07 0.62 0.31 48.14 44.99 50.20 53.22
0.87 1.85 0.52 0.24 48.75 45.47 50.98 54.37
0.94 2.00 0.56 0.27 48.39 45.14 50.66 53.79
0.86 1.84 0.51 0.23 48.78 45.50 51.02 54.46
1.00 2.10 0.60 0.29 48.16 44.92 50.39 53.46
0.88 1.87 0.54 0.23 48.70 45.43 50.79 54.58
0.96 2.01 0.60 0.26 48.34 45.12 50.36 53.99
0.85 1.81 0.53 0.22 48.82 45.56 50.90 54.69
0.99 2.10 0.58 0.27 48.20 44.92 50.49 53.77
0.90 1.90 0.55 0.25 48.61 45.37 50.73 54.17
0.97 2.03 0.59 0.28 48.29 45.07 50.44 53.67
0.93 1.98 0.54 0.27 48.46 45.19 50.79 53.81
1.04 2.20 0.64 0.30 47.96 44.75 50.09 53.32
0.99 2.08 0.59 0.29 48.20 44.97 50.46 53.45
1.12 2.35 0.65 0.35 47.67 44.43 50.02 52.74
1.08 2.29 0.64 0.30 47.83 44.56 50.09 53.35
1.21 2.51 0.71 0.41 47.32 44.15 49.65 51.97
1.07 2.25 0.63 0.32 47.87 44.64 50.12 53.05
1.18 2.44 0.71 0.39 47.42 44.27 49.61 52.24
1.11 2.32 0.68 0.34 47.69 44.51 49.83 52.84
1.28 2.68 0.74 0.42 47.08 43.88 49.45 51.87
1.11 2.38 0.65 0.31 47.68 44.39 50.03 53.18
1.23 2.60 0.72 0.36 47.25 44.01 49.55 52.51
1.18 2.49 0.71 0.33 47.44 44.19 49.62 52.98
1.38 2.91 0.82 0.42 46.73 43.51 49.00 51.89
1.21 2.57 0.75 0.31 47.33 44.07 49.41 53.25
1.36 2.88 0.83 0.36 46.82 43.55 48.95 52.56
1.24 2.64 0.74 0.33 47.22 43.93 49.43 53.01
1.36 2.89 0.79 0.39 46.82 43.55 49.15 52.22
1.21 2.59 0.73 0.31 47.33 44.02 49.53 53.28
1.24 2.70 0.70 0.33 47.20 43.83 49.68 53.00
1.19 2.58 0.67 0.31 47.39 44.03 49.87 53.13
1.31 2.83 0.71 0.38 46.98 43.64 49.62 52.30
1.14 2.49 0.62 0.30 47.60 44.21 50.23 53.34
1.23 2.73 0.64 0.33 47.23 43.79 50.06 52.95
1.15 2.55 0.61 0.30 47.53 44.09 50.30 53.38
1.31 2.83 0.70 0.38 47.00 43.64 49.71 52.31
1.12 2.47 0.60 0.28 47.68 44.24 50.39 53.60
1.23 2.71 0.67 0.31 47.25 43.83 49.90 53.23
1.19 2.63 0.65 0.29 47.40 43.96 50.01 53.56
1.35 2.98 0.72 0.37 46.83 43.42 49.60 52.49
1.21 2.68 0.65 0.30 47.31 43.86 50.02 53.35
1.21 2.65 0.64 0.34 47.31 43.92 50.03 52.79
1.18 2.56 0.65 0.34 47.42 44.07 50.02 52.82
1.36 2.97 0.72 0.40 46.80 43.42 49.54 52.16
1.23 2.70 0.69 0.30 47.24 43.83 49.78 53.35
1.28 2.81 0.71 0.32 47.07 43.65 49.64 53.09
1.19 2.59 0.67 0.31 47.38 44.01 49.86 53.24
1.36 2.93 0.76 0.39 46.81 43.47 49.36 52.25
1.20 2.63 0.67 0.31 47.33 43.93 49.88 53.24
1.30 2.82 0.74 0.34 47.00 43.64 49.44 52.83
1.22 2.65 0.70 0.30 47.29 43.92 49.68 53.33
1.37 2.94 0.78 0.40 46.77 43.47 49.22 52.15
1.27 2.78 0.72 0.31 47.10 43.70 49.57 53.17
1.34 2.86 0.79 0.37 46.87 43.58 49.17 52.43
1.26 2.74 0.74 0.30 47.14 43.77 49.45 53.34
1.39 2.98 0.80 0.41 46.70 43.41 49.11 52.04
1.27 2.76 0.74 0.31 47.10 43.73 49.42 53.25
1.39 2.98 0.82 0.38 46.69 43.39 48.99 52.37
1.34 2.87 0.78 0.38 46.86 43.56 49.23 52.34
1.52 3.24 0.87 0.44 46.34 43.04 48.74 51.71
1.40 3.07 0.77 0.35 46.69 43.28 49.25 52.63
1.49 3.17 0.87 0.44 46.39 43.13 48.74 51.65
1.50 3.28 0.84 0.39 46.37 42.99 48.87 52.24
1.73 3.73 0.97 0.50 45.75 42.43 48.26 51.15
1.49 3.21 0.87 0.39 46.41 43.08 48.72 52.26
1.60 3.42 0.89 0.48 46.11 42.81 48.64 51.32
1.54 3.34 0.87 0.41 46.26 42.91 48.72 51.97
1.71 3.66 0.96 0.50 45.82 42.51 48.30 51.15
1.54 3.35 0.88 0.40 46.26 42.90 48.69 52.17
1.59 3.40 0.92 0.45 46.13 42.83 48.51 51.60
1.54 3.31 0.89 0.41 46.28 42.95 48.65 51.99
1.75 3.80 0.98 0.47 45.70 42.34 48.21 51.40
1.59 3.42 0.92 0.41 46.13 42.79 48.50 51.95
1.69 3.70 0.95 0.43 45.85 42.45 48.37 51.80
1.66 3.71 0.90 0.39 45.93 42.45 48.59 52.26
1.89 4.19 1.02 0.46 45.37 41.91 48.04 51.50
1.65 3.65 0.94 0.36 45.96 42.51 48.41 52.54
1.81 4.01 0.99 0.43 45.56 42.11 48.20 51.79
1.78 3.95 0.98 0.40 45.64 42.18 48.20 52.18
2.02 4.45 1.12 0.47 45.09 41.66 47.63 51.37
1.85 4.14 1.02 0.39 45.47 41.97 48.06 52.25
1.93 4.30 1.06 0.44 45.28 41.80 47.90 51.71
1.87 4.19 1.00 0.42 45.43 41.92 48.14 51.90
2.13 4.74 1.15 0.50 44.85 41.38 47.53 51.13
1.97 4.45 1.07 0.40 45.18 41.66 47.83 52.07
2.07 4.61 1.16 0.45 44.97 41.50 47.51 51.62
1.98 4.43 1.11 0.41 45.16 41.68 47.69 52.00
2.11 4.71 1.13 0.51 44.89 41.41 47.61 51.08
1.83 4.02 1.05 0.42 45.52 42.10 47.94 51.94
1.99 4.40 1.11 0.46 45.15 41.71 47.66 51.54
1.81 3.97 1.03 0.42 45.57 42.16 48.00 51.88
2.05 4.51 1.10 0.53 45.03 41.61 47.71 50.90
1.79 3.90 1.00 0.46 45.63 42.24 48.16 51.49
1.81 3.97 0.98 0.48 45.57 42.16 48.23 51.33
1.75 3.84 0.96 0.45 45.71 42.29 48.32 51.62
1.94 4.31 1.01 0.51 45.25 41.80 48.10 51.03
1.70 3.77 0.91 0.41 45.85 42.38 48.55 52.00
1.84 4.14 0.95 0.44 45.49 41.98 48.36 51.67
1.69 3.87 0.83 0.37 45.86 42.27 48.92 52.42
1.85 4.19 0.90 0.45 45.48 41.93 48.57 51.57
1.63 3.72 0.80 0.37 46.02 42.45 49.08 52.47
1.73 3.91 0.86 0.43 45.77 42.24 48.81 51.85
1.82 4.15 0.89 0.42 45.55 41.99 48.62 51.88
1.95 4.43 0.94 0.48 45.25 41.70 48.40 51.29
1.66 3.84 0.80 0.35 45.95 42.32 49.12 52.68
1.58 3.56 0.77 0.40 46.18 42.65 49.27 52.10
1.56 3.58 0.75 0.36 46.22 42.63 49.40 52.56
1.68 3.82 0.78 0.45 45.91 42.36 49.19 51.63
1.51 3.43 0.74 0.35 46.36 42.80 49.42 52.74
1.61 3.62 0.80 0.42 46.08 42.58 49.12 51.89
1.53 3.43 0.76 0.39 46.30 42.79 49.33 52.17
1.68 3.78 0.80 0.48 45.91 42.41 49.14 51.37
1.39 3.10 0.71 0.38 46.71 43.24 49.64 52.39
1.41 3.08 0.73 0.42 46.65 43.27 49.47 51.89
1.43 3.21 0.70 0.39 46.59 43.09 49.68 52.26
1.70 3.83 0.79 0.49 45.85 42.34 49.17 51.25
1.36 3.06 0.64 0.37 46.83 43.30 50.07 52.51
1.35 2.98 0.66 0.40 46.85 43.41 49.92 52.07
1.30 2.91 0.63 0.37 46.99 43.51 50.13 52.50
1.49 3.32 0.72 0.42 46.42 42.94 49.55 51.90
1.38 3.12 0.68 0.33 46.77 43.23 49.81 52.93
1.44 3.26 0.69 0.36 46.58 43.02 49.75 52.62
1.30 2.98 0.61 0.32 47.00 43.42 50.27 53.14
1.58 3.63 0.72 0.40 46.15 42.57 49.55 52.10
1.32 3.02 0.62 0.32 46.94 43.35 50.24 53.13
1.42 3.23 0.68 0.36 46.61 43.06 49.81 52.55
1.35 3.08 0.63 0.33 46.85 43.27 50.17 52.91
1.52 3.45 0.70 0.41 46.33 42.78 49.69 51.97
1.33 3.05 0.61 0.33 46.90 43.31 50.26 52.97
1.40 3.14 0.67 0.39 46.69 43.18 49.87 52.28
1.46 3.36 0.66 0.36 46.49 42.88 49.92 52.50
1.53 3.42 0.72 0.45 46.29 42.81 49.53 51.57
1.35 3.03 0.65 0.37 46.83 43.33 50.00 52.43
1.57 3.50 0.74 0.48 46.17 42.70 49.45 51.36
1.48 3.28 0.71 0.44 46.45 42.99 49.62 51.74
1.75 3.93 0.81 0.52 45.70 42.20 49.05 50.97
1.55 3.50 0.72 0.43 46.24 42.71 49.54 51.82
1.66 3.71 0.76 0.50 45.95 42.45 49.31 51.15
1.57 3.52 0.74 0.43 46.19 42.67 49.41 51.82
1.80 4.05 0.84 0.50 45.60 42.08 48.89 51.11
1.51 3.39 0.72 0.43 46.35 42.85 49.57 51.86
1.66 3.71 0.78 0.49 45.94 42.45 49.19 51.23
1.64 3.70 0.78 0.45 45.98 42.46 49.22 51.59
1.86 4.17 0.88 0.54 45.43 41.94 48.67 50.80
1.64 3.70 0.79 0.43 45.99 42.46 49.13 51.80
1.77 3.97 0.86 0.49 45.65 42.15 48.79 51.24
1.69 3.81 0.82 0.43 45.87 42.33 48.98 51.81
1.90 4.27 0.91 0.52 45.35 41.84 48.56 50.95
1.72 3.88 0.83 0.46 45.77 42.25 48.94 51.54
1.91 4.25 0.97 0.49 45.34 41.85 48.26 51.20
1.90 4.38 0.89 0.43 45.36 41.73 48.64 51.83
1.98 4.47 0.98 0.50 45.17 41.64 48.25 51.15
1.88 4.31 0.91 0.41 45.41 41.80 48.56 51.98
2.04 4.69 0.95 0.48 45.05 41.43 48.36 51.37
1.92 4.41 0.91 0.43 45.32 41.71 48.55 51.79
2.23 5.07 1.07 0.53 44.66 41.09 47.83 50.88
1.94 4.46 0.93 0.43 45.26 41.65 48.45 51.77
2.32 5.41 1.06 0.50 44.48 40.82 47.87 51.16
2.22 5.21 0.99 0.46 44.69 40.99 48.18 51.55
2.66 6.26 1.18 0.55 43.89 40.18 47.42 50.72
2.19 5.14 0.96 0.45 44.75 41.04 48.29 51.59
2.35 5.46 1.11 0.50 44.42 40.77 47.69 51.12
2.39 5.65 1.03 0.48 44.36 40.62 48.00 51.33
2.83 6.57 1.26 0.66 43.62 39.97 47.13 49.92
2.47 5.77 1.09 0.55 44.21 40.52 47.76 50.76
2.55 5.85 1.16 0.64 44.07 40.46 47.49 50.09
2.53 5.82 1.15 0.61 44.11 40.49 47.52 50.31
2.87 6.55 1.33 0.72 43.56 39.97 46.88 49.55
2.51 5.75 1.21 0.58 44.14 40.55 47.33 50.49
2.60 5.95 1.20 0.65 43.99 40.40 47.35 50.03
2.60 6.05 1.16 0.60 43.99 40.33 47.49 50.36
2.97 6.86 1.33 0.72 43.41 39.78 46.88 49.55
2.53 5.91 1.12 0.57 44.11 40.43 47.63 50.62
2.77 6.44 1.23 0.66 43.71 40.06 47.25 49.96
2.56 5.98 1.12 0.57 44.07 40.38 47.66 50.56
2.98 6.93 1.30 0.70 43.40 39.73 46.98 49.67
2.64 6.20 1.17 0.56 43.92 40.22 47.45 50.67
2.76 6.48 1.22 0.59 43.73 40.03 47.27 50.40
2.83 6.69 1.23 0.56 43.63 39.89 47.23 50.67
3.07 7.27 1.27 0.67 43.27 39.53 47.10 49.87
2.88 6.83 1.20 0.62 43.54 39.80 47.35 50.21
3.19 7.39 1.47 0.73 43.10 39.46 46.47 49.51
2.84 6.61 1.29 0.61 43.62 39.95 47.02 50.26
2.95 6.83 1.36 0.66 43.45 39.80 46.80 49.95
2.89 6.71 1.35 0.61 43.53 39.88 46.84 50.25
3.27 7.50 1.59 0.70 43.00 39.40 46.12 49.65
2.89 6.81 1.28 0.58 43.53 39.82 47.07 50.45
3.03 7.12 1.33 0.66 43.32 39.63 46.89 49.93
3.11 7.40 1.35 0.59 43.22 39.47 46.84 50.43
3.39 7.97 1.52 0.70 42.84 39.14 46.32 49.71
3.15 7.45 1.42 0.59 43.16 39.44 46.62 50.46
3.09 7.20 1.43 0.65 43.23 39.56 46.57 50.03
3.24 7.64 1.45 0.62 43.03 39.30 46.51 50.22
3.66 8.70 1.57 0.71 42.49 38.74 46.17 49.62
3.39 8.06 1.49 0.62 42.83 39.06 46.41 50.20
3.57 8.52 1.53 0.67 42.60 38.83 46.29 49.87
3.45 8.23 1.47 0.65 42.76 38.98 46.46 50.00
3.92 9.38 1.64 0.75 42.20 38.41 45.97 49.39
3.62 8.67 1.53 0.65 42.55 38.75 46.28 50.01
3.72 8.85 1.66 0.65 42.42 38.66 45.93 49.97
3.85 9.30 1.61 0.65 42.27 38.45 46.06 49.98
4.11 9.83 1.69 0.80 41.99 38.20 45.85 49.13
3.76 9.09 1.53 0.66 42.38 38.55 46.27 49.91
3.69 8.76 1.60 0.71 42.46 38.70 46.10 49.63
3.74 9.01 1.54 0.66 42.41 38.58 46.26 49.95
4.06 9.71 1.64 0.81 42.05 38.26 45.99 49.02
3.66 8.82 1.43 0.72 42.49 38.68 46.57 49.53
3.47 8.18 1.49 0.76 42.72 39.01 46.40 49.35
3.56 8.39 1.56 0.73 42.62 38.89 46.21 49.48
3.60 8.38 1.54 0.90 42.56 38.90 46.25 48.61
3.26 7.64 1.41 0.71 43.01 39.30 46.65 49.59
3.21 7.38 1.49 0.78 43.06 39.45 46.39 49.24
3.18 7.36 1.39 0.78 43.11 39.46 46.71 49.22
3.41 7.80 1.51 0.93 42.80 39.21 46.33 48.44
2.89 6.70 1.29 0.68 43.52 39.87 47.01 49.80
2.79 6.22 1.39 0.78 43.67 40.19 46.72 49.20
2.78 6.26 1.34 0.72 43.70 40.16 46.85 49.57
3.07 6.81 1.53 0.86 43.26 39.80 46.28 48.78
2.30 5.12 1.17 0.61 44.51 41.03 47.47 50.26
2.25 4.89 1.12 0.73 44.61 41.24 47.64 49.48
1.91 4.00 1.02 0.71 45.32 42.11 48.05 49.61
2.03 4.18 1.10 0.80 45.07 41.92 47.74 49.10
1.76 3.64 0.95 0.69 45.67 42.51 48.35 49.75
1.97 4.07 1.07 0.75 45.19 42.03 47.82 49.35
1.90 3.90 1.03 0.76 45.35 42.22 48.02 49.33
2.16 4.50 1.13 0.84 44.79 41.60 47.60 48.87
1.68 3.40 0.91 0.72 45.89 42.82 48.53 49.57
1.62 3.15 0.86 0.83 46.05 43.15 48.78 48.93
1.47 2.89 0.82 0.69 46.46 43.52 48.96 49.74
1.65 3.24 0.88 0.84 45.95 43.02 48.70 48.92
1.44 2.84 0.81 0.67 46.54 43.60 49.03 49.88
1.63 3.14 0.87 0.88 46.01 43.16 48.75 48.70
1.51 3.03 0.79 0.70 46.35 43.31 49.13 49.70
1.72 3.44 0.87 0.84 45.78 42.76 48.73 48.87
1.55 3.15 0.81 0.70 46.22 43.15 49.03 49.67
1.59 3.23 0.85 0.71 46.10 43.04 48.85 49.62
1.52 3.15 0.78 0.64 46.30 43.14 49.20 50.10
1.65 3.40 0.84 0.71 45.96 42.81 48.91 49.65
1.45 2.96 0.80 0.61 46.51 43.42 49.13 50.29
1.57 3.19 0.83 0.69 46.18 43.09 48.97 49.77
1.51 3.05 0.78 0.71 46.34 43.29 49.24 49.61
1.77 3.66 0.88 0.77 45.65 42.49 48.67 49.28
1.59 3.27 0.77 0.71 46.13 42.98 49.25 49.62
1.69 3.48 0.84 0.73 45.86 42.71 48.88 49.48
1.52 3.15 0.76 0.65 46.31 43.14 49.33 50.00
1.78 3.73 0.90 0.72 45.62 42.42 48.56 49.58
1.58 3.21 0.81 0.72 46.14 43.07 49.03 49.55
1.80 3.67 0.96 0.76 45.58 42.49 48.30 49.30
1.69 3.40 0.91 0.75 45.86 42.82 48.53 49.36
1.87 3.86 0.97 0.80 45.40 42.26 48.29 49.11
1.73 3.54 0.96 0.69 45.75 42.64 48.31 49.72
1.79 3.60 1.00 0.77 45.61 42.57 48.13 49.29
1.60 3.18 0.90 0.72 46.09 43.10 48.57 49.59
1.94 3.94 1.00 0.90 45.24 42.17 48.14 48.60
1.60 3.22 0.89 0.68 46.10 43.06 48.61 49.78
1.79 3.59 1.01 0.78 45.59 42.58 48.10 49.18
1.80 3.66 0.99 0.75 45.58 42.50 48.19 49.35
2.10 4.32 1.06 0.92 44.91 41.77 47.87 48.50
1.86 3.76 1.07 0.75 45.45 42.38 47.85 49.41
1.90 3.84 1.04 0.82 45.34 42.29 47.97 48.98
1.92 3.88 1.06 0.82 45.30 42.24 47.89 49.02
2.21 4.50 1.13 1.01 44.68 41.60 47.61 48.09
1.91 3.90 1.03 0.81 45.32 42.22 48.02 49.07
2.04 4.13 1.12 0.86 45.03 41.97 47.62 48.77
2.13 4.33 1.13 0.92 44.86 41.77 47.59 48.51
2.34 4.79 1.18 1.06 44.43 41.33 47.41 47.86
2.17 4.44 1.14 0.94 44.76 41.65 47.55 48.42
2.38 4.98 1.21 0.96 44.36 41.16 47.29 48.33
2.37 4.93 1.17 1.00 44.39 41.20 47.46 48.14
2.90 6.10 1.38 1.22 43.51 40.28 46.74 47.26
2.46 5.06 1.23 1.08 44.23 41.09 47.23 47.79
2.72 5.61 1.35 1.19 43.79 40.64 46.83 47.36
2.54 5.23 1.22 1.15 44.09 40.94 47.25 47.54
2.99 6.29 1.35 1.33 43.38 40.15 46.83 46.88
2.56 5.33 1.24 1.11 44.05 40.86 47.18 47.68
2.75 5.67 1.35 1.23 43.73 40.59 46.81 47.22
2.68 5.60 1.27 1.17 43.85 40.65 47.08 47.45
3.15 6.58 1.46 1.43 43.14 39.95 46.50 46.58
2.98 6.18 1.42 1.33 43.39 40.22 46.59 46.88
3.07 6.39 1.49 1.32 43.27 40.07 46.40 46.94
3.27 6.80 1.52 1.48 42.99 39.81 46.32 46.42
2.79 5.67 1.59 1.10 43.69 40.60 46.12 47.71
2.56 5.29 1.38 1.02 44.04 40.90 46.73 48.04
2.90 5.93 1.59 1.17 43.51 40.40 46.11 47.43
2.75 5.64 1.51 1.09 43.74 40.62 46.33 47.77
3.26 6.71 1.73 1.34 43.00 39.86 45.76 46.86
2.73 5.51 1.47 1.22 43.76 40.72 46.46 47.26
3.15 6.51 1.62 1.31 43.15 40.00 46.03 46.95
3.07 6.34 1.59 1.27 43.26 40.11 46.11 47.08
3.30 6.95 1.70 1.27 42.94 39.71 45.84 47.10
3.08 6.44 1.60 1.21 43.24 40.04 46.09 47.30
3.63 7.59 1.80 1.50 42.53 39.33 45.59 46.37
3.25 6.91 1.53 1.29 43.02 39.73 46.28 47.03
3.57 7.47 1.75 1.49 42.61 39.40 45.71 46.39
3.21 6.78 1.60 1.26 43.06 39.82 46.09 47.14
3.34 7.04 1.61 1.37 42.89 39.66 46.05 46.76
3.37 7.19 1.68 1.24 42.85 39.56 45.86 47.19
3.61 7.74 1.78 1.30 42.56 39.24 45.63 46.98
3.30 7.00 1.68 1.22 42.94 39.68 45.87 47.27
3.43 7.25 1.73 1.32 42.78 39.53 45.76 46.94
3.21 6.81 1.58 1.25 43.07 39.80 46.15 47.17
3.93 8.47 1.87 1.45 42.19 38.85 45.41 46.52
3.20 6.82 1.53 1.25 43.08 39.80 46.28 47.18
3.73 7.83 1.83 1.52 42.42 39.19 45.51 46.32
3.34 7.14 1.65 1.24 42.89 39.59 45.95 47.21
3.56 7.79 1.66 1.24 42.61 39.22 45.92 47.19
3.57 7.67 1.77 1.27 42.61 39.28 45.66 47.09
3.75 8.02 1.84 1.38 42.40 39.09 45.50 46.73
3.63 7.88 1.75 1.26 42.53 39.16 45.69 47.13
3.75 8.22 1.72 1.30 42.39 38.98 45.76 46.99
3.89 8.46 1.81 1.38 42.23 38.85 45.55 46.73
3.79 8.19 1.84 1.34 42.35 39.00 45.48 46.85
3.76 7.98 1.74 1.56 42.38 39.11 45.72 46.22
4.83 10.30 2.30 1.90 41.29 38.00 44.51 45.35
4.30 8.92 2.13 1.84 41.80 38.63 44.84 45.49
4.54 9.23 2.34 2.04 41.56 38.48 44.44 45.03
4.88 9.91 2.54 2.20 41.25 38.17 44.08 44.72
5.83 12.17 2.85 2.47 40.47 37.28 43.58 44.20
5.17 10.88 2.42 2.19 41.00 37.76 44.29 44.73
5.00 10.31 2.45 2.23 41.14 38.00 44.24 44.64
5.39 11.37 2.46 2.33 40.82 37.57 44.22 44.45
6.24 13.17 2.88 2.67 40.18 36.94 43.54 43.87
5.81 12.59 2.56 2.28 40.49 37.13 44.05 44.55
6.24 13.42 2.69 2.60 40.18 36.85 43.83 43.98
6.00 13.04 2.53 2.44 40.35 36.98 44.10 44.25
7.34 15.87 3.17 2.97 39.47 36.13 43.12 43.40
6.73 14.60 3.00 2.58 39.85 36.49 43.37 44.01
6.59 14.27 2.97 2.53 39.94 36.59 43.40 44.09
7.15 15.64 3.24 2.56 39.59 36.19 43.03 44.04
7.35 15.99 3.15 2.91 39.47 36.09 43.15 43.49
5.74 12.33 2.54 2.35 40.54 37.22 44.08 44.41
6.01 12.98 2.76 2.28 40.34 37.00 43.71 44.55
5.25 11.22 2.40 2.14 40.93 37.63 44.33 44.83
5.20 11.41 2.13 2.07 40.97 37.56 44.85 44.98
4.58 9.93 2.07 1.74 41.52 38.16 44.97 45.72
4.19 9.09 1.83 1.64 41.91 38.54 45.51 45.97
4.11 8.96 1.77 1.62 41.99 38.61 45.65 46.05
4.36 9.61 1.83 1.63 41.74 38.31 45.52 46.00
3.51 7.73 1.48 1.33 42.67 39.25 46.43 46.89
3.36 7.31 1.53 1.23 42.87 39.49 46.28 47.22
3.09 6.52 1.44 1.30 43.23 39.98 46.55 46.98
2.49 5.12 1.30 1.05 44.17 41.04 47.01 47.90
2.14 4.59 0.95 0.89 44.82 41.52 48.36 48.64
1.72 3.51 0.85 0.79 45.78 42.67 48.85 49.13
1.36 2.56 0.71 0.81 46.80 44.05 49.64 49.03
1.13 2.05 0.63 0.70 47.61 45.01 50.12 49.68
1.11 1.96 0.61 0.77 47.67 45.22 50.27 49.29
1.06 1.81 0.59 0.76 47.90 45.55 50.38 49.32
1.15 1.99 0.60 0.87 47.52 45.16 50.33 48.74
1.09 1.90 0.64 0.73 47.76 45.35 50.05 49.51
1.22 2.06 0.73 0.87 47.26 44.99 49.48 48.74
1.24 2.14 0.71 0.87 47.19 44.81 49.60 48.75
1.39 2.22 0.77 1.17 46.71 44.66 49.28 47.45
1.22 2.12 0.71 0.84 47.25 44.87 49.61 48.88
1.28 2.12 0.75 0.97 47.06 44.87 49.41 48.27
1.25 2.03 0.72 1.00 47.16 45.06 49.54 48.12
1.43 2.39 0.77 1.13 46.58 44.34 49.28 47.61
1.40 2.39 0.92 0.91 46.65 44.35 48.47 48.56
1.34 2.20 0.76 1.05 46.87 44.71 49.29 47.93
1.45 2.45 0.89 1.00 46.53 44.23 48.63 48.14
1.61 2.67 0.93 1.22 46.07 43.87 48.43 47.25
1.52 2.51 0.94 1.09 46.33 44.13 48.39 47.75
1.62 2.74 0.99 1.13 46.04 43.76 48.17 47.60
1.53 2.61 0.91 1.08 46.27 43.96 48.52 47.81
1.69 2.86 1.03 1.20 45.84 43.57 48.02 47.33
1.56 2.76 1.03 0.89 46.21 43.73 48.01 48.66
1.68 2.89 1.07 1.05 45.89 43.52 47.82 47.90
1.54 2.61 1.00 1.00 46.27 43.97 48.15 48.11
1.76 3.01 1.05 1.20 45.69 43.34 47.91 47.35
1.62 2.81 1.04 1.00 46.05 43.65 47.95 48.14
1.73 2.89 1.11 1.18 45.76 43.53 47.68 47.42
1.67 2.94 1.16 0.92 45.90 43.45 47.49 48.51
1.88 3.26 1.18 1.20 45.39 43.00 47.41 47.33
1.80 3.14 1.23 1.02 45.58 43.16 47.22 48.03
1.78 3.16 1.13 1.04 45.63 43.13 47.59 47.96
1.68 2.98 1.08 0.97 45.88 43.39 47.79 48.27
1.82 3.23 1.09 1.12 45.54 43.04 47.73 47.63
1.79 3.31 1.10 0.97 45.59 42.93 47.72 48.28
1.79 3.22 1.12 1.02 45.61 43.06 47.63 48.06
1.69 3.04 1.10 0.94 45.84 43.31 47.70 48.39
1.89 3.43 1.09 1.15 45.36 42.78 47.74 47.50
2.07 3.72 1.36 1.12 44.98 42.43 46.80 47.62
2.14 3.93 1.31 1.18 44.82 42.19 46.97 47.40
1.98 3.55 1.34 1.06 45.16 42.63 46.87 47.89
2.52 4.55 1.65 1.36 44.12 41.55 45.95 46.80
2.36 4.24 1.67 1.16 44.41 41.86 45.90 47.47
2.19 3.85 1.49 1.22 44.73 42.27 46.40 47.28
1.94 3.39 1.33 1.10 45.25 42.83 46.89 47.70
2.36 4.21 1.40 1.47 44.40 41.89 46.67 46.47
2.18 3.83 1.42 1.28 44.75 42.30 46.61 47.07
2.14 3.63 1.36 1.40 44.84 42.53 46.78 46.66
1.97 3.41 1.25 1.23 45.20 42.80 47.15 47.22
2.30 3.96 1.40 1.54 44.52 42.15 46.68 46.27
2.40 4.18 1.63 1.38 44.34 41.92 46.02 46.73
2.18 3.71 1.40 1.44 44.74 42.43 46.67 46.56
2.02 3.57 1.27 1.21 45.08 42.61 47.09 47.29
2.29 3.97 1.32 1.58 44.53 42.14 46.92 46.14
2.12 3.70 1.22 1.45 44.86 42.44 47.28 46.52
2.22 3.92 1.21 1.52 44.68 42.20 47.32 46.30
2.07 3.66 1.21 1.35 44.96 42.50 47.29 46.83
2.32 4.13 1.33 1.49 44.47 41.97 46.89 46.39
1.94 3.39 1.19 1.23 45.26 42.83 47.36 47.24
1.92 3.36 1.13 1.28 45.30 42.87 47.62 47.05
2.10 3.67 1.20 1.43 44.92 42.50 47.34 46.59
2.34 4.02 1.35 1.65 44.45 42.10 46.82 45.98
2.12 3.67 1.27 1.40 44.88 42.49 47.10 46.66
2.37 4.01 1.40 1.69 44.40 42.11 46.68 45.89
2.44 4.14 1.47 1.71 44.27 41.97 46.47 45.80
2.68 4.56 1.50 1.98 43.86 41.56 46.38 45.17
2.60 4.59 1.64 1.58 43.99 41.53 45.98 46.15
2.72 4.64 1.60 1.93 43.79 41.47 46.10 45.30
2.69 4.70 1.56 1.81 43.85 41.42 46.20 45.57
3.08 5.38 1.77 2.08 43.26 40.84 45.66 44.96
2.91 5.24 1.80 1.67 43.51 40.95 45.58 45.92
2.80 4.75 1.58 2.06 43.68 41.37 46.16 45.01
2.88 4.91 1.75 1.98 43.55 41.23 45.71 45.18
3.14 5.44 1.89 2.10 43.18 40.80 45.38 44.92
2.69 4.78 1.60 1.70 43.84 41.34 46.10 45.85
2.74 4.74 1.47 2.00 43.77 41.38 46.46 45.14
3.02 5.40 1.67 1.98 43.36 40.83 45.91 45.19
3.25 5.83 1.75 2.18 43.02 40.49 45.72 44.76
3.05 5.51 1.75 1.90 43.30 40.74 45.70 45.36
3.42 5.94 2.01 2.31 42.81 40.41 45.11 44.52
3.50 6.16 2.03 2.31 42.71 40.26 45.08 44.52
3.75 6.63 1.99 2.63 42.40 39.93 45.14 43.94
3.66 6.54 2.37 2.08 42.51 39.99 44.40 44.95
3.79 6.64 2.16 2.56 42.36 39.92 44.80 44.07
4.01 6.88 2.50 2.65 42.11 39.77 44.16 43.92
3.99 7.02 2.25 2.72 42.13 39.68 44.63 43.80
3.67 6.46 2.11 2.43 42.50 40.04 44.90 44.29
3.66 6.27 1.93 2.79 42.51 40.18 45.29 43.70
3.38 6.09 1.81 2.24 42.84 40.29 45.56 44.63
3.74 6.76 1.78 2.68 42.40 39.83 45.64 43.85
3.87 7.03 2.01 2.57 42.25 39.66 45.11 44.03
3.11 5.46 1.48 2.38 43.21 40.76 46.42 44.36
2.79 4.87 1.35 2.13 43.68 41.25 46.84 44.84
3.09 5.55 1.46 2.27 43.23 40.69 46.50 44.57
2.95 5.43 1.55 1.86 43.44 40.79 46.22 45.43
2.48 4.54 1.29 1.62 44.19 41.56 47.03 46.05
2.27 4.32 1.31 1.17 44.57 41.78 46.96 47.44
2.25 4.44 1.18 1.13 44.61 41.65 47.41 47.62
2.21 4.42 1.19 1.02 44.69 41.68 47.39 48.07
2.26 4.70 1.31 0.79 44.58 41.41 46.97 49.15
1.81 3.79 1.01 0.63 45.55 42.35 48.06 50.16
1.81 3.87 0.99 0.57 45.56 42.25 48.18 50.58
1.60 3.47 0.89 0.44 46.08 42.73 48.62 51.64
1.44 3.08 0.85 0.40 46.54 43.25 48.82 52.15
1.18 2.52 0.73 0.28 47.43 44.11 49.52 53.72
1.20 2.64 0.72 0.23 47.36 43.92 49.57 54.51
1.00 2.25 0.58 0.17 48.14 44.61 50.51 55.84
1.03 2.35 0.58 0.18 47.99 44.43 50.53 55.66
0.99 2.24 0.55 0.17 48.19 44.63 50.73 55.76
1.11 2.49 0.62 0.23 47.67 44.17 50.18 54.55
0.99 2.21 0.58 0.20 48.15 44.69 50.50 55.20
0.96 2.12 0.55 0.20 48.33 44.86 50.74 55.16
0.93 2.10 0.53 0.17 48.43 44.92 50.88 55.77
1.09 2.42 0.62 0.22 47.77 44.29 50.23 54.67
1.04 2.37 0.56 0.18 47.97 44.39 50.60 55.60
1.01 2.32 0.55 0.17 48.07 44.47 50.78 55.77
1.01 2.34 0.52 0.17 48.09 44.44 50.99 55.79
1.15 2.65 0.61 0.21 47.51 43.90 50.29 54.96
1.04 2.33 0.59 0.20 47.97 44.46 50.43 55.18
1.16 2.69 0.60 0.20 47.48 43.84 50.34 55.13
1.13 2.57 0.60 0.21 47.61 44.03 50.33 55.01
1.22 2.77 0.64 0.26 47.26 43.71 50.04 54.07
1.21 2.70 0.70 0.23 47.32 43.82 49.69 54.60
1.18 2.64 0.66 0.23 47.42 43.91 49.96 54.51
1.19 2.66 0.68 0.23 47.38 43.88 49.81 54.56
1.24 2.80 0.66 0.27 47.19 43.67 49.94 53.82
1.19 2.69 0.65 0.23 47.37 43.83 49.97 54.54
1.14 2.60 0.61 0.22 47.54 43.98 50.26 54.62
1.15 2.63 0.61 0.21 47.53 43.92 50.31 54.93
1.30 2.98 0.66 0.27 46.98 43.38 49.96 53.85
1.22 2.78 0.67 0.22 47.26 43.69 49.89 54.68
1.15 2.64 0.60 0.22 47.52 43.92 50.37 54.72
1.15 2.64 0.60 0.22 47.51 43.92 50.34 54.69
1.25 2.87 0.63 0.25 47.16 43.55 50.13 54.17
1.17 2.67 0.63 0.21 47.44 43.86 50.12 54.87
1.20 2.77 0.61 0.21 47.35 43.71 50.25 54.85
1.20 2.79 0.60 0.21 47.34 43.67 50.33 54.96
1.32 3.09 0.64 0.22 46.94 43.23 50.09 54.65
1.24 2.90 0.63 0.20 47.19 43.51 50.13 55.15
1.22 2.85 0.62 0.20 47.26 43.59 50.24 55.19
1.26 2.96 0.62 0.19 47.13 43.41 50.20 55.33
1.32 3.07 0.66 0.22 46.94 43.26 49.97 54.73
1.25 2.91 0.65 0.19 47.15 43.49 49.97 55.31
1.28 3.02 0.63 0.19 47.06 43.33 50.14 55.36
1.27 2.96 0.65 0.20 47.10 43.42 50.02 55.17
1.37 3.21 0.68 0.23 46.76 43.06 49.81 54.60
1.38 3.25 0.70 0.20 46.72 43.01 49.70 55.03
1.33 3.14 0.65 0.20 46.90 43.16 50.03 55.22
1.23 2.88 0.61 0.19 47.23 43.54 50.25 55.23
1.46 3.42 0.73 0.23 46.49 42.79 49.51 54.43
1.36 3.18 0.70 0.21 46.78 43.10 49.68 54.92
1.35 3.16 0.67 0.22 46.84 43.14 49.88 54.81
1.29 3.02 0.65 0.19 47.03 43.33 49.97 55.33
1.48 3.49 0.71 0.24 46.43 42.70 49.65 54.37
1.50 3.53 0.76 0.21 46.37 42.66 49.34 54.84
1.47 3.44 0.76 0.22 46.46 42.78 49.33 54.73
1.34 3.11 0.69 0.20 46.88 43.21 49.73 55.07
1.54 3.63 0.75 0.23 46.27 42.53 49.40 54.60
1.50 3.55 0.75 0.21 46.37 42.64 49.38 54.87
1.50 3.58 0.73 0.21 46.36 42.60 49.52 54.98
1.48 3.52 0.72 0.20 46.43 42.67 49.53 55.19
1.61 3.89 0.73 0.23 46.05 42.23 49.52 54.59
1.62 3.83 0.80 0.22 46.05 42.30 49.09 54.74
1.53 3.65 0.73 0.22 46.27 42.51 49.48 54.76
1.55 3.72 0.73 0.21 46.23 42.44 49.53 54.96
1.74 4.15 0.82 0.24 45.74 41.96 48.99 54.26
1.66 3.94 0.80 0.23 45.95 42.19 49.11 54.58
1.63 3.90 0.78 0.22 46.00 42.23 49.22 54.63
1.65 3.98 0.77 0.21 45.95 42.14 49.26 54.90
1.82 4.37 0.83 0.25 45.53 41.73 48.92 54.07
1.76 4.19 0.86 0.23 45.69 41.92 48.81 54.48
1.73 4.14 0.85 0.22 45.74 41.97 48.85 54.73
1.65 3.91 0.83 0.22 45.95 42.21 48.96 54.72
1.87 4.45 0.91 0.25 45.41 41.65 48.53 54.18
1.83 4.32 0.93 0.23 45.52 41.78 48.45 54.55
1.83 4.31 0.93 0.24 45.52 41.79 48.43 54.36
1.91 4.54 0.95 0.24 45.33 41.57 48.35 54.34
2.08 4.98 0.99 0.28 44.95 41.16 48.17 53.73
2.01 4.80 0.97 0.25 45.10 41.32 48.25 54.12
1.96 4.68 0.97 0.24 45.20 41.43 48.28 54.29
1.90 4.49 0.97 0.25 45.34 41.61 48.28 54.13
2.07 4.98 0.95 0.28 44.97 41.16 48.33 53.68
1.99 4.69 1.03 0.25 45.14 41.42 48.00 54.17
2.06 4.98 0.97 0.24 44.99 41.16 48.28 54.36
2.00 4.78 0.96 0.24 45.13 41.34 48.29 54.24
2.24 5.34 1.09 0.28 44.63 40.85 47.74 53.69
2.17 5.17 1.09 0.25 44.77 41.00 47.76 54.11
2.35 5.60 1.19 0.27 44.41 40.65 47.35 53.84
2.51 5.81 1.38 0.35 44.13 40.49 46.74 52.71
2.45 5.67 1.36 0.31 44.24 40.60 46.78 53.25
2.51 5.80 1.41 0.31 44.14 40.49 46.65 53.23
2.38 5.59 1.23 0.33 44.36 40.66 47.23 53.00
2.57 5.99 1.39 0.34 44.03 40.36 46.70 52.84
2.32 5.41 1.25 0.31 44.48 40.80 47.18 53.26
2.40 5.62 1.27 0.30 44.34 40.64 47.07 53.40
2.54 6.01 1.31 0.30 44.08 40.35 46.98 53.38
2.85 6.76 1.46 0.32 43.59 39.83 46.48 53.11
2.44 5.78 1.24 0.29 44.27 40.51 47.20 53.52
2.69 6.37 1.38 0.30 43.84 40.09 46.73 53.28
2.69 6.38 1.38 0.30 43.84 40.08 46.74 53.34
2.98 7.07 1.54 0.31 43.40 39.64 46.25 53.18
2.79 6.65 1.45 0.29 43.67 39.90 46.52 53.58
2.70 6.36 1.44 0.29 43.82 40.10 46.56 53.49
2.65 6.31 1.34 0.30 43.90 40.13 46.85 53.46
2.78 6.59 1.45 0.31 43.69 39.94 46.52 53.24
2.49 5.85 1.32 0.29 44.18 40.46 46.92 53.57
2.42 5.74 1.23 0.29 44.29 40.54 47.23 53.55
2.25 5.41 1.11 0.25 44.59 40.80 47.65 54.22
2.42 5.78 1.23 0.27 44.37 40.61 47.27 53.95
2.21 5.28 1.10 0.24 44.78 41.02 47.74 54.33
2.14 5.10 1.06 0.26 44.90 41.15 47.89 53.89
2.02 4.84 0.97 0.26 45.16 41.39 48.28 54.02
2.07 5.00 0.96 0.26 45.03 41.23 48.35 53.89
1.80 4.26 0.92 0.23 45.63 41.90 48.56 54.46
1.78 4.17 0.91 0.24 45.68 41.99 48.55 54.28
1.82 4.31 0.93 0.21 45.60 41.87 48.47 54.84
1.83 4.29 0.93 0.25 45.57 41.88 48.47 54.13
1.61 3.80 0.81 0.22 46.13 42.41 49.09 54.75
1.56 3.73 0.73 0.24 46.25 42.49 49.55 54.35
1.45 3.38 0.71 0.24 46.57 42.90 49.62 54.28
1.56 3.65 0.75 0.26 46.27 42.58 49.40 53.92
1.37 3.17 0.70 0.22 46.84 43.20 49.69 54.72
1.34 3.14 0.63 0.23 46.93 43.24 50.15 54.43
1.24 2.90 0.61 0.22 47.24 43.57 50.29 54.77
1.34 3.17 0.60 0.25 46.91 43.18 50.37 54.17
1.16 2.76 0.50 0.19 47.55 43.78 51.09 55.23
1.13 2.66 0.51 0.22 47.64 43.94 51.05 54.69
1.10 2.59 0.49 0.21 47.76 44.04 51.23 54.87
1.27 2.99 0.55 0.26 47.15 43.45 50.72 53.91
1.01 2.36 0.46 0.21 48.13 44.45 51.53 54.94
1.01 2.32 0.44 0.26 48.14 44.51 51.71 54.07
0.98 2.26 0.41 0.24 48.28 44.62 51.97 54.37
1.17 2.70 0.52 0.30 47.46 43.85 50.96 53.39
1.05 2.45 0.47 0.24 47.92 44.27 51.39 54.26
1.11 2.60 0.49 0.26 47.69 44.02 51.20 54.09
1.08 2.53 0.46 0.25 47.84 44.15 51.50 54.27
1.31 3.09 0.56 0.28 46.99 43.28 50.60 53.69
1.31 3.12 0.53 0.27 47.01 43.23 50.89 53.86
