1.78 3.75 1.05 0.55 45.63 42.39 47.94 50.78
1.52 3.18 0.92 0.44 46.32 43.11 48.47 51.67
1.61 3.32 1.00 0.50 46.08 42.92 48.14 51.21
1.53 3.17 0.94 0.48 46.29 43.13 48.41 51.32
1.90 4.03 1.10 0.57 45.35 42.08 47.72 50.60
1.54 3.21 0.96 0.45 46.26 43.06 48.32 51.62
1.69 3.52 1.03 0.51 45.85 42.66 47.99 51.03
1.67 3.58 0.94 0.48 45.92 42.59 48.40 51.34
1.90 4.06 1.09 0.57 45.33 42.05 47.79 50.58
1.58 3.37 0.94 0.45 46.13 42.86 48.38 51.56
1.78 3.80 1.04 0.51 45.62 42.34 47.98 51.01
1.63 3.49 0.94 0.46 46.02 42.71 48.42 51.53
1.94 4.17 1.08 0.57 45.25 41.93 47.77 50.56
1.69 3.63 0.97 0.47 45.84 42.53 48.25 51.37
1.81 3.87 1.03 0.51 45.56 42.26 47.99 51.03
1.64 3.54 0.91 0.47 45.99 42.64 48.56 51.42
1.92 4.12 1.07 0.58 45.29 41.98 47.82 50.53
1.65 3.53 0.94 0.46 45.98 42.65 48.40 51.55
1.82 3.91 1.05 0.51 45.52 42.21 47.92 51.06
1.74 3.79 0.97 0.47 45.72 42.35 48.27 51.40
1.95 4.23 1.05 0.57 45.23 41.87 47.90 50.61
1.69 3.74 0.89 0.46 45.84 42.40 48.64 51.56
1.82 3.93 1.01 0.52 45.53 42.19 48.08 50.95
1.75 3.84 0.95 0.46 45.71 42.28 48.39 51.58
1.91 4.20 1.02 0.51 45.32 41.90 48.03 51.07
1.80 3.97 0.99 0.42 45.59 42.14 48.15 51.88
1.87 4.14 1.00 0.48 45.40 41.96 48.15 51.29
1.81 4.03 0.95 0.46 45.55 42.08 48.36 51.55
1.99 4.39 1.07 0.50 45.15 41.70 47.84 51.15
1.84 4.11 0.95 0.46 45.48 41.99 48.34 51.48
1.76 3.83 0.92 0.54 45.68 42.31 48.50 50.84
1.74 3.80 0.91 0.53 45.74 42.36 48.57 50.89
2.06 4.51 1.06 0.60 45.02 41.63 47.89 50.30
1.84 3.96 1.02 0.53 45.51 42.18 48.06 50.91
2.02 4.36 1.03 0.67 45.09 41.77 47.98 49.88
2.08 4.56 1.10 0.60 44.98 41.59 47.76 50.35
2.23 4.76 1.17 0.78 44.67 41.39 47.49 49.22
2.05 4.49 1.06 0.59 45.05 41.66 47.88 50.38
2.21 4.80 1.14 0.69 44.73 41.38 47.59 49.75
2.11 4.55 1.14 0.63 44.93 41.60 47.58 50.10
2.53 5.48 1.33 0.77 44.14 40.79 46.90 49.25
2.20 4.82 1.19 0.59 44.74 41.35 47.39 50.45
2.26 4.91 1.20 0.67 44.62 41.26 47.36 49.89
2.24 4.93 1.20 0.61 44.66 41.26 47.39 50.26
2.60 5.71 1.34 0.74 44.02 40.61 46.86 49.41
2.35 5.22 1.24 0.59 44.47 41.02 47.24 50.42
2.36 5.22 1.21 0.64 44.43 40.99 47.33 50.03
2.35 5.25 1.22 0.60 44.45 40.98 47.30 50.35
2.56 5.66 1.27 0.75 44.08 40.65 47.11 49.38
2.24 4.98 1.16 0.57 44.66 41.20 47.50 50.56
2.43 5.41 1.24 0.65 44.31 40.86 47.20 50.01
2.39 5.32 1.24 0.62 44.38 40.92 47.23 50.23
2.63 5.88 1.26 0.74 43.97 40.49 47.14 49.41
2.23 5.00 1.10 0.59 44.67 41.18 47.72 50.41
2.52 5.68 1.22 0.64 44.17 40.64 47.28 50.09
2.47 5.62 1.18 0.60 44.24 40.68 47.42 50.34
2.74 6.20 1.33 0.70 43.79 40.26 46.91 49.66
2.40 5.48 1.16 0.57 44.36 40.79 47.51 50.57
2.60 5.89 1.28 0.63 44.02 40.47 47.09 50.14
2.50 5.71 1.21 0.57 44.19 40.61 47.34 50.54
2.46 5.50 1.20 0.67 44.23 40.73 47.34 49.91
2.23 5.05 1.09 0.55 44.65 41.10 47.77 50.71
2.30 5.12 1.17 0.62 44.51 41.04 47.44 50.25
2.21 4.94 1.11 0.56 44.70 41.20 47.69 50.63
2.47 5.54 1.20 0.68 44.20 40.69 47.34 49.83
2.10 4.68 1.08 0.55 44.90 41.43 47.78 50.75
2.21 4.94 1.08 0.62 44.68 41.19 47.77 50.23
2.06 4.61 1.03 0.54 44.99 41.50 48.01 50.77
2.25 4.99 1.09 0.67 44.61 41.15 47.75 49.86
1.98 4.40 0.98 0.56 45.16 41.69 48.22 50.68
2.03 4.43 1.05 0.61 45.05 41.67 47.91 50.29
1.93 4.23 1.02 0.53 45.28 41.86 48.04 50.91
1.95 4.15 1.04 0.65 45.24 41.95 47.96 49.98
1.75 3.78 0.96 0.51 45.70 42.35 48.32 51.09
1.97 4.26 1.04 0.61 45.19 41.84 47.97 50.28
1.65 3.49 0.90 0.55 45.96 42.70 48.58 50.71
1.81 3.73 1.01 0.68 45.56 42.42 48.09 49.77
1.59 3.28 0.89 0.59 46.13 42.97 48.66 50.41
1.62 3.24 0.92 0.69 46.04 43.03 48.48 49.75
1.50 3.01 0.85 0.63 46.37 43.35 48.82 50.12
1.64 3.22 0.92 0.76 46.00 43.05 48.50 49.31
1.44 2.87 0.82 0.62 46.55 43.55 48.99 50.18
1.50 2.89 0.88 0.74 46.36 43.51 48.69 49.46
1.41 2.72 0.84 0.65 46.66 43.78 48.90 49.99
1.57 2.98 0.92 0.81 46.17 43.38 48.48 49.06
1.27 2.36 0.82 0.63 47.10 44.40 48.99 50.17
1.40 2.62 0.86 0.72 46.67 43.95 48.78 49.56
1.31 2.48 0.81 0.63 46.98 44.19 49.06 50.16
1.58 3.00 0.94 0.79 46.15 43.36 48.39 49.14
1.32 2.50 0.81 0.65 46.92 44.14 49.04 50.01
1.49 2.88 0.87 0.72 46.40 43.53 48.75 49.56
1.40 2.70 0.84 0.66 46.67 43.82 48.88 49.94
1.57 3.05 0.93 0.74 46.16 43.29 48.43 49.45
1.27 2.48 0.78 0.56 47.08 44.18 49.21 50.66
1.47 2.86 0.87 0.66 46.47 43.56 48.72 49.92
1.39 2.75 0.83 0.59 46.70 43.74 48.96 50.38
1.63 3.22 0.96 0.71 46.01 43.05 48.31 49.60
1.46 2.91 0.88 0.59 46.49 43.49 48.69 50.44
1.49 2.92 0.92 0.65 46.39 43.48 48.50 50.02
1.47 2.94 0.87 0.61 46.45 43.45 48.74 50.28
1.71 3.33 1.01 0.79 45.81 42.91 48.09 49.15
1.48 2.89 0.92 0.65 46.41 43.53 48.49 50.00
1.58 3.05 0.95 0.72 46.16 43.29 48.34 49.56
1.61 3.13 0.98 0.72 46.06 43.17 48.24 49.56
1.75 3.32 1.06 0.85 45.71 42.92 47.88 48.82
1.49 2.86 0.92 0.70 46.39 43.57 48.50 49.69
1.60 3.02 0.99 0.79 46.09 43.34 48.15 49.15
1.54 2.90 0.97 0.74 46.27 43.51 48.26 49.45
1.69 3.19 1.04 0.83 45.85 43.09 47.95 48.91
1.48 2.79 0.92 0.73 46.43 43.68 48.50 49.48
1.68 3.20 0.99 0.84 45.88 43.08 48.14 48.89
1.52 2.80 0.96 0.81 46.30 43.66 48.30 49.06
1.83 3.46 1.12 0.92 45.50 42.75 47.64 48.51
1.60 3.08 0.98 0.76 46.08 43.25 48.22 49.35
1.71 3.27 1.03 0.83 45.80 42.98 48.00 48.93
1.54 2.93 0.91 0.77 46.26 43.46 48.53 49.28
1.76 3.34 1.04 0.88 45.69 42.89 47.98 48.67
1.50 2.87 0.90 0.73 46.37 43.55 48.61 49.50
1.56 2.99 0.93 0.78 46.19 43.38 48.45 49.23
1.48 2.86 0.88 0.70 46.44 43.57 48.69 49.70
1.74 3.35 1.02 0.85 45.73 42.89 48.06 48.84
1.50 2.91 0.88 0.70 46.37 43.48 48.71 49.64
1.67 3.25 0.97 0.80 45.90 43.01 48.25 49.12
1.55 2.97 0.94 0.75 46.22 43.40 48.37 49.40
1.80 3.46 1.07 0.88 45.58 42.74 47.83 48.71
1.50 2.86 0.91 0.72 46.38 43.57 48.52 49.54
1.62 3.05 0.96 0.83 46.05 43.28 48.32 48.92
1.56 2.97 0.95 0.75 46.20 43.40 48.36 49.37
1.78 3.39 1.05 0.90 45.63 42.83 47.91 48.59
1.63 3.15 0.99 0.74 46.02 43.15 48.16 49.43
1.69 3.21 1.02 0.84 45.84 43.07 48.03 48.88
1.73 3.29 1.06 0.83 45.76 42.97 47.89 48.92
1.91 3.66 1.12 0.95 45.32 42.50 47.66 48.35
1.70 3.26 1.02 0.82 45.83 43.00 48.04 49.01
1.85 3.52 1.11 0.91 45.46 42.67 47.66 48.54
1.82 3.51 1.10 0.86 45.53 42.67 47.74 48.82
2.08 4.00 1.24 0.99 44.96 42.11 47.19 48.17
1.76 3.41 1.05 0.82 45.68 42.81 47.93 49.01
1.85 3.53 1.10 0.91 45.47 42.65 47.72 48.56
1.86 3.60 1.16 0.81 45.45 42.57 47.48 49.08
1.97 3.76 1.23 0.91 45.19 42.38 47.23 48.52
1.82 3.60 1.09 0.78 45.52 42.57 47.73 49.23
2.02 3.94 1.20 0.91 45.08 42.18 47.33 48.54
1.87 3.69 1.12 0.81 45.41 42.46 47.66 49.02
2.15 4.26 1.24 0.95 44.81 41.84 47.18 48.36
1.94 3.88 1.13 0.82 45.25 42.24 47.61 48.98
2.08 4.16 1.13 0.94 44.96 41.94 47.59 48.41
1.92 3.82 1.11 0.84 45.29 42.31 47.68 48.91
2.24 4.51 1.24 0.98 44.62 41.59 47.19 48.21
1.96 3.94 1.12 0.83 45.21 42.18 47.65 48.97
1.96 3.85 1.09 0.95 45.20 42.28 47.76 48.35
1.92 3.81 1.06 0.90 45.30 42.32 47.89 48.61
2.20 4.34 1.20 1.06 44.71 41.76 47.35 47.87
1.85 3.66 1.02 0.87 45.47 42.50 48.07 48.74
2.14 4.17 1.22 1.04 44.82 41.93 47.27 47.96
2.11 4.20 1.16 0.95 44.90 41.90 47.49 48.33
2.32 4.54 1.29 1.11 44.49 41.56 47.04 47.66
2.08 4.10 1.19 0.94 44.96 42.01 47.36 48.41
2.23 4.42 1.24 1.02 44.66 41.68 47.20 48.05
2.12 4.22 1.19 0.95 44.87 41.88 47.38 48.37
2.54 5.13 1.40 1.09 44.09 41.03 46.69 47.77
2.36 4.74 1.35 0.99 44.40 41.38 46.82 48.19
2.51 5.00 1.46 1.07 44.13 41.14 46.50 47.82
2.47 4.92 1.47 1.01 44.21 41.22 46.46 48.09
2.76 5.54 1.54 1.19 43.73 40.70 46.25 47.37
2.68 5.48 1.52 1.02 43.86 40.75 46.30 48.03
2.72 5.47 1.59 1.11 43.79 40.75 46.13 47.69
2.73 5.49 1.61 1.09 43.78 40.73 46.08 47.77
3.05 6.18 1.78 1.18 43.29 40.22 45.64 47.40
2.70 5.41 1.62 1.08 43.82 40.80 46.05 47.81
2.68 5.35 1.60 1.12 43.84 40.86 46.10 47.65
2.59 5.22 1.51 1.03 44.01 40.96 46.33 48.01
2.89 5.93 1.64 1.11 43.52 40.40 45.97 47.68
2.59 5.20 1.55 1.01 44.01 40.98 46.24 48.09
2.68 5.33 1.61 1.09 43.86 40.87 46.06 47.76
2.48 4.92 1.48 1.03 44.20 41.22 46.43 48.00
2.86 5.79 1.64 1.14 43.58 40.51 45.98 47.56
2.64 5.36 1.53 1.03 43.92 40.85 46.28 48.01
2.70 5.43 1.56 1.11 43.82 40.78 46.21 47.69
2.81 5.67 1.62 1.13 43.65 40.60 46.04 47.62
3.02 6.10 1.74 1.23 43.33 40.28 45.74 47.24
2.55 5.06 1.49 1.11 44.07 41.10 46.41 47.70
2.73 5.39 1.56 1.24 43.77 40.81 46.19 47.19
2.48 4.80 1.46 1.18 44.19 41.32 46.49 47.43
2.64 5.04 1.58 1.31 43.91 41.11 46.15 46.96
2.41 4.59 1.45 1.19 44.32 41.52 46.53 47.37
2.42 4.54 1.43 1.27 44.30 41.56 46.57 47.08
2.18 4.05 1.32 1.17 44.75 42.06 46.93 47.43
2.29 4.34 1.35 1.18 44.54 41.76 46.84 47.42
1.95 3.61 1.21 1.05 45.22 42.56 47.30 47.94
1.97 3.63 1.22 1.05 45.19 42.53 47.26 47.93
1.78 3.31 1.11 0.92 45.63 42.94 47.68 48.50
1.76 3.32 1.04 0.94 45.66 42.93 47.96 48.38
1.39 2.55 0.85 0.76 46.70 44.06 48.84 49.31
1.34 2.43 0.82 0.77 46.87 44.29 49.02 49.28
1.23 2.28 0.75 0.66 47.22 44.55 49.35 49.94
1.18 2.10 0.77 0.66 47.43 44.90 49.29 49.93
1.06 1.91 0.70 0.56 47.89 45.32 49.69 50.65
1.05 1.88 0.69 0.60 47.90 45.38 49.77 50.37
0.98 1.76 0.64 0.55 48.21 45.68 50.09 50.73
1.07 1.94 0.66 0.61 47.83 45.25 49.94 50.28
0.95 1.65 0.63 0.57 48.36 45.96 50.13 50.59
1.00 1.77 0.63 0.60 48.12 45.65 50.12 50.33
0.99 1.75 0.64 0.56 48.19 45.68 50.05 50.65
1.04 1.89 0.65 0.60 47.94 45.37 50.03 50.38
0.95 1.71 0.60 0.52 48.38 45.81 50.33 50.98
0.96 1.68 0.62 0.57 48.31 45.87 50.19 50.57
0.97 1.72 0.66 0.54 48.26 45.78 49.97 50.83
1.06 1.88 0.70 0.61 47.87 45.39 49.69 50.31
0.99 1.78 0.67 0.51 48.19 45.63 49.88 51.06
1.06 1.87 0.70 0.62 47.87 45.42 49.67 50.20
1.01 1.76 0.69 0.58 48.07 45.66 49.74 50.48
1.11 1.95 0.74 0.65 47.66 45.22 49.44 50.03
0.99 1.67 0.67 0.62 48.17 45.89 49.83 50.19
1.13 1.96 0.75 0.67 47.62 45.22 49.37 49.86
1.08 1.86 0.74 0.63 47.81 45.45 49.43 50.13
1.23 2.18 0.84 0.66 47.24 44.75 48.88 49.93
1.14 1.97 0.80 0.65 47.56 45.19 49.10 49.97
1.23 2.10 0.89 0.70 47.24 44.92 48.66 49.67
1.16 1.98 0.79 0.70 47.49 45.16 49.13 49.67
1.33 2.39 0.88 0.72 46.90 44.35 48.70 49.57
1.22 2.13 0.86 0.67 47.27 44.86 48.79 49.85
1.33 2.32 0.95 0.73 46.88 44.48 48.36 49.48
1.29 2.30 0.91 0.67 47.02 44.51 48.56 49.88
1.50 2.67 1.07 0.77 46.36 43.87 47.82 49.27
1.30 2.29 0.93 0.69 46.98 44.52 48.47 49.76
1.26 2.19 0.84 0.74 47.14 44.73 48.89 49.45
1.25 2.20 0.88 0.67 47.16 44.70 48.72 49.86
1.36 2.38 0.91 0.79 46.80 44.37 48.54 49.15
1.25 2.17 0.87 0.69 47.18 44.77 48.73 49.71
1.28 2.20 0.92 0.73 47.05 44.71 48.48 49.53
1.25 2.19 0.89 0.68 47.15 44.72 48.64 49.83
1.35 2.33 0.95 0.77 46.83 44.46 48.34 49.25
1.24 2.17 0.87 0.68 47.20 44.77 48.74 49.81
1.33 2.30 0.93 0.75 46.90 44.52 48.43 49.39
1.22 2.09 0.86 0.72 47.26 44.93 48.78 49.58
1.42 2.42 1.00 0.85 46.60 44.29 48.13 48.85
1.30 2.26 0.90 0.74 46.99 44.60 48.57 49.46
1.46 2.46 1.05 0.86 46.50 44.23 47.93 48.77
1.34 2.27 0.97 0.77 46.87 44.57 48.29 49.27
1.47 2.47 1.03 0.92 46.45 44.22 48.02 48.47
1.33 2.23 0.95 0.81 46.90 44.66 48.35 49.07
1.49 2.50 1.05 0.91 46.40 44.15 47.91 48.55
1.41 2.39 0.97 0.86 46.65 44.34 48.28 48.78
1.61 2.71 1.14 0.97 46.08 43.81 47.56 48.26
1.42 2.41 1.00 0.84 46.61 44.31 48.11 48.89
1.44 2.35 1.00 0.97 46.56 44.43 48.16 48.26
1.49 2.52 1.02 0.92 46.41 44.12 48.03 48.49
1.61 2.70 1.09 1.02 46.08 43.82 47.75 48.03
1.71 2.91 1.20 1.03 45.79 43.49 47.35 48.00
1.49 2.48 1.01 0.96 46.42 44.19 48.09 48.32
1.60 2.65 1.15 1.02 46.09 43.90 47.55 48.06
1.59 2.63 1.11 1.05 46.10 43.93 47.70 47.90
1.62 2.71 1.17 0.98 46.04 43.81 47.45 48.22
1.69 2.85 1.20 1.01 45.87 43.60 47.34 48.07
1.57 2.62 1.13 0.94 46.19 43.95 47.61 48.38
1.57 2.64 1.07 1.00 46.18 43.92 47.85 48.12
1.51 2.51 1.04 0.96 46.36 44.13 47.96 48.30
1.62 2.76 1.10 1.01 46.03 43.73 47.72 48.09
1.49 2.50 0.99 0.98 46.41 44.16 48.18 48.24
1.58 2.63 1.05 1.07 46.14 43.94 47.94 47.82
1.51 2.53 0.99 1.01 46.35 44.11 48.16 48.09
1.64 2.79 1.13 1.01 45.98 43.69 47.60 48.09
1.59 2.69 1.08 1.00 46.13 43.85 47.80 48.15
1.88 3.17 1.37 1.10 45.39 43.12 46.76 47.72
1.98 3.34 1.47 1.13 45.17 42.89 46.47 47.62
2.02 3.42 1.44 1.20 45.08 42.79 46.57 47.34
1.87 3.16 1.37 1.06 45.43 43.14 46.76 47.87
2.02 3.38 1.47 1.22 45.07 42.85 46.47 47.26
2.02 3.41 1.48 1.18 45.07 42.81 46.41 47.41
2.45 4.09 1.76 1.49 44.25 42.02 45.69 46.41
1.94 3.27 1.39 1.16 45.25 42.99 46.69 47.47
2.17 3.69 1.50 1.32 44.77 42.47 46.37 46.92
2.02 3.45 1.39 1.22 45.08 42.76 46.68 47.26
2.33 3.97 1.62 1.39 44.47 42.15 46.04 46.70
2.13 3.60 1.59 1.22 44.84 42.57 46.13 47.28
2.33 4.06 1.67 1.26 44.46 42.05 45.90 47.12
2.29 4.00 1.68 1.20 44.53 42.12 45.89 47.34
2.35 4.01 1.67 1.37 44.42 42.10 45.91 46.77
2.23 3.84 1.65 1.19 44.65 42.29 45.95 47.36
2.26 3.91 1.61 1.24 44.60 42.21 46.06 47.19
2.13 3.65 1.58 1.17 44.84 42.51 46.16 47.45
2.29 3.85 1.65 1.38 44.53 42.28 45.95 46.74
2.22 3.82 1.64 1.21 44.66 42.31 45.99 47.29
2.27 3.89 1.66 1.26 44.58 42.23 45.94 47.15
2.27 3.90 1.63 1.26 44.58 42.22 46.00 47.11
2.41 4.16 1.67 1.40 44.31 41.94 45.90 46.68
2.12 3.59 1.50 1.27 44.87 42.58 46.37 47.09
2.38 4.06 1.72 1.35 44.37 42.05 45.77 46.82
2.26 3.87 1.60 1.30 44.60 42.25 46.08 47.00
2.36 4.15 1.59 1.35 44.40 41.96 46.13 46.81
2.25 3.98 1.52 1.24 44.62 42.13 46.32 47.21
2.37 4.24 1.55 1.31 44.39 41.86 46.23 46.97
2.21 3.98 1.43 1.21 44.70 42.13 46.58 47.33
2.47 4.55 1.58 1.29 44.20 41.56 46.15 47.04
2.01 3.75 1.24 1.05 45.09 42.39 47.21 47.93
2.14 3.97 1.28 1.16 44.84 42.15 47.06 47.49
2.00 3.78 1.19 1.02 45.13 42.35 47.38 48.06
2.16 4.17 1.27 1.06 44.78 41.93 47.10 47.90
2.07 3.96 1.21 1.03 44.98 42.15 47.31 48.01
1.87 3.57 1.24 0.80 45.41 42.60 47.18 49.10
1.66 3.23 1.08 0.65 45.94 43.04 47.78 49.98
1.55 3.07 1.08 0.50 46.22 43.25 47.79 51.16
1.39 2.77 1.00 0.39 46.71 43.70 48.15 52.22
1.23 2.51 0.87 0.31 47.23 44.14 48.74 53.16
0.90 1.86 0.58 0.25 48.60 45.44 50.50 54.14
0.95 1.95 0.60 0.30 48.36 45.24 50.38 53.28
0.80 1.67 0.50 0.23 49.08 45.90 51.09 54.47
0.88 1.81 0.56 0.28 48.67 45.56 50.64 53.69
0.81 1.67 0.53 0.24 49.03 45.91 50.90 54.22
0.96 1.98 0.60 0.31 48.30 45.17 50.33 53.26
0.86 1.80 0.54 0.23 48.81 45.59 50.82 54.55
0.88 1.81 0.58 0.26 48.67 45.55 50.52 54.01
0.89 1.84 0.57 0.25 48.64 45.47 50.59 54.08
1.05 2.18 0.65 0.31 47.94 44.75 50.02 53.24
0.90 1.90 0.56 0.23 48.61 45.34 50.67 54.56
0.91 1.88 0.59 0.27 48.54 45.40 50.44 53.83
0.87 1.82 0.54 0.24 48.75 45.53 50.78 54.38
1.03 2.14 0.63 0.30 48.02 44.82 50.13 53.31
0.92 1.97 0.55 0.24 48.49 45.19 50.70 54.37
0.95 2.00 0.57 0.27 48.36 45.11 50.55 53.80
0.89 1.88 0.53 0.24 48.66 45.39 50.86 54.28
0.99 2.05 0.62 0.29 48.18 45.01 50.19 53.48
0.89 1.89 0.56 0.22 48.63 45.36 50.67 54.66
0.97 2.05 0.60 0.26 48.25 45.01 50.32 53.96
0.91 1.93 0.56 0.23 48.57 45.27 50.68 54.58
0.99 2.12 0.60 0.27 48.16 44.88 50.36 53.90
0.91 1.93 0.57 0.25 48.52 45.29 50.59 54.19
0.97 2.05 0.60 0.28 48.24 45.02 50.36 53.65
0.96 2.03 0.58 0.27 48.32 45.07 50.53 53.81
1.04 2.15 0.66 0.32 47.95 44.80 49.94 53.12
0.96 2.01 0.59 0.30 48.29 45.11 50.43 53.38
1.07 2.25 0.63 0.33 47.84 44.62 50.14 52.91
1.01 2.11 0.61 0.29 48.11 44.90 50.25 53.44
1.17 2.43 0.69 0.39 47.45 44.28 49.75 52.21
1.00 2.06 0.62 0.31 48.15 45.00 50.21 53.18
1.11 2.28 0.68 0.38 47.66 44.55 49.79 52.36
1.06 2.20 0.65 0.33 47.88 44.71 50.00 52.92
1.21 2.49 0.71 0.42 47.31 44.18 49.59 51.87
1.06 2.22 0.64 0.32 47.89 44.66 50.10 53.17
1.18 2.46 0.71 0.36 47.42 44.23 49.59 52.53
1.12 2.33 0.70 0.33 47.63 44.45 49.65 52.91
1.26 2.59 0.78 0.41 47.12 43.99 49.18 52.01
1.15 2.37 0.75 0.31 47.55 44.38 49.41 53.17
1.28 2.68 0.80 0.35 47.06 43.85 49.08 52.64
1.16 2.43 0.73 0.31 47.50 44.27 49.50 53.24
1.30 2.73 0.80 0.38 46.99 43.78 49.10 52.32
1.14 2.41 0.71 0.29 47.57 44.31 49.61 53.45
1.21 2.59 0.72 0.32 47.31 44.00 49.59 53.04
1.10 2.36 0.64 0.31 47.70 44.39 50.06 53.25
1.28 2.75 0.70 0.38 47.08 43.75 49.70 52.30
1.10 2.39 0.62 0.29 47.73 44.35 50.22 53.52
1.13 2.47 0.63 0.31 47.59 44.21 50.16 53.28
1.09 2.40 0.60 0.28 47.75 44.34 50.36 53.62
1.26 2.70 0.70 0.38 47.13 43.81 49.69 52.38
1.06 2.31 0.59 0.28 47.88 44.50 50.39 53.72
1.14 2.49 0.64 0.30 47.55 44.17 50.10 53.32
1.15 2.51 0.65 0.29 47.53 44.13 50.00 53.56
1.27 2.75 0.68 0.36 47.10 43.73 49.78 52.53
1.14 2.48 0.64 0.29 47.59 44.19 50.11 53.54
1.21 2.61 0.67 0.34 47.32 43.96 49.87 52.86
1.19 2.57 0.66 0.32 47.39 44.03 49.92 53.05
1.28 2.77 0.70 0.37 47.06 43.71 49.68 52.47
1.19 2.60 0.68 0.29 47.38 43.99 49.78 53.51
1.21 2.64 0.70 0.31 47.29 43.92 49.70 53.24
1.18 2.55 0.69 0.30 47.41 44.06 49.76 53.36
1.31 2.80 0.75 0.37 46.97 43.66 49.37 52.43
1.21 2.65 0.68 0.30 47.31 43.90 49.80 53.37
1.25 2.69 0.72 0.33 47.17 43.83 49.56 52.96
1.16 2.50 0.69 0.29 47.47 44.14 49.73 53.45
1.31 2.79 0.76 0.38 46.96 43.68 49.32 52.38
1.27 2.77 0.74 0.31 47.08 43.71 49.41 53.19
1.29 2.74 0.77 0.37 47.01 43.75 49.26 52.47
1.29 2.79 0.76 0.31 47.03 43.67 49.31 53.27
1.40 2.98 0.81 0.40 46.67 43.39 49.04 52.09
1.26 2.73 0.75 0.31 47.11 43.77 49.37 53.24
1.34 2.84 0.80 0.37 46.86 43.60 49.08 52.42
1.32 2.80 0.79 0.37 46.92 43.66 49.14 52.44
1.49 3.18 0.87 0.43 46.40 43.11 48.74 51.84
1.37 2.98 0.79 0.35 46.76 43.39 49.17 52.65
1.44 3.05 0.84 0.43 46.55 43.30 48.87 51.78
1.45 3.16 0.84 0.37 46.50 43.14 48.90 52.46
1.61 3.43 0.96 0.45 46.05 42.78 48.32 51.56
1.39 2.97 0.82 0.37 46.70 43.40 48.97 52.44
1.56 3.31 0.88 0.47 46.22 42.94 48.67 51.41
1.48 3.15 0.89 0.39 46.43 43.15 48.65 52.17
1.58 3.34 0.94 0.47 46.14 42.90 48.39 51.43
1.49 3.19 0.89 0.38 46.40 43.09 48.63 52.34
1.55 3.28 0.93 0.44 46.23 42.97 48.43 51.74
1.48 3.17 0.89 0.39 46.42 43.12 48.64 52.23
1.64 3.52 0.96 0.45 45.98 42.67 48.32 51.61
1.56 3.38 0.92 0.39 46.19 42.85 48.50 52.21
1.54 3.29 0.92 0.40 46.27 42.95 48.53 52.15
1.53 3.34 0.88 0.37 46.29 42.89 48.67 52.46
1.74 3.82 0.98 0.43 45.72 42.31 48.24 51.78
1.52 3.29 0.94 0.34 46.32 42.97 48.43 52.81
1.68 3.62 1.01 0.41 45.88 42.54 48.09 52.04
1.62 3.48 0.99 0.38 46.04 42.71 48.18 52.31
1.88 4.07 1.12 0.44 45.40 42.04 47.65 51.66
1.69 3.70 1.01 0.36 45.84 42.45 48.07 52.53
1.76 3.82 1.03 0.43 45.68 42.31 48.02 51.80
1.78 3.94 1.01 0.40 45.63 42.18 48.10 52.13
2.01 4.41 1.16 0.47 45.10 41.69 47.50 51.44
1.82 4.01 1.05 0.39 45.54 42.10 47.90 52.21
1.85 4.04 1.08 0.43 45.46 42.07 47.81 51.81
1.83 4.00 1.09 0.39 45.51 42.11 47.75 52.17
2.01 4.36 1.18 0.49 45.10 41.74 47.40 51.19
1.67 3.56 1.02 0.41 45.92 42.62 48.06 51.97
1.79 3.81 1.10 0.45 45.62 42.32 47.74 51.60
1.71 3.63 1.08 0.41 45.81 42.53 47.80 52.03
1.79 3.81 1.04 0.50 45.61 42.32 47.94 51.12
1.58 3.36 0.95 0.43 46.15 42.87 48.37 51.82
1.67 3.64 0.92 0.46 45.90 42.52 48.48 51.56
1.66 3.61 0.93 0.43 45.95 42.56 48.45 51.83
1.75 3.82 0.96 0.48 45.69 42.32 48.31 51.28
1.54 3.34 0.87 0.40 46.27 42.89 48.72 52.13
1.60 3.48 0.90 0.42 46.08 42.71 48.59 51.87
1.48 3.28 0.79 0.36 46.44 42.97 49.17 52.57
1.53 3.33 0.83 0.44 46.29 42.92 48.96 51.71
1.35 2.97 0.73 0.35 46.84 43.41 49.50 52.77
1.48 3.26 0.79 0.40 46.43 43.01 49.16 52.15
1.46 3.18 0.79 0.39 46.50 43.10 49.14 52.22
1.68 3.73 0.87 0.44 45.88 42.42 48.74 51.65
1.29 2.82 0.71 0.33 47.04 43.63 49.63 52.98
1.30 2.83 0.70 0.37 47.00 43.62 49.67 52.48
1.21 2.66 0.65 0.33 47.29 43.88 50.02 52.93
1.37 2.98 0.71 0.42 46.77 43.40 49.61 51.86
1.33 2.93 0.71 0.34 46.91 43.46 49.64 52.85
1.30 2.77 0.74 0.40 46.99 43.71 49.46 52.10
1.30 2.80 0.72 0.37 47.00 43.66 49.57 52.41
1.30 2.74 0.70 0.44 47.01 43.75 49.69 51.67
1.20 2.61 0.65 0.35 47.33 43.97 49.97 52.74
1.10 2.27 0.64 0.39 47.73 44.58 50.07 52.25
1.05 2.22 0.60 0.34 47.91 44.68 50.35 52.80
1.20 2.53 0.65 0.41 47.36 44.11 49.98 52.01
1.03 2.19 0.58 0.32 48.01 44.74 50.52 53.04
1.12 2.38 0.60 0.38 47.65 44.37 50.35 52.35
1.12 2.43 0.60 0.35 47.63 44.29 50.37 52.73
1.23 2.64 0.67 0.38 47.23 43.92 49.87 52.28
1.08 2.33 0.60 0.31 47.81 44.47 50.36 53.25
1.13 2.42 0.62 0.35 47.61 44.30 50.20 52.74
1.06 2.30 0.57 0.31 47.88 44.51 50.55 53.28
1.23 2.66 0.66 0.38 47.23 43.89 49.91 52.39
1.08 2.35 0.58 0.32 47.79 44.42 50.52 53.12
1.15 2.46 0.61 0.36 47.54 44.22 50.26 52.57
1.09 2.35 0.60 0.32 47.77 44.43 50.37 53.07
1.21 2.59 0.66 0.39 47.29 44.00 49.96 52.19
1.10 2.39 0.58 0.32 47.74 44.35 50.49 53.14
1.17 2.52 0.61 0.37 47.46 44.13 50.25 52.41
1.17 2.55 0.61 0.36 47.44 44.08 50.27 52.57
1.39 3.02 0.71 0.44 46.70 43.33 49.63 51.67
1.22 2.69 0.63 0.35 47.26 43.84 50.13 52.68
1.33 2.85 0.69 0.43 46.91 43.58 49.73 51.76
1.27 2.72 0.66 0.42 47.11 43.78 49.96 51.95
1.50 3.26 0.76 0.48 46.37 43.00 49.35 51.29
1.29 2.83 0.64 0.39 47.04 43.62 50.07 52.22
1.38 3.02 0.68 0.44 46.74 43.34 49.81 51.70
1.38 3.02 0.72 0.40 46.74 43.34 49.59 52.10
1.57 3.42 0.81 0.48 46.17 42.80 49.04 51.28
1.32 2.84 0.71 0.40 46.94 43.60 49.63 52.07
1.44 3.12 0.75 0.46 46.54 43.19 49.41 51.47
1.44 3.19 0.72 0.42 46.55 43.09 49.58 51.94
1.63 3.55 0.83 0.51 46.01 42.64 48.93 51.03
1.41 3.10 0.75 0.39 46.63 43.22 49.40 52.18
1.50 3.25 0.80 0.46 46.37 43.02 49.12 51.56
1.43 3.14 0.75 0.39 46.58 43.16 49.36 52.19
1.64 3.62 0.83 0.47 45.99 42.55 48.96 51.38
1.49 3.28 0.77 0.40 46.42 42.98 49.25 52.09
1.68 3.68 0.90 0.44 45.89 42.47 48.58 51.67
1.50 3.30 0.80 0.39 46.37 42.94 49.08 52.23
1.77 3.91 0.95 0.46 45.65 42.22 48.38 51.47
1.55 3.42 0.85 0.38 46.23 42.79 48.86 52.34
1.68 3.72 0.89 0.44 45.88 42.43 48.67 51.66
1.60 3.59 0.82 0.39 46.09 42.58 49.02 52.18
1.84 4.03 0.97 0.51 45.50 42.08 48.29 51.08
1.59 3.54 0.84 0.39 46.12 42.64 48.90 52.25
1.72 3.83 0.92 0.43 45.77 42.31 48.52 51.77
1.70 3.83 0.86 0.40 45.84 42.30 48.81 52.15
2.08 4.66 1.06 0.51 44.96 41.45 47.89 51.04
1.81 4.07 0.93 0.41 45.57 42.03 48.45 52.00
2.08 4.68 1.08 0.49 44.95 41.43 47.81 51.22
1.96 4.42 1.01 0.45 45.21 41.68 48.08 51.62
2.27 5.13 1.09 0.58 44.58 41.03 47.75 50.48
2.02 4.56 1.02 0.49 45.07 41.54 48.05 51.25
2.15 4.78 1.08 0.57 44.82 41.33 47.79 50.58
2.11 4.75 1.07 0.52 44.88 41.37 47.84 50.96
2.30 5.10 1.17 0.63 44.51 41.05 47.45 50.13
2.18 4.88 1.10 0.54 44.76 41.25 47.70 50.82
2.21 4.91 1.11 0.60 44.69 41.22 47.66 50.33
2.10 4.68 1.08 0.54 44.91 41.43 47.82 50.83
2.55 5.75 1.26 0.65 44.06 40.53 47.13 50.01
2.11 4.79 1.03 0.52 44.88 41.33 47.99 50.99
2.24 5.01 1.12 0.61 44.62 41.13 47.65 50.31
2.07 4.64 1.06 0.51 44.97 41.47 47.89 51.03
2.42 5.49 1.18 0.60 44.29 40.74 47.42 50.37
2.18 4.96 1.08 0.50 44.75 41.18 47.80 51.18
2.31 5.26 1.14 0.54 44.49 40.92 47.57 50.78
2.24 5.13 1.11 0.49 44.62 41.03 47.69 51.25
2.50 5.70 1.21 0.58 44.15 40.57 47.30 50.47
2.46 5.66 1.16 0.55 44.23 40.60 47.48 50.76
2.61 5.82 1.38 0.60 43.97 40.48 46.73 50.34
2.28 5.12 1.20 0.53 44.55 41.04 47.34 50.90
2.39 5.33 1.28 0.57 44.34 40.86 47.05 50.62
2.45 5.46 1.32 0.57 44.25 40.76 46.94 50.60
2.82 6.32 1.48 0.65 43.63 40.12 46.44 50.01
2.41 5.42 1.29 0.53 44.31 40.79 47.03 50.90
2.50 5.61 1.29 0.60 44.15 40.64 47.02 50.32
2.50 5.67 1.29 0.54 44.15 40.59 47.03 50.84
2.77 6.30 1.42 0.60 43.70 40.14 46.60 50.35
2.44 5.50 1.31 0.52 44.25 40.73 46.97 50.96
2.58 5.78 1.36 0.61 44.03 40.54 46.80 50.26
2.47 5.52 1.31 0.58 44.22 40.73 46.99 50.53
2.74 6.21 1.39 0.62 43.77 40.23 46.73 50.20
2.48 5.63 1.29 0.54 44.19 40.65 47.01 50.82
2.61 5.89 1.34 0.60 43.98 40.45 46.87 50.31
2.62 5.93 1.34 0.60 43.96 40.42 46.88 50.33
2.92 6.61 1.50 0.66 43.49 39.95 46.39 49.92
2.69 6.11 1.38 0.58 43.85 40.30 46.76 50.49
2.75 6.17 1.46 0.61 43.76 40.25 46.49 50.27
2.84 6.43 1.50 0.59 43.61 40.07 46.37 50.46
2.95 6.70 1.49 0.65 43.46 39.90 46.42 50.01
2.74 6.25 1.38 0.56 43.78 40.20 46.74 50.61
2.81 6.32 1.45 0.65 43.67 40.15 46.54 49.97
2.60 5.89 1.33 0.57 44.01 40.46 46.89 50.56
2.84 6.43 1.45 0.64 43.61 40.07 46.53 50.06
2.53 5.77 1.28 0.55 44.11 40.55 47.07 50.70
2.59 5.81 1.33 0.63 44.02 40.52 46.91 50.13
2.42 5.41 1.26 0.61 44.29 40.81 47.14 50.28
2.64 5.95 1.27 0.71 43.92 40.41 47.09 49.64
2.34 5.23 1.21 0.58 44.45 40.96 47.31 50.53
2.40 5.31 1.24 0.65 44.34 40.89 47.19 50.01
2.34 5.23 1.19 0.61 44.45 40.97 47.38 50.27
2.37 5.17 1.23 0.72 44.39 41.01 47.23 49.58
2.19 4.84 1.15 0.57 44.74 41.29 47.52 50.59
2.24 4.87 1.21 0.63 44.64 41.26 47.29 50.13
2.04 4.44 1.09 0.58 45.05 41.68 47.76 50.45
2.27 4.80 1.30 0.70 44.59 41.33 47.01 49.66
1.79 3.83 1.01 0.52 45.62 42.31 48.09 50.94
1.77 3.67 1.01 0.61 45.66 42.48 48.07 50.27
1.65 3.43 0.93 0.57 45.98 42.80 48.43 50.55
1.54 3.04 0.90 0.68 46.26 43.31 48.58 49.81
1.44 2.97 0.81 0.53 46.56 43.40 49.05 50.91
1.38 2.71 0.83 0.59 46.75 43.81 48.94 50.42
1.33 2.66 0.79 0.55 46.88 43.89 49.15 50.73
1.48 2.91 0.88 0.65 46.43 43.50 48.68 49.99
1.15 2.22 0.68 0.54 47.54 44.68 49.77 50.80
1.22 2.37 0.69 0.58 47.29 44.39 49.72 50.49
1.15 2.20 0.70 0.55 47.54 44.72 49.68 50.76
1.28 2.45 0.76 0.64 47.05 44.25 49.33 50.08
1.15 2.17 0.72 0.55 47.54 44.77 49.58 50.73
1.20 2.29 0.71 0.61 47.33 44.52 49.63 50.32
1.20 2.30 0.73 0.57 47.34 44.51 49.51 50.54
1.32 2.56 0.75 0.65 46.92 44.05 49.35 50.01
1.19 2.29 0.73 0.54 47.39 44.53 49.53 50.80
1.25 2.43 0.72 0.58 47.18 44.27 49.56 50.49
1.14 2.26 0.67 0.50 47.56 44.60 49.87 51.15
1.29 2.56 0.72 0.60 47.03 44.06 49.59 50.38
1.13 2.24 0.63 0.52 47.59 44.64 50.10 50.93
1.23 2.38 0.71 0.60 47.24 44.38 49.64 50.36
1.17 2.30 0.65 0.56 47.45 44.53 50.03 50.61
1.26 2.52 0.68 0.60 47.12 44.13 49.82 50.38
1.16 2.28 0.64 0.57 47.49 44.56 50.10 50.59
1.27 2.52 0.68 0.59 47.12 44.13 49.78 50.44
1.18 2.37 0.64 0.54 47.41 44.39 50.09 50.81
1.37 2.80 0.71 0.60 46.77 43.67 49.60 50.34
1.23 2.41 0.68 0.61 47.23 44.31 49.83 50.28
1.45 2.82 0.85 0.66 46.54 43.64 48.86 49.91
1.35 2.64 0.79 0.61 46.84 43.92 49.18 50.25
1.49 2.97 0.83 0.66 46.42 43.42 48.96 49.91
1.34 2.64 0.82 0.56 46.87 43.92 49.02 50.63
1.50 2.95 0.87 0.68 46.37 43.44 48.73 49.84
1.37 2.70 0.80 0.60 46.78 43.83 49.12 50.31
1.53 3.00 0.86 0.72 46.29 43.36 48.80 49.54
1.27 2.48 0.76 0.55 47.11 44.18 49.33 50.71
1.46 2.85 0.88 0.66 46.48 43.59 48.69 49.96
1.43 2.79 0.86 0.63 46.58 43.67 48.79 50.12
1.61 3.14 0.93 0.76 46.07 43.18 48.44 49.33
1.47 2.92 0.88 0.61 46.47 43.49 48.71 50.28
1.53 2.97 0.91 0.71 46.29 43.41 48.56 49.63
1.49 2.95 0.89 0.65 46.40 43.45 48.66 50.04
1.64 3.22 0.94 0.76 45.98 43.06 48.41 49.31
1.43 2.85 0.82 0.62 46.59 43.58 49.02 50.23
1.57 3.11 0.91 0.70 46.17 43.21 48.54 49.69
1.59 3.17 0.91 0.69 46.12 43.13 48.54 49.73
1.75 3.46 0.98 0.82 45.71 42.76 48.25 49.02
1.62 3.23 0.94 0.70 46.04 43.05 48.42 49.69
1.76 3.50 1.02 0.76 45.68 42.69 48.07 49.30
1.79 3.59 1.02 0.77 45.60 42.59 48.06 49.27
2.01 4.02 1.12 0.91 45.10 42.10 47.66 48.56
1.86 3.76 1.02 0.82 45.44 42.40 48.07 49.01
1.99 3.97 1.08 0.91 45.16 42.15 47.82 48.53
1.86 3.69 0.99 0.90 45.44 42.47 48.17 48.60
2.16 4.38 1.11 1.00 44.79 41.73 47.69 48.11
1.92 3.87 1.02 0.85 45.32 42.27 48.04 48.82
2.15 4.36 1.10 1.00 44.80 41.74 47.72 48.13
2.11 4.26 1.13 0.94 44.90 41.85 47.62 48.40
2.38 4.86 1.21 1.07 44.38 41.28 47.32 47.83
2.27 4.56 1.21 1.03 44.59 41.55 47.32 48.00
2.25 4.52 1.21 1.01 44.64 41.60 47.31 48.11
2.53 5.08 1.34 1.16 44.12 41.08 46.89 47.50
1.93 3.73 1.22 0.83 45.29 42.41 47.26 48.97
1.72 3.35 1.07 0.73 45.78 42.88 47.83 49.51
1.98 3.84 1.23 0.88 45.16 42.29 47.24 48.70
1.92 3.72 1.22 0.82 45.29 42.42 47.25 48.99
2.37 4.67 1.43 1.01 44.39 41.44 46.58 48.10
2.02 4.04 1.21 0.82 45.07 42.07 47.31 48.95
2.16 4.26 1.29 0.92 44.79 41.83 47.03 48.52
2.05 4.03 1.23 0.89 45.01 42.08 47.24 48.62
2.38 4.73 1.38 1.01 44.37 41.38 46.73 48.06
2.03 4.03 1.20 0.86 45.05 42.07 47.33 48.78
2.25 4.52 1.27 0.97 44.60 41.58 47.09 48.27
2.09 4.23 1.15 0.90 44.92 41.87 47.51 48.58
2.31 4.60 1.32 1.02 44.49 41.50 46.93 48.04
2.11 4.25 1.25 0.84 44.88 41.85 47.17 48.88
2.33 4.68 1.35 0.95 44.46 41.43 46.85 48.36
2.17 4.40 1.24 0.88 44.76 41.70 47.19 48.69
2.43 4.92 1.36 1.00 44.28 41.21 46.81 48.15
2.19 4.41 1.26 0.90 44.73 41.69 47.15 48.56
2.36 4.79 1.33 0.94 44.41 41.33 46.89 48.41
2.26 4.62 1.27 0.88 44.59 41.48 47.07 48.66
2.54 5.30 1.34 0.99 44.07 40.89 46.85 48.19
2.34 4.89 1.25 0.87 44.44 41.24 47.15 48.73
2.38 4.79 1.34 1.01 44.36 41.33 46.86 48.09
2.33 4.81 1.26 0.93 44.45 41.31 47.13 48.44
2.60 5.49 1.31 0.99 43.98 40.73 46.95 48.19
2.33 4.83 1.25 0.90 44.47 41.29 47.16 48.61
2.41 4.94 1.32 0.98 44.31 41.19 46.94 48.20
2.33 4.83 1.27 0.88 44.46 41.29 47.08 48.68
2.47 5.17 1.31 0.94 44.21 41.00 46.96 48.43
2.57 5.35 1.45 0.92 44.03 40.85 46.52 48.49
2.46 4.94 1.37 1.06 44.23 41.20 46.76 47.89
2.45 4.98 1.31 1.05 44.24 41.16 46.95 47.91
2.79 5.69 1.47 1.21 43.67 40.58 46.46 47.31
2.57 5.06 1.42 1.22 44.04 41.09 46.61 47.28
3.00 5.95 1.67 1.39 43.35 40.39 45.90 46.69
2.91 5.81 1.57 1.33 43.50 40.49 46.17 46.88
3.18 6.30 1.75 1.51 43.10 40.14 45.71 46.35
3.02 5.96 1.71 1.40 43.33 40.38 45.80 46.67
3.25 6.35 1.84 1.54 43.02 40.10 45.48 46.25
3.18 6.30 1.84 1.41 43.10 40.14 45.49 46.63
3.80 7.61 2.17 1.64 42.33 39.32 44.77 45.97
3.32 6.76 1.85 1.35 42.92 39.83 45.46 46.82
3.35 6.71 1.83 1.51 42.88 39.86 45.50 46.35
3.14 6.33 1.71 1.39 43.16 40.12 45.80 46.71
4.16 8.50 2.25 1.72 41.94 38.83 44.61 45.78
3.49 7.15 1.85 1.48 42.70 39.59 45.47 46.44
3.76 7.69 2.04 1.55 42.38 39.27 45.03 46.22
3.47 7.14 1.84 1.44 42.73 39.60 45.48 46.54
3.87 7.92 2.10 1.58 42.26 39.15 44.91 46.14
3.06 6.15 1.75 1.28 43.27 40.24 45.70 47.05
3.14 6.39 1.73 1.30 43.16 40.07 45.75 46.99
2.59 5.22 1.40 1.16 43.99 40.96 46.67 47.47
2.68 5.47 1.39 1.19 43.85 40.75 46.71 47.39
2.39 4.87 1.29 1.02 44.34 41.25 47.02 48.05
2.38 4.88 1.25 1.01 44.36 41.25 47.17 48.07
2.21 4.47 1.22 0.93 44.69 41.63 47.28 48.42
2.34 4.77 1.27 0.98 44.44 41.34 47.11 48.23
2.00 4.12 1.07 0.82 45.11 41.98 47.82 48.98
1.96 3.99 1.08 0.83 45.20 42.12 47.81 48.97
1.84 3.76 1.04 0.71 45.48 42.38 47.94 49.60
1.63 3.24 0.89 0.75 46.02 43.03 48.65 49.36
1.42 2.85 0.75 0.64 46.64 43.60 49.38 50.05
1.12 2.14 0.61 0.60 47.66 44.83 50.29 50.36
1.10 2.07 0.61 0.62 47.72 44.99 50.27 50.21
0.97 1.75 0.57 0.60 48.26 45.71 50.57 50.36
0.89 1.55 0.52 0.59 48.66 46.24 50.97 50.41
0.88 1.51 0.53 0.61 48.67 46.34 50.88 50.29
0.97 1.68 0.56 0.68 48.25 45.87 50.66 49.80
0.94 1.61 0.57 0.64 48.42 46.07 50.60 50.10
0.96 1.65 0.58 0.64 48.32 45.96 50.51 50.03
0.98 1.65 0.61 0.68 48.21 45.95 50.32 49.78
1.07 1.78 0.66 0.78 47.83 45.62 49.96 49.21
1.04 1.78 0.64 0.71 47.94 45.63 50.06 49.59
1.04 1.73 0.66 0.74 47.95 45.76 49.94 49.44
1.01 1.66 0.62 0.75 48.10 45.94 50.23 49.38
1.14 1.87 0.67 0.86 47.58 45.41 49.84 48.79
1.14 1.89 0.73 0.82 47.55 45.38 49.51 49.00
1.09 1.79 0.68 0.80 47.77 45.60 49.81 49.12
1.11 1.83 0.72 0.79 47.67 45.52 49.57 49.15
1.25 2.07 0.79 0.89 47.16 44.98 49.13 48.65
1.29 2.13 0.82 0.90 47.04 44.84 48.97 48.59
1.24 2.05 0.82 0.85 47.20 45.02 48.98 48.84
1.24 2.08 0.80 0.82 47.22 44.95 49.10 48.98
1.30 2.12 0.88 0.89 47.00 44.87 48.70 48.63
1.35 2.26 0.92 0.86 46.84 44.59 48.51 48.80
1.30 2.16 0.92 0.82 47.00 44.79 48.52 49.01
1.26 2.12 0.88 0.78 47.13 44.88 48.67 49.23
1.37 2.32 0.93 0.87 46.75 44.47 48.44 48.74
1.36 2.29 0.94 0.86 46.79 44.53 48.41 48.81
1.28 2.08 0.93 0.84 47.05 44.95 48.47 48.90
1.33 2.24 0.95 0.81 46.88 44.62 48.35 49.07
1.46 2.49 1.01 0.88 46.49 44.17 48.09 48.69
1.38 2.33 1.02 0.80 46.72 44.45 48.04 49.10
1.31 2.25 0.92 0.78 46.95 44.62 48.51 49.21
1.28 2.18 0.91 0.75 47.06 44.75 48.55 49.36
1.38 2.38 0.92 0.85 46.72 44.37 48.48 48.83
1.41 2.48 0.95 0.79 46.65 44.18 48.33 49.17
1.26 2.17 0.83 0.79 47.12 44.76 48.96 49.16
1.28 2.19 0.87 0.79 47.05 44.73 48.74 49.14
1.44 2.48 0.94 0.88 46.56 44.18 48.41 48.66
1.51 2.64 1.01 0.88 46.35 43.92 48.10 48.71
1.47 2.53 1.00 0.88 46.47 44.11 48.13 48.72
1.53 2.59 1.13 0.86 46.28 43.99 47.59 48.76
1.74 3.01 1.18 1.02 45.74 43.34 47.43 48.04
1.70 2.89 1.24 0.95 45.84 43.52 47.21 48.33
1.67 2.88 1.23 0.91 45.90 43.53 47.25 48.56
1.65 2.78 1.22 0.95 45.96 43.69 47.29 48.35
1.64 2.78 1.12 1.03 45.97 43.69 47.64 48.01
1.61 2.74 1.12 0.98 46.05 43.76 47.63 48.20
1.55 2.60 1.11 0.95 46.22 43.98 47.67 48.36
1.59 2.68 1.15 0.95 46.11 43.84 47.53 48.37
1.63 2.76 1.07 1.08 46.00 43.73 47.82 47.81
1.71 2.89 1.21 1.03 45.79 43.51 47.28 48.01
1.46 2.39 1.02 0.96 46.50 44.35 48.05 48.32
1.48 2.51 1.00 0.92 46.44 44.14 48.13 48.49
1.52 2.58 0.99 1.00 46.31 44.02 48.16 48.15
1.48 2.48 0.98 0.97 46.44 44.19 48.22 48.26
1.40 2.38 0.88 0.95 46.66 44.37 48.70 48.37
1.37 2.30 0.89 0.91 46.77 44.51 48.61 48.55
1.50 2.55 0.93 1.00 46.39 44.07 48.42 48.13
1.42 2.40 0.91 0.95 46.60 44.33 48.54 48.34
1.42 2.46 0.90 0.90 46.61 44.22 48.59 48.59
1.50 2.54 0.98 0.98 46.38 44.09 48.24 48.22
1.59 2.70 1.02 1.07 46.11 43.82 48.06 47.86
1.53 2.59 0.98 1.02 46.28 44.00 48.21 48.03
1.69 2.85 1.19 1.03 45.86 43.59 47.38 48.01
1.71 2.81 1.17 1.15 45.79 43.64 47.43 47.52
1.82 3.09 1.14 1.22 45.53 43.23 47.56 47.25
1.88 3.18 1.28 1.18 45.39 43.11 47.05 47.39
1.91 3.25 1.25 1.23 45.32 43.01 47.16 47.22
1.82 3.09 1.20 1.17 45.53 43.23 47.33 47.44
2.17 3.78 1.41 1.31 44.77 42.36 46.62 46.96
2.05 3.54 1.37 1.25 45.01 42.65 46.76 47.16
1.91 3.23 1.24 1.26 45.32 43.04 47.20 47.11
2.01 3.41 1.34 1.28 45.10 42.81 46.85 47.08
1.98 3.44 1.19 1.32 45.16 42.76 47.39 46.92
1.93 3.28 1.21 1.29 45.28 42.97 47.31 47.02
1.88 3.21 1.15 1.28 45.39 43.07 47.54 47.05
1.84 3.17 1.12 1.22 45.48 43.12 47.62 47.25
2.01 3.47 1.19 1.38 45.09 42.73 47.39 46.73
2.10 3.69 1.32 1.29 44.91 42.46 46.93 47.03
2.00 3.49 1.21 1.30 45.11 42.70 47.29 46.98
2.16 3.85 1.27 1.36 44.78 42.27 47.08 46.80
2.43 4.30 1.47 1.50 44.28 41.79 46.46 46.36
2.56 4.51 1.67 1.51 44.05 41.59 45.91 46.34
2.49 4.30 1.66 1.52 44.17 41.80 45.94 46.30
2.49 4.33 1.62 1.53 44.16 41.77 46.03 46.29
2.51 4.32 1.58 1.62 44.14 41.78 46.15 46.04
2.38 4.04 1.57 1.53 44.36 42.07 46.17 46.27
2.18 3.71 1.36 1.48 44.74 42.43 46.79 46.44
2.18 3.73 1.37 1.44 44.75 42.42 46.77 46.53
2.27 3.98 1.34 1.50 44.56 42.13 46.84 46.38
2.28 4.02 1.36 1.44 44.56 42.08 46.78 46.54
1.92 3.34 1.13 1.27 45.30 42.89 47.58 47.09
1.79 3.17 1.02 1.17 45.60 43.12 48.03 47.44
1.85 3.37 1.07 1.10 45.47 42.86 47.83 47.70
1.68 3.06 1.03 0.94 45.88 43.27 47.98 48.42
1.61 2.96 1.00 0.87 46.07 43.41 48.15 48.74
1.54 2.92 0.96 0.75 46.24 43.47 48.30 49.39
1.50 2.94 0.87 0.70 46.35 43.45 48.73 49.65
1.34 2.63 0.83 0.58 46.84 43.93 48.96 50.51
1.33 2.65 0.83 0.49 46.91 43.89 48.93 51.25
1.25 2.50 0.78 0.45 47.18 44.15 49.20 51.58
1.23 2.54 0.75 0.42 47.22 44.09 49.40 51.93
1.10 2.25 0.71 0.34 47.72 44.61 49.60 52.86
0.99 2.05 0.65 0.28 48.17 45.02 50.04 53.61
0.99 2.07 0.64 0.24 48.20 44.96 50.07 54.28
0.85 1.79 0.55 0.21 48.83 45.61 50.70 54.83
0.78 1.68 0.50 0.18 49.18 45.89 51.17 55.58
0.74 1.58 0.47 0.17 49.44 46.15 51.37 55.84
0.76 1.62 0.47 0.17 49.35 46.03 51.37 55.86
0.86 1.84 0.55 0.20 48.78 45.49 50.77 55.09
0.83 1.80 0.51 0.20 48.92 45.59 51.07 55.13
0.76 1.62 0.48 0.18 49.34 46.04 51.36 55.65
0.75 1.62 0.47 0.17 49.36 46.02 51.42 55.87
0.88 1.90 0.53 0.20 48.71 45.36 50.87 55.17
0.84 1.85 0.50 0.17 48.91 45.47 51.18 55.90
0.78 1.72 0.48 0.15 49.19 45.78 51.28 56.46
0.79 1.75 0.46 0.16 49.15 45.70 51.46 56.10
0.92 2.02 0.56 0.20 48.48 45.09 50.68 55.14
0.89 1.93 0.54 0.20 48.64 45.28 50.80 55.16
0.90 1.98 0.53 0.19 48.59 45.17 50.87 55.40
0.86 1.84 0.53 0.20 48.80 45.49 50.85 55.15
0.96 2.06 0.58 0.24 48.32 45.00 50.50 54.37
0.98 2.09 0.62 0.23 48.22 44.94 50.20 54.53
0.93 1.99 0.58 0.22 48.45 45.15 50.49 54.72
0.89 1.90 0.56 0.21 48.63 45.33 50.67 54.88
0.98 2.11 0.57 0.25 48.23 44.88 50.59 54.21
0.97 2.09 0.57 0.24 48.28 44.93 50.57 54.37
0.88 1.92 0.53 0.21 48.67 45.31 50.90 55.01
0.87 1.90 0.51 0.20 48.75 45.35 51.09 55.17
0.98 2.13 0.56 0.23 48.24 44.85 50.61 54.43
0.91 1.96 0.55 0.22 48.54 45.20 50.75 54.71
0.87 1.89 0.52 0.20 48.73 45.38 50.95 55.04
0.85 1.84 0.50 0.21 48.85 45.49 51.11 54.97
0.97 2.13 0.55 0.23 48.27 44.84 50.75 54.58
0.91 1.99 0.54 0.21 48.54 45.15 50.83 54.93
0.88 1.94 0.52 0.19 48.68 45.26 51.00 55.30
0.89 1.95 0.52 0.20 48.64 45.23 50.98 55.20
0.97 2.14 0.55 0.21 48.28 44.83 50.69 54.97
0.93 2.04 0.56 0.20 48.43 45.04 50.67 55.05
0.91 2.01 0.53 0.18 48.55 45.10 50.88 55.46
0.93 2.08 0.54 0.17 48.46 44.96 50.82 55.85
0.99 2.20 0.56 0.20 48.20 44.72 50.66 55.09
0.97 2.17 0.56 0.18 48.26 44.76 50.68 55.54
0.93 2.08 0.54 0.17 48.45 44.96 50.81 55.77
0.94 2.10 0.55 0.18 48.39 44.92 50.76 55.53
1.01 2.26 0.58 0.20 48.09 44.59 50.53 55.19
1.03 2.32 0.59 0.19 47.99 44.48 50.44 55.24
0.96 2.17 0.54 0.18 48.29 44.77 50.78 55.54
0.95 2.12 0.55 0.19 48.35 44.88 50.75 55.36
1.05 2.35 0.58 0.22 47.92 44.42 50.49 54.67
1.03 2.28 0.60 0.22 47.99 44.56 50.33 54.69
0.96 2.10 0.57 0.20 48.34 44.92 50.61 55.09
0.99 2.22 0.57 0.19 48.17 44.67 50.59 55.44
1.07 2.37 0.60 0.23 47.85 44.38 50.36 54.59
1.11 2.46 0.65 0.21 47.68 44.22 50.00 54.87
1.02 2.25 0.61 0.21 48.05 44.62 50.31 54.95
1.01 2.24 0.58 0.20 48.11 44.63 50.51 55.18
1.09 2.47 0.60 0.21 47.74 44.20 50.31 54.97
1.09 2.44 0.63 0.22 47.74 44.26 50.13 54.82
1.04 2.38 0.57 0.19 47.94 44.38 50.55 55.43
1.05 2.37 0.60 0.19 47.91 44.38 50.35 55.43
1.15 2.63 0.61 0.20 47.53 43.93 50.28 55.02
1.16 2.64 0.65 0.20 47.48 43.92 50.01 55.16
1.07 2.42 0.59 0.18 47.86 44.29 50.44 55.53
1.07 2.43 0.60 0.18 47.85 44.28 50.37 55.68
1.12 2.53 0.61 0.21 47.65 44.11 50.26 54.85
1.13 2.57 0.62 0.20 47.61 44.04 50.20 55.19
1.13 2.57 0.62 0.19 47.61 44.03 50.22 55.27
1.17 2.69 0.63 0.19 47.45 43.83 50.13 55.44
1.26 2.87 0.68 0.22 47.14 43.55 49.79 54.70
1.22 2.75 0.68 0.22 47.29 43.74 49.82 54.82
1.25 2.88 0.68 0.20 47.16 43.54 49.83 55.13
1.25 2.85 0.70 0.19 47.17 43.58 49.69 55.25
1.35 3.10 0.73 0.23 46.82 43.22 49.48 54.58
1.28 2.88 0.75 0.21 47.06 43.55 49.36 54.90
1.30 2.96 0.73 0.20 47.00 43.42 49.51 55.02
1.34 3.05 0.76 0.22 46.84 43.28 49.30 54.80
1.47 3.36 0.82 0.25 46.44 42.87 48.99 54.19
1.32 2.97 0.75 0.23 46.93 43.41 49.35 54.49
1.25 2.83 0.71 0.22 47.15 43.61 49.63 54.78
1.27 2.85 0.75 0.22 47.08 43.59 49.38 54.63
1.35 3.06 0.75 0.24 46.84 43.28 49.39 54.36
1.29 2.90 0.76 0.23 47.01 43.51 49.34 54.57
1.27 2.88 0.73 0.21 47.09 43.55 49.50 54.97
1.27 2.86 0.74 0.21 47.09 43.57 49.43 54.90
1.41 3.21 0.78 0.24 46.65 43.08 49.22 54.40
1.43 3.22 0.85 0.23 46.58 43.07 48.86 54.49
1.48 3.38 0.83 0.23 46.43 42.85 48.92 54.60
1.44 3.11 0.95 0.26 46.55 43.22 48.33 54.06
1.29 2.79 0.84 0.23 47.04 43.68 48.87 54.55
1.37 2.98 0.90 0.24 46.77 43.40 48.61 54.39
1.39 3.03 0.89 0.23 46.73 43.33 48.67 54.39
1.53 3.33 1.00 0.26 46.30 42.92 48.16 53.92
1.36 2.93 0.89 0.24 46.81 43.46 48.63 54.28
1.40 3.12 0.86 0.23 46.67 43.20 48.80 54.54
1.41 3.10 0.88 0.23 46.67 43.22 48.69 54.49
1.56 3.48 0.97 0.25 46.19 42.73 48.26 54.08
1.37 3.03 0.87 0.22 46.76 43.33 48.73 54.63
1.49 3.30 0.92 0.23 46.42 42.96 48.51 54.47
1.50 3.33 0.92 0.22 46.40 42.91 48.50 54.59
1.64 3.68 0.99 0.24 46.00 42.49 48.18 54.32
1.59 3.58 0.97 0.22 46.13 42.60 48.26 54.74
1.52 3.39 0.95 0.22 46.31 42.83 48.34 54.68
1.47 3.30 0.89 0.22 46.46 42.95 48.60 54.72
1.52 3.39 0.93 0.24 46.33 42.85 48.47 54.28
1.35 2.98 0.85 0.22 46.82 43.39 48.84 54.58
1.43 3.18 0.86 0.24 46.58 43.11 48.75 54.28
1.36 3.08 0.78 0.22 46.80 43.25 49.21 54.72
1.52 3.47 0.86 0.22 46.33 42.74 48.80 54.73
1.37 3.10 0.79 0.22 46.76 43.23 49.14 54.61
1.43 3.20 0.85 0.23 46.59 43.09 48.84 54.43
1.29 2.85 0.77 0.24 47.04 43.58 49.22 54.40
1.35 3.03 0.77 0.24 46.83 43.32 49.25 54.30
1.30 2.92 0.76 0.22 46.99 43.48 49.31 54.74
1.32 2.98 0.76 0.22 46.93 43.39 49.33 54.71
1.30 2.91 0.76 0.22 46.99 43.48 49.32 54.67
1.25 2.80 0.70 0.23 47.18 43.66 49.65 54.54
1.16 2.62 0.65 0.20 47.51 43.95 50.01 55.15
1.07 2.43 0.58 0.21 47.83 44.27 50.55 54.83
1.08 2.43 0.60 0.23 47.79 44.27 50.41 54.61
1.07 2.40 0.58 0.23 47.83 44.32 50.51 54.46
0.97 2.18 0.53 0.21 48.25 44.75 50.84 54.97
0.93 2.09 0.49 0.20 48.45 44.93 51.20 55.02
0.91 2.04 0.48 0.20 48.54 45.04 51.29 55.05
0.96 2.15 0.49 0.22 48.33 44.80 51.22 54.64
0.78 1.73 0.41 0.19 49.22 45.75 51.99 55.39
0.83 1.85 0.43 0.21 48.93 45.45 51.78 54.96
0.85 1.88 0.44 0.22 48.86 45.40 51.71 54.73
0.90 2.02 0.45 0.24 48.60 45.09 51.68 54.36
0.76 1.70 0.38 0.21 49.31 45.83 52.29 54.94
0.81 1.80 0.40 0.23 49.07 45.60 52.12 54.57
0.82 1.83 0.40 0.22 49.00 45.51 52.13 54.58
0.89 1.99 0.43 0.27 48.61 45.14 51.80 53.92
0.83 1.85 0.41 0.22 48.95 45.46 52.01 54.68
0.84 1.88 0.42 0.22 48.90 45.39 51.93 54.75
0.90 2.02 0.45 0.23 48.60 45.09 51.67 54.46
0.94 2.08 0.49 0.26 48.40 44.95 51.26 54.12
0.98 2.23 0.46 0.25 48.22 44.65 51.49 54.15
