0.00 0.00 0.00 0.00 0.00 0.00 0.00 0.00
0.00 0.00 0.00 0.00 0.00 0.00 0.00 0.00
0.00 0.00 0.00 0.00 0.00 0.00 0.00 0.00
0.00 0.00 0.00 0.00 0.00 0.00 0.00 0.00
0.00 0.00 0.00 0.00 0.00 0.00 0.00 0.00
0.00 0.00 0.00 0.00 0.00 0.00 0.00 0.00
0.00 0.00 0.00 0.00 0.00 0.00 0.00 0.00
0.00 0.00 0.00 0.00 0.00 0.00 0.00 0.00
0.00 0.00 0.00 0.00 0.00 0.00 0.00 0.00
0.00 0.00 0.00 0.00 0.00 0.00 0.00 0.00
0.00 0.00 0.00 0.00 0.00 0.00 0.00 0.02
0.00 0.00 0.00 0.00 0.00 0.00 0.00 0.00
0.00 0.00 0.00 0.00 0.00 0.00 0.00 0.00
0.00 0.00 0.00 0.00 0.00 0.00 0.00 0.01
0.00 0.00 0.00 0.00 0.00 0.00 0.00 0.00
0.00 0.00 0.00 0.00 0.00 0.00 0.00 0.00
0.00 0.00 0.00 0.00 0.00 0.00 0.00 0.00
0.00 0.00 0.00 0.00 0.00 0.00 0.00 0.00
0.00 0.00 0.00 0.00 0.00 0.00 0.00 0.00
0.00 0.01 0.00 0.00 0.00 0.01 0.00 0.00
0.00 0.00 0.00 0.00 0.00 0.00 0.01 0.01
0.00 0.00 0.00 0.00 0.00 0.00 0.00 0.00
0.00 0.00 0.00 0.00 0.00 0.00 0.00 0.00
0.00 0.00 0.00 0.00 0.00 0.00 0.00 0.00
0.00 0.00 0.00 0.00 0.00 0.00 0.00 0.00
0.00 0.00 0.00 0.00 0.00 0.00 0.00 0.00
0.00 0.00 0.00 0.00 0.00 0.00 0.00 0.00
0.00 0.00 0.00 0.00 0.00 0.00 0.00 0.00
0.00 0.00 0.00 0.00 0.00 0.00 0.00 0.00
0.00 0.02 0.00 0.00 0.01 0.01 0.00 0.01
0.12 0.89 0.01 0.00 0.69 1.09 0.14 0.00
0.13 0.95 0.01 0.00 0.76 1.22 0.14 0.04
0.28 1.92 0.02 0.00 1.15 1.70 0.32 0.10
0.21 1.47 0.02 0.00 1.07 1.58 0.35 0.04
0.21 1.51 0.01 0.00 0.91 1.46 0.21 0.02
0.23 1.68 0.01 0.00 1.03 1.58 0.22 0.04
0.34 2.37 0.03 0.00 1.18 1.81 0.35 0.07
0.21 1.55 0.01 0.00 0.95 1.48 0.20 0.04
0.21 1.51 0.01 0.00 0.88 1.35 0.21 0.06
0.31 2.10 0.03 0.00 1.28 1.89 0.43 0.10
0.38 2.66 0.02 0.00 1.17 1.74 0.28 0.14
0.36 2.56 0.02 0.00 1.36 2.00 0.36 0.09
0.34 2.28 0.03 0.00 1.24 1.78 0.38 0.16
0.37 2.56 0.03 0.00 1.40 1.97 0.48 0.12
0.55 3.85 0.04 0.00 1.46 2.13 0.40 0.15
0.45 3.14 0.04 0.00 1.53 2.15 0.55 0.08
0.48 3.36 0.04 0.00 1.50 2.11 0.57 0.06
0.48 3.31 0.05 0.00 1.59 2.20 0.61 0.13
0.67 4.72 0.05 0.00 1.70 2.42 0.55 0.11
0.37 2.67 0.02 0.00 1.38 1.98 0.33 0.15
0.48 3.37 0.04 0.00 1.51 2.13 0.48 0.13
0.49 3.32 0.04 0.01 1.59 2.16 0.59 0.23
0.70 4.87 0.05 0.01 1.76 2.45 0.56 0.24
0.64 4.70 0.03 0.00 2.01 2.84 0.52 0.12
0.48 3.48 0.03 0.00 1.47 2.07 0.41 0.10
0.61 4.46 0.03 0.00 1.78 2.49 0.43 0.15
0.81 5.70 0.06 0.00 1.93 2.66 0.67 0.16
0.57 4.13 0.04 0.00 1.78 2.44 0.58 0.09
0.57 3.99 0.05 0.00 1.54 2.08 0.65 0.07
0.49 3.62 0.03 0.00 1.49 2.11 0.44 0.02
0.00 0.01 0.00 0.00 0.01 0.01 0.02 0.00
0.00 0.01 0.00 0.00 0.01 0.01 0.06 0.00
0.00 0.00 0.00 0.00 0.00 0.00 0.01 0.01
0.00 0.00 0.00 0.00 0.01 0.01 0.01 0.01
0.00 0.01 0.00 0.00 0.01 0.01 0.01 0.01
0.00 0.00 0.00 0.00 0.01 0.01 0.02 0.01
0.00 0.00 0.00 0.00 0.00 0.00 0.00 0.01
0.00 0.00 0.00 0.00 0.00 0.00 0.01 0.00
0.00 0.00 0.00 0.00 0.00 0.00 0.01 0.00
0.00 0.00 0.00 0.00 0.00 0.00 0.01 0.01
0.00 0.00 0.00 0.00 0.00 0.00 0.01 0.02
0.00 0.00 0.00 0.00 0.00 0.00 0.00 0.02
0.00 0.00 0.00 0.00 0.00 0.00 0.00 0.01
0.00 0.00 0.00 0.00 0.00 0.00 0.00 0.01
0.00 0.00 0.00 0.00 0.00 0.00 0.01 0.01
0.00 0.00 0.00 0.00 0.00 0.00 0.00 0.02
0.00 0.00 0.00 0.00 0.00 0.00 0.00 0.02
0.00 0.00 0.00 0.00 0.00 0.00 0.01 0.01
0.00 0.00 0.00 0.00 0.00 0.00 0.00 0.02
0.00 0.00 0.00 0.00 0.00 0.00 0.01 0.02
0.00 0.00 0.00 0.00 0.00 0.01 0.01 0.01
0.00 0.00 0.00 0.00 0.00 0.00 0.01 0.01
0.00 0.00 0.00 0.00 0.00 0.00 0.01 0.01
0.00 0.00 0.00 0.00 0.00 0.01 0.01 0.01
0.00 0.00 0.00 0.00 0.00 0.00 0.01 0.01
0.00 0.00 0.00 0.00 0.00 0.00 0.01 0.02
0.00 0.00 0.00 0.00 0.00 0.00 0.00 0.01
0.00 0.00 0.00 0.00 0.00 0.00 0.00 0.02
0.00 0.00 0.00 0.00 0.00 0.00 0.01 0.01
0.00 0.00 0.00 0.00 0.00 0.00 0.01 0.02
0.00 0.00 0.00 0.00 0.00 0.00 0.01 0.00
0.00 0.00 0.00 0.00 0.00 0.00 0.00 0.00
0.00 0.00 0.00 0.00 0.00 0.00 0.00 0.01
0.00 0.00 0.00 0.00 0.00 0.01 0.00 0.00
0.00 0.00 0.00 0.00 0.00 0.00 0.01 0.01
0.00 0.00 0.00 0.00 0.00 0.00 0.01 0.01
0.00 0.00 0.00 0.00 0.00 0.00 0.01 0.00
0.00 0.00 0.00 0.00 0.00 0.00 0.00 0.02
0.00 0.00 0.00 0.00 0.00 0.00 0.01 0.02
0.00 0.00 0.00 0.00 0.00 0.00 0.00 0.01
0.00 0.00 0.00 0.00 0.00 0.00 0.01 0.01
0.00 0.00 0.00 0.00 0.00 0.01 0.01 0.01
0.00 0.00 0.00 0.00 0.00 0.00 0.01 0.01
0.00 0.00 0.00 0.00 0.00 0.00 0.00 0.01
0.00 0.00 0.00 0.00 0.00 0.01 0.01 0.00
0.00 0.00 0.00 0.00 0.00 0.00 0.01 0.00
0.00 0.00 0.00 0.00 0.00 0.00 0.01 0.00
0.00 0.00 0.00 0.00 0.00 0.00 0.01 0.01
0.00 0.00 0.00 0.00 0.00 0.01 0.00 0.00
0.00 0.00 0.00 0.00 0.00 0.01 0.01 0.03
0.00 0.00 0.00 0.00 0.00 0.01 0.01 0.00
0.00 0.00 0.00 0.00 0.00 0.01 0.00 0.01
0.00 0.00 0.00 0.00 0.00 0.00 0.01 0.00
0.00 0.00 0.00 0.00 0.00 0.01 0.01 0.01
0.00 0.00 0.00 0.00 0.00 0.00 0.01 0.00
0.00 0.00 0.00 0.00 0.01 0.01 0.01 0.00
0.00 0.00 0.00 0.00 0.01 0.01 0.00 0.00
0.00 0.00 0.00 0.00 0.00 0.00 0.00 0.01
0.00 0.00 0.00 0.00 0.00 0.01 0.00 0.01
0.00 0.00 0.00 0.00 0.00 0.00 0.01 0.02
0.00 0.00 0.00 0.00 0.00 0.00 0.00 0.02
0.00 0.00 0.00 0.00 0.00 0.00 0.00 0.01
0.00 0.00 0.00 0.00 0.00 0.00 0.00 0.01
0.00 0.00 0.00 0.00 0.00 0.00 0.00 0.01
0.00 0.00 0.00 0.00 0.00 0.00 0.01 0.00
0.00 0.00 0.00 0.00 0.00 0.00 0.01 0.01
0.00 0.00 0.00 0.00 0.00 0.00 0.01 0.01
0.00 0.00 0.00 0.00 0.00 0.00 0.01 0.02
0.00 0.00 0.00 0.00 0.00 0.00 0.00 0.01
0.00 0.00 0.00 0.00 0.00 0.00 0.00 0.01
0.00 0.00 0.00 0.00 0.00 0.00 0.01 0.01
0.00 0.00 0.00 0.00 0.00 0.00 0.00 0.01
0.00 0.00 0.00 0.00 0.00 0.00 0.00 0.01
0.00 0.00 0.00 0.00 0.00 0.00 0.00 0.01
0.00 0.00 0.00 0.00 0.00 0.00 0.01 0.01
0.00 0.00 0.00 0.00 0.00 0.00 0.00 0.01
0.00 0.00 0.00 0.00 0.00 0.00 0.00 0.00
0.00 0.00 0.00 0.00 0.00 0.00 0.01 0.00
0.00 0.00 0.00 0.00 0.00 0.00 0.01 0.01
0.00 0.00 0.00 0.00 0.00 0.00 0.00 0.01
0.00 0.00 0.00 0.00 0.00 0.00 0.00 0.00
0.00 0.00 0.00 0.00 0.00 0.00 0.01 0.01
0.00 0.00 0.00 0.00 0.00 0.00 0.01 0.01
0.00 0.00 0.00 0.00 0.00 0.00 0.01 0.01
0.00 0.00 0.00 0.00 0.00 0.00 0.01 0.01
0.00 0.00 0.00 0.00 0.00 0.00 0.01 0.01
0.00 0.00 0.00 0.00 0.00 0.00 0.01 0.01
0.00 0.00 0.00 0.00 0.00 0.00 0.01 0.02
0.00 0.00 0.00 0.00 0.00 0.00 0.01 0.01
0.00 0.00 0.00 0.00 0.00 0.00 0.01 0.01
0.00 0.00 0.00 0.00 0.00 0.00 0.00 0.02
0.00 0.00 0.00 0.00 0.00 0.00 0.00 0.01
0.00 0.00 0.00 0.00 0.00 0.00 0.01 0.00
0.00 0.00 0.00 0.00 0.00 0.01 0.01 0.01
0.00 0.00 0.00 0.00 0.00 0.00 0.01 0.01
0.00 0.00 0.00 0.00 0.00 0.00 0.01 0.01
0.00 0.00 0.00 0.00 0.00 0.00 0.00 0.00
0.00 0.00 0.00 0.00 0.00 0.00 0.01 0.01
0.00 0.00 0.00 0.00 0.00 0.00 0.00 0.01
0.00 0.00 0.00 0.00 0.00 0.00 0.00 0.01
0.00 0.00 0.00 0.00 0.00 0.00 0.00 0.01
0.00 0.00 0.00 0.00 0.00 0.00 0.00 0.01
0.00 0.00 0.00 0.00 0.00 0.00 0.01 0.00
0.00 0.00 0.00 0.00 0.00 0.00 0.00 0.01
0.00 0.00 0.00 0.00 0.00 0.00 0.00 0.01
0.00 0.00 0.00 0.00 0.00 0.00 0.01 0.01
0.00 0.00 0.00 0.00 0.00 0.00 0.00 0.00
0.00 0.00 0.00 0.00 0.00 0.00 0.00 0.01
0.00 0.00 0.00 0.00 0.00 0.00 0.00 0.00
0.00 0.00 0.00 0.00 0.00 0.00 0.00 0.00
0.00 0.00 0.00 0.00 0.00 0.00 0.00 0.01
0.00 0.00 0.00 0.00 0.00 0.00 0.00 0.00
0.00 0.00 0.00 0.00 0.00 0.00 0.01 0.01
0.00 0.00 0.00 0.00 0.00 0.00 0.01 0.00
0.00 0.00 0.00 0.00 0.00 0.00 0.01 0.01
0.00 0.00 0.00 0.00 0.00 0.00 0.01 0.01
0.00 0.00 0.00 0.00 0.00 0.00 0.00 0.00
0.00 0.00 0.00 0.00 0.00 0.00 0.00 0.00
0.00 0.00 0.00 0.00 0.00 0.00 0.01 0.01
0.00 0.00 0.00 0.00 0.00 0.00 0.00 0.00
0.00 0.00 0.00 0.00 0.00 0.00 0.00 0.00
0.00 0.00 0.00 0.00 0.00 0.00 0.01 0.00
0.00 0.00 0.00 0.00 0.00 0.00 0.01 0.00
0.00 0.00 0.00 0.00 0.00 0.00 0.00 0.01
0.00 0.00 0.00 0.00 0.00 0.00 0.00 0.01
0.00 0.00 0.00 0.00 0.00 0.00 0.00 0.00
0.00 0.00 0.00 0.00 0.00 0.00 0.01 0.00
0.00 0.00 0.00 0.00 0.00 0.00 0.01 0.00
0.00 0.00 0.00 0.00 0.00 0.00 0.00 0.00
0.00 0.00 0.00 0.00 0.00 0.00 0.02 0.01
0.00 0.00 0.00 0.00 0.00 0.00 0.00 0.01
0.00 0.00 0.00 0.00 0.00 0.00 0.01 0.01
0.00 0.00 0.00 0.00 0.00 0.00 0.00 0.00
0.00 0.00 0.00 0.00 0.00 0.00 0.01 0.02
0.00 0.00 0.00 0.00 0.00 0.00 0.00 0.00
0.00 0.00 0.00 0.00 0.01 0.01 0.02 0.02
0.00 0.00 0.00 0.00 0.00 0.00 0.02 0.01
0.00 0.00 0.00 0.00 0.00 0.00 0.01 0.01
0.00 0.00 0.00 0.00 0.00 0.00 0.01 0.01
0.00 0.00 0.00 0.00 0.00 0.00 0.01 0.01
0.00 0.00 0.00 0.00 0.00 0.00 0.01 0.01
0.00 0.00 0.00 0.00 0.00 0.01 0.01 0.03
0.00 0.00 0.00 0.00 0.00 0.01 0.01 0.00
0.00 0.00 0.00 0.00 0.00 0.00 0.01 0.01
0.00 0.00 0.00 0.00 0.00 0.01 0.01 0.00
0.00 0.00 0.00 0.00 0.00 0.00 0.02 0.04
0.00 0.00 0.00 0.00 0.00 0.00 0.00 0.02
0.00 0.00 0.00 0.00 0.00 0.01 0.01 0.02
0.00 0.00 0.00 0.00 0.00 0.00 0.01 0.03
0.00 0.00 0.00 0.00 0.00 0.00 0.01 0.02
0.00 0.00 0.00 0.00 0.00 0.00 0.01 0.01
0.00 0.00 0.00 0.00 0.00 0.01 0.00 0.01
0.00 0.00 0.00 0.00 0.00 0.00 0.01 0.01
0.00 0.00 0.00 0.00 0.00 0.01 0.01 0.01
0.00 0.00 0.00 0.00 0.00 0.00 0.01 0.01
0.00 0.00 0.00 0.00 0.00 0.00 0.01 0.01
0.00 0.00 0.00 0.00 0.00 0.00 0.01 0.00
0.00 0.00 0.00 0.00 0.00 0.01 0.01 0.01
0.00 0.00 0.00 0.00 0.00 0.00 0.01 0.00
0.00 0.00 0.00 0.00 0.01 0.00 0.01 0.02
0.00 0.00 0.00 0.00 0.00 0.00 0.01 0.00
0.00 0.00 0.00 0.00 0.00 0.00 0.01 0.01
0.00 0.00 0.00 0.00 0.00 0.00 0.01 0.01
0.00 0.00 0.00 0.00 0.00 0.00 0.01 0.01
0.00 0.00 0.00 0.00 0.00 0.00 0.00 0.00
0.00 0.00 0.00 0.00 0.00 0.00 0.01 0.01
0.00 0.00 0.00 0.00 0.00 0.00 0.00 0.00
0.00 0.00 0.00 0.00 0.00 0.00 0.01 0.01
0.00 0.00 0.00 0.00 0.00 0.00 0.01 0.00
0.00 0.00 0.00 0.00 0.00 0.01 0.00 0.00
0.00 0.00 0.00 0.00 0.00 0.00 0.01 0.02
0.00 0.00 0.00 0.00 0.00 0.00 0.01 0.01
0.00 0.00 0.00 0.00 0.00 0.00 0.00 0.01
0.00 0.00 0.00 0.00 0.00 0.00 0.01 0.01
0.00 0.00 0.00 0.00 0.00 0.00 0.01 0.01
0.00 0.00 0.00 0.00 0.00 0.00 0.00 0.01
0.00 0.00 0.00 0.00 0.00 0.00 0.00 0.01
0.00 0.00 0.00 0.00 0.00 0.00 0.01 0.02
0.00 0.00 0.00 0.00 0.00 0.00 0.00 0.00
0.00 0.00 0.00 0.00 0.00 0.00 0.01 0.01
0.00 0.00 0.00 0.00 0.00 0.00 0.01 0.00
0.00 0.00 0.00 0.00 0.00 0.00 0.00 0.01
0.00 0.00 0.00 0.00 0.00 0.00 0.01 0.00
0.00 0.00 0.00 0.00 0.00 0.00 0.01 0.01
0.00 0.00 0.00 0.00 0.00 0.00 0.00 0.00
0.00 0.00 0.00 0.00 0.00 0.00 0.01 0.01
0.00 0.00 0.00 0.00 0.00 0.00 0.01 0.01
0.00 0.00 0.00 0.00 0.00 0.00 0.01 0.02
0.00 0.00 0.00 0.00 0.00 0.00 0.00 0.00
0.00 0.00 0.00 0.00 0.00 0.00 0.01 0.01
0.00 0.00 0.00 0.00 0.00 0.00 0.00 0.00
0.00 0.00 0.00 0.00 0.00 0.00 0.00 0.00
0.00 0.00 0.00 0.00 0.00 0.00 0.00 0.00
0.00 0.00 0.00 0.00 0.00 0.00 0.00 0.00
0.00 0.00 0.00 0.00 0.00 0.00 0.00 0.00
0.00 0.00 0.00 0.00 0.00 0.00 0.00 0.00
0.00 0.00 0.00 0.00 0.00 0.00 0.00 0.00
0.00 0.00 0.00 0.00 0.00 0.00 0.00 0.00
0.00 0.00 0.00 0.00 0.00 0.00 0.00 0.00
0.00 0.00 0.00 0.00 0.00 0.00 0.00 0.00
0.00 0.00 0.00 0.00 0.00 0.00 0.00 0.00
0.00 0.00 0.00 0.00 0.00 0.00 0.00 0.00
0.00 0.00 0.00 0.00 0.00 0.00 0.00 0.00
0.00 0.00 0.00 0.00 0.00 0.00 0.00 0.01
0.00 0.00 0.00 0.00 0.00 0.00 0.00 0.00
0.00 0.00 0.00 0.00 0.00 0.00 0.00 0.00
0.00 0.00 0.00 0.00 0.00 0.00 0.00 0.00
0.00 0.00 0.00 0.00 0.00 0.00 0.00 0.02
0.00 0.00 0.00 0.00 0.00 0.00 0.00 0.00
0.00 0.00 0.00 0.00 0.00 0.00 0.00 0.00
0.00 0.00 0.00 0.00 0.00 0.00 0.00 0.00
0.00 0.00 0.00 0.00 0.00 0.00 0.01 0.01
0.00 0.00 0.00 0.00 0.00 0.00 0.00 0.00
0.00 0.00 0.00 0.00 0.00 0.00 0.01 0.00
0.00 0.00 0.00 0.00 0.00 0.00 0.00 0.00
0.00 0.00 0.00 0.00 0.00 0.00 0.00 0.00
0.00 0.00 0.00 0.00 0.00 0.00 0.00 0.00
0.00 0.00 0.00 0.00 0.00 0.00 0.00 0.00
0.00 0.00 0.00 0.00 0.00 0.00 0.00 0.00
0.00 0.00 0.00 0.00 0.00 0.00 0.00 0.00
0.00 0.00 0.00 0.00 0.00 0.00 0.01 0.00
0.00 0.00 0.00 0.00 0.00 0.00 0.00 0.00
0.00 0.00 0.00 0.00 0.00 0.00 0.00 0.00
0.00 0.00 0.00 0.00 0.00 0.00 0.00 0.02
0.00 0.00 0.00 0.00 0.00 0.00 0.00 0.01
0.00 0.00 0.00 0.00 0.00 0.00 0.01 0.01
0.00 0.00 0.00 0.00 0.00 0.01 0.01 0.00
0.00 0.00 0.00 0.00 0.00 0.00 0.01 0.00
0.00 0.00 0.00 0.00 0.00 0.00 0.00 0.01
0.00 0.00 0.00 0.00 0.00 0.00 0.01 0.00
0.00 0.00 0.00 0.00 0.00 0.01 0.00 0.00
0.00 0.00 0.00 0.00 0.00 0.00 0.00 0.01
0.00 0.00 0.00 0.00 0.00 0.00 0.00 0.00
0.00 0.00 0.00 0.00 0.00 0.00 0.01 0.01
0.00 0.00 0.00 0.00 0.00 0.00 0.00 0.01
0.00 0.00 0.00 0.00 0.00 0.00 0.01 0.01
0.00 0.00 0.00 0.00 0.00 0.00 0.00 0.01
0.00 0.00 0.00 0.00 0.01 0.01 0.01 0.00
0.00 0.00 0.00 0.00 0.00 0.00 0.01 0.01
0.00 0.00 0.00 0.00 0.00 0.00 0.00 0.00
0.00 0.00 0.00 0.00 0.00 0.00 0.01 0.01
0.00 0.00 0.00 0.00 0.00 0.00 0.00 0.01
0.00 0.00 0.00 0.00 0.00 0.00 0.00 0.01
0.00 0.00 0.00 0.00 0.00 0.00 0.00 0.04
0.00 0.00 0.00 0.00 0.01 0.01 0.01 0.02
0.00 0.00 0.00 0.00 0.01 0.01 0.01 0.02
0.00 0.00 0.00 0.00 0.00 0.00 0.00 0.01
0.00 0.00 0.00 0.00 0.01 0.00 0.02 0.01
0.00 0.00 0.00 0.00 0.00 0.00 0.00 0.01
0.00 0.00 0.00 0.00 0.01 0.01 0.03 0.00
0.00 0.00 0.00 0.00 0.01 0.00 0.01 0.01
0.00 0.00 0.00 0.00 0.01 0.01 0.00 0.00
0.00 0.00 0.00 0.00 0.00 0.01 0.01 0.02
0.00 0.00 0.00 0.00 0.00 0.01 0.01 0.02
0.00 0.00 0.00 0.00 0.01 0.01 0.00 0.01
0.00 0.00 0.00 0.00 0.00 0.00 0.00 0.01
0.00 0.00 0.00 0.00 0.00 0.00 0.01 0.02
0.00 0.00 0.00 0.00 0.01 0.01 0.01 0.01
0.00 0.00 0.00 0.00 0.01 0.01 0.01 0.02
0.00 0.00 0.00 0.00 0.01 0.01 0.01 0.01
0.00 0.00 0.00 0.00 0.00 0.00 0.02 0.04
0.00 0.00 0.00 0.00 0.00 0.00 0.02 0.02
0.00 0.00 0.00 0.00 0.00 0.00 0.01 0.01
0.00 0.00 0.00 0.00 0.01 0.01 0.02 0.01
0.00 0.00 0.00 0.00 0.01 0.01 0.01 0.01
0.00 0.00 0.00 0.00 0.01 0.00 0.02 0.04
0.00 0.00 0.00 0.00 0.00 0.00 0.01 0.02
0.00 0.00 0.00 0.00 0.00 0.00 0.01 0.02
0.00 0.00 0.00 0.00 0.01 0.01 0.01 0.04
0.00 0.00 0.00 0.00 0.00 0.00 0.01 0.01
0.00 0.00 0.00 0.00 0.00 0.00 0.00 0.01
0.00 0.00 0.00 0.00 0.00 0.00 0.01 0.01
0.00 0.00 0.00 0.00 0.00 0.00 0.01 0.01
0.00 0.00 0.00 0.00 0.00 0.00 0.01 0.01
0.00 0.00 0.00 0.00 0.00 0.00 0.00 0.04
0.00 0.00 0.00 0.00 0.00 0.00 0.01 0.01
0.00 0.00 0.00 0.00 0.00 0.00 0.01 0.03
0.00 0.00 0.00 0.00 0.00 0.00 0.02 0.02
0.00 0.00 0.00 0.00 0.00 0.00 0.00 0.00
0.00 0.00 0.00 0.00 0.00 0.00 0.00 0.01
0.00 0.00 0.00 0.00 0.00 0.00 0.01 0.01
0.00 0.00 0.00 0.00 0.00 0.00 0.00 0.01
0.00 0.00 0.00 0.00 0.00 0.00 0.01 0.00
0.00 0.00 0.00 0.00 0.00 0.00 0.00 0.02
0.00 0.00 0.00 0.00 0.00 0.00 0.00 0.00
0.00 0.00 0.00 0.00 0.00 0.00 0.00 0.01
0.00 0.00 0.00 0.00 0.00 0.00 0.00 0.02
0.00 0.00 0.00 0.00 0.00 0.00 0.01 0.02
0.00 0.00 0.00 0.00 0.00 0.00 0.00 0.01
0.00 0.00 0.00 0.00 0.00 0.01 0.01 0.01
0.00 0.00 0.00 0.00 0.00 0.00 0.00 0.01
0.00 0.00 0.00 0.00 0.00 0.00 0.01 0.02
0.00 0.00 0.00 0.00 0.00 0.00 0.01 0.02
0.00 0.00 0.00 0.00 0.00 0.00 0.00 0.01
0.00 0.00 0.00 0.00 0.00 0.00 0.01 0.02
0.00 0.00 0.00 0.00 0.00 0.00 0.01 0.02
0.00 0.00 0.00 0.00 0.00 0.00 0.01 0.01
0.00 0.00 0.00 0.00 0.00 0.00 0.01 0.02
0.00 0.00 0.00 0.00 0.00 0.00 0.01 0.01
0.00 0.00 0.00 0.00 0.00 0.00 0.01 0.01
0.00 0.00 0.00 0.00 0.00 0.00 0.01 0.02
0.00 0.00 0.00 0.00 0.00 0.00 0.01 0.01
0.00 0.00 0.00 0.00 0.01 0.01 0.01 0.01
0.00 0.00 0.00 0.00 0.00 0.01 0.01 0.02
0.00 0.00 0.00 0.00 0.00 0.00 0.01 0.02
0.00 0.00 0.00 0.00 0.01 0.01 0.01 0.02
0.00 0.00 0.00 0.00 0.00 0.00 0.01 0.02
0.00 0.00 0.00 0.00 0.00 0.00 0.01 0.01
0.00 0.00 0.00 0.00 0.00 0.00 0.00 0.01
0.00 0.00 0.00 0.00 0.00 0.01 0.00 0.01
0.00 0.00 0.00 0.00 0.00 0.00 0.00 0.02
0.00 0.00 0.00 0.00 0.00 0.00 0.01 0.03
0.00 0.00 0.00 0.00 0.00 0.00 0.01 0.02
0.00 0.00 0.00 0.00 0.00 0.00 0.01 0.03
0.00 0.00 0.00 0.00 0.00 0.00 0.00 0.02
0.00 0.00 0.00 0.00 0.00 0.01 0.01 0.06
0.00 0.00 0.00 0.00 0.00 0.00 0.00 0.03
0.00 0.00 0.00 0.00 0.01 0.01 0.01 0.05
0.00 0.00 0.00 0.00 0.00 0.00 0.00 0.01
0.00 0.00 0.00 0.00 0.00 0.00 0.01 0.02
0.00 0.00 0.00 0.00 0.00 0.00 0.01 0.04
0.00 0.00 0.00 0.00 0.00 0.01 0.00 0.03
0.00 0.00 0.00 0.00 0.00 0.00 0.00 0.03
0.00 0.00 0.00 0.00 0.01 0.01 0.01 0.04
0.00 0.00 0.00 0.00 0.00 0.00 0.01 0.02
0.00 0.00 0.00 0.00 0.00 0.00 0.01 0.02
0.00 0.00 0.00 0.00 0.00 0.00 0.00 0.01
0.00 0.00 0.00 0.00 0.00 0.00 0.01 0.01
0.00 0.00 0.00 0.00 0.00 0.00 0.00 0.01
0.00 0.00 0.00 0.00 0.00 0.00 0.01 0.03
0.00 0.00 0.00 0.00 0.00 0.00 0.00 0.01
0.00 0.00 0.00 0.00 0.01 0.01 0.01 0.02
0.00 0.00 0.00 0.00 0.00 0.01 0.00 0.01
0.00 0.00 0.00 0.00 0.01 0.01 0.01 0.02
0.00 0.01 0.00 0.00 0.00 0.01 0.00 0.01
0.00 0.00 0.00 0.00 0.00 0.00 0.01 0.02
0.00 0.00 0.00 0.00 0.00 0.00 0.01 0.02
0.00 0.00 0.00 0.00 0.00 0.00 0.00 0.03
0.00 0.01 0.00 0.00 0.01 0.01 0.00 0.01
0.00 0.00 0.00 0.00 0.00 0.00 0.00 0.01
0.00 0.00 0.00 0.00 0.00 0.00 0.00 0.01
0.00 0.00 0.00 0.00 0.00 0.00 0.00 0.01
0.00 0.00 0.00 0.00 0.00 0.01 0.00 0.01
0.00 0.00 0.00 0.00 0.00 0.00 0.01 0.01
0.00 0.00 0.00 0.00 0.00 0.00 0.01 0.01
0.00 0.00 0.00 0.00 0.00 0.01 0.01 0.01
0.00 0.00 0.00 0.00 0.00 0.00 0.01 0.01
0.00 0.00 0.00 0.00 0.00 0.00 0.00 0.01
0.00 0.00 0.00 0.00 0.00 0.00 0.00 0.01
0.00 0.00 0.00 0.00 0.01 0.01 0.01 0.02
0.00 0.01 0.00 0.00 0.01 0.01 0.01 0.01
0.00 0.00 0.00 0.00 0.00 0.00 0.01 0.02
0.00 0.00 0.00 0.00 0.00 0.00 0.01 0.02
0.00 0.01 0.00 0.00 0.01 0.01 0.01 0.01
0.00 0.01 0.00 0.00 0.01 0.01 0.01 0.02
0.00 0.00 0.00 0.00 0.01 0.01 0.01 0.03
0.00 0.00 0.00 0.00 0.00 0.00 0.00 0.01
0.00 0.00 0.00 0.00 0.00 0.00 0.01 0.01
0.00 0.00 0.00 0.00 0.01 0.01 0.01 0.02
0.00 0.00 0.00 0.00 0.01 0.01 0.01 0.02
0.00 0.00 0.00 0.00 0.00 0.00 0.01 0.04
0.00 0.00 0.00 0.00 0.00 0.00 0.00 0.02
0.00 0.00 0.00 0.00 0.00 0.01 0.00 0.01
0.00 0.00 0.00 0.00 0.00 0.00 0.01 0.04
0.00 0.00 0.00 0.00 0.00 0.00 0.00 0.01
0.00 0.00 0.00 0.00 0.01 0.01 0.02 0.05
0.00 0.00 0.00 0.00 0.00 0.01 0.00 0.02
0.00 0.00 0.00 0.00 0.00 0.00 0.01 0.01
0.00 0.00 0.00 0.00 0.01 0.01 0.01 0.04
0.00 0.00 0.00 0.00 0.00 0.00 0.01 0.02
0.00 0.00 0.00 0.00 0.01 0.02 0.00 0.00
0.00 0.01 0.00 0.00 0.03 0.03 0.03 0.02
0.00 0.00 0.00 0.00 0.00 0.01 0.01 0.03
0.00 0.00 0.00 0.00 0.02 0.02 0.02 0.04
0.00 0.00 0.00 0.00 0.02 0.02 0.02 0.02
0.00 0.00 0.00 0.00 0.01 0.01 0.01 0.02
0.00 0.00 0.00 0.00 0.00 0.01 0.01 0.01
0.00 0.00 0.00 0.00 0.02 0.02 0.02 0.04
0.00 0.00 0.00 0.00 0.01 0.01 0.01 0.01
0.00 0.00 0.00 0.00 0.01 0.01 0.03 0.03
0.00 0.00 0.00 0.00 0.01 0.01 0.03 0.03
0.00 0.00 0.00 0.00 0.00 0.01 0.02 0.02
0.00 0.00 0.00 0.00 0.00 0.01 0.01 0.01
0.00 0.00 0.00 0.00 0.01 0.01 0.03 0.03
0.00 0.00 0.00 0.00 0.01 0.01 0.01 0.01
0.00 0.00 0.00 0.00 0.01 0.01 0.01 0.02
0.00 0.00 0.00 0.00 0.01 0.01 0.01 0.03
0.00 0.00 0.00 0.00 0.01 0.01 0.01 0.01
0.00 0.00 0.00 0.00 0.01 0.01 0.01 0.01
0.00 0.00 0.00 0.00 0.01 0.01 0.00 0.02
0.01 0.05 0.00 0.00 0.10 0.16 0.04 0.02
0.00 0.02 0.00 0.00 0.06 0.08 0.05 0.04
0.01 0.04 0.00 0.00 0.11 0.13 0.06 0.07
0.01 0.04 0.00 0.00 0.09 0.12 0.05 0.04
0.01 0.06 0.00 0.00 0.11 0.17 0.05 0.03
0.01 0.05 0.00 0.00 0.12 0.16 0.05 0.03
0.01 0.05 0.00 0.00 0.11 0.14 0.05 0.04
0.01 0.04 0.00 0.00 0.11 0.14 0.05 0.05
0.01 0.09 0.00 0.00 0.15 0.22 0.06 0.02
0.00 0.03 0.00 0.00 0.07 0.10 0.04 0.02
0.01 0.06 0.00 0.00 0.11 0.14 0.07 0.04
0.01 0.04 0.00 0.00 0.09 0.11 0.08 0.04
0.01 0.06 0.00 0.00 0.09 0.13 0.05 0.04
0.01 0.05 0.00 0.00 0.09 0.13 0.04 0.05
0.01 0.08 0.00 0.00 0.15 0.19 0.09 0.07
0.01 0.06 0.00 0.00 0.14 0.16 0.12 0.05
0.02 0.10 0.00 0.00 0.16 0.21 0.11 0.04
0.01 0.07 0.00 0.00 0.14 0.18 0.08 0.06
0.02 0.09 0.00 0.00 0.16 0.19 0.10 0.09
0.02 0.12 0.00 0.00 0.19 0.26 0.07 0.05
0.02 0.12 0.00 0.00 0.15 0.21 0.07 0.04
0.01 0.05 0.00 0.00 0.10 0.12 0.07 0.06
0.01 0.09 0.00 0.00 0.13 0.16 0.08 0.05
0.01 0.07 0.00 0.00 0.10 0.14 0.04 0.04
0.02 0.12 0.00 0.00 0.15 0.18 0.09 0.05
0.01 0.07 0.00 0.00 0.11 0.14 0.08 0.07
0.03 0.16 0.00 0.00 0.20 0.25 0.09 0.09
0.02 0.13 0.00 0.00 0.18 0.22 0.10 0.11
0.04 0.24 0.00 0.00 0.20 0.27 0.08 0.05
0.01 0.08 0.00 0.00 0.09 0.13 0.03 0.05
0.00 0.02 0.00 0.00 0.02 0.02 0.02 0.02
0.01 0.04 0.00 0.00 0.04 0.06 0.01 0.03
0.01 0.04 0.00 0.00 0.03 0.04 0.02 0.02
0.01 0.04 0.00 0.00 0.05 0.06 0.02 0.05
0.01 0.05 0.00 0.00 0.05 0.07 0.03 0.04
0.01 0.05 0.00 0.00 0.06 0.07 0.05 0.05
0.02 0.08 0.01 0.00 0.08 0.08 0.08 0.06
0.00 0.01 0.00 0.00 0.03 0.02 0.05 0.04
0.00 0.02 0.00 0.00 0.02 0.02 0.01 0.03
0.00 0.03 0.00 0.00 0.03 0.04 0.01 0.03
0.01 0.05 0.00 0.00 0.05 0.05 0.03 0.03
0.00 0.02 0.00 0.00 0.03 0.03 0.03 0.06
0.01 0.04 0.00 0.00 0.04 0.05 0.02 0.02
0.00 0.02 0.00 0.00 0.03 0.03 0.02 0.06
0.01 0.05 0.00 0.00 0.05 0.05 0.04 0.06
0.00 0.02 0.00 0.00 0.03 0.02 0.03 0.08
0.01 0.02 0.00 0.00 0.03 0.03 0.03 0.04
0.01 0.04 0.00 0.00 0.05 0.05 0.05 0.07
0.01 0.03 0.00 0.00 0.02 0.03 0.01 0.03
0.01 0.04 0.00 0.00 0.03 0.04 0.02 0.03
0.01 0.03 0.00 0.00 0.04 0.04 0.01 0.09
0.00 0.02 0.00 0.00 0.03 0.03 0.02 0.06
0.01 0.03 0.00 0.00 0.04 0.04 0.04 0.03
0.00 0.02 0.00 0.00 0.03 0.03 0.04 0.02
0.01 0.03 0.00 0.00 0.03 0.03 0.02 0.05
0.00 0.00 0.00 0.00 0.01 0.01 0.01 0.04
0.00 0.02 0.00 0.00 0.02 0.03 0.01 0.05
0.00 0.02 0.00 0.00 0.02 0.03 0.01 0.04
0.01 0.03 0.00 0.00 0.03 0.03 0.03 0.03
0.01 0.03 0.00 0.00 0.04 0.04 0.02 0.04
0.04 0.31 0.00 0.00 0.17 0.26 0.04 0.01
0.05 0.38 0.00 0.00 0.21 0.32 0.05 0.01
0.08 0.57 0.00 0.00 0.24 0.37 0.05 0.02
0.09 0.65 0.01 0.00 0.37 0.53 0.14 0.02
0.09 0.61 0.01 0.00 0.30 0.42 0.11 0.03
0.09 0.65 0.01 0.00 0.33 0.48 0.10 0.04
0.15 1.05 0.01 0.00 0.40 0.57 0.13 0.05
0.09 0.70 0.01 0.00 0.35 0.53 0.09 0.01
0.08 0.59 0.01 0.00 0.24 0.36 0.06 0.00
0.09 0.65 0.01 0.00 0.29 0.39 0.11 0.02
0.13 0.86 0.01 0.00 0.34 0.46 0.12 0.09
0.10 0.68 0.01 0.00 0.31 0.43 0.11 0.07
0.12 0.91 0.01 0.00 0.35 0.52 0.11 0.01
0.09 0.69 0.01 0.00 0.29 0.42 0.09 0.00
0.15 1.07 0.01 0.00 0.33 0.46 0.12 0.02
0.09 0.59 0.01 0.00 0.26 0.37 0.09 0.05
0.07 0.52 0.01 0.00 0.24 0.36 0.07 0.03
0.07 0.51 0.00 0.00 0.22 0.34 0.05 0.00
0.14 0.98 0.01 0.00 0.38 0.54 0.16 0.03
0.06 0.42 0.01 0.00 0.21 0.30 0.08 0.01
0.05 0.33 0.00 0.00 0.16 0.24 0.05 0.00
0.07 0.53 0.00 0.00 0.24 0.39 0.06 0.01
0.10 0.67 0.01 0.00 0.31 0.44 0.10 0.10
0.05 0.41 0.00 0.00 0.22 0.35 0.06 0.01
0.06 0.37 0.01 0.00 0.21 0.32 0.08 0.03
0.04 0.35 0.00 0.00 0.18 0.31 0.04 0.01
0.07 0.47 0.01 0.00 0.25 0.36 0.12 0.03
0.03 0.21 0.00 0.00 0.14 0.24 0.03 0.01
0.02 0.13 0.00 0.00 0.10 0.16 0.01 0.04
0.01 0.07 0.00 0.00 0.05 0.10 0.01 0.01
0.01 0.05 0.00 0.00 0.06 0.09 0.04 0.02
0.01 0.05 0.00 0.00 0.08 0.09 0.05 0.13
0.01 0.04 0.00 0.00 0.06 0.07 0.04 0.10
0.03 0.12 0.01 0.01 0.24 0.23 0.25 0.31
0.02 0.09 0.00 0.00 0.11 0.15 0.09 0.06
0.03 0.13 0.01 0.00 0.24 0.29 0.15 0.21
0.01 0.04 0.00 0.00 0.09 0.08 0.07 0.16
0.01 0.05 0.00 0.00 0.12 0.14 0.11 0.09
0.02 0.09 0.00 0.00 0.13 0.19 0.07 0.08
0.01 0.04 0.00 0.00 0.09 0.10 0.08 0.08
0.01 0.06 0.00 0.00 0.13 0.14 0.12 0.13
0.02 0.07 0.00 0.00 0.13 0.16 0.13 0.09
0.01 0.07 0.00 0.00 0.10 0.12 0.07 0.09
0.02 0.08 0.00 0.00 0.14 0.19 0.09 0.10
0.01 0.05 0.00 0.00 0.09 0.11 0.05 0.10
0.02 0.08 0.00 0.00 0.16 0.16 0.12 0.20
0.02 0.08 0.00 0.00 0.12 0.15 0.07 0.10
0.02 0.09 0.00 0.00 0.19 0.23 0.13 0.15
0.02 0.07 0.00 0.00 0.13 0.16 0.15 0.06
0.02 0.09 0.00 0.00 0.17 0.21 0.12 0.10
0.02 0.11 0.00 0.00 0.17 0.19 0.11 0.16
0.02 0.08 0.00 0.00 0.14 0.17 0.09 0.09
0.02 0.09 0.00 0.00 0.14 0.17 0.08 0.10
0.02 0.12 0.00 0.00 0.21 0.27 0.14 0.11
0.02 0.13 0.00 0.00 0.17 0.22 0.11 0.08
0.02 0.08 0.00 0.00 0.15 0.17 0.11 0.10
0.01 0.06 0.00 0.00 0.09 0.11 0.06 0.07
0.02 0.09 0.01 0.00 0.15 0.16 0.15 0.11
0.02 0.09 0.00 0.00 0.12 0.13 0.11 0.11
0.02 0.07 0.00 0.00 0.12 0.13 0.09 0.15
0.00 0.02 0.00 0.00 0.04 0.04 0.04 0.06
0.01 0.04 0.00 0.00 0.10 0.11 0.09 0.07
0.01 0.04 0.00 0.00 0.08 0.08 0.07 0.11
0.01 0.04 0.00 0.00 0.10 0.11 0.10 0.11
0.01 0.02 0.00 0.00 0.05 0.05 0.04 0.04
0.01 0.05 0.00 0.00 0.10 0.11 0.09 0.11
0.01 0.04 0.00 0.00 0.06 0.06 0.04 0.08
0.01 0.08 0.00 0.00 0.12 0.17 0.07 0.10
0.01 0.04 0.00 0.00 0.06 0.09 0.03 0.06
0.02 0.08 0.00 0.00 0.13 0.16 0.08 0.14
0.01 0.07 0.00 0.00 0.09 0.12 0.06 0.05
0.01 0.05 0.00 0.00 0.10 0.11 0.10 0.09
0.01 0.05 0.00 0.00 0.08 0.09 0.07 0.06
0.02 0.07 0.01 0.00 0.12 0.13 0.11 0.10
0.01 0.06 0.00 0.00 0.08 0.09 0.08 0.06
0.02 0.08 0.00 0.00 0.12 0.14 0.08 0.09
0.02 0.10 0.01 0.00 0.12 0.15 0.12 0.05
0.02 0.11 0.00 0.00 0.13 0.17 0.08 0.10
0.03 0.18 0.00 0.00 0.14 0.20 0.05 0.09
0.02 0.11 0.00 0.00 0.13 0.17 0.09 0.07
0.02 0.07 0.00 0.00 0.08 0.10 0.04 0.06
0.02 0.11 0.00 0.01 0.13 0.15 0.07 0.12
0.02 0.10 0.00 0.00 0.09 0.10 0.07 0.07
0.02 0.08 0.00 0.00 0.09 0.10 0.08 0.08
0.03 0.13 0.00 0.00 0.11 0.14 0.06 0.06
0.03 0.13 0.01 0.00 0.13 0.14 0.13 0.10
0.04 0.21 0.01 0.01 0.14 0.18 0.09 0.09
0.02 0.11 0.00 0.00 0.08 0.11 0.04 0.05
0.02 0.07 0.00 0.00 0.06 0.08 0.04 0.05
0.03 0.14 0.01 0.00 0.09 0.10 0.06 0.07
0.02 0.07 0.00 0.00 0.11 0.13 0.06 0.09
0.01 0.03 0.00 0.00 0.06 0.06 0.06 0.09
0.01 0.03 0.00 0.00 0.03 0.05 0.02 0.04
0.00 0.00 0.00 0.00 0.01 0.01 0.00 0.04
0.00 0.01 0.00 0.00 0.02 0.02 0.03 0.06
0.00 0.01 0.00 0.00 0.02 0.02 0.01 0.03
0.01 0.04 0.00 0.00 0.04 0.05 0.03 0.03
0.01 0.04 0.00 0.00 0.05 0.06 0.04 0.06
0.01 0.04 0.00 0.00 0.04 0.05 0.04 0.03
0.01 0.05 0.00 0.00 0.04 0.07 0.02 0.01
0.01 0.04 0.00 0.00 0.04 0.05 0.02 0.02
0.02 0.11 0.00 0.00 0.10 0.13 0.07 0.05
0.02 0.09 0.00 0.00 0.07 0.10 0.04 0.04
0.02 0.08 0.00 0.00 0.08 0.10 0.05 0.05
0.01 0.04 0.00 0.00 0.04 0.05 0.02 0.03
0.01 0.04 0.00 0.00 0.04 0.05 0.02 0.01
0.01 0.07 0.00 0.00 0.05 0.07 0.03 0.01
0.01 0.03 0.00 0.00 0.03 0.04 0.02 0.02
0.01 0.02 0.00 0.00 0.02 0.03 0.03 0.02
0.01 0.06 0.00 0.00 0.05 0.07 0.03 0.01
0.01 0.06 0.00 0.00 0.04 0.06 0.03 0.01
0.01 0.04 0.00 0.00 0.03 0.05 0.02 0.01
0.01 0.04 0.00 0.00 0.03 0.04 0.02 0.01
0.01 0.06 0.00 0.00 0.04 0.06 0.02 0.03
0.02 0.09 0.00 0.00 0.06 0.08 0.05 0.03
0.01 0.06 0.00 0.00 0.06 0.07 0.06 0.05
0.02 0.09 0.00 0.00 0.07 0.09 0.04 0.04
0.01 0.05 0.00 0.00 0.03 0.05 0.04 0.02
0.03 0.14 0.01 0.00 0.11 0.13 0.07 0.06
0.01 0.04 0.00 0.00 0.03 0.04 0.02 0.03
0.00 0.00 0.00 0.00 0.00 0.00 0.01 0.01
0.00 0.00 0.00 0.00 0.00 0.00 0.01 0.00
0.00 0.00 0.00 0.00 0.00 0.00 0.00 0.01
0.00 0.00 0.00 0.00 0.00 0.00 0.00 0.01
0.00 0.00 0.00 0.00 0.00 0.00 0.00 0.01
0.00 0.00 0.00 0.00 0.00 0.00 0.00 0.01
0.00 0.00 0.00 0.00 0.00 0.00 0.01 0.00
0.00 0.00 0.00 0.00 0.00 0.00 0.01 0.00
0.00 0.00 0.00 0.00 0.00 0.00 0.01 0.01
0.00 0.00 0.00 0.00 0.00 0.00 0.00 0.01
0.00 0.00 0.00 0.00 0.00 0.00 0.00 0.00
0.00 0.00 0.00 0.00 0.00 0.00 0.00 0.00
0.00 0.00 0.00 0.00 0.00 0.00 0.01 0.00
0.00 0.00 0.00 0.00 0.00 0.00 0.01 0.00
0.00 0.00 0.00 0.00 0.00 0.00 0.00 0.00
0.00 0.01 0.00 0.00 0.00 0.00 0.00 0.00
0.00 0.01 0.00 0.00 0.00 0.00 0.01 0.00
0.00 0.00 0.00 0.00 0.00 0.00 0.01 0.00
0.00 0.00 0.00 0.00 0.00 0.00 0.00 0.00
0.00 0.00 0.00 0.00 0.00 0.00 0.00 0.00
0.00 0.00 0.00 0.00 0.00 0.00 0.00 0.00
0.00 0.00 0.00 0.00 0.00 0.00 0.00 0.00
0.00 0.00 0.00 0.00 0.00 0.00 0.00 0.01
0.00 0.00 0.00 0.00 0.00 0.00 0.00 0.01
0.00 0.00 0.00 0.00 0.00 0.00 0.00 0.01
0.00 0.00 0.00 0.00 0.00 0.00 0.01 0.01
0.00 0.00 0.00 0.00 0.00 0.00 0.00 0.01
0.00 0.00 0.00 0.00 0.00 0.00 0.01 0.01
0.00 0.00 0.00 0.00 0.01 0.00 0.02 0.02
0.00 0.00 0.00 0.00 0.00 0.00 0.01 0.01
0.00 0.00 0.00 0.00 0.00 0.00 0.01 0.01
0.00 0.00 0.00 0.00 0.00 0.00 0.01 0.00
0.00 0.00 0.00 0.00 0.00 0.00 0.01 0.01
0.00 0.00 0.00 0.00 0.00 0.01 0.01 0.00
0.00 0.00 0.00 0.00 0.01 0.01 0.00 0.00
0.00 0.00 0.00 0.00 0.00 0.00 0.01 0.02
0.00 0.00 0.00 0.00 0.00 0.01 0.01 0.01
0.00 0.00 0.00 0.00 0.00 0.01 0.01 0.01
0.00 0.00 0.00 0.00 0.00 0.00 0.01 0.01
0.00 0.00 0.00 0.00 0.00 0.01 0.00 0.01
0.00 0.00 0.00 0.00 0.00 0.00 0.02 0.01
0.00 0.00 0.00 0.00 0.00 0.00 0.01 0.01
0.00 0.00 0.00 0.00 0.00 0.00 0.01 0.01
0.00 0.00 0.00 0.00 0.00 0.01 0.01 0.02
0.00 0.00 0.00 0.00 0.00 0.00 0.01 0.01
0.00 0.00 0.00 0.00 0.00 0.00 0.01 0.02
0.00 0.00 0.00 0.00 0.00 0.00 0.01 0.01
0.00 0.00 0.00 0.00 0.00 0.00 0.01 0.01
0.00 0.00 0.00 0.00 0.00 0.00 0.01 0.01
0.00 0.00 0.00 0.00 0.00 0.00 0.01 0.01
0.00 0.00 0.00 0.00 0.00 0.00 0.00 0.01
0.00 0.00 0.00 0.00 0.00 0.01 0.00 0.00
0.00 0.00 0.00 0.00 0.00 0.00 0.01 0.00
0.00 0.00 0.00 0.00 0.00 0.01 0.00 0.00
0.00 0.00 0.00 0.00 0.00 0.00 0.00 0.00
0.00 0.00 0.00 0.00 0.01 0.01 0.01 0.02
0.00 0.00 0.00 0.00 0.00 0.00 0.01 0.01
0.00 0.00 0.00 0.00 0.01 0.01 0.01 0.00
0.00 0.00 0.00 0.00 0.00 0.00 0.00 0.01
0.00 0.00 0.00 0.00 0.00 0.01 0.01 0.01
0.00 0.00 0.00 0.00 0.00 0.00 0.00 0.00
0.00 0.00 0.00 0.00 0.00 0.00 0.01 0.01
0.00 0.00 0.00 0.00 0.00 0.00 0.01 0.00
0.00 0.00 0.00 0.00 0.00 0.01 0.00 0.01
0.00 0.00 0.00 0.00 0.00 0.01 0.00 0.00
0.00 0.00 0.00 0.00 0.00 0.01 0.01 0.01
0.00 0.00 0.00 0.00 0.00 0.00 0.00 0.00
0.00 0.00 0.00 0.00 0.00 0.00 0.01 0.01
0.00 0.00 0.00 0.00 0.00 0.00 0.01 0.01
0.00 0.00 0.00 0.00 0.00 0.00 0.01 0.01
0.00 0.00 0.00 0.00 0.00 0.00 0.01 0.01
0.00 0.00 0.00 0.00 0.00 0.00 0.01 0.01
0.00 0.00 0.00 0.00 0.00 0.00 0.00 0.01
0.00 0.00 0.00 0.00 0.00 0.00 0.01 0.01
0.00 0.00 0.00 0.00 0.00 0.00 0.00 0.00
0.00 0.00 0.00 0.00 0.00 0.00 0.01 0.00
0.00 0.00 0.00 0.00 0.00 0.00 0.01 0.00
0.00 0.00 0.00 0.00 0.00 0.00 0.00 0.01
0.00 0.00 0.00 0.00 0.00 0.00 0.00 0.01
0.00 0.00 0.00 0.00 0.00 0.00 0.01 0.01
0.00 0.00 0.00 0.00 0.00 0.01 0.00 0.01
0.00 0.00 0.00 0.00 0.00 0.00 0.01 0.00
0.00 0.00 0.00 0.00 0.00 0.00 0.01 0.00
0.00 0.00 0.00 0.00 0.00 0.01 0.00 0.01
0.00 0.00 0.00 0.00 0.00 0.01 0.01 0.01
0.00 0.00 0.00 0.00 0.00 0.00 0.01 0.01
0.00 0.00 0.00 0.00 0.00 0.00 0.00 0.00
0.00 0.00 0.00 0.00 0.00 0.00 0.00 0.00
0.00 0.00 0.00 0.00 0.00 0.00 0.01 0.00
0.00 0.00 0.00 0.00 0.00 0.00 0.00 0.00
0.00 0.00 0.00 0.00 0.00 0.01 0.01 0.00
0.00 0.00 0.00 0.00 0.01 0.01 0.01 0.00
0.00 0.00 0.00 0.00 0.01 0.01 0.01 0.01
0.00 0.00 0.00 0.00 0.00 0.01 0.00 0.00
0.00 0.00 0.00 0.00 0.00 0.01 0.01 0.00
0.00 0.00 0.00 0.00 0.00 0.01 0.01 0.01
0.00 0.00 0.00 0.00 0.00 0.01 0.00 0.00
0.00 0.00 0.00 0.00 0.00 0.00 0.00 0.00
0.00 0.00 0.00 0.00 0.00 0.00 0.01 0.00
0.00 0.00 0.00 0.00 0.00 0.00 0.00 0.01
0.00 0.00 0.00 0.00 0.00 0.00 0.01 0.00
0.00 0.00 0.00 0.00 0.00 0.00 0.00 0.00
0.00 0.00 0.00 0.00 0.00 0.00 0.01 0.01
0.00 0.00 0.00 0.00 0.00 0.00 0.01 0.00
0.00 0.00 0.00 0.00 0.00 0.00 0.00 0.00
0.00 0.00 0.00 0.00 0.00 0.00 0.00 0.00
0.00 0.00 0.00 0.00 0.00 0.00 0.01 0.00
0.00 0.00 0.00 0.00 0.00 0.00 0.01 0.00
0.00 0.00 0.00 0.00 0.00 0.01 0.01 0.00
0.00 0.00 0.00 0.00 0.00 0.01 0.01 0.00
0.00 0.00 0.00 0.00 0.00 0.00 0.00 0.00
0.00 0.00 0.00 0.00 0.00 0.00 0.01 0.01
0.00 0.00 0.00 0.00 0.00 0.00 0.01 0.00
0.00 0.00 0.00 0.00 0.00 0.00 0.01 0.00
0.00 0.00 0.00 0.00 0.00 0.00 0.00 0.00
0.00 0.00 0.00 0.00 0.00 0.00 0.00 0.01
0.00 0.00 0.00 0.00 0.00 0.00 0.00 0.00
0.00 0.00 0.00 0.00 0.00 0.00 0.00 0.00
0.00 0.00 0.00 0.00 0.00 0.00 0.00 0.00
0.00 0.00 0.00 0.00 0.00 0.00 0.00 0.01
0.00 0.00 0.00 0.00 0.00 0.00 0.01 0.00
0.00 0.00 0.00 0.00 0.00 0.00 0.02 0.00
0.00 0.00 0.00 0.00 0.00 0.00 0.01 0.00
0.00 0.00 0.00 0.00 0.00 0.00 0.01 0.01
0.00 0.00 0.00 0.00 0.00 0.00 0.01 0.00
0.00 0.00 0.00 0.00 0.00 0.00 0.00 0.01
0.00 0.00 0.00 0.00 0.00 0.00 0.01 0.00
0.00 0.00 0.00 0.00 0.00 0.01 0.01 0.01
0.00 0.00 0.00 0.00 0.00 0.00 0.01 0.01
0.00 0.00 0.00 0.00 0.00 0.00 0.01 0.02
0.00 0.00 0.00 0.00 0.00 0.00 0.00 0.02
0.00 0.00 0.00 0.00 0.01 0.01 0.01 0.02
0.00 0.00 0.00 0.00 0.00 0.01 0.01 0.01
0.00 0.00 0.00 0.00 0.00 0.01 0.00 0.02
0.00 0.00 0.00 0.00 0.00 0.00 0.01 0.01
0.00 0.00 0.00 0.00 0.00 0.00 0.01 0.00
0.00 0.00 0.00 0.00 0.00 0.00 0.01 0.04
0.00 0.00 0.00 0.00 0.00 0.00 0.02 0.03
0.00 0.00 0.00 0.00 0.00 0.00 0.00 0.03
0.00 0.00 0.00 0.00 0.01 0.01 0.02 0.04
0.00 0.00 0.00 0.00 0.00 0.01 0.00 0.04
0.00 0.00 0.00 0.00 0.00 0.00 0.01 0.02
0.00 0.00 0.00 0.00 0.00 0.00 0.01 0.04
0.00 0.00 0.00 0.00 0.01 0.01 0.01 0.02
0.00 0.00 0.00 0.00 0.01 0.01 0.02 0.02
0.00 0.00 0.00 0.00 0.00 0.00 0.02 0.01
0.00 0.00 0.00 0.00 0.00 0.00 0.01 0.04
0.00 0.00 0.00 0.00 0.01 0.01 0.01 0.04
0.00 0.00 0.00 0.00 0.00 0.00 0.01 0.03
0.00 0.00 0.00 0.00 0.00 0.00 0.01 0.04
0.00 0.00 0.00 0.00 0.00 0.00 0.01 0.01
0.00 0.00 0.00 0.00 0.00 0.00 0.00 0.02
0.00 0.00 0.00 0.00 0.00 0.00 0.01 0.02
0.00 0.00 0.00 0.00 0.00 0.00 0.01 0.01
0.00 0.00 0.00 0.00 0.00 0.00 0.01 0.02
0.00 0.00 0.00 0.00 0.00 0.00 0.02 0.00
0.00 0.00 0.00 0.00 0.00 0.01 0.01 0.01
0.00 0.00 0.00 0.00 0.00 0.00 0.01 0.03
0.00 0.00 0.00 0.00 0.00 0.00 0.01 0.02
0.00 0.00 0.00 0.00 0.00 0.00 0.01 0.02
0.00 0.00 0.00 0.00 0.00 0.00 0.01 0.04
0.00 0.00 0.00 0.00 0.00 0.00 0.01 0.02
0.00 0.00 0.00 0.00 0.00 0.00 0.01 0.03
0.00 0.00 0.00 0.00 0.00 0.00 0.00 0.05
0.00 0.00 0.00 0.00 0.00 0.00 0.01 0.05
0.00 0.00 0.00 0.00 0.00 0.00 0.00 0.02
0.00 0.00 0.00 0.00 0.00 0.00 0.01 0.02
0.00 0.00 0.00 0.00 0.00 0.00 0.00 0.03
0.00 0.00 0.00 0.00 0.00 0.00 0.01 0.01
0.00 0.00 0.00 0.00 0.00 0.00 0.01 0.02
0.00 0.00 0.00 0.00 0.00 0.00 0.00 0.03
0.00 0.00 0.00 0.00 0.01 0.01 0.01 0.02
0.00 0.00 0.00 0.00 0.00 0.00 0.00 0.01
0.00 0.00 0.00 0.00 0.00 0.00 0.00 0.02
0.00 0.00 0.00 0.00 0.00 0.00 0.01 0.03
0.00 0.00 0.00 0.00 0.00 0.00 0.01 0.03
0.00 0.00 0.00 0.00 0.00 0.00 0.01 0.02
0.00 0.00 0.00 0.00 0.00 0.00 0.00 0.02
0.00 0.00 0.00 0.00 0.00 0.00 0.00 0.04
0.00 0.00 0.00 0.00 0.00 0.00 0.00 0.02
0.00 0.00 0.00 0.00 0.00 0.00 0.00 0.02
0.00 0.00 0.00 0.00 0.00 0.00 0.01 0.02
0.00 0.00 0.00 0.00 0.00 0.00 0.01 0.02
0.00 0.00 0.00 0.00 0.00 0.00 0.01 0.02
0.00 0.00 0.00 0.00 0.00 0.00 0.01 0.02
0.00 0.00 0.00 0.00 0.00 0.00 0.00 0.01
0.00 0.00 0.00 0.00 0.00 0.00 0.00 0.04
0.00 0.00 0.00 0.00 0.00 0.00 0.00 0.02
0.00 0.00 0.00 0.00 0.00 0.00 0.00 0.01
0.00 0.00 0.00 0.00 0.00 0.00 0.01 0.02
0.00 0.00 0.00 0.00 0.00 0.00 0.01 0.02
0.00 0.00 0.00 0.00 0.00 0.00 0.00 0.04
0.00 0.00 0.00 0.00 0.00 0.00 0.01 0.01
0.00 0.00 0.00 0.00 0.00 0.00 0.00 0.01
0.00 0.00 0.00 0.00 0.00 0.00 0.00 0.01
0.00 0.00 0.00 0.00 0.00 0.00 0.00 0.01
0.00 0.00 0.00 0.00 0.00 0.00 0.00 0.02
0.00 0.00 0.00 0.00 0.00 0.00 0.01 0.03
0.00 0.00 0.00 0.00 0.00 0.00 0.01 0.01
0.00 0.00 0.00 0.00 0.00 0.00 0.01 0.02
0.00 0.00 0.00 0.00 0.00 0.00 0.02 0.03
0.00 0.00 0.00 0.00 0.00 0.00 0.01 0.03
0.00 0.00 0.00 0.00 0.00 0.00 0.00 0.03
0.00 0.00 0.00 0.00 0.00 0.00 0.01 0.02
0.00 0.00 0.00 0.00 0.00 0.00 0.01 0.02
0.00 0.00 0.00 0.00 0.00 0.00 0.01 0.03
0.00 0.00 0.00 0.00 0.00 0.00 0.00 0.02
0.00 0.00 0.00 0.00 0.00 0.00 0.00 0.03
0.00 0.00 0.00 0.00 0.00 0.00 0.00 0.02
0.00 0.00 0.00 0.00 0.00 0.00 0.00 0.04
0.00 0.00 0.00 0.00 0.00 0.00 0.01 0.04
0.00 0.00 0.00 0.00 0.00 0.00 0.01 0.03
0.00 0.00 0.00 0.00 0.00 0.00 0.01 0.03
0.00 0.00 0.00 0.00 0.00 0.00 0.00 0.05
0.00 0.00 0.00 0.00 0.00 0.00 0.01 0.03
0.00 0.00 0.00 0.00 0.00 0.00 0.01 0.05
0.00 0.00 0.00 0.00 0.00 0.00 0.01 0.03
0.00 0.00 0.00 0.00 0.00 0.00 0.01 0.02
0.00 0.00 0.00 0.00 0.00 0.00 0.01 0.02
0.00 0.00 0.00 0.00 0.00 0.00 0.00 0.03
0.00 0.00 0.00 0.00 0.00 0.00 0.00 0.00
0.00 0.00 0.00 0.00 0.00 0.00 0.00 0.00
0.00 0.00 0.00 0.00 0.00 0.00 0.00 0.00
0.00 0.00 0.00 0.00 0.00 0.00 0.00 0.00
0.00 0.00 0.00 0.00 0.00 0.00 0.00 0.00
0.00 0.00 0.00 0.00 0.00 0.00 0.00 0.00
0.00 0.00 0.00 0.00 0.00 0.00 0.00 0.00
0.00 0.00 0.00 0.00 0.00 0.00 0.00 0.00
0.00 0.00 0.00 0.00 0.00 0.00 0.00 0.00
0.00 0.00 0.00 0.00 0.00 0.00 0.00 0.00
0.00 0.00 0.00 0.00 0.00 0.00 0.00 0.00
0.00 0.00 0.00 0.00 0.00 0.00 0.00 0.00
0.00 0.00 0.00 0.00 0.00 0.00 0.00 0.00
0.00 0.00 0.00 0.00 0.00 0.00 0.00 0.00
0.00 0.00 0.00 0.00 0.00 0.00 0.00 0.00
0.00 0.00 0.00 0.00 0.00 0.00 0.00 0.00
0.00 0.00 0.00 0.00 0.00 0.00 0.00 0.00
0.00 0.00 0.00 0.00 0.00 0.00 0.00 0.00
0.00 0.00 0.00 0.00 0.00 0.00 0.00 0.00
0.00 0.00 0.00 0.00 0.00 0.00 0.00 0.00
0.00 0.00 0.00 0.00 0.00 0.00 0.00 0.00
0.00 0.00 0.00 0.00 0.00 0.00 0.00 0.00
0.00 0.00 0.00 0.00 0.00 0.00 0.00 0.00
0.00 0.00 0.00 0.00 0.00 0.00 0.00 0.00
0.00 0.00 0.00 0.00 0.00 0.00 0.00 0.00
0.00 0.00 0.00 0.00 0.00 0.00 0.00 0.00
0.00 0.00 0.00 0.00 0.00 0.00 0.00 0.00
0.00 0.00 0.00 0.00 0.00 0.00 0.00 0.00
0.00 0.00 0.00 0.00 0.00 0.00 0.00 0.00
0.00 0.00 0.00 0.00 0.00 0.00 0.00 0.00
0.00 0.00 0.00 0.00 0.00 0.00 0.00 0.00
0.00 0.00 0.00 0.00 0.00 0.00 0.00 0.00
0.00 0.00 0.00 0.00 0.00 0.00 0.00 0.00
0.00 0.00 0.00 0.00 0.00 0.00 0.00 0.00
0.00 0.00 0.00 0.00 0.00 0.00 0.00 0.00
0.00 0.00 0.00 0.00 0.00 0.00 0.00 0.00
0.00 0.00 0.00 0.00 0.00 0.00 0.00 0.00
0.00 0.00 0.00 0.00 0.00 0.00 0.00 0.00
0.00 0.00 0.00 0.00 0.00 0.00 0.00 0.00
0.00 0.00 0.00 0.00 0.00 0.00 0.00 0.00
0.00 0.00 0.00 0.00 0.00 0.00 0.00 0.00
0.00 0.00 0.00 0.00 0.00 0.00 0.00 0.00
0.00 0.00 0.00 0.00 0.00 0.00 0.00 0.00
0.00 0.00 0.00 0.00 0.00 0.00 0.00 0.00
0.00 0.00 0.00 0.00 0.00 0.00 0.00 0.00
0.00 0.00 0.00 0.00 0.00 0.00 0.00 0.00
0.00 0.00 0.00 0.00 0.00 0.00 0.00 0.00
0.00 0.00 0.00 0.00 0.00 0.00 0.00 0.00
0.00 0.00 0.00 0.00 0.00 0.00 0.00 0.00
0.00 0.00 0.00 0.00 0.00 0.00 0.00 0.00
