2.01 4.39 1.05 0.59 45.10 41.71 47.93 50.42
1.87 4.12 0.98 0.50 45.42 41.98 48.23 51.14
1.96 4.29 1.05 0.54 45.20 41.80 47.91 50.84
1.87 4.06 0.99 0.56 45.42 42.04 48.19 50.66
2.16 4.65 1.16 0.65 44.79 41.46 47.48 49.98
1.81 3.95 0.96 0.52 45.56 42.17 48.28 50.97
1.96 4.29 1.01 0.58 45.21 41.81 48.08 50.48
1.90 4.20 0.98 0.51 45.35 41.90 48.21 51.04
2.13 4.71 1.07 0.61 44.85 41.40 47.84 50.29
1.90 4.19 0.98 0.52 45.35 41.91 48.21 50.99
2.01 4.37 1.08 0.58 45.10 41.73 47.79 50.49
1.91 4.22 0.98 0.52 45.32 41.87 48.19 50.97
2.18 4.73 1.15 0.65 44.75 41.38 47.54 50.01
1.91 4.24 0.97 0.52 45.32 41.85 48.26 50.99
2.06 4.60 1.04 0.56 44.98 41.51 47.97 50.63
2.06 4.63 1.02 0.52 44.99 41.47 48.04 50.94
2.32 5.17 1.16 0.64 44.48 41.00 47.48 50.10
2.06 4.65 1.02 0.52 44.99 41.45 48.06 51.02
2.21 4.98 1.07 0.58 44.68 41.16 47.83 50.47
1.99 4.48 0.96 0.52 45.15 41.62 48.31 50.97
2.37 5.32 1.14 0.64 44.38 40.87 47.56 50.03
2.00 4.51 0.95 0.52 45.13 41.59 48.35 51.01
2.10 4.69 1.01 0.60 44.90 41.42 48.10 50.33
2.06 4.71 0.96 0.50 45.00 41.40 48.30 51.12
2.37 5.34 1.18 0.57 44.39 40.86 47.39 50.55
2.13 4.86 1.07 0.47 44.84 41.26 47.84 51.42
2.19 4.99 1.06 0.54 44.71 41.15 47.86 50.84
2.09 4.76 0.98 0.51 44.94 41.36 48.20 51.06
2.34 5.36 1.09 0.57 44.44 40.84 47.73 50.58
2.17 4.98 1.00 0.54 44.76 41.16 48.14 50.82
1.95 4.33 0.95 0.56 45.30 41.89 48.37 50.60
1.95 4.28 0.96 0.58 45.33 41.95 48.30 50.47
2.37 5.29 1.14 0.67 44.51 41.07 47.59 49.88
2.13 4.77 1.07 0.55 44.97 41.52 47.89 50.72
2.26 4.98 1.09 0.69 44.69 41.31 47.75 49.75
2.27 5.09 1.07 0.65 44.68 41.24 47.86 50.04
2.61 5.73 1.26 0.84 44.09 40.73 47.17 48.92
2.25 5.03 1.08 0.64 44.71 41.27 47.82 50.04
2.34 5.18 1.11 0.71 44.54 41.13 47.69 49.58
2.38 5.28 1.16 0.69 44.51 41.10 47.52 49.74
2.76 6.16 1.30 0.82 43.85 40.42 47.03 48.97
2.50 5.68 1.18 0.65 44.29 40.80 47.46 50.01
2.53 5.64 1.21 0.73 44.23 40.80 47.34 49.51
2.52 5.72 1.20 0.65 44.26 40.77 47.41 50.02
3.01 6.83 1.40 0.80 43.50 40.00 46.70 49.12
2.67 6.12 1.27 0.62 44.03 40.49 47.14 50.19
2.78 6.36 1.30 0.67 43.85 40.32 47.05 49.87
2.71 6.22 1.28 0.65 43.97 40.43 47.14 50.03
3.11 7.13 1.40 0.80 43.38 39.86 46.72 49.12
2.54 5.82 1.15 0.65 44.22 40.68 47.55 50.02
2.77 6.35 1.27 0.71 43.86 40.32 47.15 49.66
2.73 6.27 1.24 0.69 43.94 40.39 47.27 49.77
3.14 7.23 1.35 0.85 43.35 39.79 46.88 48.88
2.84 6.68 1.18 0.66 43.81 40.17 47.47 49.99
2.82 6.52 1.22 0.70 43.79 40.21 47.30 49.70
2.91 6.86 1.22 0.68 43.67 40.03 47.34 49.85
3.24 7.56 1.39 0.78 43.23 39.62 46.77 49.25
2.81 6.64 1.19 0.61 43.83 40.16 47.45 50.33
2.99 6.98 1.31 0.67 43.54 39.91 47.02 49.87
2.81 6.62 1.21 0.60 43.80 40.15 47.36 50.35
1.96 4.19 1.06 0.65 45.20 41.91 47.90 50.02
1.80 3.89 0.97 0.53 45.58 42.23 48.26 50.85
1.94 4.20 1.02 0.60 45.26 41.91 48.05 50.32
1.84 3.96 0.98 0.56 45.49 42.15 48.19 50.61
2.03 4.35 1.06 0.66 45.07 41.75 47.87 49.94
1.77 3.80 0.95 0.55 45.65 42.33 48.34 50.72
1.84 3.96 0.96 0.59 45.49 42.15 48.31 50.42
1.67 3.63 0.88 0.52 45.90 42.54 48.69 51.01
1.81 3.82 0.94 0.65 45.57 42.31 48.38 50.03
1.61 3.43 0.85 0.53 46.07 42.77 48.80 50.85
1.63 3.44 0.89 0.57 46.00 42.77 48.64 50.55
1.60 3.40 0.87 0.51 46.10 42.82 48.71 51.04
1.65 3.40 0.93 0.62 45.95 42.81 48.44 50.20
1.48 3.08 0.86 0.50 46.43 43.24 48.79 51.15
1.54 3.13 0.89 0.60 46.25 43.17 48.63 50.32
1.38 2.80 0.80 0.55 46.73 43.66 49.12 50.72
1.57 3.12 0.92 0.67 46.18 43.20 48.49 49.88
1.34 2.67 0.78 0.58 46.86 43.87 49.23 50.53
1.40 2.72 0.81 0.66 46.68 43.78 49.04 49.97
1.29 2.50 0.76 0.60 47.03 44.15 49.30 50.33
1.43 2.70 0.87 0.72 46.58 43.82 48.75 49.53
1.30 2.53 0.76 0.62 46.99 44.10 49.31 50.25
1.38 2.61 0.84 0.68 46.74 43.97 48.90 49.79
1.25 2.33 0.79 0.64 47.16 44.46 49.17 50.08
1.41 2.57 0.87 0.78 46.64 44.03 48.73 49.20
1.17 2.11 0.78 0.61 47.46 44.89 49.20 50.29
1.28 2.32 0.83 0.69 47.06 44.47 48.96 49.72
1.23 2.27 0.80 0.62 47.24 44.58 49.09 50.23
1.40 2.57 0.88 0.74 46.68 44.02 48.68 49.47
1.21 2.25 0.78 0.60 47.30 44.61 49.22 50.33
1.34 2.50 0.84 0.69 46.85 44.16 48.87 49.77
1.29 2.43 0.80 0.62 47.04 44.27 49.10 50.19
1.46 2.77 0.90 0.71 46.48 43.70 48.58 49.62
1.20 2.29 0.76 0.56 47.34 44.54 49.35 50.68
1.32 2.51 0.81 0.63 46.93 44.13 49.05 50.11
1.28 2.49 0.79 0.56 47.06 44.17 49.18 50.66
1.46 2.80 0.89 0.68 46.48 43.65 48.63 49.77
1.34 2.64 0.81 0.55 46.87 43.91 49.05 50.69
1.37 2.64 0.86 0.62 46.75 43.91 48.78 50.24
1.31 2.53 0.81 0.58 46.97 44.10 49.07 50.49
1.51 2.89 0.91 0.73 46.34 43.52 48.52 49.49
1.34 2.54 0.86 0.63 46.86 44.09 48.80 50.17
1.44 2.74 0.89 0.69 46.55 43.75 48.64 49.75
1.46 2.78 0.90 0.69 46.50 43.69 48.57 49.75
1.58 2.92 1.00 0.82 46.15 43.47 48.15 48.99
1.37 2.54 0.87 0.69 46.77 44.07 48.74 49.74
1.48 2.72 0.94 0.78 46.43 43.78 48.40 49.22
1.41 2.59 0.91 0.74 46.63 44.00 48.53 49.47
1.57 2.90 0.98 0.83 46.18 43.51 48.22 48.95
1.36 2.54 0.83 0.71 46.80 44.08 48.92 49.66
1.52 2.83 0.90 0.83 46.31 43.62 48.57 48.96
1.43 2.58 0.92 0.79 46.58 44.00 48.51 49.18
1.65 3.02 1.02 0.89 45.97 43.34 48.05 48.61
1.45 2.70 0.91 0.74 46.52 43.82 48.55 49.41
1.59 2.98 0.95 0.82 46.12 43.39 48.34 48.97
1.44 2.69 0.87 0.76 46.55 43.83 48.75 49.35
1.61 3.03 0.95 0.85 46.07 43.32 48.38 48.86
1.39 2.61 0.84 0.72 46.71 43.97 48.91 49.57
1.41 2.65 0.84 0.74 46.63 43.89 48.86 49.44
1.32 2.48 0.81 0.66 46.93 44.18 49.05 49.94
1.53 2.86 0.91 0.81 46.30 43.57 48.53 49.07
1.34 2.56 0.80 0.65 46.86 44.05 49.08 49.97
1.51 2.84 0.91 0.76 46.36 43.59 48.54 49.33
1.39 2.61 0.86 0.69 46.71 43.97 48.78 49.73
1.56 2.93 0.95 0.81 46.19 43.47 48.36 49.04
1.35 2.51 0.85 0.70 46.82 44.13 48.85 49.72
1.45 2.67 0.88 0.79 46.53 43.87 48.70 49.15
1.42 2.67 0.87 0.74 46.59 43.87 48.74 49.44
1.60 2.98 0.96 0.85 46.10 43.39 48.31 48.82
1.46 2.76 0.89 0.72 46.50 43.72 48.64 49.56
1.53 2.82 0.96 0.81 46.29 43.64 48.32 49.06
1.54 2.84 0.96 0.80 46.27 43.59 48.30 49.09
1.69 3.15 1.03 0.89 45.86 43.15 48.02 48.64
1.54 2.89 0.94 0.78 46.26 43.53 48.39 49.19
1.60 2.95 1.00 0.85 46.09 43.44 48.12 48.86
1.58 2.96 0.99 0.79 46.15 43.42 48.19 49.13
1.79 3.37 1.10 0.90 45.60 42.85 47.71 48.57
1.54 2.90 0.95 0.78 46.25 43.51 48.37 49.19
1.61 2.98 1.00 0.85 46.05 43.39 48.11 48.81
1.62 3.06 1.06 0.76 46.03 43.28 47.90 49.33
1.73 3.21 1.13 0.85 45.75 43.06 47.61 48.83
1.54 2.94 0.96 0.73 46.25 43.45 48.32 49.49
1.74 3.30 1.06 0.86 45.73 42.94 47.89 48.79
1.57 2.97 0.95 0.78 46.18 43.40 48.34 49.21
1.78 3.34 1.09 0.91 45.64 42.90 47.77 48.56
1.63 3.09 0.99 0.80 46.03 43.24 48.20 49.09
1.75 3.36 0.99 0.89 45.71 42.86 48.18 48.63
1.62 3.10 0.96 0.80 46.04 43.22 48.29 49.12
1.89 3.68 1.09 0.91 45.35 42.47 47.76 48.53
1.72 3.37 0.99 0.80 45.77 42.86 48.15 49.10
1.80 3.49 1.00 0.91 45.58 42.70 48.15 48.55
1.72 3.34 0.98 0.85 45.77 42.90 48.24 48.83
1.98 3.83 1.12 1.01 45.16 42.30 47.66 48.09
1.71 3.31 0.97 0.85 45.80 42.93 48.25 48.83
1.96 3.76 1.13 1.00 45.20 42.38 47.59 48.12
1.91 3.74 1.07 0.90 45.33 42.41 47.81 48.57
2.12 4.11 1.18 1.06 44.88 41.99 47.42 47.89
1.94 3.81 1.10 0.91 45.26 42.33 47.70 48.56
2.10 4.12 1.17 1.00 44.92 41.98 47.45 48.15
1.97 3.88 1.10 0.92 45.19 42.24 47.71 48.49
2.27 4.51 1.25 1.05 44.57 41.59 47.16 47.94
2.15 4.25 1.24 0.95 44.81 41.84 47.19 48.36
2.26 4.47 1.32 1.00 44.58 41.63 46.92 48.11
2.25 4.45 1.34 0.97 44.61 41.65 46.87 48.28
2.53 5.03 1.45 1.13 44.09 41.12 46.51 47.62
2.45 4.97 1.43 0.97 44.23 41.17 46.58 48.29
2.47 4.89 1.48 1.03 44.21 41.24 46.43 47.99
2.50 4.99 1.45 1.05 44.15 41.15 46.51 47.93
2.82 5.65 1.67 1.14 43.63 40.61 45.91 47.56
2.49 4.92 1.50 1.04 44.17 41.21 46.36 47.97
2.46 4.82 1.48 1.07 44.23 41.30 46.43 47.84
2.45 4.91 1.45 0.98 44.24 41.22 46.52 48.21
2.65 5.35 1.55 1.06 43.90 40.85 46.23 47.89
2.37 4.65 1.47 0.99 44.38 41.46 46.46 48.15
2.44 4.78 1.51 1.03 44.26 41.34 46.35 48.01
2.27 4.44 1.39 0.98 44.57 41.66 46.71 48.22
2.59 5.13 1.56 1.07 44.01 41.03 46.20 47.85
2.39 4.80 1.41 0.97 44.34 41.32 46.65 48.27
2.45 4.85 1.44 1.04 44.25 41.27 46.54 47.95
2.54 5.08 1.48 1.06 44.08 41.08 46.43 47.88
2.63 5.22 1.55 1.11 43.94 40.96 46.22 47.67
2.31 4.52 1.37 1.06 44.48 41.58 46.77 47.89
2.52 4.92 1.47 1.19 44.11 41.22 46.47 47.36
2.28 4.40 1.33 1.12 44.55 41.70 46.88 47.64
2.34 4.38 1.42 1.22 44.44 41.71 46.61 47.27
2.18 4.06 1.33 1.14 44.75 42.04 46.88 47.56
2.19 4.05 1.32 1.20 44.72 42.05 46.92 47.32
1.99 3.66 1.19 1.11 45.15 42.50 47.38 47.67
2.05 3.83 1.23 1.09 45.01 42.30 47.24 47.74
1.78 3.27 1.10 0.98 45.62 42.98 47.73 48.21
1.79 3.22 1.13 1.03 45.59 43.05 47.58 48.01
1.61 2.89 1.03 0.90 46.07 43.52 48.00 48.61
1.58 2.88 0.95 0.91 46.15 43.54 48.36 48.56
1.30 2.34 0.81 0.74 47.00 44.44 49.05 49.43
1.24 2.18 0.79 0.74 47.21 44.74 49.18 49.43
1.15 2.09 0.72 0.64 47.52 44.92 49.57 50.05
1.09 1.91 0.73 0.64 47.74 45.32 49.51 50.07
0.97 1.73 0.65 0.55 48.24 45.76 50.01 50.75
0.97 1.68 0.64 0.58 48.27 45.87 50.05 50.50
0.89 1.58 0.58 0.53 48.62 46.15 50.53 50.94
0.96 1.71 0.60 0.57 48.30 45.81 50.31 50.55
0.88 1.51 0.59 0.54 48.67 46.33 50.41 50.81
0.91 1.56 0.60 0.59 48.52 46.21 50.39 50.44
0.89 1.53 0.60 0.54 48.63 46.27 50.35 50.81
0.93 1.63 0.61 0.57 48.42 46.01 50.28 50.58
0.88 1.56 0.56 0.51 48.70 46.19 50.65 51.06
0.90 1.55 0.59 0.55 48.60 46.24 50.40 50.71
0.91 1.59 0.63 0.52 48.53 46.12 50.15 50.98
0.97 1.65 0.67 0.58 48.28 45.94 49.88 50.52
0.93 1.64 0.65 0.49 48.46 45.98 50.03 51.22
0.98 1.70 0.66 0.59 48.21 45.83 49.91 50.44
0.93 1.57 0.65 0.56 48.47 46.17 50.02 50.67
1.04 1.79 0.71 0.63 47.96 45.61 49.62 50.16
0.91 1.53 0.63 0.58 48.53 46.30 50.16 50.49
1.03 1.77 0.69 0.64 47.98 45.66 49.72 50.06
1.00 1.71 0.70 0.60 48.12 45.80 49.72 50.33
1.09 1.87 0.76 0.63 47.78 45.42 49.33 50.16
1.06 1.80 0.74 0.64 47.87 45.58 49.41 50.06
1.11 1.87 0.81 0.66 47.66 45.40 49.06 49.92
1.10 1.87 0.75 0.68 47.71 45.41 49.37 49.80
1.20 2.13 0.81 0.67 47.32 44.85 49.04 49.86
1.12 1.91 0.80 0.63 47.66 45.31 49.11 50.13
1.20 2.06 0.86 0.69 47.33 45.00 48.77 49.76
1.18 2.08 0.85 0.62 47.39 44.95 48.82 50.18
1.34 2.32 0.98 0.72 46.86 44.48 48.22 49.54
1.18 2.04 0.85 0.65 47.42 45.03 48.86 50.04
1.13 1.92 0.79 0.68 47.60 45.30 49.19 49.78
1.11 1.92 0.80 0.63 47.67 45.30 49.13 50.16
1.21 2.06 0.84 0.72 47.31 44.98 48.88 49.54
1.13 1.92 0.83 0.64 47.60 45.29 48.96 50.06
1.15 1.95 0.84 0.66 47.51 45.22 48.88 49.92
1.12 1.96 0.79 0.62 47.63 45.21 49.13 50.22
1.21 2.02 0.88 0.72 47.31 45.07 48.66 49.56
1.11 1.87 0.82 0.64 47.67 45.40 48.98 50.08
1.18 1.98 0.85 0.71 47.40 45.15 48.84 49.61
1.12 1.91 0.78 0.66 47.65 45.32 49.21 49.91
1.24 2.06 0.88 0.79 47.19 44.99 48.67 49.18
1.17 1.99 0.82 0.68 47.47 45.13 49.00 49.77
1.30 2.16 0.92 0.82 46.98 44.78 48.48 48.99
1.19 1.95 0.86 0.75 47.39 45.23 48.77 49.40
1.29 2.09 0.93 0.86 47.02 44.93 48.45 48.81
1.23 2.02 0.91 0.77 47.22 45.07 48.57 49.27
1.33 2.20 0.96 0.84 46.88 44.70 48.33 48.87
1.27 2.14 0.88 0.80 47.08 44.83 48.68 49.09
1.43 2.39 1.03 0.89 46.57 44.35 48.02 48.65
1.29 2.15 0.92 0.79 47.03 44.81 48.50 49.14
1.32 2.15 0.91 0.92 46.90 44.81 48.53 48.49
1.32 2.19 0.92 0.86 46.92 44.73 48.51 48.78
1.41 2.30 0.98 0.95 46.65 44.52 48.23 48.38
1.55 2.57 1.09 0.97 46.24 44.02 47.74 48.28
1.29 2.06 0.92 0.88 47.04 45.00 48.48 48.69
1.41 2.25 1.04 0.94 46.64 44.60 47.96 48.40
1.37 2.20 0.96 0.93 46.78 44.69 48.31 48.44
1.46 2.39 1.04 0.95 46.48 44.34 47.95 48.35
1.45 2.35 1.06 0.93 46.53 44.41 47.90 48.46
1.36 2.27 0.97 0.86 46.78 44.56 48.29 48.78
1.39 2.27 0.97 0.92 46.70 44.56 48.28 48.47
1.34 2.20 0.95 0.87 46.85 44.70 48.36 48.72
1.45 2.40 1.01 0.95 46.53 44.34 48.11 48.39
1.33 2.21 0.90 0.90 46.87 44.69 48.59 48.58
1.42 2.33 0.95 0.99 46.60 44.46 48.36 48.17
1.37 2.30 0.88 0.92 46.77 44.52 48.66 48.47
1.47 2.46 0.99 0.94 46.48 44.22 48.21 48.38
1.42 2.35 0.96 0.95 46.60 44.41 48.29 48.37
1.70 2.82 1.27 1.02 45.83 43.63 47.11 48.04
1.72 2.85 1.24 1.06 45.78 43.59 47.18 47.86
1.81 3.03 1.29 1.11 45.55 43.31 47.04 47.68
1.71 2.86 1.27 0.99 45.81 43.56 47.10 48.18
1.77 2.87 1.31 1.13 45.66 43.55 46.97 47.62
1.81 3.00 1.38 1.05 45.55 43.36 46.73 47.90
1.96 3.24 1.41 1.22 45.21 43.02 46.64 47.26
1.62 2.68 1.16 1.02 46.04 43.86 47.48 48.04
1.79 2.99 1.20 1.19 45.60 43.38 47.33 47.38
1.69 2.77 1.19 1.11 45.84 43.70 47.37 47.67
1.89 3.11 1.36 1.22 45.35 43.21 46.82 47.26
1.83 3.06 1.31 1.11 45.51 43.27 46.95 47.69
1.96 3.31 1.44 1.13 45.21 42.94 46.54 47.61
1.85 3.16 1.37 1.03 45.45 43.14 46.77 47.99
1.91 3.17 1.39 1.17 45.32 43.12 46.69 47.47
1.79 3.06 1.29 1.02 45.60 43.27 47.02 48.06
1.86 3.18 1.32 1.08 45.43 43.10 46.93 47.80
1.78 3.02 1.29 1.03 45.63 43.34 47.03 48.00
1.85 3.05 1.32 1.16 45.47 43.28 46.92 47.48
1.80 3.02 1.34 1.05 45.58 43.33 46.87 47.94
1.85 3.14 1.34 1.08 45.45 43.17 46.84 47.80
1.83 3.07 1.31 1.09 45.52 43.26 46.96 47.75
2.00 3.39 1.40 1.19 45.13 42.82 46.67 47.36
1.80 3.01 1.28 1.11 45.58 43.35 47.05 47.69
1.91 3.21 1.36 1.15 45.32 43.06 46.79 47.52
1.86 3.12 1.32 1.14 45.44 43.19 46.94 47.55
1.92 3.30 1.29 1.17 45.30 42.95 47.03 47.44
1.76 3.06 1.17 1.05 45.68 43.28 47.46 47.93
1.88 3.31 1.21 1.13 45.39 42.93 47.31 47.62
1.85 3.30 1.19 1.07 45.46 42.95 47.37 47.86
2.00 3.59 1.27 1.12 45.13 42.58 47.09 47.63
1.68 3.07 1.03 0.94 45.87 43.26 48.00 48.39
1.75 3.19 1.05 1.02 45.69 43.09 47.90 48.05
1.63 2.98 1.00 0.92 46.00 43.38 48.16 48.49
1.76 3.29 1.05 0.95 45.67 42.96 47.90 48.37
1.75 3.31 1.02 0.91 45.71 42.94 48.02 48.53
1.48 2.76 1.01 0.67 46.43 43.73 48.11 49.84
1.31 2.51 0.85 0.56 46.97 44.14 48.82 50.67
1.26 2.45 0.86 0.47 47.13 44.24 48.81 51.40
1.06 2.06 0.76 0.36 47.89 44.99 49.33 52.61
1.02 2.01 0.74 0.30 48.06 45.10 49.44 53.32
0.79 1.58 0.54 0.25 49.16 46.16 50.82 54.10
0.82 1.61 0.54 0.29 49.01 46.06 50.76 53.46
0.70 1.42 0.46 0.23 49.66 46.61 51.50 54.51
0.80 1.61 0.52 0.28 49.09 46.07 50.97 53.69
0.76 1.53 0.50 0.24 49.32 46.26 51.11 54.26
0.87 1.73 0.57 0.31 48.73 45.74 50.58 53.22
0.77 1.58 0.51 0.23 49.27 46.16 51.09 54.58
0.79 1.57 0.53 0.26 49.18 46.18 50.87 54.00
0.81 1.64 0.55 0.25 49.04 45.99 50.78 54.12
0.90 1.82 0.59 0.30 48.58 45.53 50.39 53.42
0.79 1.64 0.52 0.22 49.14 45.98 50.98 54.71
0.83 1.68 0.54 0.27 48.94 45.86 50.84 53.86
0.74 1.50 0.49 0.23 49.44 46.37 51.21 54.61
0.87 1.74 0.57 0.29 48.73 45.72 50.52 53.44
0.80 1.66 0.51 0.23 49.11 45.94 51.05 54.61
0.83 1.71 0.53 0.26 48.94 45.81 50.92 54.03
0.77 1.60 0.49 0.23 49.27 46.11 51.24 54.60
0.87 1.77 0.56 0.27 48.74 45.64 50.65 53.77
0.78 1.61 0.51 0.22 49.22 46.07 51.08 54.70
0.87 1.80 0.57 0.25 48.72 45.59 50.58 54.08
0.77 1.59 0.51 0.22 49.25 46.12 51.04 54.73
0.85 1.76 0.55 0.26 48.83 45.69 50.76 54.02
0.80 1.67 0.52 0.23 49.07 45.91 50.99 54.47
0.86 1.77 0.55 0.27 48.77 45.64 50.74 53.85
0.83 1.70 0.52 0.27 48.94 45.81 50.98 53.86
0.89 1.78 0.59 0.29 48.66 45.64 50.43 53.53
0.86 1.75 0.54 0.28 48.79 45.69 50.77 53.66
0.94 1.90 0.58 0.33 48.40 45.33 50.46 52.96
0.88 1.80 0.55 0.28 48.70 45.57 50.72 53.63
1.03 2.07 0.64 0.38 48.01 44.98 50.08 52.32
0.89 1.81 0.57 0.30 48.62 45.57 50.58 53.30
1.03 2.05 0.66 0.38 48.00 45.02 49.92 52.34
0.93 1.87 0.61 0.32 48.42 45.41 50.29 53.02
1.11 2.24 0.66 0.40 47.70 44.63 49.89 52.05
0.95 1.96 0.59 0.30 48.35 45.21 50.44 53.29
1.06 2.15 0.66 0.36 47.89 44.81 49.91 52.57
1.00 2.06 0.65 0.31 48.11 45.00 50.00 53.27
1.14 2.30 0.74 0.39 47.55 44.51 49.46 52.20
1.00 2.06 0.66 0.30 48.11 44.99 49.96 53.45
1.11 2.29 0.72 0.33 47.65 44.52 49.55 52.89
1.05 2.18 0.67 0.30 47.93 44.75 49.89 53.40
1.13 2.30 0.72 0.37 47.61 44.51 49.58 52.48
1.00 2.06 0.65 0.28 48.14 44.99 50.01 53.58
1.05 2.20 0.64 0.31 47.93 44.71 50.11 53.23
0.99 2.09 0.60 0.29 48.18 44.94 50.36 53.57
1.06 2.19 0.63 0.34 47.90 44.73 50.12 52.78
0.94 2.00 0.56 0.27 48.37 45.11 50.64 53.76
1.01 2.15 0.58 0.29 48.10 44.80 50.48 53.51
0.94 2.00 0.54 0.27 48.41 45.11 50.80 53.84
1.06 2.23 0.61 0.35 47.87 44.66 50.25 52.73
0.93 1.98 0.54 0.27 48.45 45.16 50.83 53.88
1.02 2.18 0.61 0.28 48.03 44.74 50.29 53.64
0.99 2.13 0.58 0.26 48.18 44.86 50.51 53.94
1.10 2.32 0.63 0.34 47.73 44.48 50.10 52.87
1.02 2.21 0.60 0.27 48.02 44.69 50.38 53.78
1.05 2.25 0.60 0.32 47.90 44.61 50.38 53.13
1.01 2.14 0.59 0.31 48.08 44.83 50.41 53.26
1.11 2.34 0.64 0.35 47.68 44.45 50.08 52.64
1.05 2.25 0.63 0.28 47.91 44.61 50.15 53.73
1.12 2.42 0.65 0.30 47.62 44.30 49.99 53.37
1.04 2.19 0.64 0.28 47.96 44.72 50.07 53.57
1.15 2.40 0.69 0.35 47.53 44.33 49.70 52.69
1.04 2.22 0.63 0.28 47.95 44.68 50.12 53.67
1.13 2.39 0.70 0.31 47.58 44.34 49.71 53.15
1.06 2.24 0.64 0.28 47.89 44.62 50.04 53.60
1.17 2.43 0.72 0.36 47.45 44.27 49.55 52.62
1.09 2.32 0.68 0.29 47.74 44.48 49.81 53.55
1.16 2.43 0.71 0.35 47.47 44.28 49.60 52.67
1.10 2.33 0.70 0.29 47.69 44.45 49.70 53.50
1.19 2.45 0.75 0.38 47.37 44.24 49.40 52.39
1.11 2.34 0.70 0.28 47.69 44.44 49.67 53.66
1.21 2.52 0.75 0.36 47.31 44.12 49.41 52.58
1.18 2.44 0.73 0.37 47.42 44.26 49.50 52.52
1.28 2.64 0.79 0.40 47.07 43.92 49.14 52.10
1.23 2.64 0.72 0.33 47.23 43.93 49.55 52.87
1.33 2.75 0.81 0.42 46.91 43.74 49.02 51.94
1.27 2.69 0.77 0.36 47.08 43.83 49.28 52.52
1.42 2.95 0.89 0.44 46.60 43.44 48.66 51.70
1.28 2.68 0.79 0.35 47.08 43.85 49.14 52.72
1.36 2.78 0.83 0.45 46.81 43.68 48.95 51.58
1.30 2.69 0.82 0.39 46.99 43.83 48.99 52.24
1.45 3.01 0.90 0.45 46.50 43.35 48.58 51.58
1.30 2.75 0.81 0.35 46.98 43.74 49.04 52.62
1.37 2.83 0.85 0.42 46.78 43.61 48.84 51.92
1.29 2.69 0.82 0.38 47.01 43.83 49.02 52.38
1.42 2.97 0.88 0.43 46.59 43.40 48.68 51.85
1.32 2.76 0.82 0.37 46.93 43.72 48.97 52.44
1.38 2.88 0.86 0.38 46.75 43.53 48.80 52.27
1.33 2.84 0.82 0.34 46.88 43.59 49.02 52.75
1.51 3.23 0.89 0.40 46.35 43.04 48.64 52.12
1.36 2.88 0.86 0.34 46.80 43.54 48.78 52.85
1.49 3.16 0.93 0.38 46.40 43.14 48.44 52.28
1.42 3.03 0.88 0.34 46.62 43.32 48.68 52.78
1.59 3.37 0.99 0.41 46.12 42.86 48.19 51.98
1.50 3.24 0.90 0.34 46.38 43.02 48.57 52.76
1.54 3.31 0.92 0.39 46.25 42.93 48.48 52.20
1.54 3.36 0.90 0.37 46.24 42.86 48.58 52.43
1.71 3.68 1.03 0.43 45.80 42.48 47.99 51.81
1.59 3.46 0.96 0.37 46.11 42.75 48.33 52.49
1.63 3.47 1.00 0.41 46.02 42.73 48.15 51.97
1.63 3.49 1.01 0.38 46.02 42.71 48.08 52.35
1.72 3.66 1.03 0.46 45.77 42.49 47.98 51.46
1.48 3.12 0.93 0.39 46.44 43.20 48.44 52.26
1.59 3.35 0.99 0.43 46.11 42.88 48.15 51.79
1.46 3.08 0.93 0.39 46.47 43.25 48.44 52.27
1.56 3.22 0.97 0.48 46.20 43.05 48.26 51.28
1.41 2.92 0.87 0.42 46.65 43.47 48.72 51.90
1.42 2.98 0.83 0.43 46.62 43.39 48.92 51.82
1.40 2.94 0.84 0.40 46.68 43.44 48.88 52.09
1.47 3.08 0.88 0.46 46.46 43.25 48.68 51.54
1.34 2.85 0.80 0.38 46.86 43.59 49.11 52.37
1.35 2.86 0.80 0.40 46.82 43.57 49.12 52.07
1.23 2.65 0.70 0.35 47.22 43.90 49.67 52.67
1.36 2.88 0.76 0.42 46.81 43.54 49.31 51.86
1.18 2.53 0.67 0.34 47.41 44.09 49.89 52.79
1.19 2.52 0.68 0.38 47.37 44.12 49.78 52.34
1.30 2.79 0.73 0.37 47.01 43.68 49.52 52.42
1.37 2.94 0.77 0.42 46.75 43.45 49.30 51.90
1.15 2.48 0.65 0.32 47.53 44.19 50.00 53.13
1.10 2.31 0.61 0.37 47.73 44.50 50.27 52.46
1.01 2.15 0.57 0.33 48.07 44.81 50.58 52.99
1.12 2.35 0.62 0.40 47.64 44.43 50.24 52.09
1.14 2.46 0.64 0.32 47.58 44.23 50.09 53.10
1.11 2.30 0.66 0.38 47.67 44.52 49.97 52.32
1.09 2.28 0.64 0.36 47.74 44.54 50.10 52.59
1.12 2.32 0.63 0.42 47.62 44.48 50.11 51.89
1.03 2.16 0.59 0.33 48.02 44.80 50.42 52.93
0.97 1.96 0.60 0.36 48.25 45.22 50.35 52.53
0.95 1.97 0.55 0.32 48.37 45.20 50.71 53.04
1.04 2.12 0.59 0.39 47.98 44.86 50.42 52.15
0.93 1.95 0.52 0.31 48.46 45.24 50.96 53.16
0.98 2.02 0.55 0.37 48.22 45.07 50.74 52.48
0.95 1.97 0.55 0.34 48.35 45.20 50.72 52.87
1.04 2.14 0.60 0.36 47.98 44.83 50.35 52.53
0.96 2.01 0.57 0.31 48.29 45.11 50.55 53.21
1.01 2.11 0.59 0.32 48.09 44.88 50.44 53.03
0.92 1.95 0.54 0.28 48.48 45.24 50.83 53.62
1.07 2.24 0.63 0.35 47.83 44.63 50.17 52.67
0.96 2.03 0.55 0.30 48.32 45.06 50.74 53.43
1.00 2.10 0.56 0.34 48.14 44.91 50.65 52.85
0.94 1.99 0.54 0.30 48.39 45.15 50.81 53.40
1.05 2.19 0.59 0.37 47.93 44.73 50.42 52.48
0.93 1.97 0.51 0.30 48.46 45.19 51.06 53.35
1.02 2.13 0.57 0.36 48.04 44.84 50.61 52.55
1.03 2.21 0.54 0.35 48.00 44.69 50.80 52.73
1.22 2.59 0.65 0.43 47.27 44.02 50.03 51.77
1.08 2.30 0.58 0.35 47.81 44.52 50.52 52.66
1.22 2.56 0.64 0.44 47.30 44.06 50.07 51.66
1.14 2.41 0.62 0.41 47.55 44.33 50.21 52.02
1.32 2.79 0.69 0.48 46.94 43.70 49.76 51.28
1.16 2.47 0.61 0.40 47.50 44.22 50.28 52.13
1.26 2.68 0.64 0.47 47.13 43.86 50.08 51.43
1.18 2.51 0.62 0.40 47.43 44.14 50.18 52.13
1.40 2.99 0.73 0.48 46.69 43.40 49.53 51.32
1.14 2.41 0.62 0.39 47.56 44.32 50.20 52.18
1.32 2.80 0.69 0.46 46.95 43.68 49.74 51.47
1.28 2.75 0.67 0.42 47.06 43.74 49.87 51.91
1.46 3.10 0.78 0.52 46.49 43.24 49.23 51.01
1.29 2.78 0.68 0.41 47.04 43.70 49.79 52.04
1.41 2.99 0.76 0.47 46.67 43.39 49.32 51.45
1.31 2.80 0.72 0.41 46.97 43.67 49.54 52.02
1.47 3.11 0.79 0.50 46.49 43.22 49.18 51.18
1.34 2.87 0.73 0.43 46.88 43.58 49.54 51.82
1.50 3.19 0.83 0.47 46.40 43.11 48.93 51.44
1.43 3.13 0.75 0.41 46.60 43.21 49.40 52.04
1.56 3.35 0.85 0.48 46.22 42.91 48.82 51.35
1.40 3.05 0.76 0.40 46.67 43.31 49.32 52.11
1.53 3.32 0.81 0.45 46.30 42.94 49.04 51.61
1.44 3.14 0.77 0.40 46.56 43.17 49.27 52.10
1.67 3.58 0.92 0.51 45.92 42.61 48.52 51.08
1.47 3.18 0.82 0.40 46.47 43.11 49.00 52.09
1.65 3.61 0.88 0.47 45.98 42.59 48.70 51.45
1.58 3.50 0.82 0.42 46.17 42.72 49.00 51.91
1.93 4.25 1.01 0.52 45.30 41.87 48.09 50.98
1.59 3.53 0.83 0.42 46.12 42.67 48.93 51.92
1.68 3.64 0.93 0.48 45.87 42.52 48.45 51.34
1.69 3.71 0.90 0.44 45.87 42.45 48.58 51.66
1.97 4.24 1.05 0.63 45.19 41.86 47.93 50.18
1.76 3.83 0.93 0.51 45.70 42.31 48.44 51.09
1.79 3.78 0.99 0.61 45.60 42.36 48.18 50.32
1.78 3.78 0.98 0.56 45.64 42.36 48.20 50.65
1.99 4.19 1.09 0.67 45.16 41.92 47.76 49.89
1.71 3.61 0.96 0.55 45.81 42.56 48.29 50.74
1.77 3.71 0.98 0.61 45.66 42.43 48.22 50.28
1.69 3.60 0.93 0.55 45.85 42.58 48.47 50.70
1.99 4.20 1.08 0.68 45.15 41.90 47.81 49.81
1.64 3.52 0.89 0.52 45.97 42.67 48.64 50.97
1.77 3.73 0.96 0.62 45.66 42.42 48.30 50.22
1.63 3.46 0.89 0.54 46.01 42.74 48.63 50.84
1.94 4.16 1.02 0.65 45.26 41.95 48.07 50.01
1.72 3.74 0.91 0.52 45.77 42.40 48.53 51.01
1.81 3.89 0.96 0.57 45.56 42.23 48.30 50.59
1.80 3.94 0.95 0.52 45.57 42.17 48.36 50.98
1.98 4.29 1.02 0.62 45.18 41.81 48.04 50.21
1.91 4.18 0.97 0.57 45.33 41.92 48.28 50.54
1.92 4.02 1.12 0.64 45.29 42.09 47.65 50.09
1.65 3.44 0.96 0.54 45.97 42.77 48.29 50.81
1.77 3.70 1.02 0.58 45.67 42.45 48.06 50.49
1.75 3.69 1.01 0.56 45.70 42.46 48.09 50.68
1.93 4.03 1.14 0.63 45.27 42.08 47.55 50.12
1.74 3.68 1.01 0.53 45.72 42.47 48.08 50.89
1.86 3.94 1.04 0.59 45.45 42.18 47.96 50.40
1.82 3.93 1.01 0.53 45.53 42.20 48.07 50.92
2.04 4.31 1.16 0.63 45.05 41.79 47.50 50.10
1.78 3.78 1.03 0.52 45.64 42.36 48.02 50.95
2.20 4.79 1.19 0.59 44.74 41.35 47.36 50.41
2.18 4.84 1.14 0.57 44.76 41.32 47.55 50.58
2.47 5.51 1.26 0.67 44.22 40.76 47.14 49.91
2.23 4.95 1.19 0.56 44.68 41.25 47.37 50.65
2.38 5.29 1.23 0.62 44.40 40.94 47.25 50.23
2.33 5.18 1.21 0.61 44.49 41.04 47.32 50.27
2.70 6.08 1.33 0.69 43.86 40.35 46.90 49.71
2.35 5.22 1.23 0.60 44.46 41.02 47.25 50.32
2.51 5.57 1.34 0.61 44.17 40.71 46.88 50.25
2.53 5.68 1.30 0.61 44.13 40.63 47.00 50.25
2.79 6.25 1.39 0.73 43.71 40.22 46.71 49.49
2.50 5.64 1.25 0.62 44.18 40.67 47.20 50.18
2.61 5.87 1.30 0.67 44.00 40.50 46.99 49.88
2.52 5.69 1.26 0.63 44.14 40.63 47.15 50.14
2.95 6.66 1.43 0.77 43.47 39.95 46.58 49.28
2.54 5.68 1.26 0.67 44.12 40.63 47.14 49.88
2.44 5.35 1.25 0.71 44.29 40.89 47.16 49.62
2.47 5.44 1.26 0.70 44.24 40.81 47.13 49.70
2.70 5.92 1.32 0.85 43.87 40.47 46.93 48.84
2.37 5.22 1.22 0.67 44.41 40.99 47.29 49.87
2.38 5.20 1.22 0.73 44.37 41.00 47.26 49.50
2.33 5.11 1.17 0.73 44.47 41.09 47.46 49.48
2.54 5.50 1.25 0.86 44.12 40.78 47.17 48.77
2.14 4.71 1.08 0.63 44.86 41.44 47.82 50.13
2.24 4.76 1.20 0.74 44.66 41.39 47.34 49.43
2.16 4.66 1.14 0.69 44.80 41.48 47.58 49.72
2.40 5.09 1.30 0.82 44.35 41.11 47.00 49.01
1.91 4.11 1.03 0.59 45.33 42.02 47.99 50.40
1.87 3.89 1.03 0.69 45.42 42.25 48.02 49.71
1.75 3.57 0.98 0.71 45.70 42.62 48.22 49.61
1.73 3.41 1.00 0.80 45.75 42.82 48.15 49.11
1.56 3.13 0.87 0.67 46.22 43.19 48.74 49.86
1.64 3.22 0.95 0.75 45.99 43.06 48.37 49.42
1.71 3.37 0.98 0.77 45.83 42.88 48.23 49.29
1.82 3.58 1.02 0.85 45.55 42.61 48.05 48.83
1.58 3.14 0.89 0.70 46.18 43.19 48.67 49.68
1.58 3.07 0.87 0.81 46.14 43.27 48.72 49.08
1.44 2.82 0.82 0.68 46.55 43.64 49.00 49.79
1.61 3.12 0.87 0.84 46.07 43.21 48.74 48.90
1.43 2.79 0.83 0.66 46.59 43.68 48.97 49.92
1.57 3.02 0.85 0.83 46.19 43.35 48.83 48.94
1.50 2.97 0.82 0.71 46.38 43.41 49.00 49.62
1.69 3.36 0.88 0.84 45.85 42.88 48.70 48.88
1.53 3.07 0.81 0.70 46.31 43.28 49.04 49.72
1.57 3.16 0.84 0.71 46.19 43.15 48.91 49.64
1.51 3.08 0.80 0.64 46.37 43.27 49.11 50.08
1.61 3.29 0.84 0.71 46.08 42.98 48.91 49.64
1.41 2.86 0.77 0.61 46.64 43.59 49.29 50.26
1.52 3.07 0.81 0.68 46.33 43.27 49.08 49.84
1.49 3.00 0.76 0.69 46.43 43.38 49.30 49.76
1.71 3.50 0.86 0.76 45.83 42.71 48.81 49.36
1.56 3.18 0.77 0.71 46.22 43.13 49.24 49.60
1.62 3.33 0.83 0.72 46.04 42.93 48.96 49.59
1.49 3.09 0.75 0.65 46.41 43.26 49.42 50.05
1.72 3.57 0.88 0.72 45.79 42.62 48.71 49.58
1.55 3.12 0.80 0.73 46.24 43.21 49.09 49.50
1.76 3.57 0.95 0.76 45.69 42.61 48.36 49.36
1.66 3.33 0.91 0.74 45.95 42.92 48.58 49.46
1.83 3.77 0.94 0.79 45.51 42.38 48.40 49.18
1.68 3.42 0.96 0.67 45.89 42.80 48.35 49.91
1.58 3.12 0.89 0.71 46.17 43.20 48.63 49.61
1.47 2.89 0.85 0.67 46.47 43.53 48.87 49.85
1.69 3.33 0.93 0.82 45.86 42.92 48.46 49.00
1.37 2.70 0.81 0.62 46.76 43.83 49.06 50.22
1.55 2.98 0.93 0.72 46.25 43.39 48.43 49.57
1.57 3.08 0.94 0.68 46.19 43.25 48.41 49.83
1.74 3.43 0.97 0.80 45.74 42.78 48.25 49.11
1.60 3.22 0.93 0.66 46.09 43.07 48.45 49.96
1.62 3.20 0.91 0.73 46.05 43.09 48.52 49.49
1.65 3.31 0.93 0.71 45.96 42.95 48.44 49.61
1.80 3.57 0.99 0.84 45.59 42.62 48.17 48.88
1.60 3.18 0.91 0.69 46.12 43.12 48.55 49.74
1.68 3.31 0.97 0.75 45.90 42.95 48.29 49.38
1.74 3.43 0.99 0.80 45.73 42.79 48.16 49.12
1.94 3.88 1.04 0.92 45.25 42.26 47.95 48.51
1.78 3.58 0.98 0.80 45.63 42.61 48.24 49.11
1.93 3.93 1.06 0.81 45.28 42.20 47.89 49.04
1.91 3.86 1.03 0.85 45.33 42.28 48.01 48.86
2.26 4.63 1.16 1.00 44.60 41.49 47.49 48.13
1.90 3.80 1.03 0.87 45.36 42.35 48.03 48.74
1.99 3.95 1.04 0.97 45.15 42.17 47.97 48.26
1.99 3.94 1.05 0.98 45.16 42.20 47.92 48.23
2.35 4.75 1.18 1.12 44.43 41.38 47.43 47.65
2.09 4.19 1.11 0.97 44.93 41.92 47.67 48.26
2.26 4.56 1.14 1.09 44.60 41.56 47.55 47.76
2.22 4.49 1.15 1.01 44.69 41.62 47.55 48.10
2.60 5.34 1.25 1.21 44.00 40.88 47.16 47.32
2.31 4.64 1.19 1.11 44.50 41.47 47.39 47.66
2.25 4.51 1.17 1.08 44.61 41.60 47.46 47.79
2.64 5.39 1.31 1.22 43.92 40.83 46.96 47.26
1.51 2.86 0.99 0.67 46.36 43.58 48.19 49.84
1.43 2.75 0.90 0.63 46.59 43.74 48.57 50.14
1.66 3.17 1.05 0.76 45.93 43.12 47.93 49.33
1.64 3.12 1.08 0.71 45.98 43.18 47.80 49.59
1.92 3.75 1.17 0.84 45.29 42.40 47.43 48.87
1.74 3.41 1.05 0.74 45.74 42.80 47.90 49.45
1.82 3.53 1.09 0.82 45.55 42.66 47.74 48.98
1.76 3.41 1.06 0.80 45.69 42.82 47.88 49.09
1.95 3.81 1.16 0.89 45.23 42.32 47.51 48.66
1.78 3.46 1.07 0.81 45.63 42.75 47.83 49.04
1.86 3.66 1.06 0.87 45.43 42.50 47.89 48.74
1.84 3.64 1.04 0.83 45.50 42.53 47.96 48.92
1.96 3.83 1.15 0.91 45.21 42.31 47.54 48.55
1.83 3.65 1.06 0.78 45.51 42.52 47.87 49.21
1.96 3.85 1.16 0.87 45.22 42.28 47.50 48.76
1.86 3.70 1.08 0.81 45.43 42.46 47.78 49.07
2.04 4.01 1.20 0.91 45.04 42.11 47.32 48.56
1.82 3.57 1.07 0.82 45.53 42.61 47.83 48.96
1.98 3.97 1.11 0.86 45.17 42.15 47.69 48.77
1.86 3.69 1.08 0.83 45.43 42.47 47.83 48.94
2.13 4.32 1.15 0.91 44.86 41.78 47.54 48.56
1.85 3.73 1.03 0.79 45.46 42.42 47.99 49.14
1.96 3.87 1.11 0.91 45.21 42.26 47.69 48.56
1.94 3.90 1.08 0.85 45.25 42.22 47.81 48.83
2.14 4.43 1.12 0.87 44.84 41.68 47.65 48.73
1.96 3.95 1.08 0.84 45.22 42.17 47.79 48.91
2.04 4.07 1.14 0.89 45.05 42.04 47.56 48.62
1.97 3.97 1.10 0.85 45.18 42.15 47.71 48.85
2.00 4.09 1.11 0.82 45.12 42.03 47.70 48.98
2.08 4.19 1.18 0.87 44.95 41.92 47.40 48.74
2.06 4.02 1.20 0.96 44.99 42.09 47.35 48.31
2.11 4.17 1.18 0.99 44.88 41.94 47.41 48.17
2.34 4.57 1.31 1.12 44.45 41.53 46.94 47.65
2.24 4.31 1.26 1.13 44.64 41.79 47.11 47.59
2.48 4.75 1.40 1.29 44.18 41.36 46.66 47.04
2.42 4.68 1.34 1.25 44.29 41.43 46.87 47.17
2.73 5.36 1.49 1.35 43.76 40.84 46.39 46.84
2.58 5.01 1.44 1.29 44.01 41.13 46.55 47.01
2.78 5.28 1.61 1.45 43.69 40.90 46.07 46.51
2.63 5.08 1.49 1.32 43.93 41.07 46.39 46.91
3.03 5.86 1.74 1.51 43.31 40.45 45.73 46.34
2.81 5.61 1.55 1.27 43.65 40.64 46.23 47.08
2.80 5.42 1.57 1.40 43.66 40.79 46.17 46.66
2.81 5.58 1.53 1.32 43.64 40.66 46.28 46.92
3.41 6.80 1.88 1.54 42.81 39.81 45.40 46.25
2.89 5.76 1.54 1.37 43.52 40.52 46.24 46.78
3.11 6.25 1.68 1.39 43.20 40.17 45.87 46.70
2.98 6.05 1.57 1.33 43.38 40.32 46.18 46.88
3.05 6.05 1.66 1.45 43.28 40.31 45.93 46.52
2.62 5.22 1.47 1.19 43.94 40.96 46.46 47.37
2.48 4.86 1.39 1.19 44.18 41.26 46.69 47.37
2.22 4.37 1.20 1.09 44.67 41.73 47.34 47.75
2.24 4.42 1.18 1.10 44.64 41.67 47.41 47.71
1.97 3.92 1.06 0.93 45.19 42.20 47.90 48.44
1.90 3.69 1.05 0.96 45.35 42.46 47.93 48.31
1.82 3.54 1.03 0.88 45.54 42.64 47.99 48.70
1.86 3.68 0.97 0.92 45.44 42.47 48.25 48.50
1.76 3.52 0.96 0.81 45.68 42.67 48.33 49.06
1.68 3.33 0.94 0.77 45.87 42.91 48.38 49.26
1.58 3.14 0.90 0.71 46.14 43.17 48.58 49.65
1.48 2.95 0.78 0.72 46.41 43.42 49.18 49.57
1.28 2.49 0.69 0.64 47.07 44.16 49.72 50.06
1.14 2.17 0.63 0.60 47.58 44.76 50.14 50.33
1.05 1.98 0.57 0.61 47.91 45.15 50.61 50.31
0.96 1.75 0.56 0.57 48.33 45.71 50.68 50.62
0.93 1.67 0.52 0.59 48.47 45.90 51.00 50.42
0.88 1.53 0.52 0.60 48.67 46.28 51.01 50.36
0.99 1.74 0.55 0.70 48.15 45.74 50.71 49.68
0.93 1.61 0.55 0.63 48.44 46.06 50.72 50.14
0.99 1.73 0.59 0.65 48.18 45.74 50.45 50.01
1.01 1.75 0.59 0.67 48.11 45.70 50.41 49.84
1.09 1.84 0.65 0.78 47.76 45.49 50.02 49.21
1.07 1.84 0.65 0.71 47.84 45.47 49.99 49.62
1.04 1.78 0.62 0.73 47.95 45.63 50.23 49.47
1.03 1.73 0.62 0.73 48.01 45.75 50.20 49.51
1.18 1.96 0.70 0.89 47.41 45.22 49.70 48.66
1.14 1.91 0.72 0.79 47.57 45.33 49.58 49.14
1.11 1.84 0.68 0.83 47.67 45.49 49.83 48.97
1.13 1.90 0.69 0.79 47.61 45.34 49.74 49.16
1.28 2.16 0.79 0.90 47.05 44.79 49.17 48.59
1.23 2.05 0.78 0.86 47.23 45.01 49.22 48.80
1.24 2.05 0.79 0.87 47.21 45.02 49.14 48.74
1.26 2.14 0.82 0.83 47.13 44.83 49.02 48.97
1.39 2.34 0.90 0.92 46.71 44.44 48.59 48.49
1.35 2.30 0.91 0.82 46.84 44.51 48.53 48.97
1.37 2.35 0.93 0.82 46.77 44.43 48.43 48.97
1.29 2.25 0.86 0.77 47.01 44.61 48.80 49.24
1.47 2.52 0.98 0.91 46.46 44.11 48.23 48.54
1.39 2.39 0.94 0.84 46.70 44.34 48.42 48.90
1.38 2.34 0.96 0.85 46.72 44.44 48.32 48.83
1.34 2.31 0.94 0.77 46.85 44.49 48.40 49.25
1.44 2.48 0.96 0.86 46.56 44.18 48.29 48.78
1.36 2.35 0.96 0.79 46.78 44.42 48.33 49.15
1.33 2.33 0.87 0.78 46.91 44.46 48.76 49.21
1.32 2.29 0.90 0.75 46.94 44.52 48.58 49.37
1.40 2.47 0.88 0.84 46.67 44.20 48.67 48.89
1.37 2.44 0.92 0.77 46.75 44.26 48.51 49.26
1.29 2.27 0.82 0.79 47.02 44.58 49.00 49.18
1.28 2.19 0.85 0.78 47.08 44.73 48.82 49.19
1.46 2.55 0.93 0.90 46.49 44.07 48.46 48.59
1.44 2.50 0.96 0.85 46.56 44.14 48.34 48.84
1.45 2.52 0.98 0.85 46.52 44.13 48.21 48.82
1.51 2.56 1.10 0.86 46.35 44.05 47.72 48.79
1.75 3.09 1.15 1.02 45.69 43.23 47.51 48.05
1.65 2.84 1.18 0.94 45.94 43.59 47.42 48.39
1.65 2.85 1.20 0.90 45.96 43.59 47.35 48.57
1.60 2.70 1.17 0.92 46.10 43.81 47.47 48.47
1.68 2.87 1.12 1.04 45.88 43.55 47.63 47.96
1.56 2.68 1.07 0.93 46.20 43.84 47.82 48.47
1.56 2.64 1.08 0.97 46.19 43.92 47.80 48.27
1.58 2.69 1.11 0.93 46.15 43.84 47.69 48.42
1.65 2.82 1.06 1.06 45.96 43.63 47.87 47.87
1.63 2.76 1.15 0.97 46.02 43.73 47.53 48.28
1.43 2.38 1.00 0.93 46.56 44.37 48.14 48.43
1.44 2.46 0.95 0.90 46.56 44.23 48.33 48.59
1.51 2.57 0.96 1.01 46.33 44.03 48.33 48.09
1.47 2.54 0.94 0.95 46.45 44.09 48.41 48.37
1.41 2.45 0.86 0.94 46.62 44.24 48.80 48.41
1.38 2.36 0.87 0.89 46.75 44.40 48.72 48.62
1.47 2.56 0.88 0.98 46.45 44.05 48.68 48.22
1.39 2.35 0.89 0.93 46.71 44.42 48.66 48.46
1.36 2.31 0.86 0.92 46.79 44.50 48.76 48.50
1.42 2.39 0.91 0.98 46.60 44.35 48.56 48.24
1.53 2.60 0.95 1.06 46.27 43.99 48.34 47.89
1.47 2.45 0.95 1.01 46.45 44.23 48.34 48.09
1.54 2.55 1.06 1.01 46.26 44.07 47.88 48.07
1.61 2.64 1.09 1.10 46.06 43.92 47.75 47.70
1.77 2.95 1.11 1.23 45.66 43.43 47.68 47.22
1.76 2.93 1.18 1.16 45.68 43.46 47.40 47.49
1.80 3.02 1.18 1.19 45.58 43.34 47.40 47.36
1.71 2.86 1.13 1.15 45.79 43.57 47.60 47.52
2.01 3.46 1.28 1.27 45.11 42.74 47.05 47.09
1.96 3.38 1.28 1.24 45.20 42.85 47.05 47.20
1.79 3.00 1.14 1.22 45.61 43.36 47.57 47.27
1.92 3.23 1.29 1.24 45.30 43.04 47.02 47.21
1.93 3.30 1.17 1.31 45.28 42.94 47.44 46.96
1.83 3.10 1.16 1.24 45.50 43.22 47.49 47.18
1.76 2.96 1.07 1.24 45.68 43.42 47.84 47.18
1.75 2.98 1.08 1.18 45.71 43.39 47.82 47.40
1.91 3.27 1.12 1.34 45.33 42.98 47.66 46.88
1.95 3.40 1.23 1.23 45.22 42.82 47.22 47.23
1.91 3.28 1.14 1.30 45.33 42.98 47.56 46.98
1.99 3.44 1.17 1.36 45.15 42.77 47.46 46.81
2.30 4.04 1.37 1.50 44.51 42.07 46.77 46.38
2.47 4.32 1.60 1.47 44.21 41.78 46.08 46.45
2.37 4.05 1.56 1.50 44.39 42.06 46.20 46.37
2.28 3.85 1.47 1.50 44.56 42.27 46.45 46.35
2.33 3.95 1.47 1.57 44.46 42.17 46.45 46.18
2.21 3.66 1.49 1.47 44.69 42.49 46.40 46.46
2.04 3.40 1.25 1.46 45.04 42.82 47.15 46.49
2.01 3.35 1.27 1.41 45.10 42.88 47.09 46.64
2.12 3.66 1.22 1.47 44.87 42.50 47.27 46.46
2.07 3.56 1.26 1.39 44.97 42.61 47.13 46.69
1.80 3.09 1.04 1.26 45.59 43.24 47.96 47.12
1.65 2.85 0.95 1.16 45.95 43.58 48.35 47.50
1.78 3.17 1.04 1.11 45.63 43.11 47.94 47.68
1.57 2.80 0.98 0.92 46.18 43.66 48.24 48.48
1.47 2.66 0.91 0.84 46.46 43.88 48.56 48.88
1.41 2.56 0.90 0.75 46.65 44.05 48.56 49.38
1.37 2.60 0.80 0.70 46.76 43.97 49.08 49.66
1.22 2.34 0.76 0.57 47.26 44.44 49.33 50.59
1.16 2.25 0.74 0.48 47.50 44.60 49.43 51.35
1.09 2.13 0.71 0.44 47.74 44.84 49.64 51.69
1.08 2.18 0.68 0.40 47.78 44.75 49.83 52.11
0.96 1.91 0.64 0.33 48.31 45.32 50.04 52.97
0.91 1.85 0.61 0.28 48.52 45.45 50.27 53.65
0.85 1.73 0.58 0.24 48.83 45.76 50.50 54.27
0.81 1.67 0.55 0.21 49.04 45.91 50.72 54.89
0.73 1.54 0.48 0.18 49.48 46.25 51.31 55.66
0.70 1.48 0.46 0.16 49.69 46.44 51.55 55.94
0.71 1.50 0.46 0.17 49.62 46.37 51.48 55.87
0.78 1.63 0.52 0.20 49.20 46.01 50.99 55.14
0.75 1.57 0.49 0.20 49.38 46.18 51.21 55.26
0.71 1.48 0.46 0.18 49.64 46.43 51.44 55.67
0.73 1.55 0.47 0.17 49.51 46.22 51.48 55.80
0.82 1.74 0.52 0.20 48.99 45.73 50.97 55.10
0.80 1.74 0.49 0.18 49.09 45.73 51.23 55.66
0.73 1.57 0.46 0.15 49.51 46.17 51.51 56.26
0.76 1.67 0.45 0.17 49.31 45.90 51.60 55.92
0.87 1.88 0.53 0.20 48.74 45.38 50.92 55.16
0.84 1.80 0.51 0.21 48.90 45.59 51.04 54.99
0.83 1.79 0.51 0.19 48.95 45.62 51.08 55.27
0.81 1.70 0.52 0.20 49.04 45.82 50.95 55.05
0.90 1.92 0.56 0.23 48.58 45.31 50.65 54.48
0.92 1.93 0.59 0.23 48.50 45.27 50.41 54.49
0.88 1.87 0.56 0.21 48.68 45.42 50.63 54.85
0.85 1.77 0.56 0.21 48.85 45.66 50.66 54.82
0.91 1.92 0.56 0.25 48.55 45.30 50.65 54.23
0.90 1.90 0.55 0.24 48.60 45.34 50.75 54.32
0.82 1.75 0.50 0.21 49.01 45.71 51.13 54.99
0.81 1.74 0.48 0.21 49.05 45.72 51.32 54.99
0.89 1.91 0.53 0.23 48.64 45.33 50.91 54.44
0.85 1.80 0.52 0.22 48.85 45.58 50.99 54.62
0.80 1.69 0.49 0.21 49.13 45.84 51.26 55.03
0.81 1.74 0.49 0.21 49.03 45.73 51.21 54.93
0.89 1.92 0.51 0.23 48.66 45.31 51.03 54.54
0.83 1.78 0.51 0.21 48.91 45.62 51.07 54.87
0.80 1.73 0.49 0.19 49.09 45.76 51.20 55.37
0.83 1.80 0.49 0.20 48.94 45.57 51.20 55.25
0.88 1.90 0.52 0.21 48.70 45.34 50.96 54.95
0.84 1.80 0.51 0.20 48.91 45.59 51.04 55.15
0.84 1.83 0.50 0.18 48.91 45.52 51.17 55.49
0.84 1.86 0.50 0.17 48.88 45.43 51.16 55.92
0.87 1.90 0.51 0.19 48.74 45.35 51.03 55.25
0.85 1.86 0.51 0.18 48.84 45.44 51.07 55.49
0.84 1.85 0.50 0.17 48.88 45.45 51.14 55.82
0.85 1.83 0.52 0.18 48.86 45.50 50.95 55.60
0.89 1.95 0.53 0.19 48.62 45.22 50.88 55.23
0.91 1.98 0.55 0.20 48.56 45.17 50.78 55.21
0.84 1.84 0.50 0.18 48.89 45.48 51.13 55.67
0.83 1.82 0.48 0.18 48.94 45.52 51.26 55.62
0.91 1.97 0.54 0.21 48.56 45.19 50.83 54.86
0.93 2.01 0.58 0.21 48.43 45.09 50.52 54.88
0.86 1.87 0.53 0.20 48.77 45.42 50.92 55.22
0.87 1.89 0.53 0.18 48.74 45.36 50.88 55.54
0.93 2.01 0.55 0.22 48.47 45.09 50.76 54.79
0.97 2.13 0.59 0.20 48.25 44.85 50.44 55.04
0.92 2.00 0.57 0.19 48.49 45.12 50.56 55.23
0.90 1.97 0.54 0.19 48.58 45.18 50.79 55.33
0.95 2.10 0.56 0.20 48.34 44.91 50.67 55.15
0.98 2.14 0.58 0.21 48.24 44.83 50.49 54.94
0.93 2.07 0.54 0.18 48.46 44.98 50.83 55.60
0.94 2.08 0.55 0.18 48.41 44.94 50.73 55.68
1.00 2.24 0.57 0.20 48.12 44.63 50.57 55.15
0.99 2.20 0.58 0.20 48.17 44.71 50.51 55.21
0.93 2.07 0.55 0.18 48.43 44.97 50.73 55.64
0.93 2.08 0.55 0.18 48.43 44.96 50.75 55.62
0.99 2.21 0.56 0.21 48.16 44.68 50.66 54.99
0.99 2.20 0.57 0.20 48.18 44.72 50.55 55.12
1.02 2.30 0.58 0.19 48.03 44.52 50.48 55.40
1.03 2.33 0.59 0.18 47.98 44.46 50.42 55.51
1.09 2.42 0.63 0.21 47.76 44.28 50.10 54.90
1.08 2.39 0.64 0.21 47.80 44.35 50.09 54.89
1.12 2.54 0.63 0.19 47.64 44.09 50.14 55.21
1.07 2.38 0.64 0.19 47.83 44.36 50.07 55.23
1.16 2.59 0.67 0.22 47.49 44.00 49.88 54.72
1.13 2.50 0.68 0.22 47.60 44.16 49.81 54.80
1.14 2.55 0.68 0.20 47.55 44.06 49.83 55.12
1.22 2.73 0.71 0.21 47.27 43.77 49.61 54.89
1.24 2.76 0.72 0.24 47.20 43.72 49.57 54.38
1.20 2.67 0.72 0.23 47.33 43.87 49.57 54.62
1.13 2.49 0.68 0.20 47.62 44.17 49.79 55.07
1.13 2.49 0.69 0.21 47.60 44.18 49.74 54.88
1.23 2.77 0.69 0.23 47.23 43.70 49.75 54.59
1.18 2.60 0.72 0.21 47.42 43.98 49.56 54.81
1.14 2.55 0.67 0.20 47.57 44.07 49.89 55.17
1.13 2.51 0.68 0.20 47.60 44.14 49.82 55.02
1.22 2.72 0.71 0.23 47.27 43.79 49.62 54.58
1.30 2.90 0.78 0.22 46.99 43.51 49.20 54.66
1.31 2.94 0.79 0.22 46.94 43.45 49.18 54.72
1.17 2.49 0.79 0.23 47.46 44.16 49.18 54.60
1.12 2.41 0.75 0.20 47.64 44.30 49.40 55.06
1.16 2.50 0.77 0.21 47.48 44.14 49.27 54.91
1.18 2.58 0.76 0.21 47.41 44.02 49.35 54.97
1.25 2.70 0.82 0.23 47.17 43.82 49.00 54.53
1.16 2.51 0.76 0.20 47.50 44.14 49.33 55.03
1.17 2.55 0.74 0.21 47.46 44.06 49.44 55.00
1.22 2.69 0.75 0.21 47.28 43.83 49.36 54.92
1.25 2.73 0.81 0.22 47.14 43.76 49.05 54.67
1.16 2.54 0.74 0.20 47.49 44.08 49.43 55.14
1.23 2.71 0.75 0.22 47.25 43.80 49.36 54.80
1.23 2.70 0.80 0.20 47.22 43.82 49.12 55.04
1.36 3.04 0.83 0.22 46.80 43.31 48.96 54.80
1.32 2.94 0.84 0.19 46.92 43.45 48.90 55.32
1.27 2.82 0.81 0.20 47.08 43.63 49.06 55.18
1.28 2.87 0.77 0.21 47.05 43.54 49.26 54.99
1.29 2.82 0.83 0.23 47.02 43.63 48.95 54.47
1.21 2.64 0.77 0.20 47.31 43.91 49.25 55.04
1.19 2.64 0.74 0.21 47.36 43.92 49.44 54.95
1.12 2.53 0.66 0.19 47.62 44.11 49.96 55.32
1.23 2.74 0.73 0.21 47.24 43.75 49.47 55.00
1.06 2.33 0.66 0.19 47.88 44.46 49.93 55.37
1.11 2.43 0.69 0.20 47.69 44.27 49.77 55.04
1.01 2.25 0.58 0.19 48.10 44.61 50.48 55.45
1.12 2.50 0.65 0.20 47.66 44.16 50.00 55.13
1.02 2.31 0.58 0.18 48.04 44.50 50.50 55.68
1.06 2.37 0.61 0.20 47.88 44.39 50.26 55.13
1.02 2.27 0.59 0.19 48.05 44.56 50.42 55.36
0.96 2.12 0.56 0.19 48.32 44.87 50.64 55.32
0.88 1.94 0.52 0.17 48.70 45.26 50.97 55.71
0.90 2.03 0.49 0.19 48.58 45.06 51.23 55.39
0.86 1.93 0.47 0.18 48.80 45.28 51.45 55.56
0.84 1.86 0.47 0.20 48.87 45.43 51.38 55.17
0.74 1.62 0.43 0.16 49.45 46.04 51.77 56.05
0.75 1.66 0.41 0.19 49.37 45.92 52.03 55.45
0.68 1.49 0.38 0.17 49.82 46.40 52.37 55.94
0.73 1.59 0.41 0.20 49.49 46.12 52.05 55.22
0.62 1.38 0.34 0.15 50.18 46.73 52.86 56.28
0.67 1.48 0.35 0.18 49.88 46.44 52.63 55.64
0.66 1.45 0.35 0.18 49.94 46.53 52.69 55.53
0.71 1.52 0.38 0.22 49.64 46.31 52.30 54.79
0.64 1.42 0.33 0.18 50.06 46.62 52.95 55.63
0.68 1.47 0.34 0.22 49.82 46.45 52.79 54.74
0.64 1.42 0.32 0.18 50.06 46.61 53.04 55.52
0.73 1.59 0.37 0.24 49.49 46.13 52.45 54.39
0.65 1.42 0.34 0.19 50.01 46.61 52.80 55.39
0.72 1.56 0.36 0.22 49.58 46.19 52.54 54.63
0.72 1.60 0.35 0.21 49.56 46.09 52.68 54.96
0.81 1.77 0.41 0.26 49.04 45.64 52.02 54.06
0.82 1.81 0.40 0.24 49.00 45.56 52.11 54.26
