0.00 0.00 0.00 0.00 0.00 0.00 0.00 0.01
0.00 0.00 0.00 0.00 0.00 0.00 0.01 0.03
0.01 0.01 0.01 0.00 0.02 0.01 0.04 0.00
0.00 0.01 0.00 0.00 0.00 0.01 0.02 0.01
0.00 0.01 0.00 0.00 0.00 0.01 0.01 0.03
0.00 0.00 0.01 0.00 0.01 0.00 0.03 0.00
0.00 0.01 0.00 0.00 0.01 0.01 0.01 0.01
0.00 0.01 0.01 0.00 0.01 0.01 0.04 0.03
0.00 0.00 0.00 0.00 0.00 0.00 0.02 0.02
0.01 0.03 0.00 0.01 0.03 0.03 0.04 0.07
0.01 0.03 0.01 0.01 0.02 0.04 0.03 0.12
0.01 0.04 0.00 0.00 0.03 0.05 0.02 0.00
0.02 0.04 0.01 0.00 0.03 0.04 0.05 0.01
0.01 0.02 0.00 0.01 0.01 0.03 0.00 0.10
0.01 0.03 0.00 0.00 0.02 0.02 0.00 0.01
0.00 0.01 0.01 0.00 0.00 0.01 0.05 0.00
0.00 0.00 0.00 0.00 0.00 0.00 0.03 0.00
0.01 0.02 0.00 0.00 0.02 0.02 0.02 0.04
0.01 0.01 0.02 0.00 0.02 0.01 0.07 0.03
0.02 0.07 0.01 0.00 0.06 0.07 0.04 0.01
0.02 0.02 0.02 0.01 0.03 0.01 0.07 0.09
0.01 0.03 0.00 0.01 0.03 0.03 0.01 0.04
0.00 0.01 0.01 0.01 0.01 0.01 0.04 0.04
0.00 0.01 0.00 0.00 0.01 0.01 0.02 0.04
0.01 0.01 0.01 0.00 0.01 0.01 0.04 0.03
0.00 0.02 0.01 0.00 0.00 0.01 0.06 0.03
0.01 0.02 0.01 0.00 0.02 0.02 0.03 0.04
0.02 0.03 0.01 0.00 0.03 0.02 0.05 0.05
0.01 0.02 0.01 0.01 0.01 0.02 0.05 0.05
0.05 0.13 0.02 0.01 0.11 0.12 0.06 0.09
0.34 0.94 0.08 0.01 0.83 1.04 0.38 0.07
0.36 0.97 0.08 0.03 0.87 1.10 0.37 0.19
0.53 1.39 0.14 0.05 1.07 1.30 0.57 0.32
0.46 1.21 0.14 0.03 1.03 1.26 0.59 0.19
0.45 1.23 0.11 0.02 0.96 1.21 0.46 0.15
0.48 1.30 0.11 0.03 1.01 1.26 0.47 0.20
0.58 1.54 0.16 0.05 1.09 1.34 0.59 0.27
0.46 1.25 0.11 0.03 0.97 1.21 0.45 0.20
0.46 1.23 0.11 0.04 0.94 1.16 0.46 0.25
0.55 1.45 0.17 0.05 1.13 1.37 0.66 0.32
0.62 1.63 0.15 0.07 1.08 1.32 0.53 0.38
0.60 1.60 0.16 0.04 1.17 1.42 0.60 0.30
0.58 1.51 0.17 0.06 1.11 1.33 0.62 0.40
0.61 1.60 0.18 0.05 1.18 1.40 0.69 0.34
0.74 1.96 0.19 0.06 1.21 1.46 0.63 0.38
0.67 1.77 0.20 0.04 1.24 1.47 0.74 0.29
0.69 1.83 0.21 0.03 1.22 1.45 0.75 0.24
0.69 1.82 0.22 0.05 1.26 1.48 0.78 0.36
0.82 2.17 0.22 0.06 1.31 1.56 0.74 0.34
0.61 1.64 0.14 0.06 1.17 1.41 0.58 0.39
0.69 1.83 0.19 0.05 1.23 1.46 0.69 0.36
0.70 1.82 0.20 0.07 1.26 1.47 0.77 0.48
0.84 2.21 0.22 0.09 1.33 1.57 0.75 0.49
0.80 2.17 0.18 0.05 1.42 1.69 0.72 0.35
0.70 1.86 0.17 0.05 1.21 1.44 0.64 0.31
0.78 2.11 0.17 0.06 1.33 1.58 0.66 0.39
0.90 2.39 0.25 0.07 1.39 1.63 0.82 0.41
0.75 2.03 0.19 0.04 1.33 1.56 0.76 0.30
0.75 2.00 0.22 0.04 1.24 1.44 0.81 0.26
0.70 1.90 0.17 0.02 1.22 1.45 0.66 0.16
0.05 0.12 0.04 0.01 0.11 0.12 0.15 0.07
0.05 0.10 0.06 0.01 0.12 0.11 0.24 0.06
0.03 0.06 0.03 0.01 0.07 0.06 0.12 0.12
0.03 0.07 0.02 0.01 0.07 0.07 0.08 0.10
0.04 0.08 0.03 0.01 0.08 0.08 0.11 0.10
0.03 0.06 0.03 0.01 0.09 0.08 0.16 0.12
0.01 0.04 0.01 0.01 0.03 0.04 0.05 0.11
0.02 0.04 0.02 0.01 0.05 0.04 0.11 0.06
0.02 0.06 0.02 0.01 0.06 0.06 0.07 0.05
0.02 0.06 0.02 0.01 0.06 0.07 0.09 0.09
0.02 0.03 0.02 0.02 0.05 0.04 0.11 0.14
0.02 0.05 0.01 0.02 0.05 0.06 0.07 0.12
0.01 0.01 0.01 0.01 0.02 0.02 0.06 0.10
0.01 0.02 0.01 0.01 0.04 0.03 0.06 0.11
0.01 0.02 0.02 0.01 0.04 0.02 0.08 0.12
0.02 0.03 0.01 0.02 0.05 0.05 0.07 0.14
0.01 0.02 0.01 0.02 0.03 0.02 0.05 0.13
0.02 0.04 0.02 0.01 0.06 0.06 0.09 0.11
0.01 0.03 0.01 0.02 0.04 0.05 0.06 0.15
0.01 0.03 0.02 0.02 0.05 0.05 0.08 0.13
0.02 0.05 0.02 0.01 0.07 0.08 0.11 0.09
0.01 0.03 0.02 0.02 0.04 0.05 0.10 0.10
0.01 0.03 0.02 0.01 0.03 0.05 0.11 0.09
0.02 0.04 0.02 0.02 0.05 0.08 0.08 0.12
0.01 0.02 0.02 0.01 0.04 0.03 0.11 0.08
0.02 0.03 0.02 0.02 0.06 0.06 0.12 0.13
0.02 0.03 0.01 0.01 0.05 0.05 0.06 0.09
0.02 0.03 0.01 0.02 0.06 0.07 0.07 0.13
0.01 0.03 0.02 0.02 0.05 0.05 0.09 0.10
0.01 0.03 0.02 0.02 0.03 0.06 0.09 0.13
0.02 0.04 0.02 0.01 0.05 0.06 0.08 0.07
0.01 0.02 0.01 0.01 0.03 0.03 0.06 0.07
0.02 0.04 0.01 0.01 0.05 0.07 0.07 0.08
0.02 0.05 0.01 0.01 0.07 0.09 0.07 0.05
0.02 0.04 0.02 0.01 0.05 0.06 0.08 0.09
0.01 0.02 0.02 0.01 0.04 0.04 0.10 0.09
0.01 0.04 0.02 0.01 0.04 0.06 0.09 0.07
0.01 0.03 0.01 0.02 0.03 0.06 0.04 0.13
0.01 0.04 0.02 0.02 0.04 0.07 0.08 0.15
0.01 0.04 0.01 0.01 0.04 0.07 0.06 0.07
0.02 0.04 0.02 0.02 0.04 0.07 0.11 0.10
0.02 0.05 0.02 0.01 0.07 0.08 0.10 0.11
0.01 0.03 0.02 0.02 0.03 0.05 0.08 0.10
0.01 0.02 0.02 0.02 0.03 0.03 0.07 0.10
0.01 0.05 0.02 0.01 0.04 0.08 0.08 0.06
0.01 0.02 0.02 0.01 0.04 0.03 0.12 0.06
0.01 0.02 0.02 0.01 0.04 0.03 0.10 0.05
0.01 0.03 0.02 0.01 0.04 0.05 0.08 0.08
0.02 0.05 0.01 0.00 0.05 0.07 0.05 0.02
0.02 0.04 0.02 0.03 0.06 0.07 0.07 0.17
0.02 0.05 0.02 0.01 0.05 0.07 0.09 0.05
0.02 0.05 0.01 0.02 0.07 0.08 0.06 0.08
0.01 0.04 0.02 0.01 0.03 0.06 0.08 0.05
0.02 0.05 0.02 0.02 0.07 0.07 0.09 0.11
0.02 0.05 0.02 0.01 0.05 0.07 0.09 0.05
0.03 0.06 0.02 0.01 0.08 0.09 0.10 0.05
0.03 0.07 0.01 0.01 0.07 0.10 0.06 0.07
0.02 0.04 0.01 0.02 0.05 0.06 0.07 0.10
0.02 0.05 0.01 0.01 0.06 0.08 0.05 0.08
0.01 0.04 0.02 0.02 0.05 0.07 0.08 0.13
0.02 0.03 0.01 0.02 0.05 0.05 0.06 0.13
0.01 0.03 0.01 0.02 0.03 0.04 0.04 0.12
0.01 0.03 0.01 0.02 0.03 0.04 0.06 0.11
0.01 0.03 0.01 0.01 0.03 0.05 0.07 0.08
0.01 0.02 0.02 0.01 0.04 0.04 0.07 0.05
0.02 0.03 0.02 0.01 0.05 0.05 0.08 0.08
0.02 0.04 0.02 0.02 0.07 0.07 0.08 0.09
0.02 0.04 0.02 0.02 0.06 0.07 0.11 0.13
0.01 0.02 0.01 0.02 0.03 0.03 0.05 0.07
0.01 0.03 0.01 0.02 0.05 0.04 0.06 0.12
0.02 0.03 0.02 0.02 0.06 0.05 0.11 0.11
0.01 0.03 0.01 0.02 0.04 0.05 0.06 0.12
0.01 0.02 0.01 0.02 0.03 0.03 0.05 0.08
0.02 0.03 0.02 0.02 0.04 0.04 0.07 0.11
0.02 0.02 0.02 0.02 0.04 0.03 0.07 0.10
0.02 0.03 0.01 0.01 0.04 0.04 0.07 0.08
0.01 0.02 0.01 0.01 0.02 0.03 0.05 0.05
0.01 0.03 0.02 0.01 0.04 0.05 0.11 0.07
0.02 0.03 0.02 0.02 0.04 0.04 0.10 0.11
0.02 0.05 0.02 0.02 0.06 0.07 0.06 0.09
0.01 0.03 0.02 0.01 0.03 0.04 0.07 0.07
0.02 0.04 0.02 0.02 0.05 0.06 0.08 0.09
0.02 0.04 0.03 0.02 0.06 0.05 0.10 0.10
0.01 0.03 0.02 0.02 0.04 0.05 0.09 0.09
0.02 0.02 0.02 0.02 0.04 0.03 0.08 0.10
0.01 0.03 0.02 0.02 0.04 0.04 0.11 0.09
0.01 0.04 0.02 0.02 0.03 0.05 0.08 0.10
0.02 0.03 0.02 0.03 0.05 0.04 0.08 0.13
0.02 0.02 0.02 0.02 0.03 0.03 0.09 0.09
0.02 0.05 0.02 0.02 0.05 0.07 0.08 0.10
0.02 0.03 0.01 0.03 0.04 0.04 0.06 0.12
0.02 0.04 0.01 0.02 0.05 0.05 0.07 0.10
0.01 0.03 0.02 0.02 0.03 0.04 0.08 0.06
0.03 0.06 0.02 0.02 0.06 0.08 0.11 0.10
0.02 0.04 0.02 0.02 0.05 0.05 0.09 0.10
0.02 0.03 0.02 0.02 0.05 0.04 0.09 0.10
0.01 0.02 0.02 0.01 0.03 0.03 0.06 0.05
0.01 0.02 0.02 0.02 0.03 0.02 0.09 0.09
0.02 0.04 0.01 0.03 0.04 0.04 0.05 0.10
0.02 0.03 0.01 0.02 0.04 0.03 0.06 0.09
0.02 0.05 0.01 0.02 0.04 0.05 0.05 0.08
0.01 0.02 0.01 0.02 0.02 0.02 0.04 0.09
0.01 0.02 0.03 0.01 0.02 0.02 0.08 0.03
0.02 0.05 0.02 0.02 0.05 0.05 0.07 0.08
0.01 0.03 0.02 0.02 0.01 0.02 0.06 0.07
0.02 0.04 0.03 0.02 0.04 0.04 0.09 0.10
0.02 0.04 0.02 0.01 0.03 0.04 0.05 0.05
0.01 0.03 0.02 0.02 0.01 0.03 0.05 0.07
0.01 0.04 0.01 0.01 0.02 0.03 0.03 0.05
0.01 0.04 0.02 0.01 0.02 0.03 0.05 0.06
0.02 0.03 0.02 0.02 0.04 0.03 0.06 0.09
0.02 0.05 0.02 0.01 0.04 0.05 0.05 0.03
0.02 0.04 0.03 0.02 0.04 0.03 0.08 0.07
0.02 0.05 0.03 0.02 0.04 0.04 0.10 0.06
0.01 0.03 0.04 0.02 0.02 0.02 0.10 0.08
0.02 0.03 0.03 0.02 0.03 0.03 0.09 0.09
0.01 0.04 0.02 0.02 0.02 0.04 0.05 0.07
0.02 0.03 0.02 0.02 0.04 0.03 0.06 0.07
0.03 0.05 0.04 0.02 0.05 0.05 0.11 0.07
0.03 0.05 0.02 0.02 0.04 0.04 0.06 0.07
0.02 0.03 0.02 0.02 0.03 0.03 0.07 0.07
0.02 0.05 0.02 0.01 0.04 0.04 0.08 0.05
0.02 0.04 0.03 0.02 0.03 0.03 0.07 0.06
0.02 0.04 0.02 0.02 0.04 0.04 0.07 0.08
0.01 0.03 0.02 0.02 0.02 0.03 0.06 0.07
0.01 0.02 0.02 0.02 0.02 0.02 0.05 0.06
0.02 0.04 0.02 0.01 0.04 0.04 0.08 0.05
0.02 0.03 0.02 0.01 0.03 0.04 0.08 0.06
0.01 0.01 0.02 0.02 0.02 0.01 0.07 0.06
0.02 0.04 0.03 0.02 0.06 0.05 0.12 0.08
0.02 0.04 0.02 0.03 0.04 0.05 0.07 0.12
0.02 0.03 0.02 0.02 0.05 0.05 0.10 0.11
0.01 0.03 0.02 0.01 0.03 0.04 0.07 0.06
0.02 0.03 0.02 0.02 0.06 0.06 0.09 0.14
0.01 0.03 0.01 0.01 0.04 0.06 0.07 0.05
0.02 0.03 0.02 0.02 0.07 0.07 0.12 0.14
0.02 0.03 0.02 0.02 0.07 0.07 0.13 0.11
0.01 0.02 0.02 0.01 0.04 0.07 0.10 0.11
0.01 0.01 0.02 0.01 0.05 0.03 0.11 0.08
0.01 0.02 0.01 0.02 0.05 0.07 0.11 0.12
0.01 0.02 0.02 0.01 0.04 0.05 0.12 0.08
0.01 0.03 0.02 0.02 0.07 0.07 0.11 0.19
0.01 0.02 0.01 0.01 0.05 0.07 0.09 0.07
0.01 0.02 0.01 0.01 0.05 0.05 0.10 0.11
0.02 0.03 0.02 0.01 0.07 0.09 0.11 0.04
0.01 0.02 0.02 0.02 0.05 0.06 0.15 0.19
0.01 0.02 0.01 0.01 0.04 0.06 0.06 0.13
0.01 0.03 0.01 0.02 0.04 0.08 0.09 0.15
0.01 0.02 0.02 0.02 0.06 0.05 0.10 0.18
0.01 0.02 0.01 0.01 0.05 0.04 0.07 0.13
0.01 0.02 0.01 0.02 0.04 0.04 0.09 0.11
0.02 0.03 0.01 0.02 0.06 0.10 0.07 0.12
0.01 0.02 0.01 0.02 0.03 0.04 0.08 0.11
0.01 0.03 0.01 0.01 0.06 0.07 0.10 0.09
0.01 0.01 0.01 0.01 0.03 0.04 0.09 0.08
0.01 0.02 0.02 0.01 0.04 0.06 0.11 0.10
0.01 0.02 0.01 0.01 0.03 0.04 0.08 0.04
0.01 0.03 0.02 0.01 0.06 0.08 0.10 0.08
0.01 0.01 0.02 0.01 0.04 0.03 0.10 0.05
0.02 0.02 0.02 0.02 0.07 0.06 0.10 0.15
0.01 0.02 0.01 0.01 0.04 0.05 0.08 0.05
0.02 0.02 0.02 0.01 0.06 0.05 0.10 0.11
0.01 0.02 0.02 0.02 0.05 0.05 0.10 0.11
0.01 0.03 0.02 0.01 0.05 0.06 0.09 0.09
0.01 0.01 0.01 0.01 0.02 0.02 0.05 0.07
0.01 0.03 0.02 0.02 0.04 0.06 0.08 0.11
0.01 0.02 0.01 0.01 0.03 0.04 0.06 0.05
0.02 0.03 0.02 0.01 0.06 0.07 0.10 0.11
0.01 0.02 0.02 0.01 0.04 0.04 0.09 0.07
0.01 0.03 0.01 0.01 0.06 0.07 0.06 0.06
0.01 0.02 0.02 0.02 0.04 0.05 0.08 0.13
0.01 0.02 0.02 0.01 0.05 0.04 0.10 0.10
0.01 0.01 0.01 0.01 0.02 0.02 0.06 0.07
0.01 0.02 0.02 0.02 0.04 0.05 0.08 0.10
0.01 0.02 0.02 0.02 0.04 0.05 0.09 0.11
0.01 0.03 0.01 0.02 0.04 0.06 0.06 0.11
0.01 0.02 0.01 0.02 0.03 0.03 0.06 0.10
0.01 0.02 0.02 0.02 0.05 0.05 0.08 0.13
0.01 0.03 0.01 0.01 0.03 0.05 0.05 0.07
0.02 0.02 0.02 0.02 0.06 0.05 0.09 0.12
0.01 0.01 0.02 0.01 0.03 0.02 0.08 0.05
0.01 0.02 0.01 0.02 0.05 0.05 0.07 0.09
0.01 0.03 0.02 0.01 0.05 0.06 0.08 0.06
0.02 0.03 0.02 0.01 0.06 0.07 0.08 0.08
0.01 0.02 0.01 0.01 0.03 0.04 0.06 0.05
0.02 0.03 0.02 0.02 0.05 0.06 0.07 0.12
0.01 0.02 0.02 0.02 0.05 0.04 0.08 0.11
0.01 0.02 0.02 0.03 0.03 0.04 0.09 0.13
0.01 0.02 0.01 0.01 0.03 0.04 0.06 0.04
0.02 0.03 0.02 0.02 0.05 0.05 0.08 0.08
0.00 0.00 0.00 0.00 0.00 0.01 0.02 0.00
0.00 0.00 0.00 0.00 0.00 0.00 0.01 0.01
0.00 0.01 0.00 0.01 0.00 0.02 0.01 0.04
0.00 0.00 0.00 0.01 0.01 0.00 0.01 0.04
0.00 0.00 0.00 0.00 0.00 0.00 0.01 0.00
0.01 0.00 0.01 0.00 0.01 0.01 0.05 0.03
0.00 0.00 0.00 0.01 0.01 0.00 0.01 0.04
0.01 0.01 0.00 0.01 0.02 0.01 0.02 0.04
0.01 0.01 0.01 0.01 0.02 0.02 0.03 0.03
0.01 0.02 0.00 0.01 0.02 0.04 0.01 0.04
0.00 0.00 0.00 0.01 0.01 0.01 0.02 0.03
0.01 0.02 0.00 0.01 0.02 0.04 0.02 0.06
0.01 0.00 0.00 0.01 0.01 0.00 0.01 0.07
0.01 0.01 0.00 0.02 0.02 0.03 0.03 0.08
0.01 0.02 0.01 0.02 0.02 0.03 0.03 0.07
0.00 0.02 0.01 0.01 0.01 0.04 0.04 0.06
0.01 0.02 0.01 0.01 0.03 0.02 0.03 0.05
0.02 0.02 0.02 0.03 0.05 0.03 0.06 0.14
0.02 0.03 0.02 0.01 0.04 0.05 0.05 0.02
0.01 0.02 0.02 0.01 0.04 0.03 0.06 0.04
0.01 0.02 0.01 0.01 0.01 0.03 0.03 0.03
0.01 0.03 0.02 0.02 0.03 0.04 0.07 0.10
0.01 0.03 0.01 0.02 0.03 0.05 0.03 0.05
0.02 0.02 0.02 0.01 0.04 0.03 0.09 0.06
0.01 0.03 0.01 0.02 0.02 0.04 0.04 0.05
0.01 0.03 0.01 0.01 0.02 0.04 0.03 0.02
0.01 0.03 0.01 0.01 0.02 0.03 0.03 0.05
0.01 0.02 0.02 0.01 0.03 0.03 0.05 0.05
0.02 0.04 0.01 0.02 0.04 0.06 0.04 0.05
0.01 0.02 0.01 0.02 0.03 0.03 0.04 0.07
0.02 0.04 0.02 0.01 0.05 0.05 0.07 0.06
0.02 0.03 0.02 0.02 0.04 0.04 0.05 0.07
0.01 0.03 0.02 0.01 0.04 0.05 0.06 0.04
0.01 0.02 0.02 0.03 0.02 0.03 0.05 0.13
0.01 0.02 0.01 0.03 0.03 0.02 0.04 0.10
0.03 0.04 0.03 0.02 0.06 0.05 0.11 0.09
0.03 0.06 0.02 0.02 0.07 0.08 0.08 0.06
0.02 0.05 0.02 0.01 0.06 0.06 0.07 0.05
0.02 0.03 0.02 0.02 0.05 0.05 0.06 0.09
0.02 0.03 0.02 0.02 0.04 0.04 0.08 0.06
0.02 0.06 0.02 0.02 0.05 0.08 0.07 0.07
0.02 0.04 0.01 0.02 0.05 0.06 0.05 0.10
0.01 0.03 0.01 0.02 0.02 0.04 0.05 0.06
0.02 0.03 0.02 0.03 0.04 0.03 0.08 0.12
0.01 0.03 0.02 0.02 0.02 0.03 0.05 0.09
0.02 0.04 0.02 0.02 0.05 0.06 0.09 0.08
0.01 0.02 0.01 0.02 0.02 0.03 0.05 0.07
0.03 0.07 0.02 0.01 0.07 0.10 0.10 0.05
0.02 0.05 0.03 0.02 0.04 0.06 0.10 0.09
0.02 0.04 0.01 0.01 0.04 0.05 0.04 0.06
0.01 0.04 0.02 0.01 0.03 0.06 0.08 0.07
0.01 0.04 0.01 0.02 0.04 0.07 0.05 0.11
0.01 0.02 0.01 0.01 0.04 0.03 0.06 0.08
0.01 0.03 0.01 0.02 0.05 0.06 0.06 0.20
0.02 0.04 0.01 0.01 0.07 0.08 0.08 0.14
0.02 0.03 0.02 0.01 0.09 0.08 0.11 0.14
0.01 0.02 0.01 0.01 0.06 0.06 0.07 0.10
0.01 0.02 0.01 0.01 0.08 0.07 0.15 0.12
0.01 0.01 0.01 0.01 0.03 0.03 0.07 0.09
0.02 0.04 0.02 0.00 0.11 0.11 0.16 0.05
0.02 0.02 0.02 0.01 0.07 0.07 0.11 0.09
0.01 0.04 0.01 0.00 0.09 0.10 0.06 0.06
0.01 0.03 0.01 0.01 0.07 0.07 0.10 0.13
0.01 0.03 0.01 0.01 0.06 0.07 0.08 0.15
0.02 0.04 0.01 0.01 0.08 0.10 0.06 0.08
0.01 0.02 0.01 0.01 0.05 0.05 0.06 0.12
0.01 0.03 0.01 0.01 0.06 0.06 0.08 0.15
0.01 0.03 0.01 0.00 0.07 0.07 0.11 0.10
0.02 0.03 0.01 0.01 0.08 0.07 0.10 0.15
0.02 0.04 0.01 0.00 0.09 0.10 0.11 0.08
0.01 0.02 0.02 0.01 0.05 0.05 0.14 0.19
0.01 0.02 0.01 0.01 0.05 0.06 0.13 0.13
0.01 0.01 0.01 0.01 0.03 0.03 0.09 0.09
0.01 0.03 0.02 0.01 0.08 0.07 0.13 0.10
0.02 0.04 0.01 0.00 0.08 0.10 0.11 0.07
0.01 0.02 0.01 0.01 0.07 0.05 0.13 0.20
0.01 0.02 0.01 0.01 0.04 0.04 0.09 0.13
0.01 0.02 0.01 0.01 0.07 0.06 0.10 0.15
0.02 0.04 0.01 0.01 0.09 0.09 0.11 0.20
0.01 0.02 0.01 0.01 0.03 0.04 0.07 0.12
0.01 0.01 0.01 0.01 0.03 0.03 0.07 0.12
0.01 0.02 0.01 0.01 0.05 0.05 0.10 0.12
0.01 0.02 0.01 0.01 0.06 0.06 0.09 0.08
0.01 0.01 0.01 0.01 0.03 0.03 0.09 0.10
0.01 0.01 0.01 0.02 0.05 0.03 0.06 0.20
0.01 0.01 0.02 0.00 0.04 0.02 0.12 0.08
0.01 0.02 0.02 0.02 0.04 0.04 0.11 0.16
0.01 0.03 0.02 0.01 0.05 0.06 0.12 0.14
0.01 0.03 0.01 0.00 0.04 0.06 0.07 0.05
0.00 0.01 0.01 0.01 0.02 0.03 0.05 0.10
0.01 0.02 0.02 0.01 0.04 0.03 0.09 0.09
0.01 0.03 0.01 0.01 0.05 0.06 0.06 0.12
0.01 0.01 0.01 0.01 0.03 0.03 0.09 0.07
0.01 0.02 0.01 0.01 0.04 0.05 0.05 0.15
0.01 0.02 0.01 0.01 0.04 0.04 0.06 0.07
0.01 0.02 0.01 0.01 0.04 0.05 0.06 0.08
0.01 0.03 0.01 0.01 0.05 0.05 0.04 0.13
0.01 0.02 0.01 0.01 0.04 0.05 0.08 0.13
0.00 0.01 0.01 0.01 0.02 0.02 0.07 0.10
0.01 0.04 0.01 0.01 0.05 0.07 0.10 0.09
0.00 0.01 0.01 0.01 0.02 0.03 0.07 0.10
0.01 0.02 0.01 0.01 0.04 0.04 0.07 0.13
0.01 0.02 0.02 0.01 0.06 0.05 0.12 0.14
0.01 0.03 0.01 0.01 0.06 0.07 0.06 0.11
0.01 0.01 0.01 0.01 0.05 0.03 0.09 0.14
0.01 0.03 0.01 0.01 0.06 0.07 0.09 0.14
0.01 0.03 0.01 0.01 0.05 0.06 0.09 0.12
0.01 0.02 0.01 0.01 0.04 0.03 0.08 0.14
0.01 0.03 0.02 0.01 0.05 0.05 0.11 0.08
0.01 0.02 0.01 0.01 0.05 0.04 0.09 0.12
0.02 0.03 0.01 0.01 0.06 0.06 0.08 0.13
0.01 0.03 0.01 0.01 0.05 0.06 0.10 0.08
0.02 0.05 0.01 0.01 0.07 0.10 0.08 0.10
0.01 0.04 0.01 0.01 0.06 0.07 0.09 0.14
0.01 0.03 0.01 0.01 0.04 0.05 0.07 0.12
0.02 0.04 0.01 0.01 0.08 0.09 0.08 0.16
0.02 0.04 0.01 0.01 0.07 0.07 0.07 0.15
0.00 0.02 0.01 0.01 0.02 0.03 0.09 0.12
0.01 0.03 0.01 0.01 0.04 0.05 0.05 0.09
0.01 0.04 0.01 0.01 0.06 0.08 0.06 0.10
0.01 0.02 0.01 0.01 0.05 0.05 0.06 0.14
0.02 0.03 0.02 0.01 0.07 0.06 0.11 0.16
0.02 0.03 0.01 0.01 0.05 0.05 0.09 0.14
0.02 0.03 0.01 0.01 0.07 0.06 0.07 0.18
0.02 0.04 0.01 0.01 0.06 0.07 0.05 0.14
0.02 0.04 0.02 0.01 0.07 0.07 0.10 0.24
0.02 0.04 0.01 0.01 0.06 0.07 0.06 0.17
0.02 0.05 0.01 0.02 0.09 0.09 0.07 0.22
0.02 0.03 0.01 0.01 0.06 0.06 0.07 0.10
0.01 0.03 0.02 0.01 0.04 0.05 0.09 0.12
0.02 0.04 0.02 0.02 0.06 0.07 0.09 0.20
0.02 0.05 0.01 0.01 0.07 0.08 0.07 0.17
0.02 0.05 0.01 0.02 0.07 0.07 0.05 0.18
0.02 0.05 0.02 0.02 0.08 0.07 0.10 0.21
0.01 0.04 0.02 0.01 0.05 0.06 0.10 0.13
0.01 0.04 0.01 0.01 0.05 0.07 0.07 0.14
0.02 0.05 0.01 0.01 0.06 0.07 0.05 0.09
0.02 0.04 0.01 0.01 0.06 0.07 0.08 0.07
0.02 0.04 0.01 0.01 0.05 0.05 0.06 0.11
0.01 0.03 0.02 0.02 0.05 0.05 0.10 0.18
0.02 0.05 0.01 0.01 0.05 0.07 0.06 0.08
0.02 0.05 0.02 0.01 0.07 0.08 0.08 0.15
0.02 0.05 0.01 0.01 0.07 0.08 0.06 0.09
0.03 0.06 0.02 0.01 0.08 0.10 0.12 0.13
0.02 0.08 0.01 0.01 0.07 0.10 0.06 0.10
0.02 0.05 0.02 0.01 0.05 0.07 0.07 0.13
0.02 0.05 0.02 0.01 0.06 0.06 0.08 0.13
0.02 0.03 0.01 0.01 0.05 0.04 0.05 0.16
0.03 0.08 0.01 0.01 0.09 0.10 0.06 0.11
0.02 0.05 0.01 0.01 0.05 0.07 0.05 0.11
0.02 0.05 0.01 0.01 0.05 0.06 0.05 0.09
0.01 0.04 0.01 0.01 0.04 0.06 0.04 0.09
0.03 0.07 0.01 0.01 0.07 0.08 0.06 0.07
0.02 0.05 0.02 0.01 0.05 0.06 0.09 0.08
0.02 0.06 0.02 0.01 0.07 0.07 0.09 0.12
0.02 0.06 0.02 0.01 0.06 0.07 0.08 0.11
0.02 0.03 0.02 0.01 0.04 0.04 0.08 0.08
0.02 0.04 0.01 0.01 0.05 0.06 0.05 0.08
0.02 0.04 0.02 0.01 0.05 0.05 0.07 0.11
0.03 0.07 0.02 0.01 0.08 0.10 0.09 0.14
0.04 0.09 0.02 0.01 0.11 0.11 0.11 0.12
0.02 0.04 0.02 0.01 0.06 0.06 0.10 0.14
0.01 0.04 0.02 0.01 0.04 0.05 0.09 0.12
0.02 0.08 0.01 0.01 0.08 0.11 0.08 0.10
0.04 0.08 0.02 0.02 0.10 0.11 0.12 0.15
0.02 0.05 0.02 0.02 0.08 0.07 0.10 0.18
0.02 0.03 0.01 0.01 0.05 0.05 0.07 0.10
0.02 0.04 0.01 0.01 0.06 0.06 0.09 0.12
0.02 0.07 0.02 0.01 0.08 0.10 0.08 0.12
0.02 0.05 0.02 0.01 0.07 0.08 0.09 0.15
0.02 0.03 0.02 0.02 0.07 0.05 0.10 0.20
0.02 0.04 0.01 0.01 0.06 0.06 0.06 0.14
0.02 0.05 0.01 0.01 0.07 0.08 0.06 0.11
0.02 0.04 0.01 0.01 0.07 0.07 0.07 0.19
0.01 0.03 0.01 0.01 0.05 0.06 0.05 0.11
0.02 0.04 0.02 0.02 0.09 0.08 0.14 0.21
0.02 0.05 0.01 0.01 0.07 0.09 0.07 0.12
0.01 0.02 0.02 0.01 0.04 0.04 0.11 0.12
0.02 0.05 0.02 0.02 0.10 0.10 0.10 0.20
0.01 0.03 0.02 0.01 0.05 0.05 0.11 0.13
0.02 0.07 0.01 0.01 0.09 0.12 0.07 0.06
0.04 0.08 0.02 0.01 0.17 0.18 0.18 0.14
0.01 0.03 0.02 0.02 0.07 0.07 0.11 0.17
0.03 0.07 0.02 0.02 0.14 0.15 0.13 0.20
0.03 0.07 0.02 0.01 0.13 0.15 0.15 0.15
0.02 0.05 0.01 0.01 0.09 0.11 0.08 0.14
0.01 0.03 0.01 0.01 0.06 0.07 0.08 0.12
0.03 0.06 0.02 0.02 0.13 0.14 0.13 0.19
0.02 0.04 0.01 0.01 0.09 0.09 0.11 0.10
0.02 0.05 0.02 0.01 0.11 0.10 0.17 0.17
0.02 0.05 0.02 0.01 0.10 0.10 0.16 0.16
0.01 0.03 0.02 0.01 0.06 0.08 0.13 0.15
0.02 0.04 0.02 0.01 0.07 0.09 0.12 0.11
0.02 0.05 0.02 0.01 0.09 0.12 0.16 0.18
0.02 0.05 0.01 0.01 0.08 0.10 0.10 0.12
0.02 0.04 0.01 0.01 0.09 0.10 0.10 0.13
0.02 0.05 0.01 0.01 0.10 0.10 0.09 0.17
0.02 0.04 0.01 0.01 0.08 0.09 0.11 0.10
0.02 0.04 0.01 0.01 0.08 0.08 0.10 0.09
0.02 0.05 0.01 0.01 0.08 0.10 0.07 0.12
0.09 0.23 0.03 0.01 0.32 0.40 0.20 0.13
0.06 0.14 0.03 0.02 0.25 0.27 0.23 0.20
0.09 0.21 0.04 0.03 0.33 0.37 0.25 0.26
0.08 0.19 0.03 0.02 0.31 0.35 0.22 0.20
0.10 0.25 0.03 0.02 0.34 0.41 0.22 0.18
0.09 0.22 0.03 0.02 0.34 0.41 0.22 0.19
0.09 0.23 0.03 0.02 0.33 0.38 0.23 0.21
0.09 0.21 0.03 0.02 0.33 0.37 0.23 0.22
0.12 0.31 0.04 0.02 0.38 0.47 0.24 0.15
0.07 0.17 0.03 0.01 0.26 0.31 0.19 0.14
0.10 0.24 0.04 0.02 0.33 0.38 0.26 0.19
0.08 0.20 0.04 0.02 0.29 0.32 0.29 0.19
0.10 0.25 0.04 0.03 0.31 0.36 0.23 0.21
0.09 0.22 0.03 0.02 0.30 0.36 0.19 0.22
0.12 0.28 0.05 0.03 0.39 0.43 0.30 0.27
0.11 0.25 0.06 0.02 0.37 0.40 0.35 0.22
0.13 0.31 0.06 0.02 0.40 0.45 0.33 0.21
0.11 0.27 0.05 0.02 0.38 0.43 0.29 0.25
0.13 0.31 0.06 0.03 0.40 0.44 0.32 0.30
0.14 0.35 0.04 0.02 0.43 0.51 0.26 0.22
0.13 0.34 0.05 0.02 0.39 0.46 0.26 0.20
0.09 0.23 0.05 0.02 0.31 0.34 0.27 0.24
0.12 0.30 0.05 0.02 0.36 0.40 0.28 0.22
0.10 0.26 0.04 0.02 0.32 0.37 0.20 0.20
0.14 0.34 0.06 0.03 0.38 0.43 0.29 0.22
0.11 0.26 0.05 0.02 0.34 0.37 0.28 0.26
0.16 0.40 0.06 0.03 0.44 0.50 0.30 0.30
0.15 0.36 0.06 0.03 0.42 0.47 0.32 0.33
0.19 0.49 0.07 0.03 0.45 0.52 0.28 0.22
0.11 0.28 0.03 0.02 0.30 0.35 0.16 0.23
0.05 0.13 0.03 0.02 0.14 0.15 0.14 0.14
0.08 0.21 0.02 0.02 0.21 0.25 0.11 0.16
0.08 0.20 0.04 0.02 0.19 0.20 0.14 0.15
0.09 0.21 0.03 0.02 0.22 0.24 0.15 0.21
0.10 0.23 0.04 0.03 0.23 0.26 0.19 0.19
0.10 0.23 0.05 0.03 0.24 0.26 0.22 0.23
0.13 0.28 0.07 0.04 0.28 0.28 0.28 0.25
0.06 0.12 0.05 0.02 0.16 0.15 0.22 0.21
0.06 0.13 0.03 0.02 0.14 0.15 0.12 0.16
0.07 0.16 0.02 0.02 0.17 0.19 0.11 0.18
0.10 0.22 0.04 0.03 0.21 0.23 0.18 0.17
0.06 0.13 0.04 0.03 0.17 0.16 0.17 0.25
0.08 0.19 0.03 0.02 0.19 0.22 0.12 0.15
0.07 0.14 0.03 0.03 0.18 0.18 0.15 0.25
0.10 0.22 0.05 0.03 0.22 0.23 0.20 0.24
0.06 0.13 0.04 0.04 0.16 0.14 0.17 0.29
0.07 0.15 0.04 0.03 0.17 0.17 0.18 0.20
0.09 0.20 0.05 0.03 0.22 0.22 0.22 0.26
0.07 0.17 0.03 0.02 0.16 0.17 0.11 0.18
0.08 0.20 0.03 0.02 0.19 0.21 0.14 0.16
0.08 0.18 0.03 0.04 0.19 0.20 0.12 0.30
0.07 0.15 0.03 0.03 0.18 0.18 0.15 0.24
0.08 0.17 0.04 0.02 0.19 0.20 0.19 0.18
0.07 0.14 0.05 0.02 0.17 0.17 0.20 0.15
0.08 0.16 0.04 0.03 0.17 0.17 0.15 0.22
0.04 0.07 0.02 0.02 0.09 0.08 0.09 0.19
0.06 0.15 0.02 0.03 0.15 0.16 0.10 0.21
0.06 0.15 0.02 0.02 0.15 0.17 0.09 0.19
0.08 0.18 0.04 0.03 0.18 0.18 0.16 0.18
0.08 0.18 0.03 0.03 0.19 0.21 0.14 0.20
0.20 0.55 0.05 0.01 0.41 0.51 0.21 0.10
0.22 0.62 0.06 0.01 0.46 0.56 0.22 0.09
0.28 0.75 0.06 0.02 0.49 0.61 0.23 0.13
0.31 0.81 0.10 0.02 0.61 0.72 0.37 0.13
0.30 0.78 0.09 0.03 0.55 0.65 0.33 0.18
0.30 0.80 0.09 0.03 0.58 0.69 0.31 0.20
0.38 1.02 0.11 0.03 0.64 0.76 0.36 0.22
0.31 0.84 0.09 0.01 0.59 0.72 0.30 0.10
0.28 0.77 0.08 0.01 0.49 0.60 0.25 0.06
0.31 0.80 0.10 0.02 0.53 0.63 0.33 0.14
0.36 0.93 0.11 0.05 0.58 0.68 0.35 0.29
0.32 0.83 0.10 0.04 0.56 0.65 0.33 0.27
0.35 0.95 0.10 0.01 0.59 0.72 0.33 0.07
0.31 0.83 0.09 0.01 0.54 0.65 0.30 0.06
0.39 1.03 0.11 0.02 0.57 0.68 0.34 0.13
0.29 0.77 0.09 0.03 0.51 0.61 0.31 0.22
0.27 0.72 0.07 0.03 0.49 0.60 0.26 0.17
0.26 0.71 0.06 0.01 0.47 0.58 0.22 0.05
0.38 0.99 0.12 0.03 0.61 0.73 0.40 0.17
0.24 0.65 0.08 0.02 0.45 0.55 0.28 0.10
0.21 0.58 0.07 0.01 0.40 0.49 0.23 0.06
0.26 0.73 0.07 0.01 0.49 0.62 0.24 0.08
0.32 0.82 0.09 0.06 0.56 0.66 0.32 0.31
0.23 0.64 0.06 0.01 0.47 0.59 0.24 0.08
0.23 0.61 0.07 0.03 0.46 0.57 0.28 0.18
0.21 0.59 0.05 0.01 0.43 0.56 0.21 0.09
0.27 0.68 0.10 0.03 0.50 0.60 0.34 0.17
0.17 0.46 0.04 0.01 0.37 0.49 0.18 0.10
0.13 0.36 0.02 0.03 0.31 0.40 0.10 0.20
0.09 0.26 0.02 0.01 0.23 0.32 0.10 0.09
0.10 0.22 0.05 0.02 0.25 0.30 0.20 0.13
0.10 0.21 0.04 0.06 0.29 0.31 0.22 0.36
0.09 0.19 0.04 0.05 0.25 0.27 0.20 0.32
0.18 0.35 0.11 0.10 0.49 0.48 0.50 0.55
0.14 0.30 0.07 0.05 0.34 0.38 0.31 0.25
0.17 0.36 0.07 0.07 0.49 0.54 0.38 0.45
0.10 0.19 0.05 0.07 0.29 0.28 0.26 0.40
0.11 0.23 0.06 0.05 0.35 0.37 0.33 0.30
0.13 0.29 0.05 0.05 0.37 0.44 0.26 0.29
0.09 0.20 0.05 0.04 0.30 0.32 0.29 0.29
0.12 0.24 0.07 0.06 0.35 0.37 0.35 0.37
0.12 0.26 0.07 0.05 0.37 0.41 0.35 0.30
0.12 0.26 0.05 0.06 0.31 0.35 0.26 0.30
0.13 0.29 0.06 0.05 0.38 0.43 0.29 0.31
0.11 0.23 0.04 0.05 0.30 0.33 0.23 0.32
0.13 0.28 0.07 0.06 0.40 0.41 0.35 0.45
0.12 0.28 0.05 0.05 0.35 0.39 0.26 0.32
0.14 0.30 0.06 0.06 0.44 0.48 0.37 0.39
0.12 0.26 0.07 0.04 0.37 0.40 0.38 0.25
0.14 0.30 0.06 0.05 0.41 0.46 0.35 0.31
0.15 0.33 0.06 0.07 0.41 0.44 0.34 0.40
0.13 0.29 0.05 0.05 0.38 0.42 0.30 0.30
0.13 0.29 0.05 0.05 0.37 0.41 0.29 0.32
0.15 0.34 0.06 0.05 0.46 0.52 0.38 0.33
0.15 0.36 0.06 0.05 0.41 0.47 0.34 0.29
0.13 0.28 0.06 0.05 0.38 0.42 0.34 0.32
0.12 0.25 0.05 0.04 0.30 0.33 0.25 0.26
0.14 0.29 0.08 0.06 0.38 0.40 0.39 0.33
0.14 0.30 0.07 0.06 0.35 0.36 0.33 0.33
0.13 0.27 0.07 0.06 0.35 0.36 0.31 0.39
0.07 0.14 0.04 0.04 0.20 0.21 0.19 0.24
0.10 0.21 0.06 0.04 0.31 0.33 0.31 0.27
0.10 0.20 0.06 0.06 0.28 0.28 0.27 0.33
0.10 0.19 0.06 0.05 0.31 0.33 0.32 0.33
0.07 0.15 0.04 0.03 0.22 0.23 0.20 0.21
0.11 0.23 0.06 0.05 0.32 0.34 0.30 0.33
0.09 0.19 0.05 0.05 0.24 0.25 0.20 0.28
0.12 0.28 0.05 0.05 0.35 0.41 0.26 0.31
0.09 0.20 0.03 0.04 0.25 0.29 0.17 0.24
0.13 0.28 0.06 0.06 0.36 0.40 0.28 0.37
0.12 0.27 0.06 0.04 0.31 0.35 0.25 0.23
0.11 0.23 0.06 0.05 0.32 0.33 0.32 0.30
0.10 0.22 0.06 0.04 0.28 0.30 0.26 0.24
0.13 0.27 0.07 0.06 0.34 0.36 0.34 0.32
0.12 0.25 0.07 0.05 0.29 0.31 0.29 0.24
0.13 0.29 0.06 0.06 0.35 0.38 0.29 0.31
0.14 0.31 0.08 0.04 0.35 0.38 0.35 0.22
0.15 0.34 0.07 0.06 0.36 0.41 0.28 0.32
0.18 0.42 0.06 0.06 0.38 0.44 0.22 0.30
0.15 0.33 0.07 0.05 0.37 0.42 0.30 0.27
0.12 0.27 0.05 0.05 0.29 0.32 0.21 0.24
0.16 0.33 0.06 0.08 0.36 0.39 0.27 0.34
0.15 0.32 0.07 0.07 0.29 0.32 0.26 0.26
0.14 0.29 0.07 0.06 0.30 0.32 0.29 0.27
0.16 0.36 0.06 0.06 0.33 0.37 0.24 0.25
0.18 0.37 0.09 0.07 0.36 0.38 0.37 0.31
0.20 0.46 0.08 0.08 0.38 0.42 0.30 0.30
0.14 0.33 0.05 0.06 0.29 0.34 0.20 0.23
0.12 0.27 0.05 0.06 0.25 0.28 0.21 0.23
0.17 0.37 0.07 0.07 0.30 0.32 0.25 0.26
0.12 0.26 0.06 0.05 0.33 0.36 0.24 0.31
0.09 0.17 0.06 0.05 0.25 0.25 0.25 0.29
0.07 0.16 0.03 0.04 0.18 0.21 0.13 0.19
0.03 0.06 0.01 0.03 0.09 0.09 0.06 0.21
0.07 0.12 0.05 0.05 0.15 0.14 0.16 0.24
0.05 0.11 0.03 0.03 0.13 0.13 0.11 0.18
0.09 0.19 0.05 0.03 0.20 0.22 0.18 0.17
0.10 0.20 0.05 0.05 0.23 0.24 0.19 0.25
0.10 0.20 0.06 0.03 0.20 0.22 0.20 0.16
0.09 0.22 0.04 0.02 0.21 0.26 0.16 0.12
0.08 0.19 0.04 0.03 0.19 0.22 0.14 0.15
0.15 0.34 0.07 0.05 0.32 0.36 0.26 0.22
0.13 0.30 0.05 0.04 0.27 0.31 0.19 0.21
0.13 0.29 0.06 0.04 0.28 0.32 0.22 0.22
0.09 0.20 0.04 0.04 0.19 0.22 0.16 0.18
0.09 0.21 0.04 0.02 0.19 0.23 0.15 0.09
0.11 0.26 0.05 0.02 0.22 0.26 0.17 0.09
0.08 0.18 0.04 0.02 0.17 0.20 0.15 0.12
0.07 0.15 0.05 0.03 0.16 0.16 0.18 0.13
0.10 0.24 0.04 0.02 0.22 0.26 0.18 0.12
0.11 0.25 0.05 0.03 0.21 0.24 0.16 0.12
0.07 0.19 0.03 0.01 0.17 0.21 0.13 0.09
0.08 0.19 0.04 0.02 0.17 0.21 0.16 0.11
0.10 0.24 0.03 0.03 0.21 0.25 0.13 0.17
0.13 0.31 0.06 0.04 0.25 0.28 0.22 0.18
0.12 0.25 0.06 0.04 0.24 0.26 0.25 0.22
0.13 0.30 0.06 0.04 0.27 0.30 0.21 0.20
0.09 0.21 0.05 0.03 0.19 0.22 0.19 0.14
0.16 0.38 0.07 0.05 0.32 0.37 0.27 0.25
0.09 0.21 0.04 0.03 0.18 0.20 0.15 0.17
0.02 0.05 0.02 0.02 0.04 0.05 0.08 0.10
0.03 0.06 0.03 0.01 0.06 0.07 0.12 0.05
0.02 0.05 0.02 0.02 0.04 0.05 0.06 0.08
0.02 0.06 0.02 0.03 0.05 0.06 0.06 0.11
0.02 0.03 0.02 0.03 0.03 0.03 0.05 0.09
0.02 0.04 0.02 0.02 0.03 0.04 0.06 0.09
0.02 0.05 0.03 0.02 0.04 0.04 0.08 0.07
0.03 0.05 0.04 0.02 0.05 0.04 0.11 0.06
0.03 0.05 0.04 0.03 0.05 0.04 0.11 0.09
0.01 0.03 0.02 0.03 0.02 0.03 0.06 0.09
0.02 0.04 0.03 0.01 0.03 0.03 0.07 0.04
0.02 0.05 0.01 0.01 0.03 0.04 0.04 0.05
0.02 0.05 0.03 0.02 0.03 0.04 0.10 0.06
0.02 0.06 0.03 0.01 0.03 0.05 0.08 0.04
0.02 0.05 0.02 0.02 0.02 0.04 0.06 0.06
0.03 0.08 0.02 0.02 0.04 0.06 0.06 0.06
0.03 0.07 0.04 0.01 0.04 0.05 0.10 0.05
0.02 0.05 0.03 0.02 0.04 0.04 0.09 0.06
0.02 0.04 0.02 0.02 0.03 0.03 0.07 0.06
0.02 0.03 0.02 0.01 0.03 0.02 0.05 0.05
0.03 0.05 0.02 0.01 0.05 0.05 0.07 0.05
0.02 0.05 0.02 0.01 0.04 0.05 0.07 0.06
0.02 0.03 0.02 0.02 0.03 0.03 0.07 0.08
0.02 0.05 0.01 0.01 0.04 0.05 0.06 0.07
0.02 0.03 0.02 0.02 0.03 0.03 0.06 0.11
0.02 0.04 0.02 0.02 0.06 0.05 0.10 0.11
0.02 0.02 0.01 0.02 0.04 0.02 0.03 0.10
0.03 0.05 0.02 0.02 0.06 0.07 0.10 0.11
0.03 0.03 0.03 0.03 0.07 0.05 0.12 0.15
0.01 0.02 0.02 0.01 0.03 0.03 0.09 0.07
0.01 0.03 0.02 0.02 0.04 0.04 0.10 0.10
0.01 0.04 0.01 0.01 0.04 0.06 0.08 0.07
0.01 0.03 0.01 0.01 0.05 0.06 0.09 0.11
0.01 0.04 0.01 0.01 0.06 0.08 0.10 0.07
0.02 0.04 0.01 0.01 0.08 0.11 0.06 0.06
0.01 0.02 0.01 0.02 0.05 0.06 0.11 0.12
0.01 0.03 0.01 0.01 0.05 0.07 0.08 0.11
0.01 0.03 0.01 0.02 0.04 0.08 0.10 0.12
0.01 0.01 0.01 0.01 0.02 0.04 0.11 0.09
0.01 0.03 0.01 0.02 0.06 0.07 0.07 0.11
0.01 0.03 0.02 0.02 0.06 0.07 0.15 0.10
0.01 0.02 0.01 0.02 0.05 0.05 0.10 0.12
0.01 0.02 0.01 0.01 0.05 0.05 0.07 0.09
0.02 0.03 0.01 0.02 0.07 0.07 0.09 0.13
0.01 0.02 0.01 0.02 0.05 0.06 0.09 0.09
0.02 0.03 0.02 0.03 0.07 0.07 0.10 0.13
0.01 0.01 0.02 0.02 0.03 0.02 0.08 0.10
0.01 0.03 0.01 0.01 0.05 0.07 0.07 0.08
0.01 0.03 0.02 0.01 0.05 0.07 0.10 0.07
0.01 0.02 0.02 0.01 0.02 0.05 0.09 0.07
0.01 0.03 0.01 0.02 0.04 0.06 0.05 0.07
0.02 0.04 0.01 0.01 0.06 0.08 0.07 0.06
0.01 0.04 0.02 0.01 0.05 0.07 0.10 0.06
0.02 0.04 0.01 0.01 0.05 0.07 0.07 0.05
0.01 0.02 0.01 0.01 0.03 0.04 0.06 0.05
0.02 0.04 0.02 0.02 0.07 0.07 0.10 0.12
0.01 0.03 0.02 0.02 0.05 0.06 0.10 0.12
0.02 0.05 0.02 0.01 0.07 0.09 0.11 0.07
0.01 0.02 0.01 0.01 0.03 0.04 0.06 0.07
0.02 0.05 0.02 0.02 0.06 0.09 0.11 0.08
0.01 0.03 0.01 0.01 0.03 0.05 0.06 0.05
0.02 0.03 0.02 0.02 0.04 0.06 0.09 0.09
0.01 0.03 0.02 0.01 0.04 0.06 0.09 0.04
0.02 0.05 0.01 0.02 0.07 0.09 0.06 0.09
0.01 0.04 0.01 0.01 0.05 0.07 0.06 0.07
0.02 0.04 0.02 0.02 0.05 0.08 0.08 0.08
0.01 0.02 0.01 0.01 0.02 0.04 0.05 0.07
0.02 0.04 0.01 0.01 0.06 0.07 0.08 0.08
0.01 0.03 0.02 0.01 0.04 0.06 0.11 0.08
0.02 0.04 0.02 0.02 0.05 0.06 0.08 0.08
0.01 0.02 0.02 0.02 0.03 0.04 0.10 0.09
0.01 0.02 0.02 0.02 0.04 0.04 0.09 0.12
0.01 0.02 0.02 0.01 0.02 0.03 0.06 0.08
0.01 0.03 0.02 0.02 0.02 0.05 0.08 0.08
0.02 0.04 0.02 0.01 0.04 0.07 0.06 0.05
0.02 0.04 0.02 0.01 0.05 0.06 0.07 0.05
0.01 0.02 0.02 0.00 0.03 0.03 0.08 0.02
0.01 0.05 0.01 0.02 0.04 0.07 0.04 0.07
0.02 0.04 0.02 0.02 0.05 0.06 0.06 0.10
0.01 0.03 0.02 0.02 0.04 0.05 0.07 0.08
0.02 0.05 0.02 0.02 0.05 0.08 0.06 0.08
0.02 0.04 0.02 0.01 0.04 0.06 0.09 0.06
0.02 0.03 0.02 0.02 0.05 0.05 0.08 0.07
0.02 0.04 0.02 0.02 0.05 0.07 0.07 0.10
0.01 0.04 0.02 0.02 0.04 0.07 0.08 0.09
0.01 0.03 0.02 0.02 0.05 0.05 0.10 0.08
0.01 0.03 0.02 0.01 0.04 0.05 0.07 0.04
0.02 0.04 0.01 0.01 0.05 0.07 0.07 0.05
0.01 0.02 0.01 0.01 0.02 0.03 0.07 0.05
0.02 0.04 0.01 0.01 0.05 0.06 0.06 0.05
0.02 0.04 0.02 0.01 0.06 0.08 0.08 0.06
0.02 0.05 0.02 0.01 0.07 0.10 0.10 0.05
0.02 0.05 0.02 0.02 0.07 0.09 0.09 0.10
0.02 0.05 0.01 0.02 0.06 0.09 0.06 0.07
0.02 0.04 0.02 0.02 0.06 0.08 0.08 0.06
0.02 0.04 0.02 0.02 0.07 0.08 0.09 0.09
0.02 0.06 0.01 0.02 0.05 0.10 0.04 0.07
0.02 0.04 0.01 0.02 0.05 0.07 0.05 0.05
0.02 0.04 0.02 0.02 0.04 0.05 0.08 0.06
0.02 0.04 0.01 0.03 0.05 0.06 0.05 0.12
0.02 0.03 0.02 0.02 0.04 0.05 0.09 0.07
0.02 0.04 0.02 0.02 0.04 0.05 0.06 0.05
0.02 0.04 0.02 0.02 0.04 0.05 0.08 0.07
0.02 0.04 0.02 0.02 0.06 0.06 0.08 0.07
0.02 0.04 0.02 0.02 0.05 0.05 0.06 0.07
0.01 0.03 0.01 0.02 0.02 0.04 0.06 0.06
0.01 0.03 0.02 0.02 0.03 0.04 0.07 0.06
0.02 0.05 0.03 0.02 0.05 0.07 0.10 0.06
0.02 0.06 0.02 0.02 0.06 0.09 0.09 0.07
0.02 0.05 0.02 0.02 0.05 0.07 0.09 0.07
0.01 0.03 0.02 0.02 0.03 0.04 0.06 0.05
0.02 0.05 0.02 0.02 0.05 0.06 0.07 0.07
0.02 0.05 0.02 0.02 0.03 0.06 0.07 0.06
0.02 0.05 0.03 0.01 0.04 0.05 0.09 0.05
0.01 0.04 0.02 0.01 0.02 0.04 0.06 0.03
0.02 0.05 0.02 0.03 0.04 0.05 0.07 0.08
0.01 0.03 0.02 0.02 0.02 0.03 0.06 0.07
0.02 0.05 0.02 0.02 0.04 0.06 0.06 0.07
0.01 0.02 0.02 0.02 0.03 0.03 0.07 0.06
0.02 0.02 0.02 0.03 0.04 0.03 0.06 0.08
0.01 0.03 0.03 0.02 0.03 0.03 0.08 0.05
0.03 0.04 0.04 0.02 0.05 0.05 0.12 0.05
0.01 0.02 0.03 0.02 0.03 0.02 0.10 0.07
0.02 0.04 0.03 0.03 0.05 0.06 0.11 0.10
0.01 0.03 0.02 0.01 0.03 0.04 0.10 0.06
0.02 0.04 0.01 0.02 0.04 0.05 0.05 0.09
0.01 0.01 0.02 0.01 0.03 0.02 0.10 0.05
0.02 0.04 0.02 0.02 0.06 0.07 0.12 0.10
0.01 0.03 0.02 0.01 0.05 0.04 0.09 0.08
0.01 0.02 0.01 0.02 0.04 0.04 0.08 0.12
0.01 0.02 0.01 0.02 0.03 0.03 0.06 0.13
0.02 0.04 0.02 0.02 0.08 0.07 0.10 0.15
0.01 0.04 0.01 0.01 0.05 0.07 0.08 0.12
0.01 0.04 0.01 0.01 0.07 0.08 0.06 0.13
0.01 0.02 0.01 0.01 0.06 0.05 0.09 0.12
0.01 0.02 0.01 0.01 0.04 0.06 0.11 0.06
0.01 0.02 0.01 0.01 0.04 0.04 0.10 0.21
0.01 0.02 0.02 0.01 0.06 0.06 0.13 0.17
0.00 0.01 0.01 0.01 0.01 0.04 0.07 0.19
0.01 0.03 0.02 0.01 0.07 0.09 0.14 0.20
0.01 0.02 0.01 0.01 0.04 0.07 0.06 0.20
0.01 0.01 0.01 0.01 0.04 0.03 0.10 0.13
0.01 0.01 0.01 0.01 0.04 0.03 0.08 0.20
0.01 0.03 0.01 0.01 0.07 0.08 0.08 0.14
0.01 0.03 0.02 0.01 0.08 0.08 0.15 0.15
0.01 0.03 0.02 0.00 0.05 0.06 0.13 0.08
0.01 0.01 0.01 0.01 0.03 0.03 0.09 0.20
0.01 0.03 0.01 0.01 0.08 0.08 0.10 0.20
0.01 0.02 0.01 0.01 0.05 0.05 0.11 0.16
0.01 0.03 0.01 0.01 0.05 0.06 0.08 0.19
0.01 0.02 0.01 0.00 0.03 0.05 0.08 0.10
0.01 0.03 0.01 0.01 0.04 0.07 0.07 0.13
0.01 0.02 0.01 0.01 0.05 0.05 0.10 0.15
0.01 0.02 0.01 0.01 0.05 0.05 0.09 0.12
0.00 0.02 0.01 0.01 0.02 0.03 0.10 0.13
0.01 0.02 0.02 0.00 0.06 0.04 0.14 0.06
0.01 0.03 0.01 0.01 0.07 0.08 0.11 0.10
0.01 0.03 0.01 0.01 0.05 0.07 0.10 0.17
0.01 0.02 0.01 0.01 0.04 0.04 0.10 0.14
0.01 0.02 0.01 0.00 0.06 0.06 0.10 0.14
0.01 0.01 0.01 0.01 0.02 0.03 0.10 0.21
0.01 0.02 0.01 0.01 0.04 0.04 0.09 0.14
0.01 0.02 0.01 0.01 0.04 0.05 0.07 0.18
0.01 0.03 0.01 0.01 0.05 0.06 0.06 0.22
0.01 0.02 0.01 0.01 0.05 0.06 0.08 0.23
0.01 0.02 0.01 0.01 0.03 0.05 0.07 0.14
0.01 0.03 0.01 0.01 0.05 0.06 0.08 0.15
0.01 0.01 0.00 0.01 0.04 0.04 0.03 0.16
0.01 0.01 0.01 0.01 0.04 0.03 0.09 0.12
0.02 0.03 0.01 0.01 0.07 0.07 0.09 0.13
0.01 0.02 0.01 0.01 0.03 0.05 0.05 0.16
0.01 0.04 0.02 0.01 0.08 0.09 0.11 0.15
0.01 0.02 0.01 0.00 0.05 0.06 0.06 0.09
0.01 0.02 0.01 0.01 0.05 0.06 0.07 0.15
0.01 0.02 0.01 0.01 0.05 0.05 0.09 0.16
0.01 0.03 0.01 0.01 0.05 0.06 0.08 0.18
0.01 0.02 0.01 0.01 0.05 0.04 0.08 0.14
0.01 0.03 0.01 0.01 0.05 0.07 0.06 0.16
0.01 0.02 0.01 0.01 0.03 0.03 0.06 0.20
0.01 0.02 0.01 0.00 0.05 0.06 0.06 0.14
0.01 0.01 0.01 0.00 0.04 0.03 0.06 0.13
0.01 0.02 0.01 0.01 0.03 0.04 0.08 0.13
0.01 0.02 0.01 0.01 0.04 0.05 0.08 0.15
0.01 0.02 0.01 0.01 0.04 0.05 0.07 0.13
0.01 0.02 0.01 0.01 0.04 0.04 0.08 0.14
0.01 0.03 0.01 0.01 0.04 0.05 0.06 0.12
0.01 0.02 0.00 0.01 0.03 0.04 0.04 0.20
0.01 0.03 0.01 0.00 0.05 0.06 0.07 0.13
0.00 0.01 0.01 0.01 0.02 0.03 0.05 0.12
0.01 0.03 0.01 0.01 0.06 0.07 0.08 0.14
0.01 0.01 0.01 0.01 0.04 0.03 0.07 0.13
0.01 0.01 0.01 0.01 0.04 0.03 0.06 0.20
0.01 0.01 0.01 0.00 0.03 0.02 0.08 0.12
0.01 0.03 0.01 0.01 0.04 0.06 0.06 0.10
0.01 0.01 0.01 0.00 0.02 0.02 0.07 0.09
0.00 0.02 0.01 0.00 0.03 0.03 0.03 0.12
0.01 0.03 0.01 0.01 0.06 0.05 0.07 0.14
0.01 0.03 0.01 0.01 0.05 0.05 0.08 0.16
0.01 0.02 0.01 0.00 0.04 0.03 0.08 0.10
0.01 0.03 0.02 0.01 0.06 0.05 0.12 0.14
0.01 0.03 0.02 0.01 0.05 0.05 0.13 0.18
0.01 0.03 0.01 0.01 0.05 0.05 0.07 0.16
0.01 0.02 0.01 0.01 0.03 0.04 0.06 0.16
0.01 0.02 0.01 0.01 0.04 0.04 0.08 0.14
0.01 0.03 0.01 0.01 0.05 0.05 0.10 0.13
0.01 0.02 0.01 0.01 0.03 0.03 0.07 0.17
0.01 0.01 0.01 0.01 0.03 0.02 0.07 0.14
0.01 0.03 0.01 0.01 0.05 0.06 0.04 0.16
0.01 0.03 0.01 0.01 0.03 0.04 0.07 0.13
0.02 0.04 0.01 0.01 0.05 0.06 0.05 0.19
0.01 0.03 0.01 0.01 0.06 0.05 0.08 0.20
0.01 0.02 0.01 0.01 0.04 0.04 0.08 0.18
0.01 0.01 0.01 0.01 0.02 0.02 0.08 0.16
0.01 0.03 0.01 0.01 0.05 0.04 0.06 0.21
0.01 0.01 0.02 0.01 0.04 0.02 0.09 0.18
0.01 0.02 0.02 0.01 0.04 0.03 0.09 0.21
0.01 0.03 0.01 0.01 0.05 0.05 0.07 0.17
0.01 0.03 0.01 0.01 0.04 0.04 0.08 0.15
0.01 0.02 0.02 0.01 0.03 0.03 0.08 0.14
0.01 0.04 0.01 0.01 0.04 0.05 0.05 0.16
0.00 0.00 0.00 0.00 0.00 0.00 0.00 0.00
0.00 0.00 0.00 0.00 0.00 0.00 0.00 0.00
0.00 0.00 0.00 0.00 0.00 0.00 0.00 0.00
0.00 0.00 0.00 0.00 0.00 0.00 0.00 0.00
0.00 0.00 0.00 0.00 0.00 0.00 0.00 0.00
0.00 0.00 0.00 0.00 0.00 0.00 0.00 0.00
0.00 0.00 0.00 0.00 0.00 0.00 0.00 0.00
0.00 0.00 0.00 0.00 0.00 0.00 0.00 0.00
0.00 0.00 0.00 0.00 0.00 0.00 0.00 0.00
0.00 0.00 0.00 0.00 0.00 0.00 0.00 0.00
0.00 0.00 0.00 0.00 0.00 0.00 0.00 0.00
0.00 0.00 0.00 0.00 0.00 0.00 0.00 0.00
0.00 0.00 0.00 0.00 0.00 0.00 0.00 0.00
0.00 0.00 0.00 0.00 0.00 0.00 0.00 0.00
0.00 0.00 0.00 0.00 0.00 0.00 0.00 0.00
0.00 0.00 0.00 0.00 0.00 0.00 0.00 0.00
0.00 0.00 0.00 0.00 0.00 0.00 0.00 0.00
0.00 0.00 0.00 0.00 0.00 0.00 0.00 0.00
0.00 0.00 0.00 0.00 0.00 0.00 0.00 0.00
0.00 0.00 0.00 0.00 0.00 0.00 0.00 0.00
0.00 0.00 0.00 0.00 0.00 0.00 0.00 0.00
0.00 0.00 0.00 0.00 0.00 0.00 0.00 0.00
0.00 0.00 0.00 0.00 0.00 0.00 0.00 0.00
0.00 0.00 0.00 0.00 0.00 0.00 0.00 0.00
0.00 0.00 0.00 0.00 0.00 0.00 0.00 0.00
0.00 0.00 0.00 0.00 0.00 0.00 0.00 0.00
0.00 0.00 0.00 0.00 0.00 0.00 0.00 0.00
0.00 0.00 0.00 0.00 0.00 0.00 0.00 0.00
0.00 0.00 0.00 0.00 0.00 0.00 0.00 0.00
0.00 0.00 0.00 0.00 0.00 0.00 0.00 0.00
0.00 0.00 0.00 0.00 0.00 0.00 0.00 0.00
0.00 0.00 0.00 0.00 0.00 0.00 0.00 0.00
0.00 0.00 0.00 0.00 0.00 0.00 0.00 0.00
0.00 0.00 0.00 0.00 0.00 0.00 0.00 0.00
0.00 0.00 0.00 0.00 0.00 0.00 0.00 0.00
0.00 0.00 0.00 0.00 0.00 0.00 0.00 0.00
0.00 0.00 0.00 0.00 0.00 0.00 0.00 0.00
0.00 0.00 0.00 0.00 0.00 0.00 0.00 0.00
0.00 0.00 0.00 0.00 0.00 0.00 0.00 0.00
0.00 0.00 0.00 0.00 0.00 0.00 0.00 0.00
0.00 0.00 0.00 0.00 0.00 0.00 0.00 0.00
0.00 0.00 0.00 0.00 0.00 0.00 0.00 0.00
0.00 0.00 0.00 0.00 0.00 0.00 0.00 0.00
0.00 0.00 0.00 0.00 0.00 0.00 0.00 0.00
0.00 0.00 0.00 0.00 0.00 0.00 0.00 0.00
0.00 0.00 0.00 0.00 0.00 0.00 0.00 0.00
0.00 0.00 0.00 0.00 0.00 0.00 0.00 0.00
0.00 0.00 0.00 0.00 0.00 0.00 0.00 0.00
0.00 0.00 0.00 0.00 0.00 0.00 0.00 0.00
0.00 0.00 0.00 0.00 0.00 0.00 0.00 0.00
