0.00 0.00 0.00 0.00 0.00 0.00 0.00 0.00
0.00 0.00 0.00 0.00 0.00 0.00 0.00 0.00
0.00 0.00 0.00 0.00 0.00 0.00 0.00 0.00
0.00 0.00 0.00 0.00 0.00 0.00 0.00 0.00
0.00 0.00 0.00 0.00 0.00 0.00 0.00 0.00
0.00 0.02 0.00 0.00 0.00 0.01 0.01 0.00
0.00 0.00 0.00 0.00 0.00 0.00 0.00 0.00
0.01 0.01 0.01 0.00 0.01 0.00 0.02 0.00
0.00 0.00 0.00 0.00 0.00 0.00 0.00 0.00
0.00 0.01 0.00 0.00 0.00 0.00 0.00 0.02
0.02 0.04 0.00 0.01 0.02 0.02 0.00 0.03
0.00 0.00 0.00 0.00 0.00 0.00 0.01 0.02
0.00 0.00 0.00 0.00 0.00 0.00 0.01 0.01
0.03 0.07 0.01 0.00 0.02 0.02 0.02 0.00
0.00 0.01 0.01 0.01 0.00 0.00 0.02 0.02
0.01 0.03 0.01 0.00 0.01 0.01 0.01 0.00
0.00 0.02 0.01 0.01 0.00 0.01 0.02 0.02
0.00 0.00 0.01 0.01 0.00 0.00 0.01 0.02
0.00 0.01 0.01 0.01 0.00 0.00 0.01 0.02
0.00 0.01 0.02 0.00 0.00 0.00 0.02 0.02
0.02 0.03 0.01 0.00 0.01 0.01 0.02 0.01
0.01 0.01 0.02 0.01 0.00 0.00 0.02 0.03
0.01 0.03 0.00 0.00 0.01 0.01 0.00 0.01
0.01 0.02 0.02 0.01 0.01 0.01 0.04 0.04
0.00 0.00 0.00 0.00 0.00 0.00 0.00 0.01
0.02 0.03 0.01 0.00 0.01 0.01 0.01 0.01
0.01 0.01 0.02 0.01 0.01 0.00 0.03 0.01
0.03 0.06 0.02 0.01 0.02 0.02 0.03 0.03
0.06 0.18 0.01 0.01 0.05 0.07 0.02 0.03
0.10 0.26 0.03 0.02 0.08 0.09 0.06 0.04
0.55 1.48 0.13 0.03 0.52 0.67 0.24 0.08
0.64 1.69 0.14 0.09 0.60 0.75 0.25 0.21
0.69 1.77 0.20 0.08 0.67 0.84 0.37 0.22
0.64 1.67 0.15 0.11 0.60 0.75 0.27 0.27
0.69 1.71 0.25 0.11 0.69 0.83 0.46 0.28
0.71 1.79 0.21 0.14 0.66 0.81 0.36 0.32
0.66 1.67 0.24 0.08 0.69 0.85 0.44 0.22
0.53 1.39 0.14 0.07 0.54 0.68 0.27 0.17
0.58 1.45 0.21 0.09 0.64 0.77 0.44 0.26
0.59 1.50 0.18 0.09 0.62 0.76 0.34 0.27
0.54 1.34 0.20 0.07 0.68 0.80 0.47 0.25
0.45 1.18 0.12 0.04 0.55 0.69 0.28 0.15
0.55 1.37 0.20 0.08 0.75 0.88 0.49 0.36
0.51 1.31 0.15 0.08 0.62 0.74 0.34 0.29
0.52 1.32 0.16 0.08 0.67 0.79 0.39 0.33
0.52 1.37 0.15 0.04 0.61 0.76 0.30 0.17
0.59 1.45 0.23 0.07 0.67 0.81 0.44 0.25
0.61 1.54 0.23 0.07 0.63 0.76 0.40 0.22
0.63 1.66 0.20 0.04 0.65 0.81 0.35 0.14
0.68 1.70 0.24 0.09 0.74 0.89 0.45 0.29
0.74 1.85 0.27 0.10 0.73 0.88 0.45 0.30
0.78 1.90 0.33 0.11 0.82 0.95 0.60 0.40
0.81 2.00 0.30 0.14 0.83 0.97 0.55 0.43
0.74 1.85 0.28 0.10 0.82 0.96 0.54 0.36
0.61 1.53 0.25 0.06 0.68 0.80 0.47 0.24
0.69 1.74 0.25 0.08 0.73 0.87 0.47 0.27
0.60 1.54 0.21 0.06 0.72 0.85 0.46 0.24
0.61 1.55 0.21 0.06 0.77 0.90 0.50 0.30
0.71 1.79 0.26 0.07 0.79 0.92 0.51 0.30
0.67 1.71 0.25 0.06 0.79 0.93 0.52 0.29
0.23 0.52 0.11 0.08 0.31 0.33 0.26 0.30
0.26 0.59 0.11 0.10 0.30 0.33 0.21 0.33
0.34 0.72 0.20 0.10 0.42 0.44 0.42 0.39
0.30 0.67 0.16 0.09 0.38 0.41 0.34 0.33
0.20 0.42 0.11 0.06 0.29 0.31 0.28 0.27
0.26 0.57 0.14 0.09 0.40 0.43 0.36 0.36
0.20 0.45 0.10 0.07 0.31 0.34 0.26 0.30
0.21 0.46 0.10 0.07 0.36 0.39 0.29 0.34
0.20 0.42 0.12 0.07 0.36 0.38 0.35 0.32
0.13 0.32 0.04 0.04 0.21 0.24 0.12 0.17
0.15 0.35 0.07 0.04 0.21 0.25 0.17 0.14
0.16 0.38 0.08 0.05 0.23 0.26 0.20 0.18
0.15 0.32 0.07 0.05 0.20 0.21 0.16 0.18
0.19 0.40 0.11 0.08 0.23 0.24 0.21 0.28
0.09 0.20 0.05 0.05 0.12 0.12 0.11 0.18
0.10 0.23 0.05 0.02 0.14 0.15 0.12 0.12
0.09 0.18 0.06 0.02 0.13 0.13 0.16 0.11
0.06 0.12 0.04 0.03 0.08 0.08 0.10 0.14
0.07 0.14 0.04 0.02 0.11 0.11 0.10 0.13
0.08 0.18 0.04 0.02 0.10 0.11 0.08 0.09
0.10 0.20 0.07 0.03 0.13 0.13 0.14 0.13
0.04 0.10 0.04 0.02 0.05 0.06 0.08 0.09
0.15 0.32 0.07 0.08 0.17 0.18 0.13 0.26
0.12 0.26 0.07 0.04 0.14 0.15 0.13 0.15
0.11 0.24 0.05 0.06 0.13 0.14 0.10 0.19
0.10 0.19 0.05 0.06 0.11 0.11 0.10 0.19
0.11 0.25 0.04 0.04 0.13 0.15 0.09 0.14
0.15 0.35 0.05 0.06 0.18 0.21 0.10 0.19
0.13 0.27 0.06 0.06 0.16 0.16 0.12 0.19
0.09 0.22 0.04 0.04 0.11 0.12 0.07 0.11
0.06 0.13 0.02 0.04 0.07 0.07 0.04 0.11
0.09 0.18 0.07 0.04 0.12 0.11 0.14 0.13
0.16 0.32 0.07 0.08 0.21 0.21 0.16 0.31
0.18 0.35 0.11 0.07 0.24 0.24 0.26 0.26
0.06 0.12 0.04 0.05 0.09 0.09 0.11 0.18
0.07 0.17 0.03 0.03 0.13 0.14 0.10 0.13
0.11 0.23 0.07 0.05 0.20 0.20 0.19 0.21
0.10 0.21 0.06 0.04 0.19 0.19 0.19 0.21
0.03 0.06 0.03 0.01 0.05 0.05 0.09 0.06
0.05 0.11 0.03 0.02 0.10 0.11 0.12 0.11
0.05 0.09 0.05 0.02 0.10 0.09 0.16 0.11
0.12 0.25 0.07 0.04 0.23 0.23 0.22 0.22
0.07 0.15 0.05 0.03 0.12 0.13 0.13 0.12
0.07 0.14 0.04 0.04 0.13 0.13 0.12 0.17
0.18 0.34 0.11 0.08 0.32 0.32 0.31 0.35
0.10 0.18 0.07 0.08 0.19 0.17 0.19 0.31
0.08 0.12 0.04 0.07 0.12 0.11 0.12 0.22
0.14 0.25 0.09 0.10 0.23 0.23 0.23 0.25
0.15 0.23 0.08 0.14 0.21 0.19 0.18 0.31
0.09 0.15 0.07 0.09 0.14 0.13 0.15 0.18
0.08 0.12 0.06 0.07 0.10 0.09 0.11 0.13
0.12 0.18 0.09 0.10 0.14 0.12 0.16 0.19
0.10 0.15 0.08 0.08 0.11 0.10 0.13 0.15
0.07 0.13 0.04 0.05 0.09 0.10 0.08 0.09
0.13 0.24 0.08 0.08 0.16 0.18 0.15 0.16
0.07 0.16 0.05 0.03 0.08 0.12 0.10 0.06
0.06 0.14 0.04 0.03 0.08 0.11 0.07 0.06
0.05 0.12 0.04 0.04 0.08 0.09 0.09 0.08
0.06 0.12 0.04 0.03 0.09 0.10 0.11 0.09
0.06 0.14 0.05 0.03 0.10 0.12 0.11 0.08
0.05 0.09 0.04 0.03 0.07 0.07 0.10 0.07
0.04 0.09 0.03 0.04 0.06 0.08 0.07 0.09
0.04 0.08 0.03 0.03 0.05 0.07 0.06 0.06
0.05 0.10 0.03 0.03 0.06 0.08 0.05 0.07
0.04 0.09 0.02 0.02 0.05 0.07 0.04 0.04
0.05 0.10 0.03 0.02 0.05 0.06 0.05 0.04
0.03 0.08 0.02 0.03 0.04 0.05 0.03 0.05
0.05 0.11 0.02 0.03 0.06 0.09 0.04 0.06
0.03 0.06 0.03 0.03 0.04 0.04 0.06 0.06
0.05 0.11 0.05 0.03 0.07 0.08 0.09 0.06
0.02 0.04 0.04 0.03 0.03 0.03 0.08 0.06
0.03 0.05 0.04 0.03 0.03 0.03 0.07 0.05
0.03 0.05 0.05 0.03 0.04 0.03 0.09 0.06
0.03 0.08 0.02 0.01 0.03 0.06 0.03 0.02
0.04 0.10 0.02 0.03 0.05 0.08 0.04 0.06
0.05 0.12 0.01 0.03 0.07 0.10 0.03 0.06
0.05 0.13 0.03 0.03 0.08 0.11 0.06 0.05
0.04 0.08 0.03 0.03 0.05 0.08 0.06 0.06
0.05 0.10 0.03 0.03 0.07 0.09 0.07 0.06
0.05 0.10 0.03 0.03 0.07 0.09 0.08 0.06
0.05 0.11 0.03 0.03 0.08 0.10 0.08 0.09
0.07 0.15 0.04 0.02 0.12 0.15 0.11 0.07
0.05 0.10 0.03 0.03 0.08 0.10 0.08 0.10
0.05 0.09 0.03 0.02 0.09 0.09 0.09 0.10
0.04 0.07 0.01 0.03 0.09 0.09 0.04 0.16
0.05 0.11 0.03 0.02 0.11 0.13 0.09 0.12
0.05 0.11 0.03 0.02 0.12 0.13 0.11 0.12
0.05 0.10 0.02 0.02 0.11 0.13 0.08 0.11
0.05 0.11 0.03 0.02 0.11 0.13 0.10 0.11
0.06 0.11 0.04 0.03 0.12 0.13 0.12 0.16
0.03 0.06 0.02 0.02 0.07 0.08 0.09 0.11
0.03 0.08 0.03 0.02 0.08 0.09 0.10 0.08
0.04 0.09 0.03 0.01 0.09 0.11 0.09 0.06
0.06 0.13 0.03 0.01 0.12 0.16 0.11 0.05
0.04 0.09 0.03 0.01 0.10 0.12 0.12 0.06
0.06 0.13 0.03 0.02 0.15 0.19 0.12 0.12
0.05 0.13 0.02 0.02 0.13 0.18 0.08 0.08
0.06 0.17 0.02 0.02 0.15 0.21 0.09 0.07
0.05 0.13 0.03 0.02 0.09 0.15 0.08 0.09
0.08 0.13 0.07 0.07 0.13 0.12 0.18 0.22
0.12 0.19 0.10 0.10 0.17 0.14 0.22 0.27
0.09 0.12 0.09 0.10 0.11 0.08 0.17 0.25
0.04 0.11 0.04 0.04 0.05 0.07 0.08 0.09
0.05 0.10 0.05 0.05 0.05 0.05 0.08 0.09
0.05 0.12 0.03 0.04 0.05 0.06 0.05 0.09
0.05 0.12 0.03 0.03 0.05 0.06 0.05 0.06
0.05 0.13 0.04 0.02 0.05 0.06 0.05 0.03
0.07 0.20 0.04 0.03 0.06 0.08 0.05 0.05
0.07 0.15 0.06 0.04 0.06 0.07 0.08 0.08
0.07 0.18 0.04 0.04 0.06 0.08 0.05 0.08
0.05 0.10 0.04 0.03 0.05 0.05 0.05 0.07
0.04 0.09 0.03 0.03 0.04 0.04 0.04 0.06
0.03 0.06 0.02 0.02 0.03 0.03 0.03 0.05
0.03 0.05 0.04 0.02 0.03 0.03 0.07 0.05
0.02 0.04 0.03 0.02 0.02 0.03 0.06 0.06
0.05 0.10 0.03 0.04 0.06 0.07 0.05 0.08
0.09 0.19 0.04 0.05 0.10 0.11 0.07 0.10
0.09 0.20 0.06 0.05 0.10 0.11 0.12 0.10
0.09 0.18 0.05 0.05 0.10 0.10 0.09 0.11
0.07 0.14 0.04 0.04 0.08 0.08 0.08 0.10
0.05 0.09 0.04 0.03 0.05 0.06 0.07 0.06
0.05 0.13 0.04 0.01 0.06 0.07 0.07 0.03
0.05 0.13 0.03 0.02 0.06 0.07 0.06 0.04
0.05 0.11 0.03 0.03 0.05 0.06 0.06 0.07
0.05 0.12 0.03 0.02 0.06 0.07 0.06 0.04
0.04 0.09 0.04 0.03 0.04 0.05 0.07 0.05
0.04 0.07 0.03 0.03 0.04 0.04 0.05 0.06
0.05 0.12 0.03 0.03 0.05 0.07 0.05 0.05
0.04 0.07 0.04 0.04 0.04 0.04 0.07 0.07
0.05 0.11 0.03 0.02 0.05 0.06 0.06 0.05
0.04 0.11 0.03 0.02 0.05 0.06 0.05 0.04
0.03 0.06 0.03 0.04 0.04 0.04 0.05 0.07
0.02 0.07 0.03 0.03 0.03 0.05 0.05 0.07
0.03 0.06 0.04 0.02 0.04 0.04 0.07 0.04
0.04 0.10 0.02 0.01 0.05 0.08 0.04 0.04
0.03 0.10 0.02 0.02 0.06 0.10 0.05 0.08
0.02 0.06 0.02 0.01 0.04 0.06 0.06 0.06
0.02 0.06 0.02 0.03 0.04 0.06 0.06 0.11
0.04 0.09 0.02 0.03 0.08 0.10 0.07 0.10
0.04 0.09 0.03 0.02 0.08 0.11 0.09 0.09
0.03 0.06 0.02 0.02 0.07 0.09 0.08 0.09
0.04 0.10 0.02 0.03 0.09 0.12 0.08 0.11
0.03 0.08 0.02 0.02 0.08 0.11 0.07 0.12
0.05 0.12 0.04 0.02 0.11 0.13 0.11 0.11
0.03 0.07 0.02 0.02 0.07 0.08 0.07 0.12
0.05 0.11 0.03 0.03 0.09 0.12 0.09 0.11
0.05 0.12 0.02 0.03 0.11 0.14 0.08 0.13
0.05 0.12 0.03 0.02 0.09 0.11 0.08 0.09
0.05 0.11 0.04 0.02 0.09 0.11 0.13 0.08
0.06 0.15 0.04 0.02 0.11 0.14 0.11 0.06
0.03 0.07 0.02 0.01 0.05 0.06 0.05 0.04
0.07 0.16 0.03 0.03 0.11 0.13 0.08 0.11
0.07 0.15 0.03 0.03 0.09 0.11 0.07 0.10
0.06 0.14 0.04 0.03 0.08 0.10 0.08 0.10
0.06 0.14 0.04 0.03 0.08 0.10 0.07 0.11
0.06 0.14 0.03 0.03 0.07 0.09 0.07 0.12
0.07 0.17 0.05 0.02 0.09 0.11 0.09 0.06
0.07 0.15 0.05 0.02 0.08 0.09 0.10 0.07
0.05 0.11 0.03 0.03 0.06 0.06 0.07 0.09
0.06 0.14 0.06 0.03 0.07 0.09 0.10 0.09
0.06 0.15 0.04 0.04 0.07 0.09 0.07 0.11
0.09 0.18 0.06 0.03 0.10 0.11 0.11 0.09
0.16 0.31 0.09 0.08 0.19 0.19 0.16 0.25
0.04 0.08 0.03 0.03 0.05 0.05 0.06 0.08
0.09 0.21 0.03 0.05 0.11 0.14 0.06 0.15
0.02 0.08 0.04 0.03 0.03 0.06 0.08 0.11
0.03 0.09 0.03 0.02 0.04 0.06 0.05 0.06
0.17 0.34 0.09 0.08 0.22 0.23 0.18 0.27
0.11 0.18 0.09 0.05 0.12 0.11 0.16 0.16
0.15 0.26 0.11 0.09 0.19 0.17 0.22 0.28
0.11 0.18 0.10 0.05 0.14 0.12 0.20 0.17
0.06 0.19 0.03 0.04 0.08 0.13 0.06 0.16
0.09 0.23 0.03 0.03 0.14 0.18 0.08 0.12
0.06 0.15 0.02 0.02 0.09 0.12 0.05 0.10
0.06 0.15 0.03 0.03 0.10 0.11 0.09 0.13
0.08 0.20 0.04 0.02 0.12 0.15 0.09 0.10
0.08 0.20 0.03 0.02 0.12 0.16 0.08 0.08
0.09 0.22 0.04 0.03 0.13 0.16 0.10 0.10
0.07 0.18 0.04 0.03 0.09 0.11 0.07 0.09
0.08 0.20 0.03 0.03 0.10 0.13 0.06 0.12
0.07 0.15 0.05 0.03 0.10 0.10 0.12 0.12
0.04 0.07 0.04 0.03 0.05 0.04 0.09 0.14
0.03 0.05 0.03 0.02 0.04 0.03 0.09 0.10
0.02 0.03 0.03 0.02 0.03 0.02 0.08 0.11
0.02 0.03 0.03 0.02 0.03 0.02 0.08 0.10
0.01 0.02 0.02 0.02 0.03 0.02 0.06 0.12
0.02 0.04 0.02 0.03 0.03 0.03 0.06 0.09
0.02 0.05 0.02 0.03 0.04 0.04 0.04 0.11
0.02 0.04 0.03 0.01 0.03 0.03 0.06 0.05
0.02 0.03 0.03 0.02 0.03 0.02 0.08 0.07
0.01 0.02 0.01 0.00 0.01 0.02 0.02 0.02
0.02 0.04 0.01 0.01 0.04 0.03 0.04 0.07
0.01 0.02 0.01 0.01 0.02 0.02 0.02 0.04
0.02 0.04 0.01 0.01 0.03 0.04 0.04 0.08
0.01 0.03 0.01 0.02 0.02 0.02 0.01 0.07
0.01 0.04 0.02 0.01 0.03 0.03 0.05 0.03
0.02 0.03 0.02 0.01 0.03 0.03 0.05 0.06
0.02 0.03 0.02 0.03 0.05 0.03 0.07 0.11
0.02 0.04 0.02 0.02 0.04 0.04 0.08 0.10
0.03 0.05 0.03 0.03 0.06 0.05 0.08 0.11
0.02 0.04 0.02 0.03 0.05 0.04 0.06 0.12
0.02 0.04 0.02 0.02 0.04 0.04 0.07 0.09
0.02 0.06 0.02 0.02 0.05 0.06 0.06 0.08
0.02 0.06 0.02 0.01 0.05 0.06 0.07 0.05
0.02 0.06 0.02 0.01 0.05 0.07 0.05 0.07
0.03 0.09 0.02 0.01 0.06 0.09 0.06 0.04
0.02 0.04 0.02 0.02 0.03 0.04 0.06 0.09
0.04 0.07 0.03 0.02 0.07 0.07 0.08 0.07
0.01 0.02 0.02 0.02 0.02 0.02 0.05 0.06
0.03 0.07 0.03 0.03 0.06 0.07 0.08 0.10
0.08 0.20 0.03 0.03 0.14 0.18 0.08 0.11
0.07 0.15 0.03 0.03 0.10 0.13 0.07 0.09
0.09 0.21 0.04 0.03 0.13 0.16 0.09 0.09
0.08 0.19 0.02 0.04 0.12 0.14 0.05 0.11
0.09 0.21 0.04 0.04 0.13 0.15 0.08 0.13
0.10 0.24 0.05 0.04 0.15 0.18 0.11 0.12
0.12 0.28 0.04 0.05 0.18 0.22 0.10 0.17
0.18 0.44 0.07 0.05 0.25 0.30 0.15 0.14
0.13 0.29 0.06 0.04 0.17 0.20 0.14 0.13
0.12 0.29 0.05 0.04 0.17 0.20 0.12 0.13
0.14 0.31 0.06 0.06 0.19 0.21 0.13 0.21
0.10 0.26 0.03 0.03 0.12 0.16 0.06 0.08
0.13 0.29 0.06 0.05 0.15 0.18 0.11 0.14
0.12 0.26 0.07 0.05 0.15 0.16 0.13 0.16
0.13 0.31 0.08 0.02 0.16 0.20 0.14 0.08
0.13 0.27 0.07 0.05 0.15 0.16 0.13 0.14
0.12 0.30 0.06 0.02 0.15 0.20 0.12 0.06
0.11 0.29 0.05 0.03 0.16 0.22 0.12 0.07
0.22 0.48 0.11 0.08 0.33 0.37 0.28 0.27
0.22 0.46 0.12 0.07 0.30 0.33 0.28 0.22
0.33 0.67 0.22 0.12 0.51 0.52 0.52 0.42
0.16 0.32 0.09 0.08 0.25 0.25 0.22 0.28
0.19 0.38 0.10 0.09 0.29 0.30 0.25 0.32
0.21 0.43 0.11 0.10 0.28 0.29 0.25 0.32
0.26 0.52 0.16 0.11 0.38 0.38 0.38 0.40
0.14 0.28 0.08 0.07 0.21 0.22 0.21 0.25
0.15 0.30 0.10 0.06 0.24 0.24 0.27 0.23
0.20 0.39 0.13 0.08 0.28 0.29 0.29 0.25
0.22 0.47 0.12 0.09 0.33 0.36 0.29 0.30
0.19 0.40 0.09 0.08 0.26 0.28 0.21 0.27
0.17 0.32 0.12 0.08 0.25 0.24 0.28 0.32
0.19 0.36 0.10 0.11 0.26 0.25 0.23 0.40
0.20 0.42 0.13 0.07 0.32 0.32 0.32 0.30
0.13 0.25 0.09 0.06 0.21 0.20 0.25 0.28
0.17 0.33 0.12 0.06 0.27 0.26 0.34 0.29
0.15 0.27 0.11 0.09 0.24 0.20 0.29 0.39
0.06 0.11 0.04 0.04 0.10 0.09 0.11 0.20
0.06 0.12 0.04 0.04 0.09 0.09 0.10 0.17
0.04 0.10 0.03 0.03 0.07 0.07 0.09 0.16
0.03 0.07 0.02 0.02 0.05 0.06 0.07 0.11
0.06 0.11 0.03 0.03 0.10 0.10 0.10 0.17
0.12 0.25 0.09 0.03 0.21 0.21 0.27 0.21
0.09 0.18 0.05 0.06 0.15 0.14 0.13 0.31
0.13 0.25 0.10 0.06 0.20 0.18 0.26 0.28
0.15 0.29 0.10 0.07 0.20 0.19 0.24 0.23
0.12 0.21 0.09 0.05 0.14 0.12 0.18 0.16
0.12 0.24 0.07 0.06 0.14 0.14 0.13 0.19
0.13 0.30 0.06 0.04 0.14 0.16 0.10 0.14
0.26 0.52 0.16 0.10 0.32 0.31 0.33 0.34
0.15 0.30 0.07 0.07 0.18 0.18 0.15 0.24
0.23 0.45 0.14 0.09 0.29 0.28 0.29 0.30
0.16 0.32 0.09 0.08 0.20 0.19 0.20 0.28
0.22 0.45 0.12 0.08 0.28 0.29 0.28 0.30
0.14 0.29 0.08 0.07 0.19 0.18 0.18 0.26
0.12 0.23 0.07 0.05 0.16 0.16 0.17 0.19
0.24 0.46 0.14 0.11 0.33 0.32 0.36 0.39
0.20 0.35 0.14 0.11 0.26 0.22 0.34 0.36
0.14 0.28 0.08 0.07 0.18 0.18 0.19 0.22
0.23 0.47 0.14 0.08 0.29 0.29 0.31 0.27
0.15 0.30 0.10 0.08 0.18 0.17 0.19 0.21
0.18 0.39 0.09 0.07 0.21 0.22 0.18 0.21
0.17 0.38 0.08 0.08 0.20 0.21 0.16 0.23
0.30 0.69 0.17 0.08 0.34 0.37 0.34 0.22
0.27 0.54 0.16 0.11 0.28 0.27 0.31 0.30
0.22 0.45 0.12 0.08 0.25 0.27 0.24 0.23
0.23 0.48 0.12 0.09 0.25 0.27 0.24 0.23
0.35 0.79 0.19 0.11 0.39 0.44 0.36 0.30
0.23 0.47 0.13 0.10 0.25 0.26 0.26 0.26
0.22 0.44 0.15 0.10 0.29 0.28 0.34 0.30
0.22 0.48 0.11 0.08 0.28 0.31 0.26 0.23
0.32 0.69 0.17 0.09 0.43 0.45 0.40 0.35
0.25 0.57 0.11 0.07 0.33 0.37 0.28 0.28
0.20 0.41 0.12 0.07 0.31 0.31 0.34 0.35
0.21 0.49 0.10 0.06 0.32 0.35 0.26 0.26
0.26 0.59 0.13 0.06 0.37 0.40 0.32 0.30
0.27 0.63 0.14 0.06 0.35 0.39 0.32 0.25
0.21 0.49 0.10 0.07 0.29 0.32 0.22 0.28
0.22 0.51 0.10 0.05 0.30 0.35 0.23 0.18
0.24 0.59 0.09 0.05 0.28 0.35 0.19 0.17
0.17 0.39 0.10 0.05 0.22 0.25 0.21 0.21
0.20 0.42 0.12 0.07 0.24 0.25 0.24 0.24
0.18 0.42 0.09 0.05 0.22 0.26 0.17 0.20
0.23 0.55 0.10 0.07 0.26 0.30 0.20 0.23
0.18 0.45 0.09 0.04 0.25 0.30 0.20 0.19
0.16 0.36 0.08 0.05 0.22 0.25 0.18 0.20
0.16 0.40 0.07 0.05 0.24 0.27 0.16 0.22
0.18 0.43 0.07 0.06 0.23 0.27 0.15 0.24
0.14 0.32 0.06 0.04 0.21 0.23 0.16 0.21
0.17 0.40 0.08 0.04 0.24 0.25 0.19 0.22
0.18 0.42 0.07 0.05 0.24 0.27 0.16 0.24
0.18 0.40 0.10 0.04 0.24 0.26 0.23 0.18
0.14 0.30 0.07 0.06 0.17 0.18 0.14 0.23
0.23 0.49 0.16 0.06 0.28 0.29 0.31 0.22
0.15 0.33 0.07 0.03 0.18 0.20 0.15 0.13
0.09 0.20 0.05 0.06 0.13 0.13 0.10 0.21
0.08 0.16 0.05 0.06 0.13 0.12 0.12 0.25
0.06 0.15 0.03 0.02 0.10 0.12 0.09 0.11
0.04 0.10 0.02 0.02 0.07 0.08 0.07 0.09
0.06 0.13 0.03 0.03 0.09 0.11 0.07 0.11
0.07 0.12 0.04 0.04 0.12 0.11 0.12 0.18
0.11 0.23 0.06 0.04 0.18 0.19 0.17 0.18
0.14 0.30 0.07 0.05 0.20 0.21 0.18 0.20
0.14 0.28 0.08 0.06 0.19 0.20 0.18 0.22
0.15 0.30 0.10 0.06 0.21 0.20 0.23 0.24
0.16 0.31 0.10 0.07 0.20 0.18 0.22 0.26
0.16 0.32 0.10 0.06 0.23 0.22 0.25 0.26
0.06 0.08 0.07 0.04 0.08 0.05 0.17 0.19
0.03 0.05 0.04 0.01 0.04 0.03 0.09 0.07
0.04 0.07 0.05 0.02 0.06 0.05 0.12 0.08
0.03 0.04 0.04 0.01 0.04 0.03 0.10 0.07
0.04 0.09 0.03 0.02 0.05 0.06 0.08 0.11
0.04 0.09 0.03 0.02 0.05 0.06 0.06 0.11
0.09 0.18 0.05 0.04 0.11 0.11 0.10 0.16
0.07 0.16 0.04 0.04 0.09 0.10 0.09 0.14
0.08 0.15 0.03 0.05 0.10 0.10 0.07 0.18
0.07 0.14 0.05 0.03 0.08 0.08 0.09 0.11
0.06 0.13 0.03 0.04 0.08 0.09 0.06 0.15
0.04 0.09 0.04 0.02 0.05 0.06 0.08 0.07
0.05 0.10 0.04 0.03 0.06 0.07 0.08 0.10
0.05 0.11 0.04 0.03 0.07 0.06 0.08 0.09
0.06 0.14 0.02 0.03 0.08 0.10 0.05 0.12
0.07 0.18 0.02 0.03 0.10 0.12 0.05 0.13
0.14 0.30 0.06 0.06 0.20 0.22 0.14 0.23
0.12 0.30 0.03 0.04 0.18 0.22 0.08 0.15
0.07 0.17 0.03 0.03 0.12 0.15 0.08 0.16
0.06 0.16 0.02 0.04 0.11 0.13 0.05 0.18
0.08 0.20 0.02 0.03 0.16 0.19 0.09 0.18
0.08 0.21 0.02 0.02 0.16 0.20 0.07 0.11
0.05 0.12 0.02 0.02 0.12 0.14 0.08 0.14
0.07 0.15 0.04 0.03 0.16 0.17 0.13 0.18
0.05 0.10 0.02 0.04 0.12 0.11 0.10 0.23
0.08 0.17 0.04 0.03 0.16 0.17 0.15 0.18
0.08 0.19 0.04 0.02 0.17 0.20 0.14 0.14
0.07 0.15 0.04 0.04 0.14 0.15 0.11 0.18
0.07 0.15 0.03 0.03 0.13 0.15 0.10 0.13
0.05 0.11 0.03 0.02 0.09 0.10 0.09 0.09
0.05 0.10 0.03 0.04 0.09 0.10 0.09 0.14
0.03 0.09 0.03 0.02 0.05 0.08 0.07 0.05
0.05 0.10 0.03 0.03 0.07 0.09 0.09 0.07
0.08 0.17 0.04 0.03 0.11 0.15 0.09 0.06
0.02 0.06 0.03 0.02 0.03 0.04 0.05 0.04
0.04 0.13 0.03 0.03 0.05 0.09 0.05 0.05
0.05 0.12 0.05 0.02 0.06 0.08 0.07 0.03
0.08 0.21 0.02 0.02 0.09 0.15 0.05 0.04
0.09 0.18 0.04 0.06 0.12 0.14 0.08 0.12
0.07 0.15 0.04 0.03 0.08 0.11 0.06 0.06
0.07 0.18 0.03 0.03 0.10 0.13 0.06 0.07
0.09 0.21 0.04 0.04 0.12 0.16 0.09 0.08
0.08 0.19 0.03 0.04 0.13 0.16 0.09 0.08
0.09 0.22 0.04 0.03 0.12 0.17 0.09 0.05
0.03 0.11 0.02 0.03 0.04 0.08 0.04 0.06
0.08 0.19 0.04 0.03 0.11 0.15 0.09 0.06
0.08 0.19 0.05 0.03 0.10 0.14 0.09 0.06
0.08 0.16 0.05 0.07 0.11 0.12 0.09 0.13
0.11 0.22 0.08 0.06 0.13 0.15 0.15 0.12
0.10 0.21 0.03 0.09 0.11 0.13 0.05 0.15
0.09 0.19 0.05 0.08 0.10 0.11 0.07 0.13
0.13 0.23 0.05 0.10 0.14 0.15 0.08 0.18
0.11 0.18 0.06 0.13 0.12 0.12 0.10 0.22
0.15 0.21 0.07 0.17 0.16 0.14 0.12 0.28
0.21 0.39 0.13 0.14 0.24 0.26 0.22 0.22
0.14 0.24 0.09 0.12 0.16 0.16 0.14 0.21
0.15 0.25 0.05 0.16 0.16 0.16 0.08 0.28
0.13 0.24 0.05 0.11 0.16 0.18 0.08 0.19
0.11 0.18 0.05 0.13 0.12 0.12 0.09 0.22
0.10 0.14 0.06 0.14 0.13 0.11 0.11 0.23
0.11 0.18 0.06 0.13 0.14 0.13 0.12 0.22
0.17 0.31 0.08 0.15 0.22 0.24 0.16 0.26
0.17 0.30 0.09 0.14 0.21 0.22 0.19 0.25
0.15 0.27 0.09 0.10 0.19 0.21 0.19 0.20
0.11 0.20 0.08 0.09 0.15 0.15 0.17 0.19
0.17 0.31 0.10 0.12 0.24 0.25 0.22 0.29
0.12 0.24 0.05 0.11 0.17 0.18 0.09 0.29
0.14 0.27 0.08 0.09 0.23 0.23 0.18 0.34
0.17 0.32 0.11 0.09 0.28 0.28 0.29 0.35
0.14 0.25 0.07 0.09 0.24 0.23 0.22 0.38
0.13 0.25 0.07 0.08 0.24 0.25 0.20 0.33
0.13 0.27 0.05 0.09 0.21 0.24 0.13 0.35
0.11 0.25 0.05 0.05 0.22 0.25 0.15 0.23
0.14 0.30 0.06 0.07 0.24 0.27 0.16 0.28
0.08 0.14 0.06 0.06 0.15 0.14 0.17 0.26
0.07 0.15 0.04 0.06 0.12 0.12 0.10 0.22
0.06 0.13 0.05 0.05 0.11 0.12 0.13 0.20
0.11 0.18 0.05 0.09 0.18 0.16 0.15 0.33
0.08 0.14 0.06 0.07 0.16 0.14 0.19 0.28
0.09 0.14 0.05 0.10 0.16 0.13 0.15 0.34
0.06 0.09 0.05 0.06 0.12 0.10 0.15 0.27
0.07 0.14 0.04 0.07 0.13 0.13 0.12 0.23
0.08 0.14 0.07 0.05 0.14 0.13 0.18 0.17
0.05 0.09 0.03 0.07 0.07 0.06 0.06 0.18
0.09 0.16 0.05 0.07 0.11 0.11 0.11 0.17
0.07 0.10 0.04 0.08 0.07 0.06 0.07 0.17
0.20 0.33 0.16 0.11 0.20 0.18 0.26 0.22
0.14 0.23 0.09 0.11 0.12 0.10 0.13 0.20
0.11 0.16 0.08 0.08 0.09 0.08 0.12 0.16
0.20 0.31 0.15 0.15 0.16 0.13 0.19 0.25
0.12 0.21 0.08 0.11 0.11 0.09 0.10 0.20
0.09 0.10 0.08 0.13 0.07 0.04 0.10 0.20
0.10 0.17 0.06 0.06 0.07 0.07 0.08 0.12
0.13 0.23 0.08 0.09 0.10 0.09 0.10 0.16
0.04 0.07 0.04 0.05 0.04 0.03 0.06 0.11
0.11 0.13 0.09 0.11 0.09 0.06 0.13 0.21
0.08 0.13 0.05 0.08 0.08 0.06 0.08 0.17
0.22 0.38 0.13 0.15 0.22 0.20 0.23 0.32
0.15 0.21 0.11 0.16 0.17 0.13 0.19 0.36
0.09 0.14 0.07 0.09 0.10 0.08 0.11 0.19
0.05 0.11 0.05 0.03 0.05 0.06 0.09 0.06
0.08 0.11 0.08 0.05 0.07 0.05 0.13 0.10
0.03 0.06 0.04 0.03 0.03 0.03 0.06 0.06
0.03 0.06 0.02 0.02 0.03 0.03 0.04 0.05
1.09 2.73 0.29 0.27 0.75 0.90 0.40 0.47
1.57 3.79 0.41 0.52 0.93 1.04 0.52 0.81
1.67 3.85 0.56 0.60 0.95 1.07 0.62 0.80
1.69 4.04 0.49 0.54 0.91 1.06 0.56 0.65
1.87 4.38 0.67 0.55 0.99 1.14 0.73 0.60
1.71 3.93 0.60 0.61 0.84 0.94 0.58 0.64
1.59 3.61 0.59 0.57 0.89 1.02 0.63 0.68
1.29 2.90 0.48 0.47 0.71 0.81 0.52 0.54
1.26 2.90 0.43 0.47 0.76 0.87 0.48 0.60
1.36 3.14 0.45 0.48 0.73 0.85 0.45 0.53
1.26 2.79 0.53 0.45 0.76 0.84 0.60 0.59
1.18 2.67 0.44 0.45 0.74 0.83 0.54 0.57
1.03 2.36 0.38 0.36 0.74 0.85 0.50 0.59
0.81 1.88 0.25 0.29 0.64 0.74 0.36 0.52
0.59 1.40 0.19 0.20 0.55 0.66 0.31 0.43
0.46 1.10 0.15 0.14 0.45 0.53 0.26 0.31
0.38 0.94 0.12 0.09 0.46 0.57 0.24 0.26
0.21 0.56 0.05 0.04 0.30 0.40 0.12 0.13
0.05 0.12 0.04 0.02 0.08 0.10 0.10 0.06
0.03 0.07 0.02 0.02 0.04 0.06 0.07 0.06
0.13 0.17 0.12 0.10 0.21 0.15 0.32 0.32
0.09 0.18 0.07 0.07 0.17 0.17 0.20 0.25
0.11 0.24 0.08 0.04 0.19 0.21 0.23 0.14
0.11 0.23 0.07 0.04 0.19 0.22 0.20 0.16
0.08 0.12 0.06 0.07 0.12 0.10 0.16 0.23
0.14 0.32 0.09 0.05 0.23 0.26 0.22 0.18
0.10 0.24 0.07 0.03 0.17 0.19 0.20 0.10
0.12 0.25 0.08 0.04 0.16 0.17 0.19 0.13
0.20 0.44 0.13 0.03 0.28 0.31 0.30 0.12
0.12 0.30 0.06 0.03 0.15 0.19 0.14 0.07
0.05 0.06 0.08 0.02 0.07 0.04 0.18 0.08
0.08 0.24 0.06 0.02 0.10 0.14 0.12 0.06
0.10 0.28 0.03 0.02 0.11 0.16 0.06 0.06
0.09 0.27 0.04 0.04 0.10 0.15 0.08 0.09
0.12 0.38 0.02 0.03 0.13 0.20 0.03 0.08
0.14 0.37 0.05 0.03 0.15 0.19 0.10 0.08
0.12 0.32 0.05 0.03 0.12 0.16 0.08 0.10
0.16 0.41 0.04 0.04 0.16 0.20 0.07 0.11
0.21 0.52 0.11 0.02 0.22 0.27 0.17 0.07
0.11 0.30 0.06 0.03 0.13 0.16 0.11 0.09
0.18 0.43 0.08 0.04 0.17 0.21 0.13 0.09
0.17 0.43 0.09 0.02 0.17 0.21 0.14 0.06
0.30 0.69 0.18 0.05 0.29 0.32 0.28 0.13
0.24 0.62 0.10 0.03 0.22 0.28 0.16 0.08
0.13 0.36 0.07 0.04 0.14 0.18 0.11 0.12
0.28 0.73 0.13 0.02 0.29 0.37 0.22 0.07
0.21 0.57 0.09 0.02 0.23 0.30 0.15 0.06
0.26 0.66 0.12 0.03 0.25 0.32 0.20 0.07
0.36 0.85 0.20 0.06 0.36 0.41 0.32 0.17
0.26 0.65 0.11 0.05 0.25 0.31 0.18 0.12
0.34 0.78 0.16 0.07 0.37 0.43 0.31 0.21
0.32 0.77 0.15 0.05 0.36 0.42 0.31 0.17
0.35 0.86 0.12 0.07 0.44 0.52 0.27 0.27
0.25 0.62 0.10 0.06 0.32 0.37 0.22 0.22
0.20 0.52 0.08 0.03 0.25 0.31 0.17 0.11
0.28 0.70 0.11 0.07 0.34 0.40 0.22 0.24
0.24 0.62 0.07 0.05 0.30 0.38 0.15 0.16
0.24 0.62 0.05 0.05 0.27 0.35 0.11 0.15
0.29 0.72 0.10 0.07 0.31 0.38 0.18 0.19
0.26 0.61 0.10 0.08 0.28 0.32 0.19 0.23
0.10 0.23 0.05 0.05 0.12 0.13 0.10 0.14
0.12 0.28 0.06 0.04 0.14 0.15 0.11 0.16
0.16 0.36 0.09 0.05 0.20 0.21 0.19 0.21
0.13 0.27 0.08 0.05 0.18 0.17 0.18 0.25
0.12 0.26 0.07 0.04 0.17 0.17 0.16 0.19
0.13 0.27 0.07 0.06 0.17 0.17 0.17 0.23
0.11 0.25 0.06 0.06 0.15 0.17 0.13 0.23
0.12 0.26 0.06 0.07 0.16 0.17 0.13 0.24
0.15 0.29 0.07 0.10 0.19 0.18 0.16 0.33
0.10 0.20 0.06 0.06 0.14 0.13 0.13 0.21
0.13 0.27 0.08 0.08 0.17 0.17 0.18 0.27
0.10 0.19 0.05 0.06 0.13 0.12 0.11 0.22
0.11 0.22 0.04 0.08 0.14 0.15 0.10 0.28
0.13 0.31 0.05 0.05 0.18 0.21 0.12 0.20
0.11 0.26 0.04 0.05 0.15 0.17 0.09 0.18
0.08 0.18 0.04 0.03 0.12 0.14 0.10 0.13
0.09 0.22 0.04 0.04 0.15 0.18 0.09 0.14
0.11 0.22 0.05 0.04 0.16 0.18 0.14 0.15
0.10 0.25 0.03 0.04 0.15 0.18 0.08 0.13
0.09 0.20 0.04 0.04 0.14 0.16 0.09 0.13
0.09 0.19 0.03 0.04 0.14 0.16 0.08 0.15
0.08 0.18 0.02 0.04 0.13 0.15 0.06 0.14
0.11 0.23 0.05 0.06 0.16 0.18 0.11 0.16
0.09 0.22 0.04 0.03 0.14 0.18 0.11 0.09
0.10 0.26 0.04 0.03 0.16 0.21 0.10 0.09
0.12 0.27 0.06 0.04 0.18 0.22 0.14 0.13
0.12 0.28 0.06 0.05 0.17 0.19 0.14 0.14
0.12 0.28 0.07 0.03 0.17 0.21 0.14 0.11
0.12 0.26 0.06 0.06 0.17 0.20 0.12 0.16
0.11 0.26 0.05 0.04 0.15 0.19 0.11 0.12
0.03 0.06 0.03 0.02 0.04 0.04 0.07 0.05
0.03 0.05 0.02 0.04 0.04 0.04 0.05 0.12
0.05 0.08 0.03 0.04 0.07 0.07 0.06 0.11
0.03 0.06 0.02 0.02 0.05 0.05 0.06 0.08
0.05 0.11 0.03 0.04 0.07 0.08 0.08 0.13
0.10 0.19 0.06 0.05 0.15 0.15 0.14 0.18
0.08 0.16 0.04 0.04 0.11 0.12 0.10 0.13
0.17 0.35 0.10 0.06 0.24 0.25 0.22 0.22
0.12 0.24 0.08 0.04 0.15 0.15 0.17 0.14
0.15 0.28 0.09 0.07 0.20 0.19 0.21 0.24
0.12 0.23 0.07 0.05 0.15 0.16 0.15 0.18
0.23 0.44 0.15 0.10 0.29 0.28 0.31 0.34
0.15 0.26 0.11 0.08 0.18 0.16 0.22 0.22
0.13 0.25 0.10 0.05 0.16 0.16 0.20 0.16
0.11 0.23 0.06 0.05 0.12 0.13 0.11 0.14
0.19 0.35 0.12 0.09 0.24 0.23 0.25 0.30
0.07 0.15 0.03 0.05 0.09 0.09 0.06 0.15
0.12 0.26 0.07 0.05 0.17 0.18 0.15 0.15
0.11 0.22 0.07 0.05 0.15 0.15 0.15 0.16
0.09 0.17 0.06 0.04 0.14 0.13 0.16 0.15
0.13 0.28 0.07 0.06 0.19 0.21 0.16 0.19
0.06 0.13 0.03 0.03 0.08 0.09 0.08 0.08
0.02 0.05 0.02 0.01 0.03 0.03 0.06 0.06
0.07 0.15 0.03 0.03 0.09 0.11 0.07 0.09
0.10 0.23 0.05 0.03 0.14 0.15 0.12 0.10
0.05 0.10 0.04 0.03 0.06 0.07 0.09 0.10
0.02 0.03 0.03 0.02 0.03 0.02 0.07 0.07
0.06 0.11 0.05 0.03 0.08 0.09 0.12 0.08
0.07 0.15 0.04 0.04 0.10 0.10 0.09 0.11
0.09 0.21 0.04 0.02 0.11 0.14 0.09 0.07
0.03 0.09 0.02 0.01 0.05 0.07 0.04 0.04
0.06 0.14 0.03 0.02 0.08 0.10 0.07 0.05
0.05 0.11 0.03 0.03 0.06 0.07 0.07 0.11
0.04 0.11 0.03 0.03 0.07 0.09 0.10 0.11
0.11 0.26 0.07 0.02 0.17 0.19 0.17 0.10
0.12 0.28 0.05 0.03 0.19 0.22 0.14 0.13
0.16 0.39 0.06 0.04 0.26 0.31 0.17 0.18
0.21 0.53 0.06 0.04 0.31 0.37 0.16 0.21
0.17 0.38 0.09 0.04 0.26 0.27 0.24 0.20
0.24 0.58 0.10 0.05 0.40 0.44 0.28 0.30
0.19 0.48 0.05 0.03 0.34 0.40 0.17 0.20
0.21 0.52 0.08 0.04 0.37 0.42 0.23 0.25
0.11 0.26 0.03 0.04 0.17 0.19 0.07 0.21
0.15 0.36 0.05 0.05 0.21 0.24 0.12 0.20
0.16 0.38 0.04 0.06 0.19 0.23 0.09 0.17
0.16 0.37 0.07 0.03 0.17 0.20 0.14 0.10
0.19 0.45 0.09 0.04 0.21 0.24 0.16 0.13
0.14 0.34 0.05 0.05 0.16 0.18 0.10 0.14
0.16 0.37 0.07 0.06 0.17 0.19 0.12 0.16
0.12 0.27 0.06 0.04 0.14 0.15 0.11 0.13
0.12 0.25 0.05 0.05 0.14 0.14 0.11 0.15
0.09 0.20 0.04 0.04 0.11 0.12 0.08 0.14
0.11 0.23 0.05 0.06 0.13 0.13 0.10 0.19
0.11 0.28 0.03 0.04 0.14 0.17 0.07 0.14
0.13 0.30 0.06 0.04 0.16 0.18 0.13 0.12
0.12 0.30 0.04 0.03 0.16 0.19 0.10 0.11
0.08 0.18 0.05 0.03 0.10 0.11 0.11 0.08
0.08 0.17 0.06 0.03 0.10 0.10 0.11 0.08
0.10 0.21 0.05 0.03 0.13 0.14 0.12 0.10
0.11 0.23 0.06 0.03 0.12 0.13 0.12 0.09
0.05 0.14 0.03 0.02 0.06 0.08 0.05 0.06
0.08 0.19 0.03 0.02 0.08 0.10 0.06 0.07
0.10 0.24 0.06 0.02 0.11 0.14 0.12 0.07
0.08 0.17 0.05 0.02 0.08 0.09 0.08 0.06
0.06 0.14 0.02 0.03 0.07 0.08 0.04 0.09
0.07 0.15 0.04 0.03 0.07 0.08 0.07 0.07
0.07 0.19 0.03 0.03 0.08 0.11 0.05 0.09
0.06 0.16 0.03 0.03 0.06 0.09 0.05 0.07
0.10 0.25 0.03 0.02 0.12 0.16 0.06 0.07
0.10 0.27 0.04 0.01 0.12 0.15 0.08 0.04
0.12 0.29 0.07 0.03 0.17 0.20 0.15 0.10
0.04 0.11 0.02 0.03 0.05 0.07 0.05 0.09
0.09 0.22 0.05 0.02 0.14 0.16 0.12 0.08
0.11 0.26 0.05 0.03 0.15 0.17 0.12 0.12
0.11 0.28 0.04 0.03 0.16 0.20 0.09 0.14
0.08 0.20 0.03 0.03 0.11 0.13 0.06 0.11
0.14 0.31 0.07 0.03 0.19 0.22 0.15 0.11
0.13 0.32 0.05 0.03 0.16 0.19 0.10 0.11
0.16 0.38 0.06 0.04 0.19 0.23 0.12 0.13
0.10 0.25 0.05 0.03 0.12 0.14 0.09 0.08
0.13 0.31 0.07 0.04 0.14 0.17 0.11 0.11
0.04 0.07 0.06 0.04 0.06 0.04 0.11 0.12
0.21 0.45 0.11 0.07 0.25 0.26 0.21 0.25
0.14 0.34 0.07 0.03 0.18 0.21 0.14 0.10
0.15 0.34 0.09 0.02 0.18 0.21 0.18 0.08
0.14 0.36 0.06 0.02 0.20 0.25 0.14 0.08
0.10 0.24 0.05 0.03 0.14 0.17 0.11 0.11
0.07 0.17 0.04 0.02 0.11 0.13 0.11 0.11
0.09 0.23 0.04 0.02 0.12 0.15 0.08 0.11
0.08 0.21 0.03 0.02 0.11 0.14 0.06 0.07
0.12 0.33 0.03 0.02 0.16 0.20 0.07 0.10
0.08 0.20 0.04 0.02 0.10 0.12 0.07 0.05
0.21 0.45 0.13 0.05 0.25 0.27 0.26 0.19
0.19 0.46 0.08 0.03 0.24 0.29 0.17 0.11
0.09 0.22 0.04 0.03 0.14 0.16 0.10 0.13
0.07 0.15 0.03 0.03 0.11 0.12 0.09 0.15
0.08 0.19 0.04 0.03 0.12 0.14 0.11 0.11
0.08 0.20 0.03 0.03 0.15 0.17 0.10 0.13
0.05 0.08 0.03 0.03 0.08 0.08 0.09 0.16
0.09 0.19 0.06 0.04 0.16 0.16 0.17 0.16
0.07 0.14 0.05 0.04 0.12 0.11 0.13 0.16
0.15 0.29 0.11 0.08 0.22 0.20 0.26 0.28
0.10 0.20 0.07 0.06 0.14 0.13 0.15 0.21
0.07 0.17 0.03 0.05 0.09 0.10 0.07 0.17
0.16 0.31 0.10 0.07 0.20 0.19 0.22 0.25
0.12 0.27 0.08 0.03 0.16 0.17 0.17 0.14
0.11 0.26 0.05 0.03 0.16 0.19 0.12 0.15
0.03 0.08 0.03 0.02 0.03 0.05 0.07 0.12
0.08 0.16 0.06 0.04 0.11 0.10 0.13 0.19
0.04 0.08 0.06 0.02 0.06 0.05 0.14 0.10
0.12 0.24 0.08 0.05 0.16 0.15 0.17 0.23
0.04 0.10 0.02 0.02 0.05 0.06 0.04 0.07
0.15 0.31 0.08 0.07 0.19 0.18 0.16 0.26
0.08 0.16 0.04 0.04 0.09 0.10 0.08 0.13
0.10 0.20 0.07 0.05 0.11 0.11 0.13 0.18
0.08 0.19 0.04 0.04 0.09 0.10 0.06 0.11
0.14 0.29 0.07 0.06 0.17 0.18 0.14 0.17
0.05 0.11 0.03 0.02 0.06 0.07 0.05 0.05
0.10 0.22 0.07 0.04 0.12 0.13 0.12 0.12
0.06 0.12 0.05 0.03 0.07 0.07 0.08 0.09
0.11 0.23 0.06 0.04 0.14 0.15 0.12 0.14
0.12 0.27 0.05 0.05 0.15 0.17 0.10 0.18
0.22 0.45 0.11 0.10 0.29 0.31 0.23 0.35
0.15 0.33 0.06 0.07 0.20 0.22 0.14 0.25
0.11 0.25 0.05 0.04 0.18 0.21 0.12 0.20
0.12 0.26 0.05 0.05 0.20 0.22 0.13 0.23
0.14 0.30 0.07 0.06 0.25 0.28 0.20 0.29
0.10 0.21 0.04 0.05 0.17 0.19 0.12 0.21
0.06 0.14 0.03 0.01 0.12 0.15 0.10 0.08
0.06 0.15 0.03 0.02 0.13 0.16 0.09 0.09
0.08 0.20 0.04 0.03 0.17 0.20 0.12 0.15
0.07 0.16 0.02 0.03 0.12 0.15 0.07 0.14
0.08 0.17 0.05 0.03 0.15 0.16 0.14 0.13
0.09 0.21 0.04 0.02 0.16 0.20 0.12 0.11
0.19 0.39 0.09 0.09 0.34 0.37 0.26 0.38
0.11 0.21 0.07 0.05 0.20 0.20 0.20 0.23
0.08 0.18 0.04 0.04 0.15 0.18 0.12 0.13
0.19 0.34 0.14 0.10 0.32 0.32 0.39 0.29
0.20 0.32 0.12 0.18 0.31 0.28 0.31 0.41
0.21 0.31 0.13 0.20 0.30 0.26 0.30 0.41
0.17 0.28 0.11 0.14 0.23 0.23 0.23 0.26
0.28 0.48 0.19 0.18 0.34 0.36 0.35 0.32
0.23 0.35 0.15 0.22 0.27 0.25 0.26 0.37
0.12 0.22 0.06 0.09 0.15 0.17 0.12 0.16
0.13 0.23 0.08 0.09 0.16 0.17 0.16 0.16
0.12 0.24 0.07 0.07 0.14 0.16 0.13 0.13
0.12 0.28 0.06 0.04 0.16 0.21 0.13 0.08
0.11 0.25 0.04 0.04 0.15 0.21 0.09 0.09
0.11 0.25 0.04 0.04 0.16 0.21 0.10 0.09
0.09 0.22 0.03 0.04 0.14 0.19 0.08 0.09
0.03 0.07 0.03 0.03 0.05 0.05 0.08 0.06
0.05 0.10 0.04 0.03 0.08 0.09 0.10 0.09
0.03 0.08 0.02 0.01 0.04 0.07 0.04 0.03
0.05 0.09 0.04 0.03 0.06 0.07 0.07 0.06
0.03 0.08 0.03 0.03 0.03 0.06 0.05 0.05
0.03 0.05 0.02 0.04 0.03 0.04 0.03 0.07
0.03 0.05 0.02 0.03 0.03 0.04 0.03 0.04
0.03 0.06 0.03 0.05 0.04 0.04 0.06 0.09
0.02 0.03 0.03 0.05 0.02 0.02 0.05 0.09
0.02 0.05 0.03 0.03 0.02 0.04 0.04 0.04
0.02 0.04 0.03 0.03 0.02 0.03 0.05 0.05
0.02 0.03 0.03 0.03 0.02 0.02 0.05 0.04
0.03 0.03 0.03 0.05 0.03 0.02 0.06 0.09
0.03 0.06 0.04 0.03 0.04 0.05 0.07 0.06
0.03 0.05 0.03 0.03 0.04 0.04 0.06 0.06
0.05 0.09 0.03 0.04 0.07 0.08 0.06 0.07
0.04 0.06 0.03 0.04 0.05 0.06 0.07 0.07
0.02 0.04 0.04 0.03 0.03 0.03 0.07 0.04
0.03 0.07 0.04 0.03 0.04 0.06 0.08 0.06
0.01 0.03 0.03 0.03 0.01 0.02 0.05 0.06
0.01 0.05 0.01 0.02 0.02 0.04 0.03 0.05
0.03 0.03 0.03 0.02 0.04 0.03 0.07 0.06
0.03 0.07 0.03 0.02 0.04 0.06 0.06 0.06
0.01 0.03 0.02 0.02 0.02 0.03 0.04 0.08
0.01 0.04 0.02 0.02 0.03 0.05 0.07 0.08
0.02 0.03 0.02 0.01 0.04 0.04 0.08 0.06
0.03 0.08 0.02 0.02 0.07 0.10 0.07 0.08
0.02 0.05 0.03 0.03 0.05 0.06 0.10 0.14
0.03 0.06 0.03 0.02 0.07 0.07 0.09 0.11
0.02 0.06 0.02 0.02 0.04 0.06 0.07 0.09
0.20 0.30 0.17 0.12 0.44 0.38 0.55 0.53
0.09 0.12 0.08 0.07 0.20 0.15 0.26 0.34
0.08 0.12 0.08 0.06 0.18 0.14 0.25 0.27
0.05 0.08 0.05 0.05 0.12 0.10 0.17 0.26
0.06 0.08 0.06 0.06 0.14 0.10 0.20 0.25
0.04 0.06 0.04 0.05 0.11 0.09 0.16 0.23
0.03 0.06 0.02 0.02 0.08 0.09 0.09 0.09
0.03 0.05 0.03 0.02 0.07 0.07 0.12 0.08
0.03 0.05 0.03 0.02 0.05 0.05 0.09 0.07
0.02 0.03 0.02 0.03 0.04 0.03 0.05 0.11
0.01 0.04 0.02 0.01 0.02 0.03 0.05 0.03
0.02 0.04 0.03 0.02 0.02 0.03 0.05 0.04
0.02 0.06 0.02 0.02 0.02 0.03 0.03 0.05
0.03 0.06 0.03 0.03 0.02 0.03 0.05 0.05
0.09 0.17 0.07 0.04 0.08 0.08 0.10 0.08
0.14 0.28 0.07 0.08 0.13 0.13 0.11 0.17
0.18 0.36 0.10 0.09 0.15 0.15 0.14 0.16
0.22 0.43 0.11 0.11 0.19 0.19 0.16 0.21
0.08 0.15 0.06 0.05 0.07 0.07 0.08 0.12
0.10 0.15 0.09 0.10 0.08 0.06 0.11 0.18
0.05 0.09 0.05 0.06 0.05 0.04 0.07 0.12
0.18 0.30 0.16 0.10 0.16 0.14 0.24 0.20
0.14 0.22 0.12 0.08 0.14 0.11 0.20 0.20
0.17 0.28 0.11 0.13 0.17 0.15 0.17 0.30
0.19 0.34 0.13 0.09 0.24 0.23 0.25 0.24
0.05 0.09 0.05 0.05 0.06 0.06 0.09 0.11
0.04 0.07 0.03 0.03 0.04 0.05 0.05 0.07
0.01 0.03 0.03 0.03 0.01 0.02 0.04 0.05
0.02 0.07 0.03 0.02 0.03 0.04 0.05 0.05
0.02 0.06 0.03 0.02 0.03 0.04 0.05 0.03
0.05 0.09 0.04 0.02 0.05 0.05 0.07 0.05
0.03 0.07 0.03 0.02 0.03 0.04 0.05 0.05
0.04 0.10 0.02 0.03 0.04 0.05 0.04 0.06
0.07 0.13 0.04 0.04 0.07 0.07 0.07 0.07
0.06 0.14 0.03 0.04 0.06 0.08 0.05 0.07
0.04 0.09 0.03 0.03 0.04 0.05 0.05 0.05
0.03 0.08 0.04 0.02 0.03 0.04 0.06 0.03
0.03 0.08 0.02 0.02 0.02 0.04 0.03 0.03
0.04 0.11 0.04 0.02 0.04 0.05 0.06 0.03
0.03 0.07 0.03 0.02 0.02 0.04 0.05 0.04
0.05 0.09 0.03 0.03 0.05 0.06 0.06 0.06
0.04 0.09 0.02 0.02 0.04 0.05 0.05 0.04
0.04 0.09 0.03 0.03 0.05 0.06 0.06 0.05
0.02 0.05 0.03 0.01 0.03 0.04 0.07 0.04
0.02 0.05 0.03 0.03 0.03 0.04 0.06 0.07
0.02 0.07 0.02 0.02 0.04 0.06 0.05 0.05
0.02 0.07 0.02 0.03 0.04 0.06 0.04 0.09
0.03 0.08 0.02 0.01 0.07 0.08 0.07 0.05
0.04 0.10 0.02 0.03 0.08 0.12 0.07 0.15
0.05 0.13 0.03 0.02 0.12 0.16 0.09 0.07
0.07 0.13 0.04 0.04 0.16 0.18 0.16 0.21
0.05 0.11 0.02 0.02 0.11 0.14 0.07 0.10
0.14 0.29 0.09 0.06 0.33 0.35 0.33 0.29
0.09 0.17 0.05 0.05 0.19 0.20 0.18 0.21
0.03 0.07 0.02 0.02 0.08 0.09 0.09 0.09
0.07 0.13 0.06 0.03 0.14 0.15 0.18 0.12
0.04 0.10 0.04 0.02 0.09 0.10 0.12 0.08
0.06 0.13 0.03 0.04 0.10 0.11 0.07 0.13
0.06 0.13 0.03 0.01 0.09 0.11 0.07 0.06
0.06 0.11 0.04 0.03 0.08 0.09 0.09 0.09
0.01 0.03 0.02 0.02 0.02 0.02 0.05 0.05
0.03 0.08 0.02 0.02 0.04 0.06 0.05 0.05
0.08 0.14 0.05 0.06 0.12 0.11 0.11 0.20
0.02 0.04 0.04 0.03 0.02 0.03 0.07 0.07
0.03 0.06 0.03 0.02 0.03 0.04 0.07 0.05
0.09 0.15 0.07 0.06 0.11 0.10 0.14 0.21
0.07 0.15 0.05 0.03 0.08 0.09 0.09 0.08
0.15 0.28 0.11 0.09 0.19 0.18 0.21 0.28
0.07 0.12 0.07 0.03 0.08 0.08 0.14 0.09
0.14 0.25 0.09 0.08 0.18 0.16 0.18 0.24
0.05 0.08 0.05 0.04 0.06 0.05 0.10 0.12
0.04 0.06 0.05 0.02 0.04 0.03 0.09 0.07
0.02 0.06 0.03 0.01 0.03 0.04 0.05 0.03
0.03 0.08 0.04 0.03 0.04 0.05 0.07 0.10
0.03 0.07 0.04 0.02 0.04 0.04 0.07 0.07
0.03 0.05 0.04 0.02 0.04 0.03 0.09 0.05
0.03 0.05 0.04 0.03 0.04 0.03 0.08 0.10
0.02 0.05 0.02 0.01 0.03 0.03 0.05 0.05
0.07 0.15 0.04 0.04 0.09 0.09 0.08 0.13
0.06 0.11 0.05 0.04 0.07 0.06 0.10 0.11
0.10 0.18 0.06 0.06 0.13 0.12 0.14 0.21
0.08 0.18 0.04 0.04 0.11 0.12 0.10 0.14
0.03 0.05 0.02 0.03 0.04 0.03 0.06 0.12
0.02 0.04 0.02 0.01 0.03 0.03 0.04 0.07
0.02 0.04 0.03 0.02 0.03 0.03 0.06 0.08
0.02 0.04 0.01 0.01 0.03 0.03 0.03 0.05
0.02 0.04 0.03 0.02 0.03 0.03 0.06 0.07
0.02 0.05 0.02 0.02 0.03 0.03 0.05 0.06
0.02 0.05 0.02 0.02 0.02 0.03 0.04 0.05
0.01 0.05 0.03 0.02 0.02 0.03 0.06 0.05
0.01 0.02 0.02 0.02 0.02 0.01 0.03 0.07
0.02 0.04 0.02 0.01 0.02 0.02 0.03 0.04
0.01 0.03 0.01 0.02 0.02 0.02 0.03 0.09
0.02 0.04 0.02 0.02 0.02 0.03 0.05 0.08
0.01 0.02 0.01 0.02 0.01 0.02 0.04 0.12
0.01 0.04 0.02 0.02 0.02 0.03 0.06 0.09
0.01 0.04 0.02 0.02 0.02 0.03 0.04 0.06
0.01 0.03 0.01 0.02 0.01 0.02 0.03 0.07
0.02 0.03 0.02 0.02 0.02 0.02 0.06 0.09
0.02 0.01 0.03 0.02 0.02 0.01 0.08 0.09
0.23 0.35 0.20 0.13 0.34 0.27 0.45 0.47
0.07 0.04 0.10 0.05 0.10 0.03 0.24 0.21
0.06 0.04 0.09 0.04 0.10 0.03 0.23 0.19
0.09 0.10 0.11 0.07 0.14 0.08 0.26 0.27
0.05 0.05 0.08 0.04 0.09 0.05 0.21 0.16
0.04 0.04 0.06 0.03 0.07 0.03 0.17 0.12
0.03 0.04 0.04 0.03 0.07 0.04 0.14 0.14
0.02 0.03 0.03 0.02 0.04 0.03 0.09 0.07
0.02 0.04 0.04 0.01 0.05 0.04 0.12 0.04
0.03 0.03 0.05 0.02 0.05 0.03 0.13 0.06
0.02 0.03 0.04 0.02 0.05 0.04 0.12 0.06
0.01 0.02 0.02 0.03 0.03 0.02 0.06 0.09
0.05 0.09 0.03 0.03 0.10 0.10 0.10 0.13
0.04 0.07 0.03 0.04 0.08 0.07 0.08 0.15
0.03 0.07 0.02 0.02 0.07 0.08 0.07 0.11
0.04 0.08 0.04 0.03 0.08 0.09 0.11 0.13
0.04 0.09 0.03 0.03 0.09 0.10 0.09 0.11
0.04 0.09 0.02 0.03 0.07 0.09 0.06 0.12
0.03 0.04 0.02 0.03 0.06 0.04 0.06 0.14
0.04 0.08 0.02 0.03 0.07 0.09 0.06 0.09
0.02 0.05 0.01 0.02 0.04 0.05 0.04 0.08
0.05 0.12 0.03 0.03 0.08 0.10 0.08 0.08
0.05 0.11 0.04 0.03 0.08 0.09 0.09 0.11
0.05 0.09 0.03 0.03 0.07 0.08 0.08 0.09
0.03 0.05 0.03 0.02 0.04 0.04 0.07 0.07
0.04 0.09 0.03 0.02 0.05 0.06 0.06 0.06
0.05 0.11 0.04 0.02 0.07 0.09 0.09 0.05
0.06 0.13 0.04 0.01 0.08 0.10 0.09 0.04
0.08 0.19 0.03 0.01 0.10 0.13 0.07 0.05
0.06 0.13 0.05 0.02 0.08 0.08 0.11 0.06
0.06 0.14 0.03 0.02 0.09 0.10 0.07 0.07
0.06 0.14 0.04 0.02 0.09 0.10 0.10 0.07
0.09 0.20 0.05 0.03 0.11 0.12 0.09 0.09
0.05 0.10 0.03 0.03 0.07 0.07 0.05 0.11
0.05 0.11 0.03 0.04 0.07 0.07 0.06 0.11
0.05 0.12 0.03 0.02 0.07 0.09 0.07 0.07
0.10 0.20 0.08 0.03 0.13 0.13 0.17 0.10
0.07 0.15 0.05 0.02 0.10 0.11 0.11 0.07
0.06 0.14 0.04 0.02 0.08 0.11 0.10 0.08
0.05 0.10 0.04 0.02 0.07 0.09 0.10 0.07
0.03 0.07 0.04 0.02 0.05 0.05 0.09 0.07
0.04 0.10 0.03 0.02 0.07 0.08 0.07 0.09
0.03 0.07 0.02 0.01 0.04 0.05 0.06 0.03
0.03 0.08 0.02 0.01 0.05 0.06 0.06 0.03
0.04 0.09 0.03 0.02 0.06 0.06 0.06 0.06
0.04 0.11 0.03 0.03 0.07 0.09 0.06 0.10
0.04 0.10 0.02 0.02 0.07 0.08 0.06 0.08
0.01 0.04 0.02 0.02 0.02 0.03 0.04 0.06
0.02 0.06 0.03 0.02 0.03 0.04 0.06 0.06
0.04 0.09 0.03 0.03 0.06 0.06 0.07 0.09
