0.00 0.00 0.00 0.00 0.00 0.00 0.00 0.00
0.00 0.00 0.00 0.00 0.00 0.00 0.00 0.00
0.00 0.00 0.00 0.00 0.00 0.00 0.00 0.00
0.00 0.00 0.00 0.00 0.00 0.00 0.00 0.00
0.00 0.00 0.00 0.00 0.00 0.00 0.00 0.00
0.00 0.00 0.00 0.00 0.00 0.00 0.00 0.00
0.00 0.00 0.00 0.00 0.00 0.00 0.00 0.00
0.00 0.00 0.00 0.00 0.00 0.00 0.00 0.00
0.00 0.00 0.00 0.00 0.00 0.00 0.00 0.00
0.00 0.00 0.00 0.00 0.00 0.00 0.00 0.00
0.00 0.00 0.00 0.00 0.00 0.00 0.00 0.00
0.00 0.00 0.00 0.00 0.00 0.00 0.00 0.00
0.00 0.00 0.00 0.00 0.00 0.00 0.00 0.00
0.00 0.00 0.00 0.00 0.00 0.00 0.00 0.00
0.00 0.00 0.00 0.00 0.00 0.00 0.00 0.00
0.00 0.00 0.00 0.00 0.00 0.00 0.00 0.00
0.00 0.00 0.00 0.00 0.00 0.00 0.00 0.00
0.00 0.00 0.00 0.00 0.00 0.00 0.00 0.00
0.00 0.00 0.00 0.00 0.00 0.00 0.00 0.00
0.00 0.00 0.00 0.00 0.00 0.00 0.00 0.00
0.00 0.00 0.00 0.00 0.00 0.00 0.00 0.00
0.00 0.00 0.00 0.00 0.00 0.00 0.00 0.00
0.00 0.00 0.00 0.00 0.00 0.00 0.00 0.00
0.00 0.00 0.00 0.00 0.00 0.00 0.00 0.00
0.00 0.00 0.00 0.00 0.00 0.00 0.00 0.00
0.00 0.00 0.00 0.00 0.00 0.00 0.00 0.00
0.00 0.00 0.00 0.00 0.00 0.00 0.00 0.00
0.00 0.00 0.00 0.00 0.00 0.00 0.00 0.00
0.00 0.03 0.00 0.00 0.00 0.00 0.00 0.00
0.01 0.07 0.00 0.00 0.01 0.01 0.00 0.00
0.30 2.20 0.02 0.00 0.28 0.45 0.06 0.01
0.41 2.87 0.02 0.01 0.36 0.56 0.06 0.05
0.47 3.12 0.04 0.01 0.45 0.70 0.14 0.05
0.42 2.78 0.02 0.01 0.36 0.56 0.07 0.07
0.48 2.92 0.06 0.01 0.48 0.69 0.21 0.08
0.50 3.22 0.04 0.02 0.44 0.65 0.13 0.10
0.44 2.77 0.06 0.01 0.48 0.72 0.20 0.05
0.29 1.93 0.02 0.00 0.29 0.47 0.07 0.03
0.34 2.10 0.05 0.01 0.42 0.60 0.19 0.07
0.35 2.26 0.03 0.01 0.39 0.58 0.11 0.07
0.29 1.80 0.04 0.00 0.46 0.65 0.22 0.06
0.20 1.38 0.02 0.00 0.31 0.47 0.08 0.02
0.30 1.87 0.04 0.01 0.56 0.77 0.24 0.13
0.26 1.71 0.02 0.01 0.39 0.55 0.11 0.09
0.27 1.73 0.03 0.01 0.45 0.62 0.15 0.11
0.27 1.88 0.02 0.00 0.37 0.58 0.09 0.03
0.34 2.12 0.05 0.00 0.45 0.65 0.20 0.06
0.38 2.37 0.05 0.01 0.39 0.58 0.16 0.05
0.40 2.76 0.04 0.00 0.42 0.66 0.12 0.02
0.46 2.90 0.06 0.01 0.54 0.80 0.20 0.08
0.55 3.42 0.07 0.01 0.53 0.77 0.20 0.09
0.61 3.59 0.11 0.01 0.68 0.90 0.36 0.16
0.66 3.98 0.09 0.02 0.69 0.94 0.30 0.18
0.55 3.44 0.08 0.01 0.67 0.93 0.30 0.13
0.37 2.34 0.06 0.00 0.46 0.64 0.22 0.06
0.47 3.01 0.06 0.01 0.53 0.75 0.22 0.08
0.36 2.36 0.04 0.00 0.51 0.73 0.21 0.06
0.37 2.41 0.04 0.00 0.60 0.80 0.25 0.09
0.50 3.20 0.07 0.00 0.63 0.85 0.26 0.09
0.45 2.91 0.06 0.00 0.63 0.87 0.28 0.08
0.05 0.27 0.01 0.01 0.10 0.11 0.07 0.09
0.07 0.34 0.01 0.01 0.09 0.11 0.05 0.11
0.12 0.52 0.04 0.01 0.18 0.19 0.17 0.15
0.09 0.45 0.02 0.01 0.15 0.17 0.11 0.11
0.04 0.18 0.01 0.00 0.09 0.10 0.08 0.07
0.07 0.32 0.02 0.01 0.16 0.18 0.13 0.13
0.04 0.20 0.01 0.00 0.10 0.12 0.07 0.09
0.04 0.21 0.01 0.01 0.13 0.15 0.09 0.11
0.04 0.18 0.01 0.01 0.13 0.14 0.12 0.11
0.02 0.10 0.00 0.00 0.04 0.06 0.01 0.03
0.02 0.12 0.00 0.00 0.04 0.06 0.03 0.02
0.03 0.14 0.01 0.00 0.05 0.07 0.04 0.03
0.02 0.10 0.01 0.00 0.04 0.05 0.03 0.03
0.04 0.16 0.01 0.01 0.05 0.06 0.04 0.08
0.01 0.04 0.00 0.00 0.01 0.02 0.01 0.03
0.01 0.05 0.00 0.00 0.02 0.02 0.02 0.01
0.01 0.03 0.00 0.00 0.02 0.02 0.02 0.01
0.00 0.01 0.00 0.00 0.01 0.01 0.01 0.02
0.00 0.02 0.00 0.00 0.01 0.01 0.01 0.02
0.01 0.03 0.00 0.00 0.01 0.01 0.01 0.01
0.01 0.04 0.00 0.00 0.02 0.02 0.02 0.02
0.00 0.01 0.00 0.00 0.00 0.00 0.01 0.01
0.02 0.10 0.00 0.01 0.03 0.03 0.02 0.07
0.02 0.07 0.00 0.00 0.02 0.02 0.02 0.02
0.01 0.06 0.00 0.00 0.02 0.02 0.01 0.04
0.01 0.04 0.00 0.00 0.01 0.01 0.01 0.04
0.01 0.06 0.00 0.00 0.02 0.02 0.01 0.02
0.02 0.12 0.00 0.00 0.03 0.04 0.01 0.03
0.02 0.07 0.00 0.00 0.02 0.03 0.02 0.04
0.01 0.05 0.00 0.00 0.01 0.01 0.00 0.01
0.00 0.02 0.00 0.00 0.00 0.01 0.00 0.01
0.01 0.03 0.00 0.00 0.01 0.01 0.02 0.02
0.02 0.10 0.01 0.01 0.04 0.04 0.03 0.09
0.03 0.12 0.01 0.00 0.06 0.06 0.07 0.07
0.00 0.01 0.00 0.00 0.01 0.01 0.01 0.03
0.01 0.03 0.00 0.00 0.02 0.02 0.01 0.02
0.01 0.05 0.00 0.00 0.04 0.04 0.04 0.04
0.01 0.05 0.00 0.00 0.04 0.04 0.03 0.04
0.00 0.00 0.00 0.00 0.00 0.00 0.01 0.00
0.00 0.01 0.00 0.00 0.01 0.01 0.01 0.01
0.00 0.01 0.00 0.00 0.01 0.01 0.03 0.01
0.01 0.06 0.00 0.00 0.05 0.05 0.05 0.05
0.01 0.02 0.00 0.00 0.01 0.02 0.02 0.01
0.01 0.02 0.00 0.00 0.02 0.02 0.01 0.03
0.03 0.12 0.01 0.01 0.10 0.10 0.09 0.12
0.01 0.03 0.00 0.01 0.03 0.03 0.04 0.10
0.01 0.01 0.00 0.00 0.02 0.01 0.01 0.05
0.02 0.06 0.01 0.01 0.05 0.05 0.05 0.06
0.02 0.05 0.01 0.02 0.04 0.04 0.03 0.09
0.01 0.02 0.00 0.01 0.02 0.02 0.02 0.03
0.01 0.02 0.00 0.00 0.01 0.01 0.01 0.02
0.01 0.03 0.01 0.01 0.02 0.02 0.02 0.04
0.01 0.02 0.01 0.01 0.01 0.01 0.02 0.02
0.00 0.02 0.00 0.00 0.01 0.01 0.01 0.01
0.02 0.06 0.01 0.01 0.03 0.03 0.02 0.02
0.00 0.03 0.00 0.00 0.01 0.01 0.01 0.00
0.00 0.02 0.00 0.00 0.01 0.01 0.01 0.00
0.00 0.01 0.00 0.00 0.01 0.01 0.01 0.01
0.00 0.01 0.00 0.00 0.01 0.01 0.01 0.01
0.00 0.02 0.00 0.00 0.01 0.01 0.01 0.01
0.00 0.01 0.00 0.00 0.00 0.01 0.01 0.00
0.00 0.01 0.00 0.00 0.00 0.01 0.00 0.01
0.00 0.01 0.00 0.00 0.00 0.00 0.00 0.00
0.00 0.01 0.00 0.00 0.00 0.01 0.00 0.01
0.00 0.01 0.00 0.00 0.00 0.00 0.00 0.00
0.00 0.01 0.00 0.00 0.00 0.00 0.00 0.00
0.00 0.01 0.00 0.00 0.00 0.00 0.00 0.00
0.00 0.01 0.00 0.00 0.00 0.01 0.00 0.00
0.00 0.00 0.00 0.00 0.00 0.00 0.00 0.00
0.00 0.01 0.00 0.00 0.00 0.01 0.01 0.00
0.00 0.00 0.00 0.00 0.00 0.00 0.01 0.00
0.00 0.00 0.00 0.00 0.00 0.00 0.00 0.00
0.00 0.00 0.00 0.00 0.00 0.00 0.01 0.00
0.00 0.01 0.00 0.00 0.00 0.00 0.00 0.00
0.00 0.01 0.00 0.00 0.00 0.01 0.00 0.00
0.00 0.01 0.00 0.00 0.00 0.01 0.00 0.00
0.00 0.02 0.00 0.00 0.01 0.01 0.00 0.00
0.00 0.01 0.00 0.00 0.00 0.01 0.00 0.00
0.00 0.01 0.00 0.00 0.00 0.01 0.01 0.00
0.00 0.01 0.00 0.00 0.01 0.01 0.01 0.00
0.00 0.01 0.00 0.00 0.01 0.01 0.01 0.01
0.00 0.02 0.00 0.00 0.01 0.02 0.01 0.01
0.00 0.01 0.00 0.00 0.01 0.01 0.01 0.01
0.00 0.01 0.00 0.00 0.01 0.01 0.01 0.01
0.00 0.01 0.00 0.00 0.01 0.01 0.00 0.03
0.00 0.01 0.00 0.00 0.01 0.02 0.01 0.01
0.00 0.01 0.00 0.00 0.01 0.02 0.01 0.01
0.00 0.01 0.00 0.00 0.01 0.02 0.01 0.01
0.00 0.01 0.00 0.00 0.01 0.02 0.01 0.01
0.00 0.01 0.00 0.00 0.01 0.02 0.01 0.02
0.00 0.00 0.00 0.00 0.01 0.01 0.01 0.01
0.00 0.01 0.00 0.00 0.01 0.01 0.01 0.01
0.00 0.01 0.00 0.00 0.01 0.01 0.01 0.00
0.00 0.02 0.00 0.00 0.01 0.03 0.01 0.00
0.00 0.01 0.00 0.00 0.01 0.01 0.01 0.00
0.00 0.02 0.00 0.00 0.02 0.04 0.01 0.01
0.00 0.02 0.00 0.00 0.02 0.03 0.01 0.01
0.00 0.03 0.00 0.00 0.02 0.05 0.01 0.01
0.00 0.02 0.00 0.00 0.01 0.02 0.01 0.01
0.01 0.02 0.00 0.00 0.02 0.01 0.03 0.05
0.01 0.03 0.01 0.01 0.03 0.02 0.05 0.07
0.01 0.02 0.01 0.01 0.01 0.01 0.03 0.06
0.00 0.01 0.00 0.00 0.00 0.00 0.01 0.01
0.00 0.01 0.00 0.00 0.00 0.00 0.01 0.01
0.00 0.01 0.00 0.00 0.00 0.00 0.00 0.01
0.00 0.01 0.00 0.00 0.00 0.00 0.00 0.00
0.00 0.02 0.00 0.00 0.00 0.00 0.00 0.00
0.00 0.04 0.00 0.00 0.00 0.01 0.00 0.00
0.00 0.02 0.00 0.00 0.00 0.00 0.01 0.01
0.01 0.03 0.00 0.00 0.00 0.01 0.00 0.01
0.00 0.01 0.00 0.00 0.00 0.00 0.00 0.00
0.00 0.01 0.00 0.00 0.00 0.00 0.00 0.00
0.00 0.00 0.00 0.00 0.00 0.00 0.00 0.00
0.00 0.00 0.00 0.00 0.00 0.00 0.00 0.00
0.00 0.00 0.00 0.00 0.00 0.00 0.00 0.00
0.00 0.01 0.00 0.00 0.00 0.00 0.00 0.01
0.01 0.03 0.00 0.00 0.01 0.01 0.00 0.01
0.01 0.04 0.00 0.00 0.01 0.01 0.01 0.01
0.01 0.03 0.00 0.00 0.01 0.01 0.01 0.01
0.00 0.02 0.00 0.00 0.01 0.01 0.01 0.01
0.00 0.01 0.00 0.00 0.00 0.00 0.00 0.00
0.00 0.02 0.00 0.00 0.00 0.01 0.00 0.00
0.00 0.02 0.00 0.00 0.00 0.01 0.00 0.00
0.00 0.01 0.00 0.00 0.00 0.00 0.00 0.00
0.00 0.01 0.00 0.00 0.00 0.01 0.00 0.00
0.00 0.01 0.00 0.00 0.00 0.00 0.00 0.00
0.00 0.00 0.00 0.00 0.00 0.00 0.00 0.00
0.00 0.01 0.00 0.00 0.00 0.00 0.00 0.00
0.00 0.01 0.00 0.00 0.00 0.00 0.00 0.01
0.00 0.01 0.00 0.00 0.00 0.00 0.00 0.00
0.00 0.01 0.00 0.00 0.00 0.00 0.00 0.00
0.00 0.00 0.00 0.00 0.00 0.00 0.00 0.01
0.00 0.01 0.00 0.00 0.00 0.00 0.00 0.01
0.00 0.00 0.00 0.00 0.00 0.00 0.00 0.00
0.00 0.01 0.00 0.00 0.00 0.01 0.00 0.00
0.00 0.01 0.00 0.00 0.00 0.01 0.00 0.01
0.00 0.00 0.00 0.00 0.00 0.00 0.00 0.00
0.00 0.00 0.00 0.00 0.00 0.00 0.00 0.01
0.00 0.01 0.00 0.00 0.01 0.01 0.01 0.01
0.00 0.01 0.00 0.00 0.01 0.01 0.01 0.01
0.00 0.00 0.00 0.00 0.00 0.01 0.01 0.01
0.00 0.01 0.00 0.00 0.01 0.01 0.01 0.01
0.00 0.01 0.00 0.00 0.01 0.01 0.00 0.01
0.00 0.01 0.00 0.00 0.01 0.02 0.01 0.01
0.00 0.00 0.00 0.00 0.00 0.01 0.00 0.02
0.00 0.01 0.00 0.00 0.01 0.01 0.01 0.01
0.00 0.01 0.00 0.00 0.01 0.02 0.01 0.02
0.00 0.01 0.00 0.00 0.01 0.01 0.01 0.01
0.00 0.01 0.00 0.00 0.01 0.01 0.02 0.01
0.00 0.02 0.00 0.00 0.01 0.02 0.01 0.00
0.00 0.01 0.00 0.00 0.00 0.00 0.00 0.00
0.00 0.03 0.00 0.00 0.01 0.02 0.01 0.01
0.00 0.02 0.00 0.00 0.01 0.01 0.00 0.01
0.00 0.02 0.00 0.00 0.01 0.01 0.01 0.01
0.00 0.02 0.00 0.00 0.01 0.01 0.01 0.01
0.00 0.02 0.00 0.00 0.01 0.01 0.01 0.01
0.00 0.03 0.00 0.00 0.01 0.01 0.01 0.00
0.00 0.02 0.00 0.00 0.01 0.01 0.01 0.01
0.00 0.01 0.00 0.00 0.00 0.00 0.00 0.01
0.00 0.02 0.00 0.00 0.00 0.01 0.01 0.01
0.00 0.02 0.00 0.00 0.01 0.01 0.00 0.01
0.01 0.03 0.00 0.00 0.01 0.01 0.01 0.01
0.02 0.09 0.01 0.01 0.03 0.03 0.03 0.06
0.00 0.01 0.00 0.00 0.00 0.00 0.00 0.01
0.01 0.04 0.00 0.00 0.01 0.02 0.00 0.02
0.00 0.01 0.00 0.00 0.00 0.00 0.01 0.01
0.00 0.01 0.00 0.00 0.00 0.00 0.00 0.00
0.03 0.12 0.01 0.01 0.05 0.05 0.03 0.07
0.01 0.03 0.01 0.00 0.02 0.01 0.03 0.03
0.02 0.07 0.01 0.01 0.04 0.03 0.05 0.08
0.01 0.03 0.01 0.00 0.02 0.01 0.04 0.03
0.00 0.03 0.00 0.00 0.01 0.02 0.00 0.03
0.01 0.05 0.00 0.00 0.02 0.03 0.01 0.01
0.00 0.02 0.00 0.00 0.01 0.01 0.00 0.01
0.00 0.02 0.00 0.00 0.01 0.01 0.01 0.02
0.01 0.04 0.00 0.00 0.01 0.02 0.01 0.01
0.01 0.04 0.00 0.00 0.01 0.03 0.01 0.01
0.01 0.05 0.00 0.00 0.02 0.03 0.01 0.01
0.01 0.03 0.00 0.00 0.01 0.01 0.01 0.01
0.01 0.04 0.00 0.00 0.01 0.02 0.00 0.01
0.01 0.02 0.00 0.00 0.01 0.01 0.02 0.01
0.00 0.00 0.00 0.00 0.00 0.00 0.01 0.02
0.00 0.00 0.00 0.00 0.00 0.00 0.01 0.01
0.00 0.00 0.00 0.00 0.00 0.00 0.01 0.01
0.00 0.00 0.00 0.00 0.00 0.00 0.01 0.01
0.00 0.00 0.00 0.00 0.00 0.00 0.00 0.01
0.00 0.00 0.00 0.00 0.00 0.00 0.00 0.01
0.00 0.00 0.00 0.00 0.00 0.00 0.00 0.01
0.00 0.00 0.00 0.00 0.00 0.00 0.00 0.00
0.00 0.00 0.00 0.00 0.00 0.00 0.01 0.01
0.00 0.00 0.00 0.00 0.00 0.00 0.00 0.00
0.00 0.00 0.00 0.00 0.00 0.00 0.00 0.00
0.00 0.00 0.00 0.00 0.00 0.00 0.00 0.00
0.00 0.00 0.00 0.00 0.00 0.00 0.00 0.01
0.00 0.00 0.00 0.00 0.00 0.00 0.00 0.00
0.00 0.00 0.00 0.00 0.00 0.00 0.00 0.00
0.00 0.00 0.00 0.00 0.00 0.00 0.00 0.00
0.00 0.00 0.00 0.00 0.00 0.00 0.01 0.01
0.00 0.00 0.00 0.00 0.00 0.00 0.01 0.01
0.00 0.00 0.00 0.00 0.00 0.00 0.01 0.01
0.00 0.00 0.00 0.00 0.00 0.00 0.00 0.01
0.00 0.00 0.00 0.00 0.00 0.00 0.00 0.01
0.00 0.00 0.00 0.00 0.00 0.00 0.00 0.01
0.00 0.00 0.00 0.00 0.00 0.00 0.01 0.00
0.00 0.00 0.00 0.00 0.00 0.00 0.00 0.00
0.00 0.01 0.00 0.00 0.00 0.01 0.00 0.00
0.00 0.00 0.00 0.00 0.00 0.00 0.00 0.01
0.00 0.00 0.00 0.00 0.01 0.01 0.01 0.01
0.00 0.00 0.00 0.00 0.00 0.00 0.00 0.00
0.00 0.00 0.00 0.00 0.00 0.00 0.01 0.01
0.01 0.04 0.00 0.00 0.02 0.03 0.01 0.01
0.00 0.02 0.00 0.00 0.01 0.02 0.01 0.01
0.01 0.04 0.00 0.00 0.02 0.03 0.01 0.01
0.01 0.03 0.00 0.00 0.01 0.02 0.00 0.01
0.01 0.04 0.00 0.00 0.02 0.02 0.01 0.02
0.01 0.06 0.00 0.00 0.02 0.03 0.01 0.02
0.01 0.08 0.00 0.00 0.03 0.05 0.01 0.03
0.03 0.19 0.00 0.00 0.06 0.09 0.02 0.02
0.02 0.08 0.00 0.00 0.03 0.04 0.02 0.02
0.02 0.08 0.00 0.00 0.03 0.04 0.01 0.02
0.02 0.10 0.00 0.00 0.04 0.04 0.02 0.05
0.01 0.07 0.00 0.00 0.02 0.02 0.00 0.01
0.02 0.08 0.00 0.00 0.02 0.03 0.01 0.02
0.01 0.07 0.00 0.00 0.02 0.03 0.02 0.03
0.02 0.10 0.01 0.00 0.03 0.04 0.02 0.01
0.02 0.07 0.00 0.00 0.02 0.03 0.02 0.02
0.01 0.09 0.00 0.00 0.02 0.04 0.01 0.00
0.01 0.09 0.00 0.00 0.03 0.05 0.01 0.01
0.05 0.23 0.01 0.01 0.11 0.14 0.08 0.07
0.05 0.22 0.02 0.00 0.09 0.11 0.08 0.05
0.11 0.45 0.05 0.01 0.26 0.27 0.27 0.17
0.03 0.10 0.01 0.01 0.06 0.06 0.05 0.08
0.04 0.15 0.01 0.01 0.08 0.09 0.06 0.10
0.04 0.18 0.01 0.01 0.08 0.09 0.07 0.10
0.07 0.27 0.02 0.01 0.14 0.15 0.14 0.16
0.02 0.08 0.01 0.00 0.05 0.05 0.05 0.06
0.02 0.09 0.01 0.00 0.06 0.06 0.07 0.05
0.04 0.15 0.02 0.01 0.08 0.08 0.09 0.06
0.05 0.22 0.01 0.01 0.11 0.13 0.09 0.09
0.03 0.16 0.01 0.01 0.07 0.08 0.04 0.07
0.03 0.10 0.01 0.01 0.06 0.06 0.08 0.10
0.03 0.13 0.01 0.01 0.07 0.06 0.05 0.16
0.04 0.18 0.02 0.00 0.10 0.10 0.11 0.09
0.02 0.06 0.01 0.00 0.05 0.04 0.06 0.08
0.03 0.11 0.01 0.00 0.07 0.07 0.11 0.08
0.02 0.07 0.01 0.01 0.06 0.04 0.08 0.15
0.00 0.01 0.00 0.00 0.01 0.01 0.01 0.04
0.00 0.02 0.00 0.00 0.01 0.01 0.01 0.03
0.00 0.01 0.00 0.00 0.00 0.01 0.01 0.03
0.00 0.00 0.00 0.00 0.00 0.00 0.01 0.01
0.00 0.01 0.00 0.00 0.01 0.01 0.01 0.03
0.01 0.06 0.01 0.00 0.05 0.04 0.07 0.04
0.01 0.03 0.00 0.00 0.02 0.02 0.02 0.10
0.02 0.06 0.01 0.00 0.04 0.03 0.07 0.08
0.02 0.08 0.01 0.00 0.04 0.04 0.06 0.05
0.01 0.04 0.01 0.00 0.02 0.02 0.03 0.03
0.01 0.06 0.00 0.00 0.02 0.02 0.02 0.04
0.02 0.09 0.00 0.00 0.02 0.03 0.01 0.02
0.07 0.27 0.03 0.01 0.10 0.10 0.11 0.11
0.02 0.09 0.01 0.01 0.03 0.03 0.02 0.06
0.05 0.21 0.02 0.01 0.08 0.08 0.08 0.09
0.03 0.10 0.01 0.01 0.04 0.04 0.04 0.08
0.05 0.20 0.02 0.01 0.08 0.08 0.08 0.09
0.02 0.08 0.01 0.00 0.04 0.03 0.03 0.07
0.01 0.05 0.00 0.00 0.03 0.03 0.03 0.04
0.06 0.21 0.02 0.01 0.11 0.10 0.13 0.15
0.04 0.12 0.02 0.01 0.07 0.05 0.12 0.13
0.02 0.08 0.01 0.00 0.03 0.03 0.04 0.05
0.05 0.22 0.02 0.01 0.08 0.08 0.09 0.07
0.02 0.09 0.01 0.01 0.03 0.03 0.04 0.05
0.03 0.15 0.01 0.00 0.04 0.05 0.03 0.04
0.03 0.14 0.01 0.01 0.04 0.05 0.03 0.05
0.09 0.48 0.03 0.01 0.11 0.14 0.11 0.05
0.07 0.29 0.03 0.01 0.08 0.08 0.10 0.09
0.05 0.20 0.01 0.01 0.06 0.07 0.06 0.05
0.05 0.23 0.02 0.01 0.06 0.07 0.06 0.05
0.12 0.63 0.04 0.01 0.16 0.19 0.13 0.09
0.05 0.22 0.02 0.01 0.06 0.07 0.07 0.07
0.05 0.19 0.02 0.01 0.08 0.08 0.12 0.09
0.05 0.24 0.01 0.01 0.08 0.09 0.07 0.05
0.10 0.47 0.03 0.01 0.18 0.20 0.16 0.12
0.06 0.32 0.01 0.00 0.11 0.13 0.08 0.08
0.04 0.17 0.02 0.01 0.10 0.09 0.11 0.12
0.05 0.24 0.01 0.00 0.10 0.12 0.07 0.07
0.07 0.34 0.02 0.00 0.13 0.16 0.10 0.09
0.07 0.40 0.02 0.00 0.13 0.15 0.10 0.06
0.05 0.24 0.01 0.00 0.08 0.11 0.05 0.08
0.05 0.26 0.01 0.00 0.09 0.13 0.05 0.03
0.06 0.35 0.01 0.00 0.08 0.12 0.04 0.03
0.03 0.15 0.01 0.00 0.05 0.06 0.04 0.04
0.04 0.18 0.02 0.01 0.06 0.06 0.06 0.06
0.03 0.18 0.01 0.00 0.05 0.07 0.03 0.04
0.05 0.30 0.01 0.00 0.07 0.09 0.04 0.05
0.03 0.21 0.01 0.00 0.06 0.09 0.04 0.04
0.02 0.13 0.01 0.00 0.05 0.06 0.03 0.04
0.03 0.16 0.00 0.00 0.06 0.07 0.03 0.05
0.03 0.18 0.00 0.00 0.05 0.07 0.02 0.06
0.02 0.10 0.00 0.00 0.04 0.05 0.02 0.05
0.03 0.16 0.01 0.00 0.06 0.06 0.04 0.05
0.03 0.18 0.00 0.00 0.06 0.08 0.03 0.06
0.03 0.16 0.01 0.00 0.06 0.07 0.05 0.03
0.02 0.09 0.00 0.00 0.03 0.03 0.02 0.05
0.05 0.24 0.02 0.00 0.08 0.08 0.10 0.05
0.02 0.11 0.00 0.00 0.03 0.04 0.02 0.02
0.01 0.04 0.00 0.00 0.02 0.02 0.01 0.04
0.01 0.03 0.00 0.00 0.02 0.01 0.01 0.06
0.00 0.02 0.00 0.00 0.01 0.01 0.01 0.01
0.00 0.01 0.00 0.00 0.01 0.01 0.00 0.01
0.00 0.02 0.00 0.00 0.01 0.01 0.01 0.01
0.00 0.01 0.00 0.00 0.01 0.01 0.01 0.03
0.01 0.05 0.00 0.00 0.03 0.03 0.03 0.03
0.02 0.09 0.01 0.00 0.04 0.04 0.03 0.04
0.02 0.08 0.01 0.00 0.04 0.04 0.03 0.05
0.02 0.09 0.01 0.00 0.04 0.04 0.05 0.06
0.03 0.10 0.01 0.00 0.04 0.03 0.05 0.07
0.03 0.10 0.01 0.00 0.05 0.05 0.06 0.07
0.00 0.01 0.00 0.00 0.01 0.00 0.03 0.04
0.00 0.00 0.00 0.00 0.00 0.00 0.01 0.01
0.00 0.00 0.00 0.00 0.00 0.00 0.01 0.01
0.00 0.00 0.00 0.00 0.00 0.00 0.01 0.00
0.00 0.01 0.00 0.00 0.00 0.00 0.01 0.01
0.00 0.01 0.00 0.00 0.00 0.00 0.00 0.01
0.01 0.03 0.00 0.00 0.01 0.01 0.01 0.03
0.01 0.02 0.00 0.00 0.01 0.01 0.01 0.02
0.01 0.02 0.00 0.00 0.01 0.01 0.01 0.03
0.00 0.02 0.00 0.00 0.01 0.01 0.01 0.01
0.00 0.02 0.00 0.00 0.01 0.01 0.00 0.02
0.00 0.01 0.00 0.00 0.00 0.00 0.01 0.01
0.00 0.01 0.00 0.00 0.00 0.00 0.01 0.01
0.00 0.01 0.00 0.00 0.00 0.00 0.01 0.01
0.00 0.02 0.00 0.00 0.01 0.01 0.00 0.01
0.01 0.03 0.00 0.00 0.01 0.01 0.00 0.02
0.02 0.09 0.00 0.00 0.04 0.05 0.02 0.05
0.02 0.09 0.00 0.00 0.03 0.05 0.01 0.02
0.00 0.03 0.00 0.00 0.02 0.02 0.01 0.02
0.00 0.02 0.00 0.00 0.01 0.02 0.00 0.03
0.01 0.04 0.00 0.00 0.03 0.04 0.01 0.03
0.01 0.04 0.00 0.00 0.03 0.04 0.00 0.01
0.00 0.02 0.00 0.00 0.01 0.02 0.01 0.02
0.01 0.02 0.00 0.00 0.02 0.03 0.02 0.03
0.00 0.01 0.00 0.00 0.01 0.01 0.01 0.05
0.01 0.03 0.00 0.00 0.03 0.03 0.02 0.03
0.01 0.04 0.00 0.00 0.03 0.04 0.02 0.02
0.01 0.02 0.00 0.00 0.02 0.02 0.01 0.03
0.00 0.02 0.00 0.00 0.02 0.02 0.01 0.02
0.00 0.01 0.00 0.00 0.01 0.01 0.01 0.01
0.00 0.01 0.00 0.00 0.01 0.01 0.01 0.02
0.00 0.01 0.00 0.00 0.00 0.01 0.00 0.00
0.00 0.01 0.00 0.00 0.00 0.01 0.01 0.00
0.01 0.03 0.00 0.00 0.01 0.02 0.01 0.00
0.00 0.00 0.00 0.00 0.00 0.00 0.00 0.00
0.00 0.02 0.00 0.00 0.00 0.01 0.00 0.00
0.00 0.02 0.00 0.00 0.00 0.01 0.01 0.00
0.01 0.04 0.00 0.00 0.01 0.02 0.00 0.00
0.01 0.03 0.00 0.00 0.01 0.02 0.01 0.02
0.00 0.02 0.00 0.00 0.01 0.01 0.00 0.00
0.01 0.03 0.00 0.00 0.01 0.02 0.00 0.00
0.01 0.04 0.00 0.00 0.01 0.03 0.01 0.01
0.01 0.04 0.00 0.00 0.02 0.03 0.01 0.01
0.01 0.05 0.00 0.00 0.01 0.03 0.01 0.00
0.00 0.01 0.00 0.00 0.00 0.01 0.00 0.00
0.01 0.04 0.00 0.00 0.01 0.02 0.01 0.00
0.01 0.04 0.00 0.00 0.01 0.02 0.01 0.00
0.01 0.03 0.00 0.00 0.01 0.01 0.01 0.02
0.01 0.05 0.01 0.00 0.02 0.02 0.02 0.01
0.01 0.04 0.00 0.01 0.01 0.02 0.00 0.02
0.01 0.03 0.00 0.01 0.01 0.01 0.01 0.02
0.02 0.05 0.00 0.01 0.02 0.02 0.01 0.03
0.01 0.03 0.00 0.02 0.01 0.01 0.01 0.05
0.02 0.05 0.01 0.03 0.03 0.02 0.01 0.08
0.05 0.15 0.02 0.02 0.06 0.07 0.05 0.05
0.02 0.06 0.01 0.01 0.02 0.03 0.02 0.04
0.02 0.06 0.00 0.03 0.03 0.03 0.01 0.08
0.02 0.06 0.00 0.01 0.03 0.03 0.01 0.04
0.01 0.03 0.00 0.02 0.02 0.01 0.01 0.05
0.01 0.02 0.00 0.02 0.02 0.01 0.01 0.05
0.01 0.03 0.00 0.02 0.02 0.02 0.01 0.05
0.03 0.09 0.01 0.02 0.05 0.06 0.03 0.07
0.03 0.09 0.01 0.02 0.04 0.05 0.04 0.06
0.02 0.07 0.01 0.01 0.04 0.04 0.04 0.04
0.01 0.04 0.01 0.01 0.02 0.02 0.03 0.04
0.03 0.10 0.01 0.01 0.06 0.06 0.05 0.08
0.02 0.06 0.00 0.01 0.03 0.03 0.01 0.08
0.02 0.07 0.01 0.01 0.05 0.05 0.03 0.12
0.03 0.10 0.01 0.01 0.08 0.08 0.08 0.12
0.02 0.06 0.01 0.01 0.06 0.05 0.05 0.14
0.02 0.06 0.00 0.01 0.06 0.06 0.04 0.11
0.02 0.07 0.00 0.01 0.05 0.06 0.02 0.12
0.01 0.06 0.00 0.00 0.05 0.06 0.02 0.05
0.02 0.09 0.00 0.00 0.06 0.07 0.02 0.08
0.01 0.02 0.00 0.00 0.02 0.02 0.03 0.07
0.01 0.02 0.00 0.00 0.01 0.01 0.01 0.05
0.00 0.02 0.00 0.00 0.01 0.02 0.02 0.04
0.01 0.03 0.00 0.01 0.03 0.02 0.02 0.11
0.01 0.02 0.00 0.00 0.03 0.02 0.03 0.08
0.01 0.02 0.00 0.01 0.03 0.02 0.02 0.12
0.00 0.01 0.00 0.00 0.01 0.01 0.02 0.07
0.00 0.02 0.00 0.00 0.02 0.02 0.01 0.05
0.01 0.02 0.00 0.00 0.02 0.02 0.03 0.03
0.00 0.01 0.00 0.00 0.01 0.00 0.00 0.03
0.01 0.03 0.00 0.00 0.01 0.01 0.01 0.03
0.00 0.01 0.00 0.01 0.01 0.00 0.00 0.03
0.04 0.11 0.03 0.01 0.04 0.03 0.07 0.05
0.02 0.05 0.01 0.01 0.01 0.01 0.02 0.04
0.01 0.03 0.01 0.01 0.01 0.01 0.01 0.02
0.04 0.10 0.02 0.02 0.02 0.02 0.04 0.06
0.02 0.04 0.01 0.01 0.01 0.01 0.01 0.04
0.01 0.01 0.01 0.02 0.01 0.00 0.01 0.04
0.01 0.03 0.00 0.00 0.01 0.00 0.01 0.01
0.02 0.05 0.01 0.01 0.01 0.01 0.01 0.03
0.00 0.00 0.00 0.00 0.00 0.00 0.00 0.01
0.01 0.02 0.01 0.01 0.01 0.00 0.02 0.04
0.01 0.02 0.00 0.01 0.01 0.00 0.01 0.03
0.05 0.15 0.02 0.02 0.05 0.04 0.05 0.11
0.02 0.04 0.01 0.02 0.03 0.02 0.04 0.13
0.01 0.02 0.00 0.01 0.01 0.01 0.01 0.04
0.00 0.01 0.00 0.00 0.00 0.00 0.01 0.00
0.01 0.01 0.01 0.00 0.01 0.00 0.02 0.01
0.00 0.00 0.00 0.00 0.00 0.00 0.00 0.00
0.00 0.00 0.00 0.00 0.00 0.00 0.00 0.00
1.19 7.43 0.08 0.07 0.56 0.80 0.16 0.22
2.47 14.35 0.17 0.27 0.86 1.08 0.27 0.66
2.79 14.82 0.31 0.36 0.90 1.14 0.39 0.63
2.86 16.34 0.24 0.29 0.83 1.11 0.31 0.42
3.49 19.22 0.44 0.30 0.98 1.31 0.54 0.36
2.92 15.44 0.35 0.38 0.70 0.89 0.34 0.41
2.53 13.04 0.35 0.33 0.80 1.04 0.40 0.46
1.66 8.41 0.24 0.22 0.51 0.65 0.27 0.29
1.60 8.42 0.19 0.22 0.58 0.76 0.23 0.36
1.84 9.84 0.20 0.23 0.53 0.72 0.21 0.28
1.58 7.78 0.28 0.21 0.58 0.71 0.37 0.35
1.40 7.14 0.19 0.20 0.54 0.69 0.29 0.33
1.07 5.59 0.15 0.13 0.55 0.71 0.25 0.34
0.65 3.52 0.06 0.08 0.41 0.55 0.13 0.27
0.35 1.97 0.04 0.04 0.31 0.43 0.09 0.18
0.21 1.21 0.02 0.02 0.20 0.28 0.07 0.10
0.14 0.88 0.01 0.01 0.21 0.32 0.06 0.07
0.04 0.31 0.00 0.00 0.09 0.16 0.01 0.02
0.00 0.01 0.00 0.00 0.01 0.01 0.01 0.00
0.00 0.00 0.00 0.00 0.00 0.00 0.00 0.00
0.02 0.03 0.01 0.01 0.05 0.02 0.10 0.10
0.01 0.03 0.00 0.00 0.03 0.03 0.04 0.06
0.01 0.06 0.01 0.00 0.04 0.04 0.05 0.02
0.01 0.05 0.00 0.00 0.04 0.05 0.04 0.03
0.01 0.01 0.00 0.00 0.01 0.01 0.03 0.05
0.02 0.10 0.01 0.00 0.05 0.07 0.05 0.03
0.01 0.06 0.01 0.00 0.03 0.04 0.04 0.01
0.01 0.06 0.01 0.00 0.03 0.03 0.04 0.02
0.04 0.20 0.02 0.00 0.08 0.10 0.09 0.01
0.02 0.09 0.00 0.00 0.02 0.04 0.02 0.00
0.00 0.00 0.01 0.00 0.00 0.00 0.03 0.01
0.01 0.06 0.00 0.00 0.01 0.02 0.01 0.00
0.01 0.08 0.00 0.00 0.01 0.02 0.00 0.00
0.01 0.07 0.00 0.00 0.01 0.02 0.01 0.01
0.02 0.14 0.00 0.00 0.02 0.04 0.00 0.01
0.02 0.14 0.00 0.00 0.02 0.04 0.01 0.01
0.01 0.10 0.00 0.00 0.01 0.03 0.01 0.01
0.03 0.17 0.00 0.00 0.03 0.04 0.01 0.01
0.04 0.27 0.01 0.00 0.05 0.07 0.03 0.00
0.01 0.09 0.00 0.00 0.02 0.03 0.01 0.01
0.03 0.18 0.01 0.00 0.03 0.04 0.02 0.01
0.03 0.18 0.01 0.00 0.03 0.04 0.02 0.00
0.09 0.48 0.03 0.00 0.08 0.11 0.08 0.02
0.06 0.39 0.01 0.00 0.05 0.08 0.02 0.01
0.02 0.13 0.00 0.00 0.02 0.03 0.01 0.01
0.08 0.54 0.02 0.00 0.09 0.14 0.05 0.00
0.05 0.33 0.01 0.00 0.05 0.09 0.02 0.00
0.07 0.44 0.01 0.00 0.06 0.10 0.04 0.01
0.13 0.72 0.04 0.00 0.13 0.17 0.10 0.03
0.07 0.42 0.01 0.00 0.06 0.09 0.03 0.01
0.11 0.61 0.03 0.00 0.14 0.18 0.10 0.04
0.10 0.59 0.02 0.00 0.13 0.18 0.10 0.03
0.12 0.73 0.02 0.00 0.19 0.27 0.07 0.07
0.06 0.38 0.01 0.00 0.10 0.13 0.05 0.05
0.04 0.27 0.01 0.00 0.07 0.10 0.03 0.01
0.08 0.49 0.01 0.00 0.11 0.16 0.05 0.06
0.06 0.39 0.00 0.00 0.09 0.14 0.02 0.03
0.06 0.39 0.00 0.00 0.07 0.12 0.01 0.02
0.09 0.52 0.01 0.00 0.10 0.14 0.03 0.04
0.07 0.38 0.01 0.01 0.08 0.10 0.04 0.05
0.01 0.05 0.00 0.00 0.02 0.02 0.01 0.02
0.01 0.08 0.00 0.00 0.02 0.02 0.01 0.03
0.03 0.13 0.01 0.00 0.04 0.04 0.04 0.04
0.02 0.08 0.01 0.00 0.03 0.03 0.03 0.06
0.01 0.07 0.00 0.00 0.03 0.03 0.03 0.04
0.02 0.07 0.01 0.00 0.03 0.03 0.03 0.05
0.01 0.06 0.00 0.00 0.02 0.03 0.02 0.05
0.01 0.07 0.00 0.01 0.03 0.03 0.02 0.06
0.02 0.09 0.01 0.01 0.04 0.03 0.03 0.11
0.01 0.04 0.00 0.00 0.02 0.02 0.02 0.05
0.02 0.07 0.01 0.01 0.03 0.03 0.03 0.07
0.01 0.04 0.00 0.00 0.02 0.02 0.01 0.05
0.01 0.05 0.00 0.01 0.02 0.02 0.01 0.08
0.02 0.09 0.00 0.00 0.03 0.04 0.01 0.04
0.01 0.07 0.00 0.00 0.02 0.03 0.01 0.03
0.01 0.03 0.00 0.00 0.02 0.02 0.01 0.02
0.01 0.05 0.00 0.00 0.02 0.03 0.01 0.02
0.01 0.05 0.00 0.00 0.03 0.03 0.02 0.02
0.01 0.06 0.00 0.00 0.02 0.03 0.01 0.02
0.01 0.04 0.00 0.00 0.02 0.03 0.01 0.02
0.01 0.04 0.00 0.00 0.02 0.03 0.01 0.02
0.01 0.03 0.00 0.00 0.02 0.02 0.00 0.02
0.01 0.05 0.00 0.00 0.02 0.03 0.01 0.02
0.01 0.05 0.00 0.00 0.02 0.03 0.01 0.01
0.01 0.07 0.00 0.00 0.03 0.04 0.01 0.01
0.01 0.07 0.00 0.00 0.03 0.05 0.02 0.02
0.02 0.08 0.00 0.00 0.03 0.04 0.02 0.02
0.02 0.08 0.00 0.00 0.03 0.04 0.02 0.01
0.01 0.07 0.00 0.00 0.03 0.04 0.01 0.02
0.01 0.07 0.00 0.00 0.02 0.04 0.01 0.01
0.00 0.00 0.00 0.00 0.00 0.00 0.01 0.00
0.00 0.00 0.00 0.00 0.00 0.00 0.00 0.01
0.00 0.01 0.00 0.00 0.00 0.00 0.00 0.01
0.00 0.00 0.00 0.00 0.00 0.00 0.00 0.01
0.00 0.01 0.00 0.00 0.01 0.01 0.01 0.02
0.01 0.04 0.00 0.00 0.02 0.02 0.02 0.03
0.01 0.03 0.00 0.00 0.01 0.01 0.01 0.02
0.03 0.12 0.01 0.00 0.06 0.06 0.05 0.05
0.01 0.06 0.01 0.00 0.02 0.02 0.03 0.02
0.02 0.08 0.01 0.00 0.04 0.04 0.05 0.06
0.01 0.05 0.00 0.00 0.02 0.02 0.02 0.03
0.05 0.19 0.02 0.01 0.09 0.08 0.09 0.11
0.02 0.07 0.01 0.01 0.03 0.02 0.05 0.05
0.02 0.06 0.01 0.00 0.03 0.02 0.04 0.03
0.01 0.05 0.00 0.00 0.02 0.02 0.01 0.02
0.04 0.13 0.02 0.01 0.06 0.05 0.06 0.09
0.01 0.02 0.00 0.00 0.01 0.01 0.00 0.02
0.02 0.07 0.00 0.00 0.03 0.03 0.02 0.02
0.01 0.05 0.00 0.00 0.02 0.02 0.02 0.03
0.01 0.03 0.00 0.00 0.02 0.02 0.02 0.02
0.02 0.08 0.00 0.00 0.04 0.04 0.03 0.04
0.00 0.02 0.00 0.00 0.01 0.01 0.01 0.01
0.00 0.00 0.00 0.00 0.00 0.00 0.00 0.00
0.00 0.02 0.00 0.00 0.01 0.01 0.00 0.01
0.01 0.05 0.00 0.00 0.02 0.02 0.01 0.01
0.00 0.01 0.00 0.00 0.00 0.00 0.01 0.01
0.00 0.00 0.00 0.00 0.00 0.00 0.00 0.01
0.00 0.01 0.00 0.00 0.01 0.01 0.02 0.01
0.01 0.02 0.00 0.00 0.01 0.01 0.01 0.01
0.01 0.04 0.00 0.00 0.01 0.02 0.01 0.00
0.00 0.01 0.00 0.00 0.00 0.00 0.00 0.00
0.00 0.02 0.00 0.00 0.01 0.01 0.01 0.00
0.00 0.01 0.00 0.00 0.00 0.01 0.00 0.01
0.00 0.01 0.00 0.00 0.01 0.01 0.01 0.01
0.01 0.07 0.00 0.00 0.03 0.04 0.03 0.01
0.01 0.08 0.00 0.00 0.03 0.05 0.02 0.02
0.03 0.16 0.00 0.00 0.07 0.09 0.03 0.03
0.04 0.28 0.00 0.00 0.10 0.13 0.03 0.04
0.03 0.14 0.01 0.00 0.07 0.08 0.06 0.04
0.06 0.34 0.01 0.00 0.16 0.20 0.08 0.09
0.03 0.23 0.00 0.00 0.11 0.16 0.03 0.04
0.04 0.27 0.01 0.00 0.14 0.18 0.05 0.06
0.01 0.07 0.00 0.00 0.03 0.04 0.00 0.05
0.02 0.13 0.00 0.00 0.04 0.06 0.02 0.04
0.02 0.15 0.00 0.00 0.04 0.05 0.01 0.03
0.03 0.14 0.01 0.00 0.03 0.04 0.02 0.01
0.04 0.20 0.01 0.00 0.04 0.06 0.03 0.02
0.02 0.12 0.00 0.00 0.02 0.03 0.01 0.02
0.03 0.14 0.00 0.00 0.03 0.04 0.01 0.03
0.01 0.07 0.00 0.00 0.02 0.02 0.01 0.02
0.01 0.06 0.00 0.00 0.02 0.02 0.01 0.02
0.01 0.04 0.00 0.00 0.01 0.01 0.01 0.02
0.01 0.05 0.00 0.00 0.02 0.02 0.01 0.04
0.01 0.08 0.00 0.00 0.02 0.03 0.01 0.02
0.02 0.09 0.00 0.00 0.03 0.03 0.02 0.01
0.01 0.09 0.00 0.00 0.02 0.04 0.01 0.01
0.01 0.03 0.00 0.00 0.01 0.01 0.01 0.01
0.01 0.03 0.00 0.00 0.01 0.01 0.01 0.01
0.01 0.05 0.00 0.00 0.02 0.02 0.01 0.01
0.01 0.05 0.00 0.00 0.02 0.02 0.02 0.01
0.00 0.02 0.00 0.00 0.00 0.01 0.00 0.00
0.01 0.04 0.00 0.00 0.01 0.01 0.00 0.00
0.01 0.06 0.00 0.00 0.01 0.02 0.01 0.00
0.01 0.03 0.00 0.00 0.01 0.01 0.01 0.00
0.00 0.02 0.00 0.00 0.00 0.01 0.00 0.01
0.00 0.02 0.00 0.00 0.00 0.01 0.00 0.01
0.01 0.04 0.00 0.00 0.01 0.01 0.00 0.01
0.00 0.03 0.00 0.00 0.00 0.01 0.00 0.00
0.01 0.06 0.00 0.00 0.01 0.02 0.00 0.00
0.01 0.07 0.00 0.00 0.01 0.02 0.01 0.00
0.02 0.09 0.00 0.00 0.03 0.04 0.02 0.01
0.00 0.01 0.00 0.00 0.00 0.00 0.00 0.01
0.01 0.05 0.00 0.00 0.02 0.03 0.02 0.01
0.01 0.07 0.00 0.00 0.02 0.03 0.01 0.01
0.01 0.08 0.00 0.00 0.03 0.04 0.01 0.02
0.01 0.04 0.00 0.00 0.01 0.02 0.00 0.01
0.02 0.10 0.00 0.00 0.03 0.05 0.02 0.01
0.02 0.10 0.00 0.00 0.02 0.04 0.01 0.01
0.02 0.14 0.00 0.00 0.04 0.05 0.01 0.02
0.01 0.06 0.00 0.00 0.01 0.02 0.01 0.01
0.02 0.09 0.00 0.00 0.02 0.03 0.01 0.01
0.00 0.00 0.00 0.00 0.00 0.00 0.01 0.02
0.04 0.20 0.01 0.01 0.06 0.07 0.04 0.06
0.02 0.11 0.00 0.00 0.03 0.05 0.02 0.01
0.02 0.12 0.01 0.00 0.03 0.04 0.03 0.01
0.02 0.13 0.00 0.00 0.04 0.06 0.02 0.01
0.01 0.06 0.00 0.00 0.02 0.03 0.01 0.01
0.01 0.03 0.00 0.00 0.01 0.02 0.01 0.01
0.01 0.05 0.00 0.00 0.01 0.02 0.01 0.01
0.01 0.05 0.00 0.00 0.01 0.02 0.00 0.01
0.01 0.11 0.00 0.00 0.02 0.04 0.01 0.01
0.01 0.04 0.00 0.00 0.01 0.01 0.01 0.00
0.04 0.20 0.02 0.00 0.06 0.07 0.07 0.04
0.04 0.22 0.01 0.00 0.06 0.08 0.03 0.01
0.01 0.05 0.00 0.00 0.02 0.03 0.01 0.02
0.00 0.02 0.00 0.00 0.01 0.01 0.01 0.02
0.01 0.04 0.00 0.00 0.01 0.02 0.01 0.01
0.01 0.04 0.00 0.00 0.02 0.03 0.01 0.02
0.00 0.01 0.00 0.00 0.01 0.01 0.01 0.03
0.01 0.03 0.00 0.00 0.02 0.02 0.03 0.03
0.00 0.02 0.00 0.00 0.01 0.01 0.02 0.02
0.02 0.08 0.01 0.01 0.05 0.04 0.07 0.08
0.01 0.04 0.00 0.00 0.02 0.02 0.02 0.04
0.00 0.03 0.00 0.00 0.01 0.01 0.00 0.03
0.02 0.10 0.01 0.00 0.04 0.04 0.05 0.06
0.01 0.07 0.01 0.00 0.03 0.03 0.03 0.02
0.01 0.07 0.00 0.00 0.03 0.03 0.01 0.02
0.00 0.01 0.00 0.00 0.00 0.00 0.00 0.01
0.01 0.02 0.00 0.00 0.01 0.01 0.02 0.04
0.00 0.01 0.00 0.00 0.00 0.00 0.02 0.01
0.01 0.06 0.01 0.00 0.02 0.02 0.03 0.05
0.00 0.01 0.00 0.00 0.00 0.00 0.00 0.00
0.02 0.10 0.01 0.00 0.03 0.03 0.03 0.07
0.01 0.03 0.00 0.00 0.01 0.01 0.01 0.02
0.01 0.04 0.01 0.00 0.01 0.01 0.02 0.03
0.01 0.04 0.00 0.00 0.01 0.01 0.00 0.01
0.02 0.09 0.01 0.00 0.03 0.03 0.02 0.03
0.00 0.01 0.00 0.00 0.00 0.00 0.00 0.00
0.01 0.05 0.00 0.00 0.01 0.02 0.02 0.01
0.00 0.01 0.00 0.00 0.00 0.00 0.01 0.01
0.01 0.05 0.00 0.00 0.02 0.02 0.01 0.02
0.01 0.07 0.00 0.00 0.02 0.03 0.01 0.03
0.05 0.20 0.01 0.01 0.08 0.09 0.05 0.12
0.02 0.11 0.00 0.00 0.04 0.05 0.02 0.06
0.01 0.06 0.00 0.00 0.03 0.04 0.01 0.04
0.01 0.07 0.00 0.00 0.04 0.05 0.02 0.05
0.02 0.09 0.00 0.00 0.06 0.08 0.04 0.09
0.01 0.04 0.00 0.00 0.03 0.04 0.02 0.04
0.00 0.02 0.00 0.00 0.01 0.02 0.01 0.01
0.00 0.02 0.00 0.00 0.02 0.03 0.01 0.01
0.01 0.04 0.00 0.00 0.03 0.04 0.02 0.02
0.00 0.02 0.00 0.00 0.01 0.02 0.01 0.02
0.01 0.03 0.00 0.00 0.02 0.03 0.02 0.02
0.01 0.04 0.00 0.00 0.02 0.04 0.01 0.01
0.04 0.15 0.01 0.01 0.12 0.14 0.07 0.15
0.01 0.05 0.00 0.00 0.04 0.04 0.04 0.05
0.01 0.03 0.00 0.00 0.02 0.03 0.01 0.02
0.04 0.11 0.02 0.01 0.10 0.10 0.15 0.08
0.04 0.10 0.01 0.03 0.10 0.08 0.10 0.17
0.04 0.10 0.02 0.04 0.09 0.07 0.09 0.17
0.03 0.08 0.01 0.02 0.05 0.05 0.05 0.07
0.08 0.23 0.04 0.03 0.12 0.13 0.12 0.10
0.05 0.12 0.02 0.05 0.07 0.06 0.07 0.14
0.01 0.05 0.00 0.01 0.02 0.03 0.01 0.02
0.02 0.05 0.01 0.01 0.03 0.03 0.03 0.03
0.01 0.06 0.00 0.00 0.02 0.03 0.02 0.02
0.01 0.08 0.00 0.00 0.02 0.04 0.02 0.01
0.01 0.06 0.00 0.00 0.02 0.04 0.01 0.01
0.01 0.06 0.00 0.00 0.03 0.05 0.01 0.01
0.01 0.05 0.00 0.00 0.02 0.04 0.01 0.01
0.00 0.00 0.00 0.00 0.00 0.00 0.01 0.00
0.00 0.01 0.00 0.00 0.01 0.01 0.01 0.01
0.00 0.01 0.00 0.00 0.00 0.00 0.00 0.00
0.00 0.01 0.00 0.00 0.00 0.01 0.01 0.00
0.00 0.01 0.00 0.00 0.00 0.00 0.00 0.00
0.00 0.00 0.00 0.00 0.00 0.00 0.00 0.00
0.00 0.00 0.00 0.00 0.00 0.00 0.00 0.00
0.00 0.00 0.00 0.00 0.00 0.00 0.00 0.01
0.00 0.00 0.00 0.00 0.00 0.00 0.00 0.01
0.00 0.00 0.00 0.00 0.00 0.00 0.00 0.00
0.00 0.00 0.00 0.00 0.00 0.00 0.00 0.00
0.00 0.00 0.00 0.00 0.00 0.00 0.00 0.00
0.00 0.00 0.00 0.00 0.00 0.00 0.00 0.01
0.00 0.00 0.00 0.00 0.00 0.00 0.00 0.00
0.00 0.00 0.00 0.00 0.00 0.00 0.00 0.00
0.00 0.01 0.00 0.00 0.01 0.01 0.00 0.01
0.00 0.00 0.00 0.00 0.00 0.00 0.01 0.00
0.00 0.00 0.00 0.00 0.00 0.00 0.01 0.00
0.00 0.00 0.00 0.00 0.00 0.00 0.01 0.00
0.00 0.00 0.00 0.00 0.00 0.00 0.00 0.00
0.00 0.00 0.00 0.00 0.00 0.00 0.00 0.00
0.00 0.00 0.00 0.00 0.00 0.00 0.01 0.00
0.00 0.00 0.00 0.00 0.00 0.00 0.00 0.00
0.00 0.00 0.00 0.00 0.00 0.00 0.00 0.01
0.00 0.00 0.00 0.00 0.00 0.00 0.01 0.01
0.00 0.00 0.00 0.00 0.00 0.00 0.01 0.00
0.00 0.01 0.00 0.00 0.01 0.01 0.00 0.01
0.00 0.00 0.00 0.00 0.00 0.00 0.01 0.02
0.00 0.00 0.00 0.00 0.00 0.00 0.01 0.01
0.00 0.00 0.00 0.00 0.00 0.00 0.01 0.01
0.04 0.09 0.03 0.01 0.20 0.15 0.31 0.28
0.01 0.01 0.01 0.01 0.04 0.02 0.07 0.12
0.01 0.01 0.01 0.00 0.03 0.02 0.06 0.07
0.00 0.01 0.00 0.00 0.02 0.01 0.03 0.07
0.00 0.01 0.00 0.00 0.02 0.01 0.04 0.06
0.00 0.00 0.00 0.00 0.01 0.01 0.02 0.05
0.00 0.00 0.00 0.00 0.01 0.01 0.01 0.01
0.00 0.00 0.00 0.00 0.01 0.00 0.01 0.01
0.00 0.00 0.00 0.00 0.00 0.00 0.01 0.01
0.00 0.00 0.00 0.00 0.00 0.00 0.00 0.01
0.00 0.00 0.00 0.00 0.00 0.00 0.00 0.00
0.00 0.00 0.00 0.00 0.00 0.00 0.00 0.00
0.00 0.00 0.00 0.00 0.00 0.00 0.00 0.00
0.00 0.00 0.00 0.00 0.00 0.00 0.00 0.00
0.01 0.03 0.00 0.00 0.01 0.01 0.01 0.01
0.02 0.08 0.00 0.01 0.02 0.02 0.01 0.03
0.03 0.13 0.01 0.01 0.02 0.02 0.02 0.03
0.05 0.19 0.01 0.01 0.03 0.04 0.02 0.04
0.01 0.02 0.00 0.00 0.01 0.00 0.01 0.01
0.01 0.02 0.01 0.01 0.01 0.00 0.01 0.03
0.00 0.01 0.00 0.00 0.00 0.00 0.00 0.02
0.03 0.09 0.03 0.01 0.03 0.02 0.06 0.04
0.02 0.05 0.01 0.01 0.02 0.01 0.04 0.04
0.03 0.08 0.01 0.02 0.03 0.02 0.03 0.09
0.04 0.12 0.02 0.01 0.06 0.05 0.06 0.06
0.00 0.01 0.00 0.00 0.00 0.00 0.01 0.01
0.00 0.01 0.00 0.00 0.00 0.00 0.00 0.01
0.00 0.00 0.00 0.00 0.00 0.00 0.00 0.00
0.00 0.00 0.00 0.00 0.00 0.00 0.00 0.00
0.00 0.00 0.00 0.00 0.00 0.00 0.00 0.00
0.00 0.01 0.00 0.00 0.00 0.00 0.01 0.00
0.00 0.01 0.00 0.00 0.00 0.00 0.00 0.00
0.00 0.01 0.00 0.00 0.00 0.00 0.00 0.00
0.00 0.02 0.00 0.00 0.00 0.00 0.01 0.00
0.00 0.02 0.00 0.00 0.00 0.01 0.00 0.00
0.00 0.01 0.00 0.00 0.00 0.00 0.00 0.00
0.00 0.01 0.00 0.00 0.00 0.00 0.00 0.00
0.00 0.01 0.00 0.00 0.00 0.00 0.00 0.00
0.00 0.01 0.00 0.00 0.00 0.00 0.00 0.00
0.00 0.00 0.00 0.00 0.00 0.00 0.00 0.00
0.00 0.01 0.00 0.00 0.00 0.00 0.00 0.00
0.00 0.01 0.00 0.00 0.00 0.00 0.00 0.00
0.00 0.01 0.00 0.00 0.00 0.00 0.00 0.00
0.00 0.00 0.00 0.00 0.00 0.00 0.00 0.00
0.00 0.00 0.00 0.00 0.00 0.00 0.00 0.01
0.00 0.00 0.00 0.00 0.00 0.00 0.00 0.00
0.00 0.01 0.00 0.00 0.00 0.00 0.00 0.01
0.00 0.01 0.00 0.00 0.00 0.01 0.00 0.00
0.00 0.01 0.00 0.00 0.01 0.01 0.01 0.02
0.00 0.02 0.00 0.00 0.01 0.02 0.01 0.01
0.00 0.02 0.00 0.00 0.03 0.03 0.03 0.04
0.00 0.01 0.00 0.00 0.01 0.02 0.01 0.01
0.02 0.08 0.01 0.00 0.11 0.12 0.11 0.08
0.01 0.03 0.00 0.00 0.04 0.04 0.03 0.04
0.00 0.00 0.00 0.00 0.01 0.01 0.01 0.01
0.00 0.02 0.00 0.00 0.02 0.02 0.03 0.01
0.00 0.01 0.00 0.00 0.01 0.01 0.01 0.01
0.00 0.02 0.00 0.00 0.01 0.01 0.00 0.02
0.00 0.02 0.00 0.00 0.01 0.01 0.01 0.00
0.00 0.01 0.00 0.00 0.01 0.01 0.01 0.01
0.00 0.00 0.00 0.00 0.00 0.00 0.00 0.00
0.00 0.01 0.00 0.00 0.00 0.00 0.00 0.00
0.01 0.02 0.00 0.00 0.01 0.01 0.01 0.04
0.00 0.00 0.00 0.00 0.00 0.00 0.01 0.01
0.00 0.00 0.00 0.00 0.00 0.00 0.00 0.00
0.01 0.02 0.00 0.00 0.01 0.01 0.02 0.04
0.00 0.02 0.00 0.00 0.01 0.01 0.01 0.01
0.02 0.08 0.01 0.01 0.04 0.03 0.04 0.08
0.00 0.02 0.01 0.00 0.01 0.01 0.02 0.01
0.02 0.06 0.01 0.01 0.03 0.03 0.03 0.06
0.00 0.01 0.00 0.00 0.00 0.00 0.01 0.01
0.00 0.00 0.00 0.00 0.00 0.00 0.01 0.00
0.00 0.00 0.00 0.00 0.00 0.00 0.00 0.00
0.00 0.01 0.00 0.00 0.00 0.00 0.00 0.01
0.00 0.00 0.00 0.00 0.00 0.00 0.01 0.01
0.00 0.00 0.00 0.00 0.00 0.00 0.01 0.00
0.00 0.00 0.00 0.00 0.00 0.00 0.01 0.01
0.00 0.00 0.00 0.00 0.00 0.00 0.00 0.00
0.00 0.02 0.00 0.00 0.01 0.01 0.01 0.02
0.00 0.01 0.00 0.00 0.01 0.00 0.01 0.01
0.01 0.03 0.00 0.00 0.02 0.01 0.02 0.05
0.01 0.03 0.00 0.00 0.01 0.01 0.01 0.02
0.00 0.00 0.00 0.00 0.00 0.00 0.00 0.01
0.00 0.00 0.00 0.00 0.00 0.00 0.00 0.00
0.00 0.00 0.00 0.00 0.00 0.00 0.00 0.01
0.00 0.00 0.00 0.00 0.00 0.00 0.00 0.00
0.00 0.00 0.00 0.00 0.00 0.00 0.00 0.00
0.00 0.00 0.00 0.00 0.00 0.00 0.00 0.00
0.00 0.00 0.00 0.00 0.00 0.00 0.00 0.00
0.00 0.00 0.00 0.00 0.00 0.00 0.00 0.00
0.00 0.00 0.00 0.00 0.00 0.00 0.00 0.00
0.00 0.00 0.00 0.00 0.00 0.00 0.00 0.00
0.00 0.00 0.00 0.00 0.00 0.00 0.00 0.01
0.00 0.00 0.00 0.00 0.00 0.00 0.00 0.01
0.00 0.00 0.00 0.00 0.00 0.00 0.00 0.02
0.00 0.00 0.00 0.00 0.00 0.00 0.00 0.01
0.00 0.00 0.00 0.00 0.00 0.00 0.00 0.00
0.00 0.00 0.00 0.00 0.00 0.00 0.00 0.00
0.00 0.00 0.00 0.00 0.00 0.00 0.00 0.01
0.00 0.00 0.00 0.00 0.00 0.00 0.01 0.01
0.05 0.13 0.04 0.02 0.11 0.07 0.20 0.23
0.00 0.00 0.01 0.00 0.01 0.00 0.06 0.04
0.00 0.00 0.01 0.00 0.01 0.00 0.06 0.04
0.01 0.01 0.01 0.00 0.02 0.01 0.07 0.07
0.00 0.00 0.01 0.00 0.01 0.00 0.04 0.03
0.00 0.00 0.00 0.00 0.00 0.00 0.03 0.01
0.00 0.00 0.00 0.00 0.00 0.00 0.02 0.02
0.00 0.00 0.00 0.00 0.00 0.00 0.01 0.00
0.00 0.00 0.00 0.00 0.00 0.00 0.01 0.00
0.00 0.00 0.00 0.00 0.00 0.00 0.02 0.00
0.00 0.00 0.00 0.00 0.00 0.00 0.01 0.00
0.00 0.00 0.00 0.00 0.00 0.00 0.00 0.01
0.00 0.01 0.00 0.00 0.01 0.01 0.01 0.02
0.00 0.00 0.00 0.00 0.01 0.01 0.01 0.02
0.00 0.00 0.00 0.00 0.01 0.01 0.00 0.01
0.00 0.01 0.00 0.00 0.01 0.01 0.01 0.02
0.00 0.01 0.00 0.00 0.01 0.01 0.01 0.01
0.00 0.01 0.00 0.00 0.01 0.01 0.00 0.01
0.00 0.00 0.00 0.00 0.00 0.00 0.00 0.02
0.00 0.01 0.00 0.00 0.00 0.01 0.00 0.01
0.00 0.00 0.00 0.00 0.00 0.00 0.00 0.01
0.00 0.01 0.00 0.00 0.01 0.01 0.01 0.01
0.00 0.01 0.00 0.00 0.01 0.01 0.01 0.01
0.00 0.01 0.00 0.00 0.01 0.01 0.01 0.01
0.00 0.00 0.00 0.00 0.00 0.00 0.00 0.00
0.00 0.01 0.00 0.00 0.00 0.00 0.00 0.00
0.00 0.01 0.00 0.00 0.01 0.01 0.01 0.00
0.00 0.02 0.00 0.00 0.01 0.01 0.01 0.00
0.01 0.04 0.00 0.00 0.01 0.02 0.01 0.00
0.00 0.02 0.00 0.00 0.01 0.01 0.01 0.00
0.00 0.02 0.00 0.00 0.01 0.01 0.01 0.00
0.00 0.02 0.00 0.00 0.01 0.01 0.01 0.00
0.01 0.04 0.00 0.00 0.01 0.02 0.01 0.01
0.00 0.01 0.00 0.00 0.00 0.01 0.00 0.01
0.00 0.01 0.00 0.00 0.00 0.00 0.00 0.01
0.00 0.01 0.00 0.00 0.01 0.01 0.00 0.01
0.01 0.04 0.01 0.00 0.02 0.02 0.03 0.01
0.00 0.02 0.00 0.00 0.01 0.01 0.01 0.01
0.00 0.02 0.00 0.00 0.01 0.01 0.01 0.01
0.00 0.01 0.00 0.00 0.01 0.01 0.01 0.00
0.00 0.01 0.00 0.00 0.00 0.00 0.01 0.00
0.00 0.01 0.00 0.00 0.01 0.01 0.00 0.01
0.00 0.01 0.00 0.00 0.00 0.00 0.00 0.00
0.00 0.01 0.00 0.00 0.00 0.00 0.00 0.00
0.00 0.01 0.00 0.00 0.00 0.00 0.00 0.00
0.00 0.01 0.00 0.00 0.00 0.01 0.00 0.01
0.00 0.01 0.00 0.00 0.00 0.01 0.00 0.01
0.00 0.00 0.00 0.00 0.00 0.00 0.00 0.00
0.00 0.00 0.00 0.00 0.00 0.00 0.00 0.00
0.00 0.01 0.00 0.00 0.00 0.00 0.00 0.01
