4.48 10.11 2.14 1.18 41.62 38.08 44.82 47.41
4.32 9.53 2.17 1.26 41.78 38.34 44.77 47.14
4.36 9.69 2.17 1.21 41.74 38.27 44.77 47.31
4.53 10.26 2.18 1.16 41.57 38.02 44.74 47.48
4.37 9.88 2.14 1.08 41.73 38.19 44.82 47.79
4.72 10.75 2.18 1.23 41.39 37.82 44.74 47.23
4.74 10.88 2.21 1.14 41.37 37.76 44.68 47.57
5.11 11.76 2.43 1.16 41.04 37.43 44.29 47.49
4.80 11.06 2.32 1.03 41.32 37.70 44.47 48.00
4.89 11.44 2.28 0.95 41.24 37.55 44.55 48.36
4.56 10.61 2.15 0.90 41.54 37.87 44.80 48.58
4.75 11.04 2.18 1.04 41.36 37.70 44.75 47.96
4.80 11.03 2.28 1.10 41.32 37.71 44.55 47.72
5.43 12.46 2.45 1.38 40.79 37.18 44.25 46.73
5.27 11.80 2.46 1.54 40.92 37.41 44.23 46.28
6.22 13.81 2.99 1.85 40.19 36.73 43.37 45.45
6.10 13.64 3.00 1.66 40.28 36.78 43.37 45.94
5.65 12.84 2.69 1.42 40.61 37.05 43.84 46.59
5.97 13.68 2.76 1.47 40.37 36.77 43.72 46.45
5.51 12.52 2.63 1.38 40.72 37.15 43.93 46.74
5.90 13.39 2.77 1.53 40.43 36.87 43.70 46.29
5.54 12.71 2.58 1.34 40.69 37.09 44.01 46.85
5.85 13.30 2.71 1.52 40.46 36.89 43.79 46.31
5.04 11.56 2.39 1.15 41.11 37.50 44.34 47.49
5.31 12.03 2.45 1.44 40.88 37.33 44.23 46.55
5.05 11.44 2.34 1.35 41.11 37.55 44.44 46.82
5.38 12.20 2.46 1.46 40.82 37.27 44.21 46.47
5.62 12.60 2.60 1.66 40.64 37.13 43.97 45.93
5.08 11.30 2.46 1.47 41.08 37.60 44.23 46.45
5.48 12.08 2.63 1.73 40.74 37.31 43.94 45.73
5.27 11.59 2.58 1.63 40.95 37.54 44.02 46.01
5.54 12.17 2.60 1.85 40.73 37.33 43.99 45.48
5.35 11.65 2.65 1.74 40.90 37.54 43.91 45.74
5.53 11.99 2.72 1.89 40.73 37.39 43.79 45.37
5.28 11.30 2.74 1.79 40.96 37.67 43.77 45.62
5.64 12.16 2.78 1.98 40.66 37.35 43.71 45.17
5.08 10.86 2.63 1.73 41.12 37.84 43.96 45.76
5.02 10.74 2.49 1.83 41.16 37.87 44.19 45.52
4.74 10.14 2.39 1.71 41.41 38.13 44.35 45.81
4.93 10.66 2.47 1.67 41.24 37.91 44.23 45.92
4.19 9.12 2.18 1.27 41.96 38.59 44.77 47.11
4.10 9.05 2.08 1.17 42.04 38.61 44.96 47.46
3.95 8.68 2.04 1.13 42.23 38.82 45.06 47.62
4.26 9.40 2.11 1.28 41.87 38.45 44.91 47.08
4.08 9.10 2.05 1.10 42.07 38.60 45.04 47.74
4.42 9.72 2.33 1.22 41.72 38.31 44.47 47.29
4.57 9.87 2.59 1.23 41.58 38.25 44.02 47.23
5.08 10.91 2.81 1.51 41.12 37.81 43.67 46.35
5.12 11.18 2.75 1.43 41.08 37.71 43.75 46.58
4.91 10.65 2.67 1.42 41.27 37.94 43.88 46.62
5.43 11.73 2.95 1.60 40.84 37.51 43.44 46.11
5.19 11.36 2.86 1.36 41.04 37.66 43.60 46.80
5.38 11.77 2.80 1.57 40.89 37.51 43.69 46.18
4.98 11.00 2.64 1.30 41.22 37.81 43.95 47.01
4.76 10.47 2.57 1.24 41.40 37.99 44.05 47.21
5.02 11.12 2.61 1.34 41.17 37.74 43.98 46.88
4.48 9.95 2.28 1.22 41.67 38.22 44.56 47.29
4.25 9.72 2.09 0.93 41.91 38.33 44.95 48.45
4.83 10.95 2.51 1.05 41.35 37.82 44.16 47.93
4.62 10.36 2.46 1.04 41.55 38.06 44.26 47.97
3.37 6.94 2.03 1.16 42.86 39.73 45.07 47.52
3.77 7.73 2.27 1.31 42.38 39.26 44.57 46.97
3.56 7.29 2.20 1.20 42.63 39.52 44.72 47.37
3.46 7.12 2.02 1.22 42.76 39.62 45.08 47.28
2.95 5.97 1.83 1.07 43.43 40.39 45.51 47.85
2.77 5.61 1.70 0.99 43.73 40.66 45.84 48.17
2.78 5.64 1.67 1.04 43.70 40.63 45.91 47.98
2.54 5.09 1.54 0.97 44.11 41.09 46.26 48.27
2.46 4.94 1.48 0.96 44.24 41.21 46.45 48.33
2.77 5.56 1.62 1.11 43.72 40.68 46.03 47.67
2.95 5.96 1.71 1.16 43.44 40.38 45.80 47.50
3.04 6.18 1.80 1.14 43.31 40.23 45.58 47.57
3.17 6.49 1.87 1.14 43.13 40.01 45.41 47.56
3.62 7.39 2.19 1.26 42.56 39.45 44.73 47.14
3.38 6.97 2.00 1.18 42.84 39.70 45.13 47.41
3.06 6.39 1.81 0.98 43.27 40.08 45.56 48.21
2.84 5.97 1.71 0.85 43.59 40.37 45.80 48.84
2.91 6.10 1.78 0.84 43.50 40.28 45.62 48.87
2.87 6.01 1.79 0.82 43.55 40.34 45.61 49.01
3.24 6.80 1.97 0.96 43.03 39.81 45.20 48.32
3.30 6.93 2.02 0.96 42.95 39.73 45.08 48.32
3.53 7.37 2.18 1.04 42.66 39.46 44.76 47.95
3.79 7.82 2.28 1.27 42.35 39.20 44.56 47.09
3.63 7.48 2.23 1.18 42.54 39.40 44.66 47.41
3.67 7.41 2.31 1.30 42.48 39.44 44.50 46.98
3.72 7.47 2.32 1.38 42.42 39.40 44.47 46.75
3.66 7.27 2.26 1.44 42.50 39.52 44.60 46.54
3.50 7.04 2.14 1.34 42.69 39.66 44.84 46.86
3.56 7.16 2.14 1.38 42.62 39.59 44.83 46.75
3.84 7.72 2.43 1.36 42.29 39.26 44.27 46.78
3.84 7.72 2.30 1.50 42.29 39.26 44.52 46.38
3.40 6.85 2.09 1.27 42.82 39.78 44.94 47.09
3.39 6.84 2.05 1.27 42.84 39.78 45.02 47.10
3.12 6.30 1.91 1.15 43.20 40.14 45.33 47.52
2.95 5.97 1.74 1.14 43.43 40.37 45.73 47.56
2.58 5.28 1.50 0.96 44.02 40.91 46.38 48.32
2.56 5.12 1.54 1.01 44.06 41.04 46.26 48.08
2.37 4.77 1.46 0.90 44.38 41.35 46.50 48.59
2.28 4.56 1.39 0.89 44.55 41.54 46.69 48.63
2.13 4.31 1.32 0.74 44.86 41.79 46.94 49.41
2.24 4.55 1.38 0.80 44.62 41.55 46.73 49.09
2.30 4.62 1.44 0.82 44.53 41.49 46.54 48.98
2.55 5.11 1.56 0.98 44.07 41.04 46.21 48.22
2.42 4.76 1.55 0.94 44.30 41.36 46.22 48.41
2.44 4.70 1.60 1.02 44.27 41.42 46.11 48.05
2.44 4.70 1.55 1.06 44.26 41.41 46.24 47.87
2.61 4.88 1.63 1.31 43.98 41.25 46.02 46.97
2.69 4.72 1.73 1.64 43.83 41.40 45.76 46.00
3.06 5.29 1.93 1.97 43.28 40.91 45.28 45.19
3.03 5.10 1.91 2.06 43.33 41.05 45.32 44.99
3.32 5.55 2.25 2.17 42.92 40.69 44.60 44.77
3.80 6.42 2.56 2.43 42.33 40.06 44.05 44.27
3.74 6.36 2.53 2.32 42.41 40.10 44.10 44.48
3.64 6.19 2.31 2.41 42.53 40.22 44.50 44.31
3.52 6.00 2.25 2.30 42.67 40.35 44.60 44.52
3.63 6.32 2.32 2.27 42.53 40.13 44.49 44.57
3.40 5.98 2.07 2.14 42.82 40.37 44.96 44.84
3.14 5.65 1.83 1.94 43.16 40.61 45.50 45.25
2.95 5.36 1.76 1.74 43.43 40.84 45.68 45.73
2.97 5.37 1.77 1.75 43.41 40.83 45.65 45.70
3.02 5.43 1.87 1.74 43.34 40.78 45.41 45.71
2.80 4.97 1.76 1.67 43.66 41.17 45.67 45.90
3.14 5.27 2.23 1.93 43.15 40.92 44.64 45.27
3.38 5.70 2.30 2.14 42.84 40.57 44.51 44.83
3.69 6.28 2.49 2.29 42.46 40.15 44.17 44.53
4.08 7.01 2.74 2.50 42.02 39.68 43.75 44.15
3.98 6.72 2.77 2.47 42.13 39.86 43.71 44.21
3.43 5.64 2.41 2.23 42.78 40.62 44.31 44.65
3.43 5.71 2.38 2.19 42.78 40.56 44.36 44.72
3.62 5.93 2.57 2.37 42.54 40.40 44.03 44.39
3.37 5.52 2.31 2.27 42.85 40.71 44.48 44.56
3.81 6.30 2.61 2.50 42.33 40.14 43.96 44.15
3.62 5.89 2.56 2.41 42.55 40.43 44.06 44.31
3.34 5.47 2.17 2.39 42.89 40.75 44.78 44.34
3.41 5.58 2.25 2.39 42.81 40.66 44.62 44.35
3.19 5.20 2.05 2.32 43.09 40.97 45.01 44.48
3.12 5.18 1.90 2.29 43.19 40.99 45.35 44.52
2.98 4.85 1.88 2.21 43.39 41.27 45.39 44.68
2.86 4.80 1.81 1.97 43.57 41.32 45.55 45.19
3.00 5.09 1.90 2.00 43.37 41.06 45.35 45.13
2.65 4.49 1.81 1.66 43.89 41.61 45.56 45.93
2.57 4.36 1.82 1.53 44.03 41.74 45.54 46.28
2.44 4.32 1.73 1.26 44.27 41.78 45.76 47.12
2.32 4.29 1.60 1.07 44.48 41.81 46.08 47.84
1.86 3.55 1.18 0.85 45.44 42.63 47.40 48.86
1.96 3.76 1.24 0.89 45.20 42.38 47.19 48.63
1.83 3.52 1.19 0.79 45.50 42.66 47.38 49.14
1.92 3.58 1.28 0.89 45.30 42.59 47.05 48.65
1.89 3.63 1.24 0.79 45.37 42.53 47.18 49.14
2.02 3.87 1.29 0.90 45.08 42.26 47.03 48.59
1.79 3.39 1.18 0.78 45.61 42.82 47.41 49.19
1.90 3.59 1.27 0.86 45.34 42.58 47.11 48.81
1.80 3.36 1.23 0.80 45.59 42.87 47.23 49.12
1.90 3.54 1.23 0.92 45.35 42.64 47.23 48.48
1.69 3.16 1.08 0.85 45.84 43.14 47.81 48.83
1.67 3.04 1.06 0.89 45.91 43.30 47.86 48.61
1.62 2.92 1.06 0.88 46.04 43.47 47.88 48.71
1.89 3.48 1.22 0.95 45.38 42.72 47.28 48.34
2.10 3.76 1.41 1.12 44.91 42.38 46.64 47.62
2.58 4.76 1.64 1.35 44.01 41.36 45.99 46.84
3.20 5.87 2.04 1.68 43.08 40.44 45.03 45.89
3.73 6.88 2.40 1.91 42.41 39.76 44.32 45.32
3.74 6.87 2.40 1.95 42.40 39.76 44.34 45.22
4.61 8.70 2.88 2.26 41.49 38.73 43.54 44.59
4.29 8.14 2.67 2.07 41.80 39.02 43.87 44.98
4.78 9.18 2.95 2.22 41.33 38.50 43.43 44.66
4.66 9.05 2.87 2.08 41.44 38.57 43.55 44.95
5.25 10.17 3.18 2.41 40.93 38.06 43.11 44.32
5.02 9.93 3.04 2.09 41.12 38.16 43.30 44.93
5.15 10.07 3.14 2.24 41.02 38.10 43.16 44.63
4.61 9.06 2.84 1.92 41.50 38.56 43.59 45.29
4.77 9.33 2.84 2.15 41.34 38.43 43.60 44.81
4.07 7.91 2.53 1.76 42.04 39.15 44.10 45.67
3.97 7.49 2.53 1.87 42.15 39.39 44.10 45.40
3.20 5.87 2.08 1.67 43.07 40.45 44.96 45.91
3.51 6.34 2.29 1.89 42.68 40.11 44.53 45.36
3.81 7.02 2.39 2.03 42.32 39.67 44.35 45.06
3.89 7.34 2.35 1.98 42.23 39.47 44.43 45.16
3.91 7.45 2.38 1.90 42.21 39.41 44.37 45.35
3.87 7.48 2.32 1.80 42.26 39.39 44.48 45.58
3.74 7.21 2.15 1.85 42.40 39.55 44.80 45.45
3.91 7.44 2.32 1.98 42.21 39.41 44.48 45.17
3.81 7.08 2.24 2.10 42.33 39.63 44.62 44.91
3.88 7.33 2.17 2.15 42.24 39.48 44.77 44.81
3.95 7.27 2.29 2.28 42.17 39.52 44.54 44.55
4.27 7.83 2.62 2.35 41.83 39.20 43.95 44.42
4.07 7.50 2.42 2.30 42.03 39.38 44.29 44.51
4.34 8.04 2.59 2.40 41.75 39.08 44.00 44.33
4.16 7.71 2.53 2.24 41.94 39.26 44.10 44.62
3.84 7.13 2.31 2.09 42.28 39.60 44.49 44.93
4.11 7.66 2.44 2.23 41.99 39.29 44.25 44.65
3.77 6.88 2.36 2.07 42.37 39.76 44.40 44.96
3.69 6.83 2.30 1.94 42.46 39.79 44.52 45.25
3.46 6.47 2.17 1.75 42.74 40.02 44.77 45.69
3.16 5.83 2.03 1.63 43.13 40.48 45.05 46.01
2.50 4.58 1.66 1.26 44.15 41.52 45.93 47.14
2.45 4.50 1.60 1.24 44.24 41.60 46.08 47.19
2.15 3.97 1.39 1.10 44.80 42.14 46.71 47.73
2.21 4.05 1.39 1.21 44.68 42.06 46.70 47.32
1.99 3.67 1.29 1.03 45.13 42.49 47.03 48.02
1.72 3.16 1.15 0.86 45.77 43.14 47.53 48.77
1.95 3.56 1.28 1.00 45.24 42.62 47.07 48.13
1.76 3.30 1.16 0.82 45.67 42.94 47.47 49.01
2.04 3.75 1.39 1.00 45.03 42.40 46.72 48.12
1.79 3.36 1.16 0.84 45.60 42.87 47.47 48.87
2.10 3.95 1.35 1.00 44.91 42.17 46.82 48.13
2.00 3.82 1.26 0.91 45.13 42.31 47.12 48.54
2.34 4.49 1.42 1.09 44.44 41.61 46.60 47.74
2.30 4.37 1.49 1.03 44.52 41.73 46.39 47.99
2.60 4.86 1.71 1.21 43.99 41.26 45.79 47.30
2.74 5.15 1.78 1.29 43.76 41.02 45.62 47.04
2.89 5.45 1.87 1.35 43.53 40.77 45.42 46.84
3.20 6.15 2.03 1.43 43.08 40.25 45.06 46.57
3.18 6.12 2.02 1.41 43.10 40.26 45.07 46.63
3.16 6.08 2.06 1.35 43.13 40.29 44.99 46.85
3.26 6.38 2.06 1.36 42.99 40.08 45.00 46.81
3.40 6.66 2.14 1.39 42.82 39.90 44.83 46.68
3.50 6.78 2.29 1.42 42.70 39.82 44.53 46.61
3.71 7.18 2.37 1.56 42.44 39.57 44.39 46.20
3.68 6.97 2.42 1.64 42.48 39.70 44.29 45.98
3.63 7.00 2.33 1.55 42.54 39.68 44.45 46.24
3.79 7.29 2.45 1.62 42.35 39.50 44.24 46.03
3.55 6.92 2.30 1.45 42.63 39.73 44.53 46.53
3.52 6.77 2.33 1.45 42.67 39.83 44.46 46.51
3.46 6.76 2.28 1.35 42.74 39.83 44.55 46.82
3.35 6.57 2.17 1.30 42.88 39.96 44.76 46.99
3.32 6.58 2.14 1.25 42.91 39.95 44.83 47.15
3.39 6.66 2.19 1.31 42.84 39.90 44.73 46.96
3.70 7.30 2.28 1.52 42.45 39.50 44.55 46.31
3.44 6.82 2.15 1.35 42.77 39.80 44.82 46.83
3.32 6.58 2.04 1.35 42.92 39.95 45.04 46.83
3.06 6.17 1.82 1.18 43.28 40.23 45.55 47.42
2.75 5.54 1.70 1.03 43.73 40.70 45.83 48.01
2.67 5.41 1.68 0.93 43.86 40.80 45.89 48.43
2.88 5.81 1.76 1.06 43.54 40.49 45.68 47.89
2.88 5.83 1.79 1.01 43.54 40.47 45.60 48.07
2.80 5.60 1.72 1.08 43.66 40.65 45.78 47.78
3.07 6.12 1.86 1.24 43.26 40.27 45.44 47.18
3.46 6.91 2.10 1.37 42.74 39.74 44.91 46.77
3.28 6.54 1.97 1.33 42.98 39.97 45.20 46.90
3.16 6.43 1.94 1.11 43.14 40.05 45.26 47.67
3.21 6.70 1.92 1.01 43.06 39.87 45.29 48.07
2.92 6.08 1.74 0.95 43.47 40.29 45.74 48.35
2.68 5.60 1.66 0.77 43.85 40.65 45.92 49.28
2.66 5.57 1.63 0.79 43.88 40.68 46.01 49.18
2.72 5.63 1.62 0.89 43.79 40.62 46.02 48.63
3.01 6.07 1.81 1.14 43.35 40.30 45.56 47.56
2.89 5.67 1.81 1.18 43.53 40.60 45.55 47.40
2.71 5.35 1.70 1.07 43.81 40.84 45.84 47.84
2.79 5.63 1.67 1.06 43.68 40.62 45.91 47.89
2.42 4.77 1.56 0.93 44.29 41.34 46.19 48.45
2.43 4.84 1.56 0.88 44.28 41.28 46.20 48.70
2.47 4.90 1.56 0.93 44.21 41.23 46.20 48.43
2.37 4.70 1.50 0.90 44.39 41.41 46.38 48.61
2.37 4.66 1.48 0.96 44.38 41.44 46.42 48.28
2.22 4.32 1.39 0.94 44.67 41.77 46.69 48.40
2.15 4.14 1.36 0.94 44.81 41.96 46.80 48.39
2.26 4.32 1.40 1.05 44.59 41.77 46.66 47.93
2.08 3.93 1.34 0.97 44.96 42.19 46.87 48.27
2.08 3.83 1.37 1.04 44.95 42.30 46.76 47.98
2.03 3.76 1.38 0.95 45.06 42.38 46.74 48.37
2.21 4.13 1.40 1.10 44.69 41.97 46.67 47.74
2.04 3.77 1.31 1.03 45.04 42.37 46.95 48.00
2.18 3.99 1.44 1.11 44.75 42.12 46.55 47.68
2.04 3.81 1.33 0.98 45.04 42.33 46.91 48.22
2.28 4.27 1.47 1.11 44.54 41.82 46.46 47.69
2.10 3.90 1.40 0.99 44.92 42.22 46.67 48.15
2.21 4.02 1.47 1.14 44.69 42.09 46.44 47.58
2.23 4.05 1.48 1.16 44.65 42.06 46.44 47.48
2.46 4.41 1.61 1.35 44.22 41.68 46.05 46.81
2.63 4.94 1.69 1.27 43.93 41.20 45.86 47.10
2.78 5.17 1.79 1.36 43.70 41.00 45.59 46.80
3.14 5.88 1.96 1.58 43.17 40.44 45.21 46.15
3.08 5.76 1.98 1.49 43.25 40.52 45.17 46.40
3.19 6.12 1.98 1.49 43.09 40.27 45.16 46.41
2.99 5.76 1.86 1.36 43.38 40.53 45.44 46.80
2.89 5.63 1.82 1.20 43.53 40.63 45.54 47.34
3.33 6.59 2.02 1.38 42.91 39.95 45.09 46.73
3.30 6.61 1.99 1.31 42.95 39.94 45.15 46.95
3.20 6.38 2.01 1.23 43.08 40.09 45.10 47.25
3.36 6.65 2.08 1.34 42.87 39.91 44.94 46.85
3.67 7.24 2.36 1.41 42.49 39.54 44.41 46.62
3.75 7.28 2.43 1.53 42.40 39.51 44.28 46.29
3.54 6.95 2.27 1.41 42.64 39.71 44.58 46.65
3.51 6.86 2.24 1.42 42.69 39.77 44.64 46.61
3.74 7.28 2.35 1.59 42.41 39.51 44.42 46.12
3.45 6.69 2.23 1.42 42.76 39.88 44.64 46.62
3.18 6.20 2.00 1.34 43.11 40.21 45.12 46.86
2.99 5.85 1.87 1.27 43.38 40.48 45.42 47.11
3.23 6.28 2.01 1.40 43.05 40.16 45.12 46.68
2.91 5.68 1.82 1.23 43.52 40.62 45.55 47.24
2.91 5.70 1.78 1.24 43.50 40.58 45.64 47.18
2.83 5.61 1.72 1.15 43.63 40.65 45.79 47.56
3.23 6.51 1.89 1.29 43.05 40.01 45.36 47.05
2.89 5.82 1.73 1.12 43.54 40.50 45.76 47.64
2.85 5.70 1.68 1.17 43.59 40.58 45.89 47.47
2.70 5.38 1.61 1.10 43.83 40.83 46.07 47.71
3.02 5.98 1.78 1.30 43.34 40.37 45.63 46.99
2.85 5.56 1.76 1.23 43.59 40.70 45.68 47.23
3.10 6.17 1.85 1.29 43.22 40.24 45.46 47.03
2.83 5.71 1.74 1.05 43.62 40.57 45.74 47.93
2.95 5.93 1.81 1.10 43.45 40.41 45.57 47.72
2.68 5.40 1.65 1.00 43.85 40.82 45.96 48.13
2.59 5.33 1.54 0.92 44.00 40.87 46.27 48.51
2.58 5.39 1.47 0.88 44.02 40.82 46.47 48.70
2.76 5.72 1.59 0.96 43.73 40.56 46.12 48.33
2.63 5.50 1.50 0.90 43.93 40.73 46.37 48.61
2.85 5.96 1.66 0.93 43.58 40.38 45.93 48.44
2.62 5.57 1.51 0.79 43.94 40.67 46.35 49.16
2.52 5.40 1.48 0.69 44.11 40.81 46.44 49.72
2.46 5.28 1.46 0.64 44.22 40.90 46.48 50.07
2.47 5.21 1.47 0.71 44.22 40.97 46.46 49.60
2.73 5.74 1.60 0.86 43.77 40.54 46.10 48.78
2.88 5.96 1.69 1.00 43.54 40.38 45.87 48.16
3.25 6.66 1.84 1.24 43.02 39.90 45.48 47.19
3.61 7.33 2.15 1.36 42.55 39.48 44.81 46.79
3.62 7.32 2.20 1.33 42.55 39.49 44.71 46.90
3.90 7.98 2.34 1.39 42.22 39.11 44.45 46.69
3.59 7.34 2.18 1.24 42.60 39.49 44.76 47.21
3.54 7.21 2.10 1.31 42.64 39.55 44.90 46.97
3.45 7.00 2.08 1.26 42.76 39.69 44.95 47.14
3.47 7.12 2.04 1.27 42.73 39.61 45.04 47.10
3.35 6.91 1.96 1.17 42.90 39.75 45.22 47.47
3.27 6.78 1.88 1.15 42.99 39.82 45.40 47.54
3.05 6.35 1.71 1.10 43.28 40.10 45.80 47.73
3.12 6.42 1.77 1.18 43.20 40.07 45.67 47.41
3.28 6.71 1.84 1.29 42.98 39.87 45.50 47.03
3.35 6.83 1.90 1.31 42.89 39.79 45.34 46.98
3.54 7.17 2.06 1.40 42.65 39.59 44.99 46.69
3.83 7.70 2.20 1.60 42.30 39.27 44.72 46.10
3.82 7.77 2.21 1.50 42.31 39.23 44.68 46.39
3.83 7.70 2.16 1.62 42.31 39.27 44.79 46.05
4.03 8.12 2.32 1.64 42.09 39.05 44.49 45.99
4.29 8.65 2.46 1.76 41.81 38.77 44.23 45.68
3.86 7.66 2.27 1.65 42.27 39.30 44.58 45.96
3.92 7.76 2.32 1.69 42.20 39.24 44.49 45.87
3.99 7.92 2.37 1.67 42.14 39.16 44.40 45.91
4.06 8.10 2.34 1.73 42.05 39.05 44.44 45.75
3.62 7.21 2.11 1.53 42.55 39.56 44.89 46.29
3.45 6.96 1.98 1.40 42.76 39.72 45.17 46.66
3.29 6.77 1.92 1.19 42.98 39.85 45.31 47.39
3.31 6.88 1.89 1.15 42.95 39.77 45.36 47.52
2.93 6.14 1.69 0.96 43.48 40.26 45.86 48.32
2.91 6.12 1.66 0.95 43.50 40.28 45.94 48.34
3.07 6.39 1.84 0.97 43.27 40.09 45.49 48.25
3.43 7.09 2.08 1.11 42.79 39.64 44.96 47.68
3.25 6.63 2.04 1.07 43.03 39.93 45.04 47.86
3.06 6.18 1.95 1.06 43.28 40.24 45.23 47.87
3.68 7.46 2.27 1.33 42.47 39.42 44.58 46.90
3.33 6.75 2.07 1.16 42.91 39.84 44.97 47.50
3.68 7.39 2.32 1.32 42.48 39.45 44.49 46.93
3.44 7.00 2.18 1.15 42.77 39.69 44.75 47.53
3.81 7.81 2.32 1.31 42.32 39.22 44.48 46.95
3.20 6.62 1.94 1.04 43.08 39.93 45.25 47.97
3.08 6.30 1.89 1.03 43.26 40.14 45.37 47.98
3.04 6.31 1.85 0.96 43.31 40.14 45.47 48.32
3.32 6.89 1.94 1.12 42.93 39.76 45.25 47.64
2.80 5.90 1.69 0.82 43.66 40.43 45.85 49.00
3.09 6.58 1.84 0.84 43.24 39.96 45.49 48.91
3.09 6.57 1.87 0.84 43.23 39.97 45.41 48.89
3.20 6.67 1.91 1.03 43.08 39.90 45.32 48.01
3.56 7.38 2.12 1.17 42.63 39.46 44.86 47.46
3.62 7.47 2.24 1.16 42.55 39.41 44.63 47.48
3.48 7.26 2.05 1.13 42.72 39.53 45.01 47.61
3.25 6.64 1.98 1.14 43.01 39.91 45.16 47.57
2.94 5.96 1.83 1.04 43.44 40.38 45.51 47.95
2.74 5.62 1.68 0.92 43.75 40.64 45.87 48.48
2.57 5.24 1.56 0.91 44.03 40.94 46.19 48.56
2.57 5.14 1.59 0.99 44.03 41.03 46.11 48.18
2.52 5.07 1.50 0.98 44.12 41.08 46.36 48.22
2.75 5.55 1.64 1.07 43.74 40.69 45.98 47.85
3.20 6.55 1.86 1.18 43.08 39.97 45.43 47.41
3.21 6.53 1.92 1.16 43.08 39.98 45.30 47.47
3.36 6.93 1.97 1.18 42.87 39.73 45.19 47.42
3.66 7.64 2.09 1.24 42.51 39.31 44.94 47.19
3.26 6.76 1.94 1.08 43.00 39.84 45.25 47.80
3.02 6.35 1.80 0.92 43.33 40.11 45.58 48.51
2.92 6.13 1.80 0.84 43.48 40.26 45.59 48.90
2.83 5.91 1.75 0.83 43.61 40.42 45.71 48.93
3.10 6.55 1.84 0.90 43.22 39.97 45.49 48.59
3.03 6.37 1.86 0.86 43.32 40.09 45.44 48.80
3.13 6.63 1.85 0.90 43.17 39.91 45.45 48.58
3.55 7.41 2.07 1.18 42.62 39.43 44.97 47.40
3.41 7.12 2.00 1.11 42.80 39.61 45.12 47.67
3.41 7.02 2.06 1.16 42.80 39.67 45.00 47.49
3.58 7.36 2.05 1.32 42.60 39.46 45.01 46.93
3.14 6.31 1.94 1.17 43.16 40.13 45.26 47.46
3.34 6.78 1.98 1.26 42.89 39.82 45.17 47.13
3.27 6.61 1.98 1.23 42.99 39.93 45.18 47.24
3.64 7.45 2.16 1.31 42.52 39.41 44.78 46.95
3.14 6.39 1.88 1.16 43.16 40.08 45.38 47.50
3.30 6.67 1.96 1.27 42.95 39.89 45.20 47.11
2.99 6.11 1.77 1.08 43.38 40.27 45.66 47.81
3.04 6.16 1.76 1.18 43.31 40.24 45.68 47.41
2.44 4.97 1.44 0.90 44.27 41.17 46.54 48.62
2.45 5.00 1.38 0.96 44.25 41.14 46.73 48.31
2.17 4.43 1.24 0.83 44.77 41.67 47.18 48.95
2.27 4.62 1.30 0.88 44.58 41.49 47.01 48.69
1.89 3.83 1.15 0.70 45.36 42.30 47.51 49.69
1.97 3.95 1.20 0.75 45.19 42.17 47.34 49.37
1.89 3.85 1.16 0.67 45.35 42.27 47.50 49.85
2.15 4.35 1.29 0.81 44.81 41.75 47.02 49.06
2.07 4.18 1.27 0.74 44.98 41.92 47.09 49.43
2.20 4.38 1.35 0.86 44.72 41.72 46.84 48.79
2.20 4.28 1.39 0.92 44.71 41.82 46.69 48.49
2.25 4.41 1.38 0.96 44.60 41.68 46.72 48.30
2.41 4.51 1.51 1.21 44.31 41.59 46.33 47.32
2.75 4.88 1.71 1.65 43.74 41.24 45.81 45.95
2.80 4.82 1.67 1.91 43.66 41.30 45.89 45.32
3.15 5.28 1.97 2.20 43.15 40.90 45.20 44.70
3.67 6.12 2.45 2.44 42.48 40.26 44.25 44.26
3.83 6.34 2.58 2.57 42.30 40.12 44.01 44.03
3.92 6.51 2.69 2.57 42.20 40.00 43.84 44.03
3.65 6.14 2.38 2.45 42.50 40.25 44.37 44.24
3.39 5.68 2.23 2.27 42.83 40.59 44.65 44.58
3.63 6.22 2.39 2.30 42.53 40.20 44.35 44.51
3.32 5.78 2.07 2.13 42.92 40.51 44.98 44.86
3.13 5.56 1.88 1.97 43.17 40.68 45.40 45.19
2.93 5.21 1.77 1.80 43.47 40.96 45.64 45.59
3.18 5.73 1.89 1.91 43.11 40.55 45.37 45.31
3.33 6.04 2.10 1.85 42.91 40.32 44.90 45.45
3.08 5.56 1.93 1.74 43.26 40.69 45.29 45.73
3.36 5.88 2.24 1.94 42.87 40.44 44.62 45.26
3.46 5.87 2.35 2.15 42.74 40.45 44.41 44.81
3.75 6.50 2.51 2.26 42.39 40.01 44.14 44.59
4.19 7.38 2.79 2.41 41.91 39.45 43.67 44.32
4.16 7.12 2.82 2.55 41.94 39.61 43.62 44.07
4.01 6.73 2.66 2.63 42.10 39.85 43.88 43.93
3.93 6.65 2.52 2.61 42.19 39.90 44.12 43.97
3.97 6.64 2.64 2.62 42.15 39.91 43.92 43.95
3.86 6.43 2.51 2.63 42.28 40.06 44.15 43.94
3.95 6.62 2.71 2.51 42.17 39.92 43.81 44.14
3.95 6.56 2.76 2.54 42.16 39.96 43.73 44.09
3.57 5.81 2.36 2.53 42.61 40.49 44.41 44.10
3.76 6.40 2.40 2.49 42.38 40.07 44.33 44.17
3.54 5.87 2.22 2.53 42.64 40.45 44.67 44.11
3.52 5.92 2.09 2.55 42.66 40.40 44.92 44.08
3.41 5.67 2.10 2.44 42.81 40.60 44.90 44.26
3.44 5.86 2.12 2.33 42.77 40.46 44.87 44.46
3.27 5.64 2.06 2.10 42.99 40.62 44.99 44.92
3.20 5.60 2.05 1.94 43.09 40.65 45.02 45.27
3.00 5.32 1.96 1.72 43.37 40.88 45.21 45.80
3.07 5.60 2.02 1.58 43.26 40.65 45.08 46.14
2.73 5.15 1.86 1.19 43.77 41.02 45.44 47.40
2.48 4.86 1.52 1.08 44.19 41.27 46.32 47.84
2.37 4.63 1.46 1.02 44.39 41.49 46.48 48.06
2.23 4.31 1.42 0.97 44.65 41.79 46.63 48.29
2.56 5.00 1.57 1.10 44.05 41.14 46.17 47.72
2.22 4.29 1.42 0.96 44.67 41.82 46.62 48.34
2.44 4.78 1.49 1.05 44.26 41.35 46.39 47.94
2.31 4.49 1.46 0.99 44.49 41.61 46.50 48.18
2.78 5.40 1.70 1.25 43.69 40.81 45.84 47.18
2.38 4.57 1.49 1.07 44.37 41.54 46.40 47.84
2.61 5.02 1.55 1.27 43.96 41.13 46.22 47.12
2.26 4.30 1.36 1.12 44.59 41.80 46.78 47.67
2.52 4.74 1.46 1.37 44.11 41.37 46.50 46.78
2.14 4.00 1.32 1.10 44.83 42.11 46.94 47.72
2.47 4.59 1.51 1.33 44.20 41.51 46.36 46.90
2.56 4.71 1.66 1.30 44.06 41.41 45.94 46.98
3.20 5.86 1.93 1.81 43.08 40.45 45.27 45.56
3.56 6.63 2.25 1.81 42.61 39.92 44.61 45.55
4.06 7.57 2.52 2.10 42.04 39.34 44.12 44.92
4.18 7.85 2.57 2.12 41.92 39.19 44.04 44.87
5.11 9.71 3.07 2.54 41.05 38.26 43.25 44.09
4.86 9.35 2.98 2.26 41.26 38.42 43.39 44.59
5.56 10.75 3.30 2.61 40.69 37.82 42.95 43.96
5.24 10.17 3.22 2.35 40.94 38.06 43.06 44.43
5.96 11.72 3.38 2.78 40.38 37.44 42.84 43.69
5.67 11.26 3.37 2.38 40.59 37.61 42.85 44.36
5.83 11.57 3.38 2.55 40.47 37.50 42.85 44.07
5.12 10.16 3.02 2.17 41.04 38.06 43.33 44.77
5.22 10.34 2.93 2.40 40.95 37.98 43.47 44.33
4.59 8.93 2.72 2.13 41.51 38.62 43.78 44.85
4.19 8.05 2.52 1.99 41.92 39.08 44.12 45.16
3.69 6.98 2.24 1.86 42.46 39.69 44.63 45.45
4.00 7.42 2.51 2.08 42.11 39.43 44.14 44.95
4.22 7.97 2.46 2.24 41.88 39.12 44.22 44.63
4.66 8.93 2.64 2.40 41.45 38.62 43.91 44.33
4.50 8.80 2.54 2.15 41.60 38.68 44.08 44.80
4.44 8.79 2.48 2.05 41.66 38.69 44.18 45.01
7.34 15.82 3.45 2.74 39.53 36.22 42.77 43.77
8.94 19.65 3.90 3.26 38.71 35.30 42.24 43.07
9.23 19.47 4.40 3.82 38.57 35.35 41.74 42.37
9.64 20.59 4.24 4.08 38.38 35.11 41.89 42.06
9.99 20.96 4.57 4.44 38.23 35.05 41.59 41.70
10.54 21.92 4.99 4.71 37.98 34.81 41.19 41.45
9.18 18.85 4.58 4.12 38.58 35.48 41.56 42.02
9.04 18.43 4.48 4.20 38.62 35.54 41.64 41.93
8.34 17.05 4.25 3.72 38.98 35.89 41.87 42.47
9.28 18.84 4.65 4.34 38.51 35.46 41.48 41.78
8.21 16.74 4.21 3.66 39.05 35.97 41.93 42.53
8.08 16.57 3.92 3.74 39.11 36.00 42.23 42.44
6.96 14.19 3.68 3.00 39.76 36.68 42.51 43.39
6.15 12.64 3.15 2.65 40.28 37.17 43.16 43.92
5.09 10.36 2.75 2.16 41.10 38.02 43.75 44.81
4.88 9.94 2.62 2.09 41.27 38.18 43.97 44.94
3.89 7.99 2.18 1.51 42.26 39.14 44.76 46.36
3.22 6.44 1.71 1.50 43.07 40.06 45.80 46.38
2.72 5.34 1.52 1.30 43.79 40.86 46.32 46.99
2.76 5.37 1.54 1.38 43.72 40.83 46.25 46.73
2.76 5.09 1.69 1.51 43.72 41.06 45.87 46.36
2.48 4.67 1.49 1.26 44.20 41.44 46.41 47.13
2.66 5.16 1.58 1.25 43.88 41.01 46.15 47.16
2.53 4.86 1.52 1.20 44.11 41.27 46.32 47.33
2.90 5.49 1.86 1.36 43.50 40.73 45.43 46.82
2.86 5.61 1.75 1.21 43.57 40.65 45.70 47.30
2.73 5.40 1.60 1.18 43.78 40.81 46.09 47.43
3.33 6.47 1.96 1.55 42.91 40.03 45.21 46.22
3.23 6.38 1.96 1.35 43.04 40.09 45.23 46.82
3.56 6.94 2.11 1.61 42.62 39.72 44.89 46.06
3.23 6.27 2.05 1.37 43.04 40.16 45.03 46.75
3.71 7.21 2.22 1.69 42.44 39.56 44.66 45.86
3.90 7.69 2.31 1.71 42.22 39.27 44.50 45.81
4.01 7.88 2.45 1.69 42.10 39.17 44.25 45.85
3.99 7.89 2.44 1.63 42.13 39.17 44.26 46.02
4.17 8.34 2.49 1.69 41.93 38.92 44.17 45.86
4.16 8.39 2.52 1.57 41.94 38.90 44.12 46.16
4.27 8.53 2.58 1.72 41.82 38.83 44.02 45.78
4.10 8.13 2.62 1.55 42.01 39.04 43.96 46.23
3.95 7.79 2.46 1.58 42.17 39.22 44.23 46.13
4.46 8.84 2.74 1.80 41.64 38.67 43.76 45.58
4.36 8.59 2.69 1.78 41.74 38.80 43.83 45.63
4.35 8.77 2.68 1.60 41.76 38.71 43.87 46.10
4.55 9.12 2.76 1.76 41.56 38.54 43.72 45.66
4.19 8.39 2.63 1.54 41.91 38.90 43.93 46.25
4.02 8.18 2.48 1.39 42.10 39.02 44.19 46.70
3.89 7.92 2.41 1.35 42.23 39.15 44.32 46.83
4.29 8.61 2.61 1.63 41.82 38.79 43.97 46.00
4.19 8.46 2.55 1.56 41.92 38.88 44.07 46.21
4.39 8.82 2.62 1.73 41.71 38.69 43.95 45.75
3.68 7.49 2.16 1.39 42.49 39.41 44.80 46.70
3.64 7.48 2.06 1.37 42.54 39.41 45.01 46.76
3.22 6.68 1.90 1.09 43.08 39.92 45.36 47.76
3.35 6.94 1.97 1.14 42.89 39.73 45.20 47.55
3.34 6.89 2.05 1.10 42.89 39.76 45.02 47.72
3.49 7.21 2.08 1.17 42.72 39.57 44.96 47.44
3.30 6.79 1.96 1.16 42.95 39.83 45.21 47.50
3.70 7.53 2.14 1.44 42.45 39.38 44.82 46.55
3.90 7.92 2.27 1.49 42.24 39.16 44.57 46.40
3.92 8.05 2.28 1.43 42.21 39.08 44.56 46.57
3.68 7.50 2.19 1.34 42.48 39.38 44.72 46.88
3.70 7.73 2.21 1.17 42.45 39.26 44.68 47.46
3.44 7.28 2.00 1.06 42.76 39.51 45.13 47.89
3.22 6.86 1.91 0.90 43.05 39.77 45.32 48.61
3.07 6.48 1.85 0.87 43.27 40.02 45.45 48.75
3.28 6.87 1.89 1.09 42.97 39.77 45.38 47.75
3.18 6.45 1.87 1.22 43.11 40.04 45.41 47.29
3.35 6.79 1.92 1.33 42.89 39.81 45.31 46.90
3.40 6.82 2.01 1.35 42.83 39.80 45.09 46.84
3.23 6.52 1.96 1.23 43.04 39.99 45.23 47.23
3.38 6.88 2.02 1.24 42.85 39.76 45.08 47.20
3.33 6.80 1.98 1.21 42.91 39.81 45.17 47.30
3.29 6.66 1.96 1.26 42.95 39.90 45.21 47.14
3.19 6.46 1.92 1.19 43.10 40.04 45.31 47.39
3.19 6.45 1.89 1.24 43.09 40.04 45.36 47.20
2.82 5.57 1.74 1.14 43.64 40.67 45.72 47.58
2.75 5.37 1.71 1.16 43.74 40.84 45.79 47.49
2.78 5.35 1.78 1.20 43.70 40.85 45.64 47.33
3.07 5.89 1.90 1.40 43.27 40.44 45.34 46.66
2.86 5.43 1.88 1.28 43.57 40.79 45.40 47.07
2.78 5.23 1.81 1.30 43.69 40.95 45.54 46.98
2.76 5.17 1.75 1.37 43.72 41.00 45.70 46.77
3.08 5.81 1.86 1.55 43.26 40.49 45.43 46.23
2.85 5.40 1.77 1.38 43.58 40.81 45.67 46.73
2.81 5.38 1.74 1.32 43.65 40.83 45.72 46.94
2.85 5.52 1.80 1.24 43.58 40.71 45.59 47.21
3.30 6.37 2.00 1.53 42.94 40.09 45.12 46.28
3.16 6.00 2.03 1.45 43.14 40.36 45.06 46.51
3.10 5.82 1.94 1.55 43.22 40.49 45.26 46.23
3.20 6.13 1.95 1.53 43.08 40.26 45.24 46.28
3.27 6.03 2.08 1.70 42.99 40.33 44.96 45.82
3.08 5.76 1.99 1.49 43.25 40.52 45.14 46.42
3.00 5.60 1.88 1.52 43.36 40.65 45.40 46.31
2.76 5.20 1.75 1.34 43.71 40.97 45.70 46.85
3.22 6.18 1.98 1.50 43.05 40.22 45.16 46.38
3.01 5.83 1.89 1.32 43.35 40.48 45.37 46.94
3.20 6.24 1.97 1.39 43.08 40.18 45.18 46.70
3.35 6.67 2.05 1.34 42.88 39.90 45.01 46.87
3.59 7.18 2.17 1.43 42.58 39.57 44.77 46.58
3.33 6.65 2.06 1.28 42.91 39.91 45.00 47.06
3.40 6.71 2.13 1.37 42.82 39.87 44.85 46.78
3.70 7.38 2.30 1.42 42.46 39.46 44.53 46.62
3.91 7.71 2.46 1.58 42.21 39.26 44.23 46.16
3.68 7.25 2.33 1.46 42.47 39.53 44.46 46.50
3.92 7.80 2.34 1.62 42.20 39.21 44.43 46.03
3.69 7.29 2.33 1.45 42.47 39.51 44.47 46.52
3.64 7.17 2.24 1.51 42.52 39.58 44.62 46.35
3.32 6.57 2.03 1.37 42.92 39.96 45.07 46.75
3.40 6.78 1.98 1.42 42.83 39.82 45.17 46.60
2.93 5.80 1.78 1.20 43.47 40.50 45.62 47.35
3.14 6.21 1.90 1.29 43.17 40.20 45.35 47.02
3.27 6.56 1.88 1.39 42.98 39.96 45.39 46.71
3.05 6.22 1.70 1.24 43.28 40.20 45.82 47.19
3.16 6.41 1.81 1.25 43.14 40.07 45.56 47.15
3.28 6.69 1.87 1.28 42.97 39.88 45.41 47.07
3.31 6.67 1.87 1.38 42.94 39.89 45.42 46.72
3.06 6.09 1.82 1.27 43.28 40.28 45.54 47.08
3.02 5.87 1.82 1.36 43.33 40.45 45.53 46.78
3.28 6.43 1.94 1.48 42.97 40.05 45.26 46.44
3.42 6.83 2.03 1.42 42.79 39.79 45.06 46.60
3.07 6.10 1.95 1.17 43.25 40.28 45.23 47.45
2.88 5.68 1.79 1.16 43.54 40.59 45.60 47.49
3.14 6.22 1.95 1.24 43.17 40.19 45.23 47.19
2.64 5.33 1.61 0.98 43.92 40.86 46.06 48.21
2.83 5.88 1.68 0.94 43.61 40.44 45.88 48.42
2.73 5.61 1.64 0.93 43.77 40.65 45.98 48.43
2.70 5.62 1.55 0.93 43.82 40.64 46.22 48.45
2.99 6.33 1.69 0.93 43.39 40.13 45.84 48.43
2.79 5.99 1.56 0.82 43.68 40.37 46.20 49.00
2.64 5.74 1.49 0.70 43.93 40.56 46.42 49.69
2.38 5.17 1.39 0.59 44.37 41.01 46.71 50.43
2.50 5.34 1.46 0.69 44.18 40.88 46.49 49.77
2.78 5.84 1.58 0.90 43.70 40.47 46.14 48.58
3.08 6.42 1.79 1.04 43.25 40.06 45.60 47.98
3.57 7.33 1.99 1.38 42.61 39.48 45.15 46.74
3.93 7.96 2.38 1.46 42.19 39.13 44.37 46.49
3.98 8.07 2.38 1.50 42.13 39.07 44.37 46.38
4.04 8.25 2.43 1.43 42.07 38.97 44.27 46.59
4.14 8.51 2.40 1.51 41.96 38.83 44.33 46.34
3.71 7.55 2.23 1.35 42.44 39.35 44.65 46.82
3.73 7.58 2.20 1.42 42.41 39.34 44.71 46.60
3.69 7.58 2.15 1.34 42.46 39.33 44.80 46.86
3.67 7.52 2.16 1.34 42.48 39.37 44.79 46.88
3.54 7.37 2.06 1.21 42.64 39.46 44.99 47.31
3.48 7.22 1.95 1.26 42.73 39.55 45.23 47.13
3.27 6.73 1.85 1.22 42.99 39.85 45.47 47.27
3.53 7.23 2.02 1.34 42.65 39.54 45.07 46.85
3.74 7.58 2.13 1.53 42.40 39.34 44.85 46.28
3.34 6.73 1.95 1.33 42.90 39.85 45.24 46.90
3.84 7.76 2.16 1.59 42.29 39.23 44.78 46.11
3.65 7.44 2.09 1.41 42.51 39.41 44.92 46.63
4.09 8.32 2.30 1.65 42.01 38.93 44.51 45.96
3.77 7.60 2.19 1.52 42.37 39.32 44.74 46.32
4.21 8.44 2.50 1.67 41.89 38.87 44.15 45.89
3.75 7.47 2.24 1.54 42.39 39.40 44.63 46.25
4.23 8.41 2.52 1.74 41.88 38.88 44.12 45.72
3.78 7.55 2.23 1.57 42.35 39.35 44.65 46.17
3.94 7.80 2.35 1.67 42.18 39.21 44.42 45.91
3.57 7.14 2.09 1.50 42.60 39.60 44.93 46.37
3.81 7.60 2.24 1.60 42.32 39.33 44.63 46.10
3.15 6.41 1.85 1.18 43.16 40.07 45.47 47.41
3.23 6.65 1.88 1.16 43.04 39.90 45.38 47.49
2.82 5.87 1.64 0.95 43.64 40.45 46.00 48.36
3.21 6.65 1.84 1.13 43.07 39.91 45.48 47.61
2.94 6.13 1.75 0.95 43.45 40.26 45.70 48.36
3.34 6.79 2.11 1.11 42.90 39.81 44.89 47.68
3.11 6.35 1.97 1.02 43.20 40.11 45.18 48.05
3.69 7.42 2.35 1.32 42.46 39.43 44.42 46.94
3.52 7.08 2.23 1.25 42.67 39.64 44.64 47.17
3.90 7.89 2.45 1.37 42.22 39.17 44.25 46.78
4.04 8.06 2.59 1.48 42.07 39.07 43.99 46.44
3.66 7.42 2.32 1.25 42.49 39.43 44.48 47.15
3.75 7.63 2.32 1.28 42.41 39.31 44.49 47.06
3.35 6.90 2.08 1.08 42.88 39.75 44.96 47.80
3.52 7.11 2.20 1.24 42.67 39.62 44.72 47.19
3.06 6.27 1.91 1.00 43.28 40.17 45.33 48.14
3.08 6.32 1.85 1.06 43.25 40.13 45.47 47.88
2.76 5.77 1.64 0.87 43.72 40.52 45.97 48.73
3.18 6.79 1.89 0.88 43.11 39.82 45.38 48.71
3.17 6.71 1.91 0.87 43.13 39.86 45.32 48.73
3.32 6.94 2.00 1.01 42.93 39.72 45.13 48.07
3.64 7.49 2.19 1.25 42.52 39.39 44.72 47.16
3.64 7.48 2.29 1.16 42.52 39.40 44.54 47.48
3.48 7.17 2.06 1.20 42.72 39.59 44.99 47.35
2.92 5.95 1.81 1.01 43.47 40.39 45.55 48.08
2.70 5.45 1.71 0.93 43.82 40.77 45.79 48.43
2.78 5.64 1.70 1.01 43.69 40.62 45.82 48.08
2.50 5.10 1.49 0.93 44.15 41.06 46.41 48.47
2.36 4.78 1.44 0.88 44.39 41.34 46.55 48.70
2.55 5.10 1.54 1.01 44.07 41.06 46.25 48.10
2.64 5.32 1.57 1.03 43.92 40.88 46.18 47.99
3.03 6.20 1.78 1.13 43.32 40.22 45.64 47.61
3.22 6.55 1.90 1.20 43.06 39.97 45.34 47.35
3.44 7.10 2.03 1.19 42.77 39.62 45.06 47.39
3.43 7.15 1.99 1.15 42.78 39.59 45.14 47.53
3.33 6.91 1.96 1.11 42.91 39.74 45.21 47.67
2.93 6.14 1.74 0.91 43.47 40.25 45.72 48.56
3.25 6.93 1.89 0.92 43.02 39.72 45.38 48.49
3.16 6.65 1.94 0.90 43.13 39.91 45.26 48.58
3.06 6.48 1.83 0.87 43.27 40.01 45.51 48.76
3.33 7.07 1.98 0.92 42.92 39.64 45.18 48.47
3.72 7.86 2.18 1.13 42.42 39.18 44.75 47.59
3.60 7.41 2.20 1.17 42.58 39.44 44.70 47.44
3.70 7.63 2.24 1.24 42.44 39.30 44.62 47.22
3.79 7.67 2.38 1.31 42.35 39.28 44.37 46.96
3.95 7.92 2.40 1.53 42.16 39.14 44.33 46.27
3.55 7.06 2.22 1.36 42.64 39.65 44.67 46.80
3.56 7.16 2.18 1.35 42.61 39.59 44.74 46.83
3.71 7.45 2.28 1.41 42.43 39.41 44.56 46.63
3.98 7.97 2.49 1.49 42.13 39.12 44.16 46.41
3.59 7.13 2.27 1.36 42.58 39.60 44.56 46.79
3.38 6.70 2.13 1.30 42.85 39.87 44.85 46.98
3.13 6.20 2.02 1.17 43.18 40.22 45.09 47.46
3.15 6.38 1.92 1.16 43.15 40.08 45.30 47.50
2.68 5.38 1.68 0.98 43.85 40.83 45.88 48.21
2.47 4.99 1.49 0.94 44.20 41.15 46.40 48.42
2.31 4.56 1.47 0.91 44.49 41.55 46.46 48.53
2.35 4.65 1.47 0.94 44.42 41.47 46.48 48.39
2.12 4.19 1.34 0.82 44.88 41.91 46.86 49.01
2.00 4.01 1.25 0.75 45.12 42.11 47.18 49.37
2.09 4.17 1.32 0.79 44.93 41.94 46.93 49.17
2.28 4.53 1.43 0.87 44.56 41.57 46.58 48.75
2.24 4.42 1.44 0.86 44.63 41.68 46.56 48.79
2.26 4.37 1.50 0.90 44.60 41.73 46.37 48.58
2.27 4.40 1.47 0.95 44.58 41.72 46.46 48.36
2.31 4.46 1.48 0.99 44.50 41.64 46.42 48.17
2.39 4.39 1.53 1.24 44.36 41.71 46.29 47.19
2.51 4.47 1.58 1.49 44.15 41.64 46.17 46.42
2.75 4.81 1.63 1.82 43.74 41.32 46.03 45.55
2.98 4.99 1.82 2.12 43.40 41.16 45.53 44.89
3.26 5.39 2.12 2.27 43.00 40.82 44.87 44.58
3.55 5.83 2.36 2.47 42.64 40.49 44.42 44.22
3.73 6.19 2.49 2.53 42.41 40.22 44.18 44.11
3.41 5.61 2.23 2.39 42.80 40.64 44.64 44.35
3.57 5.98 2.28 2.46 42.60 40.37 44.54 44.23
3.62 6.11 2.37 2.40 42.54 40.27 44.39 44.34
3.26 5.56 2.07 2.14 43.00 40.69 44.98 44.82
3.01 5.19 1.82 2.01 43.35 40.99 45.53 45.10
2.81 4.92 1.72 1.79 43.65 41.22 45.77 45.61
2.76 4.79 1.73 1.76 43.73 41.33 45.76 45.68
2.95 5.25 1.87 1.73 43.44 40.93 45.42 45.76
2.80 4.83 1.81 1.77 43.65 41.30 45.55 45.64
3.10 5.21 2.19 1.90 43.21 40.96 44.72 45.34
3.30 5.48 2.32 2.09 42.95 40.75 44.48 44.92
3.59 5.91 2.52 2.34 42.58 40.41 44.12 44.44
3.77 6.16 2.70 2.44 42.37 40.24 43.82 44.26
3.95 6.55 2.78 2.51 42.17 39.97 43.69 44.14
3.71 6.07 2.52 2.53 42.44 40.30 44.11 44.10
3.50 5.66 2.44 2.39 42.69 40.60 44.25 44.35
3.81 6.15 2.64 2.64 42.32 40.24 43.91 43.91
3.80 6.21 2.51 2.67 42.34 40.20 44.14 43.86
4.04 6.70 2.80 2.62 42.06 39.87 43.66 43.95
3.54 5.75 2.53 2.36 42.64 40.54 44.10 44.41
3.50 5.71 2.33 2.46 42.69 40.57 44.46 44.22
3.39 5.46 2.32 2.39 42.83 40.76 44.48 44.34
3.18 5.15 2.08 2.30 43.11 41.01 44.95 44.52
3.05 4.92 1.91 2.33 43.28 41.21 45.32 44.46
3.21 5.22 2.04 2.37 43.07 40.95 45.04 44.38
3.20 5.26 2.06 2.26 43.09 40.92 44.98 44.59
3.09 5.12 2.09 2.05 43.24 41.04 44.93 45.02
2.86 4.72 1.96 1.90 43.57 41.39 45.20 45.34
2.70 4.55 1.89 1.66 43.82 41.56 45.37 45.92
2.78 4.88 1.94 1.51 43.70 41.24 45.26 46.34
2.51 4.48 1.80 1.26 44.13 41.61 45.59 47.13
2.01 3.70 1.34 0.98 45.10 42.45 46.85 48.23
1.77 3.33 1.18 0.81 45.64 42.90 47.42 49.07
1.93 3.56 1.30 0.93 45.28 42.61 46.99 48.47
1.92 3.54 1.32 0.91 45.29 42.64 46.92 48.56
1.94 3.59 1.31 0.92 45.25 42.58 46.94 48.52
2.13 4.01 1.39 0.99 44.84 42.10 46.70 48.16
2.18 3.86 1.54 1.13 44.77 42.29 46.28 47.62
2.02 3.63 1.41 1.01 45.09 42.54 46.65 48.09
2.01 3.64 1.43 0.98 45.09 42.53 46.59 48.23
1.83 3.29 1.28 0.91 45.51 42.96 47.05 48.54
1.94 3.47 1.29 1.04 45.27 42.73 47.01 47.96
1.70 3.02 1.15 0.92 45.84 43.33 47.54 48.49
1.75 3.09 1.16 1.01 45.69 43.23 47.49 48.07
1.76 3.10 1.18 0.99 45.69 43.22 47.42 48.19
2.21 3.84 1.56 1.23 44.68 42.28 46.18 47.23
2.62 4.76 1.76 1.35 43.95 41.36 45.68 46.82
2.98 5.45 1.95 1.52 43.39 40.77 45.22 46.31
3.51 6.54 2.27 1.74 42.67 39.98 44.58 45.73
4.10 7.58 2.61 2.10 42.01 39.33 43.97 44.90
4.54 8.59 2.88 2.14 41.56 38.79 43.54 44.82
4.68 8.77 2.97 2.31 41.43 38.70 43.41 44.50
4.65 8.94 2.86 2.15 41.46 38.62 43.56 44.81
5.28 10.11 3.23 2.48 40.91 38.08 43.05 44.19
5.08 9.81 3.09 2.35 41.07 38.22 43.23 44.43
4.86 9.55 2.96 2.06 41.27 38.33 43.42 44.98
5.48 10.72 3.30 2.41 40.75 37.83 42.95 44.32
4.61 8.99 2.81 2.01 41.50 38.59 43.64 45.10
4.82 9.42 2.95 2.09 41.30 38.39 43.44 44.94
4.21 8.23 2.60 1.80 41.89 38.98 43.98 45.58
4.27 8.24 2.65 1.91 41.83 38.97 43.90 45.33
3.45 6.45 2.23 1.68 42.76 40.04 44.66 45.89
3.70 6.67 2.45 1.96 42.45 39.89 44.23 45.20
3.77 6.96 2.39 1.97 42.36 39.70 44.34 45.20
4.29 7.81 2.70 2.35 41.81 39.20 43.81 44.42
4.11 7.83 2.45 2.06 41.99 39.19 44.25 44.99
4.22 8.03 2.55 2.07 41.88 39.08 44.07 44.98
4.08 7.63 2.48 2.14 42.02 39.30 44.19 44.83
3.99 7.60 2.35 1.99 42.13 39.32 44.41 45.14
4.31 8.02 2.65 2.26 41.78 39.09 43.90 44.58
4.46 8.15 2.60 2.62 41.64 39.02 43.98 43.95
4.25 7.67 2.48 2.59 41.85 39.28 44.19 43.99
4.26 7.79 2.62 2.37 41.84 39.21 43.95 44.38
4.63 8.46 2.82 2.62 41.47 38.86 43.63 43.95
4.50 8.24 2.72 2.55 41.59 38.97 43.78 44.07
4.85 8.71 3.01 2.83 41.28 38.73 43.35 43.62
4.46 8.07 2.77 2.54 41.63 39.06 43.70 44.07
3.90 7.21 2.39 2.10 42.22 39.56 44.34 44.91
3.95 7.28 2.43 2.13 42.16 39.51 44.27 44.83
3.87 7.17 2.44 2.00 42.25 39.57 44.26 45.12
3.44 6.38 2.22 1.72 42.76 40.08 44.66 45.79
3.06 5.67 1.99 1.51 43.28 40.60 45.13 46.34
2.95 5.45 1.94 1.45 43.44 40.77 45.25 46.52
2.71 5.00 1.73 1.39 43.80 41.14 45.75 46.69
2.18 4.00 1.40 1.15 44.74 42.11 46.68 47.52
1.91 3.52 1.24 0.96 45.33 42.67 47.20 48.30
2.04 3.78 1.33 1.02 45.04 42.36 46.90 48.07
1.71 3.14 1.10 0.88 45.81 43.17 47.70 48.70
1.81 3.29 1.19 0.96 45.55 42.96 47.39 48.32
1.86 3.52 1.16 0.91 45.45 42.68 47.51 48.57
1.96 3.65 1.24 1.00 45.21 42.52 47.21 48.14
1.81 3.39 1.16 0.86 45.57 42.83 47.50 48.76
2.07 3.90 1.32 1.00 44.97 42.23 46.92 48.13
2.22 4.22 1.40 1.04 44.67 41.88 46.67 47.94
2.62 4.95 1.64 1.27 43.94 41.18 45.97 47.10
2.63 4.95 1.68 1.24 43.94 41.18 45.88 47.19
2.80 5.20 1.82 1.37 43.66 40.97 45.52 46.76
2.95 5.55 1.90 1.40 43.43 40.69 45.35 46.67
3.03 5.76 1.96 1.38 43.32 40.53 45.22 46.74
3.07 5.92 1.97 1.33 43.26 40.40 45.20 46.91
3.24 6.21 2.09 1.44 43.02 40.20 44.93 46.55
3.22 6.18 2.09 1.38 43.06 40.22 44.93 46.73
3.23 6.35 2.06 1.29 43.04 40.10 45.00 47.03
3.63 7.18 2.27 1.45 42.53 39.57 44.57 46.52
3.47 6.83 2.23 1.35 42.73 39.79 44.66 46.83
3.64 7.07 2.37 1.50 42.52 39.64 44.39 46.38
3.47 6.70 2.26 1.47 42.72 39.87 44.60 46.46
3.78 7.37 2.39 1.58 42.36 39.46 44.35 46.14
3.78 7.35 2.38 1.60 42.36 39.47 44.36 46.10
3.81 7.40 2.47 1.57 42.32 39.44 44.21 46.16
3.65 7.18 2.32 1.45 42.51 39.57 44.48 46.52
3.64 7.18 2.36 1.38 42.52 39.57 44.40 46.73
3.28 6.43 2.17 1.26 42.97 40.05 44.78 47.13
3.08 6.13 1.97 1.12 43.25 40.26 45.18 47.62
3.31 6.55 2.11 1.26 42.94 39.97 44.90 47.12
3.47 6.89 2.17 1.33 42.73 39.75 44.76 46.88
3.66 7.31 2.25 1.42 42.50 39.49 44.61 46.62
3.18 6.42 1.98 1.14 43.11 40.06 45.17 47.59
3.13 6.36 1.84 1.20 43.17 40.09 45.49 47.34
3.03 6.23 1.78 1.07 43.32 40.19 45.62 47.84
3.03 6.18 1.88 1.03 43.32 40.22 45.39 48.02
3.19 6.50 1.96 1.10 43.10 40.00 45.22 47.72
3.24 6.66 2.00 1.05 43.03 39.90 45.12 47.91
3.38 6.83 2.08 1.22 42.84 39.78 44.95 47.26
3.35 6.60 2.12 1.33 42.88 39.93 44.87 46.88
3.79 7.51 2.34 1.52 42.34 39.37 44.43 46.31
3.78 7.50 2.31 1.53 42.36 39.38 44.50 46.29
3.35 6.74 2.05 1.26 42.88 39.85 45.01 47.11
3.46 7.09 2.15 1.13 42.75 39.63 44.80 47.61
3.16 6.43 1.99 1.05 43.14 40.05 45.13 47.91
2.80 5.78 1.82 0.79 43.66 40.51 45.53 49.14
2.73 5.64 1.73 0.80 43.78 40.61 45.75 49.11
2.78 5.75 1.70 0.89 43.69 40.53 45.83 48.64
2.96 5.99 1.81 1.09 43.41 40.35 45.56 47.76
2.93 5.70 1.88 1.23 43.46 40.57 45.40 47.25
2.79 5.48 1.78 1.10 43.68 40.74 45.63 47.73
2.68 5.27 1.71 1.06 43.85 40.91 45.80 47.89
3.25 6.16 2.20 1.38 43.03 40.24 44.73 46.75
2.90 5.56 1.94 1.20 43.51 40.68 45.26 47.36
2.58 4.91 1.76 1.07 44.02 41.22 45.68 47.84
2.82 5.38 1.88 1.20 43.63 40.82 45.39 47.37
2.48 4.71 1.70 1.02 44.19 41.40 45.83 48.04
2.49 4.69 1.65 1.13 44.17 41.42 45.95 47.61
2.17 4.06 1.47 0.97 44.78 42.05 46.45 48.27
2.21 4.09 1.47 1.08 44.68 42.02 46.47 47.79
2.14 3.90 1.48 1.04 44.83 42.22 46.44 47.98
2.32 4.21 1.58 1.18 44.47 41.89 46.14 47.43
2.06 3.77 1.45 0.97 44.99 42.37 46.53 48.25
2.19 3.88 1.50 1.19 44.72 42.24 46.36 47.37
2.06 3.74 1.36 1.08 44.99 42.41 46.79 47.79
2.29 4.23 1.47 1.17 44.53 41.87 46.46 47.44
2.06 3.80 1.36 1.00 45.01 42.33 46.79 48.13
2.20 4.07 1.45 1.06 44.71 42.03 46.51 47.88
2.15 4.01 1.42 1.03 44.80 42.10 46.60 48.01
2.38 4.41 1.54 1.19 44.36 41.69 46.24 47.37
2.17 3.96 1.41 1.12 44.78 42.15 46.66 47.62
2.35 4.20 1.56 1.28 44.42 41.90 46.18 47.06
2.41 4.44 1.58 1.20 44.32 41.66 46.15 47.34
2.71 5.07 1.68 1.38 43.80 41.08 45.89 46.73
2.57 4.81 1.60 1.31 44.03 41.31 46.09 46.96
2.77 5.20 1.72 1.38 43.71 40.97 45.77 46.74
2.97 5.63 1.85 1.45 43.40 40.62 45.47 46.53
3.16 6.06 1.97 1.44 43.14 40.30 45.18 46.55
2.91 5.61 1.83 1.29 43.49 40.64 45.52 47.01
3.05 5.95 1.90 1.29 43.29 40.38 45.34 47.05
3.16 6.22 1.99 1.27 43.13 40.19 45.14 47.08
3.36 6.64 2.08 1.36 42.87 39.91 44.95 46.79
3.13 6.09 1.98 1.30 43.18 40.28 45.16 46.98
3.02 6.01 1.90 1.15 43.33 40.34 45.34 47.52
3.44 6.74 2.20 1.37 42.77 39.85 44.70 46.76
3.17 6.31 1.97 1.24 43.11 40.13 45.18 47.19
3.45 6.72 2.18 1.45 42.75 39.86 44.75 46.52
3.05 5.93 1.95 1.26 43.29 40.40 45.24 47.12
3.31 6.42 2.11 1.39 42.94 40.05 44.89 46.69
3.00 5.83 1.88 1.30 43.36 40.48 45.38 46.99
2.95 5.69 1.84 1.33 43.43 40.58 45.49 46.91
2.60 5.06 1.62 1.12 43.98 41.09 46.03 47.65
3.00 5.77 1.88 1.36 43.36 40.52 45.40 46.78
2.60 5.09 1.60 1.10 43.99 41.06 46.09 47.73
2.98 5.83 1.82 1.28 43.39 40.47 45.53 47.05
2.84 5.59 1.74 1.18 43.60 40.66 45.72 47.43
3.13 6.14 1.89 1.35 43.18 40.25 45.36 46.84
2.70 5.28 1.65 1.15 43.82 40.90 45.94 47.53
2.97 5.83 1.84 1.26 43.40 40.48 45.49 47.14
2.85 5.47 1.81 1.27 43.59 40.75 45.57 47.09
3.13 6.05 1.91 1.42 43.18 40.31 45.32 46.61
3.31 6.58 1.97 1.39 42.93 39.95 45.18 46.70
