4.48 10.11 2.14 1.18 41.62 38.08 44.82 47.41
4.32 9.53 2.17 1.26 41.78 38.34 44.77 47.14
4.36 9.69 2.17 1.21 41.74 38.27 44.77 47.31
4.53 10.26 2.18 1.16 41.57 38.02 44.74 47.48
4.37 9.88 2.14 1.08 41.73 38.19 44.82 47.79
4.72 10.75 2.18 1.23 41.39 37.82 44.74 47.23
4.74 10.88 2.21 1.14 41.37 37.76 44.68 47.57
5.11 11.75 2.42 1.16 41.04 37.43 44.29 47.49
4.80 11.06 2.32 1.03 41.32 37.70 44.47 48.00
4.89 11.45 2.28 0.95 41.24 37.55 44.55 48.36
4.56 10.62 2.15 0.90 41.54 37.87 44.80 48.57
4.75 11.04 2.18 1.04 41.36 37.70 44.74 47.97
4.80 11.03 2.28 1.10 41.32 37.71 44.54 47.71
5.44 12.48 2.46 1.38 40.78 37.17 44.23 46.71
5.27 11.80 2.46 1.54 40.92 37.41 44.22 46.26
6.22 13.81 3.00 1.85 40.19 36.73 43.35 45.45
6.10 13.63 3.00 1.66 40.28 36.78 43.36 45.93
5.65 12.86 2.68 1.42 40.61 37.04 43.86 46.60
5.97 13.69 2.76 1.47 40.37 36.77 43.72 46.45
5.51 12.51 2.63 1.38 40.72 37.15 43.93 46.74
5.89 13.39 2.78 1.53 40.43 36.87 43.70 46.30
5.55 12.72 2.58 1.34 40.69 37.09 44.01 46.85
5.84 13.29 2.71 1.52 40.46 36.90 43.79 46.30
5.03 11.55 2.39 1.16 41.12 37.51 44.34 47.49
5.31 12.03 2.45 1.43 40.88 37.33 44.22 46.58
5.04 11.44 2.34 1.35 41.11 37.55 44.44 46.82
5.38 12.19 2.46 1.46 40.82 37.27 44.21 46.48
5.60 12.56 2.60 1.65 40.65 37.14 43.98 45.95
5.07 11.27 2.46 1.47 41.09 37.62 44.23 46.45
5.45 12.02 2.61 1.73 40.76 37.34 43.96 45.76
5.15 11.25 2.57 1.62 41.04 37.67 44.03 46.03
5.44 11.87 2.59 1.84 40.81 37.44 44.00 45.49
5.25 11.37 2.65 1.74 40.96 37.63 43.91 45.73
5.39 11.62 2.68 1.88 40.85 37.54 43.86 45.39
5.23 11.13 2.75 1.80 40.97 37.71 43.74 45.58
5.53 11.85 2.77 1.98 40.74 37.45 43.71 45.18
5.00 10.63 2.62 1.73 41.18 37.92 43.95 45.76
4.90 10.42 2.48 1.81 41.27 38.01 44.21 45.57
4.74 10.09 2.42 1.72 41.38 38.12 44.28 45.77
4.83 10.44 2.40 1.66 41.31 37.98 44.32 45.93
4.11 8.93 2.15 1.27 42.02 38.67 44.82 47.12
3.98 8.76 2.01 1.15 42.17 38.76 45.11 47.52
3.90 8.53 2.03 1.12 42.26 38.86 45.06 47.65
4.22 9.30 2.10 1.26 41.90 38.48 44.92 47.14
3.97 8.82 2.02 1.08 42.18 38.73 45.09 47.79
4.31 9.43 2.30 1.20 41.82 38.44 44.52 47.34
4.50 9.67 2.58 1.23 41.63 38.32 44.02 47.23
4.98 10.65 2.78 1.51 41.19 37.90 43.71 46.33
4.99 10.84 2.71 1.42 41.20 37.85 43.81 46.63
4.81 10.35 2.68 1.40 41.36 38.06 43.86 46.69
5.34 11.47 2.94 1.62 40.90 37.60 43.46 46.05
5.07 11.04 2.82 1.35 41.14 37.79 43.65 46.82
5.23 11.41 2.75 1.55 41.00 37.63 43.77 46.26
4.85 10.67 2.61 1.27 41.33 37.93 43.98 47.11
4.65 10.17 2.56 1.23 41.50 38.12 44.06 47.25
4.91 10.78 2.62 1.32 41.28 37.88 43.97 46.95
4.39 9.71 2.27 1.18 41.75 38.31 44.58 47.40
4.15 9.43 2.08 0.93 42.01 38.45 44.96 48.48
4.73 10.65 2.48 1.05 41.44 37.93 44.21 47.93
4.62 10.31 2.51 1.05 41.54 38.08 44.16 47.93
3.96 8.50 2.18 1.21 42.16 38.84 44.76 47.31
4.73 10.27 2.59 1.35 41.38 38.02 43.99 46.84
4.16 8.98 2.30 1.20 41.94 38.61 44.51 47.33
4.18 9.04 2.19 1.30 41.92 38.57 44.71 46.99
3.56 7.61 1.97 1.10 42.62 39.32 45.19 47.71
3.51 7.41 2.01 1.11 42.68 39.44 45.10 47.68
3.58 7.57 1.97 1.19 42.60 39.34 45.18 47.37
3.41 7.18 1.90 1.16 42.80 39.57 45.35 47.50
2.99 6.25 1.69 1.02 43.38 40.17 45.85 48.05
3.41 7.16 1.86 1.22 42.80 39.58 45.43 47.25
3.62 7.72 1.92 1.20 42.55 39.25 45.31 47.32
3.68 7.92 1.94 1.18 42.48 39.15 45.25 47.41
3.81 8.22 2.02 1.18 42.33 38.99 45.09 47.42
4.46 9.66 2.41 1.30 41.64 38.28 44.31 46.99
4.38 9.60 2.29 1.26 41.72 38.31 44.55 47.12
4.12 9.14 2.14 1.07 41.99 38.53 44.84 47.83
3.82 8.53 2.02 0.92 42.31 38.83 45.09 48.49
3.83 8.48 2.07 0.92 42.31 38.85 44.97 48.50
3.78 8.43 2.05 0.86 42.36 38.88 45.04 48.78
4.11 9.18 2.14 1.00 42.00 38.51 44.82 48.15
3.99 8.88 2.17 0.93 42.12 38.65 44.77 48.46
4.09 9.10 2.18 0.97 42.02 38.54 44.75 48.26
4.62 10.03 2.44 1.40 41.49 38.12 44.26 46.68
4.22 9.10 2.32 1.25 41.88 38.54 44.49 47.17
4.44 9.52 2.48 1.32 41.66 38.35 44.20 46.92
4.12 8.65 2.31 1.41 41.98 38.77 44.49 46.62
4.46 9.42 2.43 1.53 41.64 38.39 44.27 46.29
4.19 8.83 2.29 1.45 41.91 38.67 44.54 46.51
4.28 8.99 2.33 1.50 41.83 38.59 44.46 46.37
4.25 9.02 2.39 1.36 41.84 38.58 44.34 46.80
4.41 9.37 2.40 1.45 41.69 38.42 44.33 46.52
3.97 8.43 2.23 1.26 42.14 38.87 44.65 47.13
3.95 8.44 2.15 1.28 42.16 38.87 44.82 47.08
3.54 7.61 1.91 1.11 42.64 39.32 45.33 47.67
3.49 7.54 1.82 1.11 42.70 39.36 45.52 47.67
3.02 6.53 1.58 0.96 43.32 39.98 46.14 48.30
2.99 6.42 1.55 1.01 43.37 40.06 46.23 48.09
2.75 5.86 1.51 0.87 43.74 40.45 46.34 48.72
2.74 5.86 1.47 0.88 43.76 40.45 46.46 48.67
2.51 5.48 1.34 0.73 44.12 40.75 46.84 49.52
2.69 5.78 1.44 0.84 43.84 40.51 46.54 48.89
2.65 5.64 1.49 0.80 43.91 40.62 46.40 49.08
3.03 6.52 1.60 0.97 43.32 39.99 46.09 48.28
2.92 6.06 1.70 1.00 43.48 40.30 45.83 48.13
3.11 6.34 1.77 1.22 43.20 40.11 45.65 47.27
3.45 6.93 1.94 1.47 42.76 39.73 45.27 46.47
3.74 7.32 2.02 1.89 42.40 39.49 45.07 45.39
4.36 8.01 2.23 2.83 41.76 39.11 44.66 43.64
5.25 9.41 2.59 3.74 40.94 38.41 44.00 42.43
5.35 9.33 2.68 4.04 40.86 38.45 43.85 42.11
6.13 10.59 3.69 4.10 40.28 37.91 42.48 42.04
6.75 11.67 3.79 4.78 39.86 37.48 42.35 41.36
6.81 11.84 3.92 4.68 39.82 37.42 42.21 41.46
6.64 11.73 3.86 4.34 39.93 37.46 42.27 41.78
6.28 11.10 3.57 4.18 40.17 37.70 42.62 41.95
6.46 11.30 3.46 4.60 40.05 37.62 42.75 41.53
6.28 11.10 3.18 4.56 40.17 37.69 43.11 41.57
6.00 10.66 2.92 4.42 40.37 37.87 43.49 41.72
6.01 10.87 2.95 4.22 40.36 37.78 43.44 41.92
5.85 10.61 2.84 4.12 40.47 37.89 43.60 42.02
5.81 10.59 3.14 3.71 40.52 37.91 43.18 42.47
5.75 10.38 3.14 3.72 40.57 38.00 43.19 42.48
6.21 10.79 3.78 4.06 40.24 37.84 42.38 42.09
6.69 11.58 4.02 4.48 39.91 37.53 42.11 41.67
6.27 10.98 3.62 4.22 40.19 37.76 42.56 41.92
6.82 11.81 3.58 5.07 39.81 37.42 42.59 41.13
6.90 11.99 3.86 4.86 39.76 37.36 42.26 41.31
6.07 10.28 3.35 4.58 40.32 38.03 42.89 41.57
6.26 11.13 3.66 3.98 40.19 37.70 42.51 42.14
6.37 10.90 3.58 4.64 40.11 37.78 42.59 41.51
6.05 10.49 3.30 4.34 40.33 37.94 42.94 41.81
6.32 10.52 3.45 4.98 40.15 37.94 42.76 41.20
6.15 10.44 3.73 4.29 40.26 37.97 42.41 41.85
5.88 9.46 3.25 4.93 40.45 38.39 43.01 41.24
5.58 9.12 3.07 4.55 40.68 38.54 43.26 41.60
5.89 9.70 3.37 4.61 40.45 38.28 42.87 41.54
5.38 8.95 2.99 4.18 40.84 38.62 43.37 41.94
5.12 8.44 2.72 4.21 41.06 38.88 43.80 41.94
5.40 9.28 2.90 4.03 40.82 38.47 43.50 42.13
5.54 9.39 3.16 4.08 40.71 38.42 43.15 42.07
4.20 7.07 2.51 3.03 41.90 39.64 44.14 43.35
4.25 7.16 2.66 2.91 41.86 39.59 43.89 43.53
3.64 6.43 2.46 2.04 42.52 40.05 44.22 45.06
3.42 6.41 2.24 1.59 42.80 40.06 44.63 46.12
2.62 5.14 1.62 1.09 43.95 41.02 46.05 47.75
2.76 5.44 1.59 1.24 43.72 40.77 46.10 47.19
2.58 5.10 1.56 1.07 44.02 41.05 46.21 47.85
2.59 5.03 1.57 1.15 44.01 41.11 46.17 47.51
2.51 4.91 1.59 1.03 44.14 41.22 46.12 48.00
2.78 5.47 1.68 1.20 43.69 40.75 45.89 47.33
2.44 4.72 1.50 1.09 44.27 41.39 46.37 47.76
2.54 4.92 1.58 1.14 44.07 41.21 46.16 47.57
2.42 4.68 1.54 1.06 44.28 41.43 46.27 47.88
2.73 5.26 1.62 1.32 43.77 40.93 46.05 46.91
2.38 4.54 1.44 1.17 44.36 41.56 46.55 47.44
2.32 4.37 1.34 1.25 44.47 41.73 46.85 47.16
2.24 4.17 1.36 1.18 44.63 41.93 46.79 47.40
2.82 5.40 1.63 1.42 43.63 40.80 46.01 46.61
3.32 6.42 2.01 1.52 42.92 40.05 45.09 46.30
4.21 8.50 2.21 1.94 41.88 38.84 44.70 45.24
6.25 12.58 3.47 2.69 40.17 37.14 42.73 43.83
7.12 14.39 3.86 3.11 39.61 36.55 42.26 43.19
7.68 15.48 4.22 3.34 39.28 36.23 41.88 42.89
9.36 19.04 4.89 4.16 38.42 35.33 41.24 41.95
9.55 19.89 4.86 3.91 38.33 35.14 41.26 42.21
10.41 21.57 5.41 4.26 37.95 34.79 40.80 41.84
9.16 19.32 4.76 3.39 38.51 35.27 41.35 42.82
10.73 22.30 5.63 4.27 37.82 34.65 40.62 41.83
10.50 22.21 5.56 3.72 37.92 34.66 40.68 42.43
10.96 22.94 5.68 4.26 37.73 34.53 40.59 41.83
9.39 20.00 4.75 3.43 38.40 35.12 41.36 42.78
9.95 20.90 4.99 3.98 38.15 34.93 41.15 42.14
8.77 18.67 4.26 3.38 38.70 35.42 41.83 42.84
8.69 17.95 4.43 3.69 38.74 35.59 41.67 42.46
7.47 15.60 3.75 3.05 39.40 36.20 42.39 43.29
8.88 17.69 4.81 4.14 38.65 35.65 41.31 41.96
8.96 18.45 4.33 4.10 38.61 35.47 41.77 42.01
9.90 20.63 4.85 4.23 38.17 34.99 41.28 41.87
10.30 21.79 4.94 4.19 38.00 34.75 41.20 41.91
9.60 20.59 4.28 3.92 38.31 34.99 41.82 42.20
8.01 17.20 3.80 3.03 39.09 35.78 42.34 43.31
9.39 19.99 4.26 3.90 38.40 35.12 41.83 42.21
10.24 21.80 4.64 4.27 38.03 34.74 41.46 41.83
10.41 22.49 4.42 4.31 37.96 34.61 41.68 41.78
10.94 23.20 4.86 4.75 37.74 34.48 41.26 41.37
11.19 23.40 5.36 4.80 37.65 34.44 40.83 41.32
10.05 20.76 4.81 4.57 38.11 34.96 41.31 41.53
10.29 21.13 4.89 4.84 38.01 34.88 41.24 41.28
8.91 18.37 4.31 4.05 38.63 35.49 41.78 42.05
9.23 19.21 4.31 4.16 38.48 35.29 41.79 41.94
9.35 19.15 4.50 4.38 38.43 35.31 41.60 41.71
8.32 17.17 4.03 3.75 38.93 35.78 42.08 42.38
7.24 14.82 3.70 3.20 39.54 36.43 42.45 43.09
6.12 12.56 3.07 2.72 40.27 37.14 43.26 43.79
5.72 11.66 2.97 2.51 40.56 37.47 43.39 44.14
4.66 9.62 2.42 1.95 41.45 38.31 44.29 45.23
3.90 7.95 2.18 1.59 42.21 39.12 44.75 46.11
3.21 6.40 1.73 1.47 43.08 40.07 45.74 46.46
3.02 5.86 1.66 1.54 43.33 40.45 45.92 46.24
2.56 5.00 1.44 1.24 44.06 41.14 46.55 47.22
2.19 4.20 1.34 1.03 44.73 41.89 46.88 47.99
2.57 5.01 1.44 1.26 44.03 41.13 46.53 47.13
2.42 4.82 1.43 1.01 44.30 41.31 46.59 48.11
2.53 4.98 1.48 1.15 44.10 41.17 46.44 47.55
2.56 5.02 1.64 1.02 44.04 41.12 45.98 48.03
3.16 6.36 1.80 1.33 43.13 40.10 45.58 46.89
3.18 6.50 1.83 1.21 43.11 40.00 45.50 47.29
3.63 7.41 1.98 1.51 42.53 39.43 45.16 46.35
3.58 7.26 2.11 1.34 42.60 39.52 44.88 46.85
4.07 8.29 2.30 1.61 42.04 38.95 44.51 46.05
4.14 8.54 2.39 1.50 41.96 38.82 44.34 46.38
4.87 10.29 2.57 1.75 41.26 38.00 44.04 45.70
5.17 11.10 2.62 1.79 41.00 37.68 43.94 45.61
5.47 11.84 2.74 1.82 40.75 37.40 43.76 45.53
5.47 12.11 2.70 1.61 40.75 37.30 43.82 46.07
5.23 11.73 2.55 1.41 40.94 37.43 44.05 46.64
5.70 12.73 2.78 1.59 40.57 37.08 43.69 46.12
5.38 12.06 2.68 1.40 40.82 37.32 43.84 46.66
5.98 13.33 2.97 1.65 40.36 36.88 43.41 45.96
6.14 13.69 2.94 1.79 40.25 36.77 43.45 45.60
6.31 14.07 3.05 1.82 40.13 36.65 43.29 45.52
6.19 13.74 3.07 1.75 40.21 36.75 43.25 45.69
6.46 14.28 3.33 1.76 40.03 36.59 42.91 45.68
6.54 14.57 3.25 1.82 39.97 36.50 43.01 45.55
6.28 14.00 3.11 1.74 40.15 36.67 43.20 45.73
6.42 14.52 3.08 1.65 40.06 36.51 43.25 45.97
6.26 14.18 3.05 1.57 40.16 36.62 43.29 46.19
6.08 13.67 3.02 1.55 40.30 36.78 43.33 46.23
6.71 15.14 3.17 1.82 39.86 36.33 43.11 45.53
5.92 13.48 2.82 1.48 40.40 36.83 43.63 46.42
5.85 13.31 2.72 1.51 40.46 36.89 43.78 46.33
5.75 13.42 2.47 1.35 40.54 36.86 44.20 46.83
5.49 12.86 2.41 1.22 40.73 37.04 44.32 47.28
5.08 11.79 2.33 1.13 41.07 37.42 44.46 47.61
5.34 12.18 2.53 1.29 40.86 37.27 44.10 47.01
5.58 12.85 2.61 1.29 40.67 37.04 43.97 47.04
5.34 12.28 2.39 1.34 40.86 37.24 44.35 46.85
5.81 13.28 2.57 1.57 40.49 36.90 44.04 46.17
5.84 13.14 2.75 1.62 40.47 36.95 43.74 46.04
5.87 13.34 2.69 1.59 40.44 36.88 43.83 46.11
5.21 11.66 2.61 1.35 40.96 37.46 43.96 46.83
5.71 13.06 2.78 1.28 40.56 36.97 43.69 47.04
5.65 13.09 2.61 1.24 40.61 36.96 43.96 47.21
5.51 12.88 2.59 1.05 40.72 37.03 44.00 47.91
5.26 12.16 2.50 1.12 40.92 37.28 44.15 47.63
5.41 12.38 2.52 1.34 40.80 37.21 44.12 46.85
5.47 12.14 2.69 1.56 40.76 37.29 43.82 46.20
5.71 12.90 2.69 1.56 40.56 37.03 43.84 46.21
5.39 12.01 2.61 1.56 40.81 37.34 43.97 46.20
5.45 12.34 2.58 1.43 40.77 37.22 44.02 46.59
6.06 13.24 3.06 1.89 40.30 36.91 43.27 45.37
5.25 11.55 2.70 1.50 40.93 37.50 43.81 46.37
5.45 11.80 2.78 1.76 40.77 37.41 43.68 45.68
5.16 11.35 2.63 1.51 41.00 37.58 43.94 46.34
4.93 10.74 2.50 1.53 41.21 37.82 44.15 46.28
4.34 9.41 2.24 1.38 41.75 38.39 44.63 46.72
3.97 8.47 2.12 1.33 42.14 38.85 44.87 46.90
4.25 8.98 2.25 1.53 41.85 38.60 44.60 46.29
3.60 7.51 1.96 1.33 42.57 39.37 45.21 46.88
3.45 6.96 2.03 1.36 42.76 39.71 45.07 46.79
3.23 6.49 1.92 1.29 43.04 40.01 45.31 47.04
3.48 6.88 1.99 1.56 42.72 39.76 45.14 46.19
3.08 6.03 1.81 1.40 43.25 40.33 45.56 46.66
3.21 6.30 1.89 1.43 43.07 40.14 45.37 46.57
3.08 6.17 1.83 1.24 43.25 40.23 45.50 47.21
3.56 7.21 2.00 1.47 42.62 39.55 45.12 46.46
3.20 6.42 1.88 1.29 43.08 40.06 45.39 47.02
3.52 7.00 2.08 1.47 42.67 39.68 44.95 46.48
3.39 6.72 2.01 1.45 42.83 39.86 45.11 46.50
4.20 8.50 2.29 1.81 41.90 38.84 44.53 45.57
3.59 7.16 2.08 1.55 42.57 39.58 44.96 46.23
3.85 7.79 2.21 1.55 42.28 39.22 44.69 46.22
4.35 8.80 2.43 1.83 41.75 38.69 44.28 45.51
4.16 8.48 2.36 1.65 41.94 38.86 44.40 45.97
4.44 9.24 2.41 1.67 41.66 38.48 44.31 45.91
4.33 9.17 2.32 1.50 41.77 38.52 44.49 46.38
4.27 9.17 2.23 1.39 41.83 38.52 44.64 46.69
5.17 11.18 2.69 1.63 41.00 37.65 43.84 46.01
4.81 10.39 2.48 1.55 41.32 37.97 44.19 46.22
4.65 10.08 2.42 1.45 41.46 38.10 44.29 46.51
4.86 10.47 2.51 1.62 41.27 37.94 44.14 46.05
5.04 10.78 2.73 1.61 41.11 37.81 43.76 46.07
5.41 11.47 2.96 1.81 40.80 37.55 43.41 45.55
5.24 11.07 2.98 1.68 40.94 37.70 43.39 45.89
4.86 10.37 2.65 1.56 41.27 37.98 43.90 46.19
5.18 11.05 2.75 1.73 41.00 37.71 43.73 45.76
4.38 9.21 2.47 1.45 41.73 38.50 44.21 46.51
4.49 9.55 2.42 1.49 41.62 38.34 44.29 46.39
4.12 8.78 2.16 1.41 41.99 38.70 44.78 46.63
4.56 9.72 2.42 1.54 41.55 38.26 44.29 46.25
3.94 8.48 2.11 1.24 42.17 38.86 44.88 47.19
4.11 8.81 2.13 1.39 42.00 38.69 44.86 46.71
3.88 8.37 2.04 1.24 42.24 38.91 45.04 47.20
4.58 9.99 2.31 1.43 41.53 38.14 44.49 46.58
4.05 8.88 2.06 1.21 42.07 38.66 45.00 47.32
4.19 9.16 2.11 1.29 41.92 38.53 44.89 47.01
3.85 8.36 1.98 1.21 42.28 38.92 45.16 47.30
4.49 9.76 2.27 1.43 41.62 38.25 44.57 46.59
4.15 8.94 2.18 1.32 41.96 38.64 44.74 46.93
4.56 10.03 2.28 1.37 41.56 38.14 44.56 46.77
4.51 9.93 2.36 1.24 41.59 38.16 44.40 47.21
4.65 10.36 2.28 1.32 41.46 37.98 44.54 46.94
4.22 9.38 2.14 1.16 41.87 38.41 44.83 47.47
4.23 9.53 2.09 1.05 41.87 38.34 44.92 47.89
4.41 10.04 2.15 1.04 41.69 38.11 44.81 47.96
4.70 10.71 2.20 1.19 41.41 37.83 44.72 47.36
4.67 10.73 2.12 1.14 41.44 37.83 44.88 47.54
5.15 11.90 2.36 1.18 41.01 37.37 44.40 47.39
4.79 11.09 2.24 1.06 41.32 37.68 44.63 47.90
4.76 11.21 2.13 0.92 41.36 37.64 44.84 48.47
4.75 11.27 2.08 0.90 41.36 37.61 44.95 48.58
4.36 10.24 1.96 0.89 41.73 38.03 45.21 48.62
4.87 11.30 2.17 1.13 41.25 37.60 44.75 47.62
5.03 11.66 2.21 1.22 41.12 37.46 44.69 47.26
5.48 12.53 2.39 1.55 40.74 37.15 44.36 46.23
5.70 12.86 2.61 1.62 40.58 37.04 43.96 46.04
5.68 12.65 2.81 1.58 40.58 37.11 43.63 46.14
6.32 14.28 2.99 1.70 40.12 36.58 43.38 45.83
5.99 13.52 2.89 1.55 40.36 36.82 43.52 46.24
5.97 13.51 2.78 1.63 40.37 36.82 43.69 46.00
5.75 12.91 2.81 1.53 40.53 37.02 43.64 46.27
5.78 13.10 2.68 1.55 40.51 36.96 43.85 46.22
5.55 12.69 2.59 1.37 40.69 37.10 43.99 46.76
5.58 12.78 2.53 1.42 40.67 37.07 44.10 46.59
4.89 11.15 2.24 1.29 41.23 37.66 44.64 47.03
5.16 11.78 2.34 1.38 41.00 37.42 44.44 46.74
5.40 12.26 2.37 1.56 40.81 37.25 44.39 46.20
5.33 11.96 2.49 1.54 40.86 37.35 44.17 46.24
5.12 11.44 2.43 1.48 41.04 37.55 44.27 46.43
5.86 13.13 2.65 1.80 40.45 36.95 43.90 45.58
4.91 10.84 2.38 1.51 41.23 37.79 44.37 46.33
5.07 11.06 2.39 1.76 41.10 37.71 44.35 45.69
5.07 11.11 2.46 1.66 41.09 37.69 44.22 45.95
5.62 12.27 2.73 1.85 40.65 37.26 43.78 45.47
4.79 10.32 2.42 1.63 41.34 38.01 44.30 46.00
5.15 11.02 2.59 1.84 41.02 37.72 44.00 45.47
4.90 10.54 2.45 1.70 41.24 37.92 44.25 45.81
5.19 11.17 2.56 1.83 40.99 37.66 44.05 45.50
4.26 9.08 2.15 1.54 41.85 38.56 44.81 46.25
4.39 9.53 2.12 1.52 41.71 38.35 44.87 46.31
4.05 8.85 2.04 1.26 42.06 38.67 45.04 47.14
4.31 9.67 2.03 1.23 41.79 38.29 45.06 47.24
3.54 7.82 1.76 1.03 42.65 39.21 45.68 47.98
3.67 8.13 1.81 1.08 42.49 39.05 45.56 47.80
3.67 8.09 1.86 1.06 42.49 39.06 45.44 47.87
4.36 9.61 2.22 1.25 41.74 38.31 44.66 47.15
3.94 8.51 2.15 1.14 42.19 38.84 44.81 47.57
3.96 8.46 2.21 1.21 42.16 38.87 44.69 47.29
4.63 9.99 2.42 1.48 41.49 38.15 44.31 46.43
4.14 8.83 2.29 1.30 41.97 38.69 44.54 46.99
4.57 9.76 2.55 1.40 41.54 38.25 44.07 46.66
4.39 9.41 2.45 1.29 41.72 38.41 44.24 47.02
5.00 10.85 2.66 1.51 41.14 37.79 43.88 46.33
4.23 9.17 2.34 1.17 41.88 38.51 44.44 47.46
4.02 8.66 2.23 1.17 42.10 38.77 44.65 47.46
4.04 8.79 2.20 1.13 42.07 38.70 44.71 47.59
4.37 9.52 2.26 1.32 41.74 38.35 44.60 46.92
3.65 8.01 1.97 0.97 42.52 39.11 45.19 48.28
4.10 9.05 2.24 1.01 42.01 38.58 44.62 48.09
4.00 8.80 2.20 1.00 42.12 38.70 44.70 48.11
4.06 8.68 2.30 1.21 42.05 38.75 44.51 47.30
4.64 10.03 2.52 1.39 41.47 38.13 44.13 46.70
4.50 9.73 2.45 1.32 41.60 38.26 44.24 46.93
4.03 8.62 2.22 1.25 42.08 38.78 44.67 47.16
4.03 8.54 2.24 1.30 42.09 38.83 44.63 46.99
3.71 7.77 2.11 1.24 42.45 39.24 44.89 47.19
3.43 7.30 1.93 1.07 42.79 39.51 45.28 47.85
3.00 6.33 1.71 0.96 43.38 40.14 45.82 48.32
3.23 6.78 1.83 1.09 43.05 39.84 45.52 47.76
3.14 6.61 1.73 1.09 43.16 39.94 45.75 47.75
3.43 7.27 1.88 1.15 42.79 39.53 45.40 47.52
4.01 8.61 2.10 1.33 42.11 38.79 44.91 46.89
3.95 8.43 2.17 1.25 42.17 38.88 44.77 47.16
4.17 9.02 2.23 1.26 41.94 38.59 44.65 47.13
4.59 10.03 2.39 1.36 41.52 38.13 44.35 46.79
4.10 8.98 2.18 1.14 42.02 38.61 44.76 47.56
3.96 8.80 2.09 0.97 42.17 38.70 44.93 48.26
3.89 8.59 2.16 0.92 42.24 38.81 44.79 48.49
4.01 8.90 2.22 0.92 42.10 38.66 44.67 48.48
4.17 9.31 2.21 0.98 41.94 38.46 44.69 48.23
4.02 8.90 2.21 0.94 42.10 38.65 44.68 48.40
4.12 9.11 2.23 1.02 42.00 38.56 44.65 48.05
4.74 10.25 2.53 1.44 41.38 38.04 44.10 46.54
4.45 9.63 2.38 1.32 41.67 38.31 44.37 46.94
4.43 9.48 2.45 1.35 41.68 38.38 44.24 46.83
4.75 10.06 2.56 1.63 41.37 38.12 44.05 46.01
4.29 8.99 2.44 1.43 41.82 38.61 44.26 46.58
4.42 9.26 2.43 1.57 41.68 38.47 44.27 46.18
4.26 8.88 2.41 1.50 41.84 38.65 44.30 46.37
4.84 10.18 2.69 1.64 41.29 38.06 43.84 45.98
4.15 8.65 2.44 1.38 41.96 38.78 44.27 46.75
4.05 8.43 2.31 1.41 42.07 38.88 44.50 46.64
3.77 7.90 2.14 1.28 42.38 39.18 44.84 47.08
3.84 8.06 2.12 1.36 42.29 39.08 44.88 46.81
3.20 6.71 1.84 1.06 43.09 39.88 45.50 47.89
3.06 6.49 1.64 1.05 43.28 40.01 45.98 47.91
2.79 5.93 1.50 0.95 43.68 40.42 46.39 48.36
2.99 6.34 1.62 1.03 43.38 40.12 46.05 48.03
2.58 5.38 1.50 0.86 44.03 40.84 46.39 48.82
2.55 5.33 1.43 0.88 44.08 40.87 46.58 48.71
2.59 5.47 1.46 0.82 44.02 40.77 46.49 48.99
2.92 6.14 1.64 0.97 43.50 40.26 45.99 48.29
2.76 5.79 1.58 0.90 43.75 40.53 46.15 48.63
2.84 5.86 1.64 1.00 43.61 40.46 45.99 48.12
2.98 5.98 1.82 1.16 43.40 40.37 45.55 47.52
3.18 6.38 1.89 1.28 43.12 40.11 45.39 47.08
3.36 6.47 1.91 1.70 42.89 40.05 45.32 45.87
4.03 7.38 2.17 2.53 42.13 39.50 44.78 44.18
4.25 7.56 2.21 2.99 41.90 39.41 44.70 43.46
4.62 7.93 2.46 3.46 41.53 39.18 44.22 42.82
5.45 9.40 3.30 3.66 40.81 38.45 42.96 42.56
5.82 10.00 3.43 4.02 40.54 38.19 42.79 42.17
5.73 9.87 3.43 3.90 40.60 38.24 42.80 42.30
5.78 10.07 3.46 3.80 40.59 38.19 42.79 42.41
5.39 9.41 3.18 3.58 40.90 38.49 43.17 42.69
5.55 9.69 3.10 3.88 40.76 38.34 43.26 42.37
5.36 9.38 2.93 3.78 40.91 38.48 43.49 42.50
5.16 9.14 2.69 3.66 41.09 38.60 43.88 42.66
5.07 9.06 2.65 3.49 41.17 38.64 43.95 42.85
5.18 9.34 2.62 3.59 41.05 38.50 43.96 42.72
5.47 9.91 3.09 3.39 40.82 38.24 43.26 42.91
5.34 9.60 3.02 3.41 40.92 38.38 43.36 42.89
5.82 10.17 3.55 3.74 40.54 38.12 42.66 42.49
5.94 10.20 3.71 3.89 40.49 38.15 42.49 42.33
5.96 10.35 3.44 4.08 40.44 38.04 42.78 42.12
6.22 10.71 3.46 4.49 40.23 37.87 42.74 41.72
6.27 10.78 3.73 4.30 40.20 37.85 42.43 41.87
5.87 9.93 3.31 4.37 40.49 38.21 42.95 41.81
5.87 10.24 3.42 3.96 40.49 38.09 42.82 42.19
6.13 10.43 3.41 4.54 40.31 38.00 42.82 41.64
6.00 10.29 3.35 4.34 40.38 38.03 42.88 41.82
5.61 9.40 3.28 4.16 40.68 38.45 42.99 42.01
5.97 10.05 3.75 4.12 40.41 38.16 42.40 42.03
5.40 8.67 3.22 4.30 40.83 38.77 43.05 41.85
5.61 9.31 3.18 4.34 40.66 38.46 43.10 41.83
5.35 8.84 3.10 4.11 40.88 38.69 43.24 42.07
5.12 8.71 2.86 3.80 41.06 38.76 43.58 42.38
4.73 7.81 2.56 3.84 41.42 39.23 44.08 42.38
5.17 8.91 2.76 3.84 41.04 38.67 43.74 42.38
4.89 8.36 2.85 3.46 41.28 38.94 43.62 42.84
4.22 7.21 2.57 2.88 41.90 39.57 44.05 43.61
3.94 6.78 2.45 2.58 42.21 39.84 44.26 44.09
3.73 6.69 2.41 2.11 42.42 39.89 44.32 44.94
3.02 5.66 2.08 1.34 43.34 40.62 44.97 46.91
2.71 5.36 1.66 1.11 43.82 40.86 45.95 47.71
2.53 4.95 1.52 1.11 44.11 41.19 46.31 47.70
2.50 4.88 1.55 1.06 44.16 41.25 46.23 47.87
2.75 5.44 1.64 1.18 43.74 40.78 45.99 47.44
2.40 4.71 1.49 1.00 44.33 41.40 46.39 48.13
2.55 5.06 1.53 1.05 44.08 41.10 46.29 47.94
2.48 4.80 1.57 1.07 44.19 41.32 46.18 47.85
2.81 5.48 1.72 1.22 43.65 40.74 45.77 47.26
2.45 4.74 1.54 1.07 44.23 41.37 46.26 47.82
2.59 5.01 1.53 1.22 44.01 41.14 46.27 47.26
2.41 4.62 1.45 1.15 44.32 41.49 46.53 47.53
2.60 4.94 1.50 1.37 43.98 41.19 46.37 46.78
2.27 4.28 1.41 1.11 44.58 41.82 46.64 47.68
2.66 5.09 1.55 1.35 43.88 41.07 46.24 46.82
3.21 6.15 1.97 1.50 43.07 40.24 45.19 46.37
4.45 8.71 2.42 2.22 41.65 38.73 44.30 44.66
5.49 11.05 3.04 2.39 40.73 37.70 43.30 44.34
7.13 14.34 3.89 3.17 39.60 36.57 42.23 43.12
7.47 15.15 4.03 3.24 39.40 36.33 42.08 43.03
9.43 19.20 4.92 4.17 38.38 35.30 41.21 41.92
9.52 19.81 4.91 3.84 38.34 35.16 41.22 42.28
10.04 20.89 5.10 4.13 38.12 34.93 41.06 41.98
9.24 19.50 4.82 3.41 38.47 35.23 41.30 42.81
10.46 21.81 5.35 4.22 37.94 34.74 40.85 41.88
10.74 22.81 5.53 3.89 37.82 34.55 40.71 42.23
10.75 22.76 5.39 4.09 37.82 34.56 40.82 42.02
9.60 20.47 4.81 3.51 38.31 35.02 41.31 42.68
9.82 20.75 4.81 3.90 38.21 34.96 41.32 42.22
9.15 19.55 4.34 3.57 38.51 35.22 41.76 42.60
8.19 17.19 4.00 3.37 39.00 35.78 42.11 42.86
7.91 16.93 3.76 3.05 39.15 35.84 42.38 43.29
8.37 16.89 4.50 3.73 38.90 35.86 41.60 42.42
8.66 18.13 4.02 3.83 38.76 35.55 42.09 42.31
9.99 20.79 4.82 4.37 38.13 34.95 41.30 41.73
10.03 21.54 4.67 3.89 38.12 34.80 41.44 42.23
9.03 19.37 3.99 3.72 38.57 35.26 42.12 42.43
8.28 17.71 3.88 3.26 38.95 35.65 42.24 43.00
10.12 22.04 4.42 3.91 38.08 34.70 41.68 42.21
10.19 21.28 4.76 4.51 38.05 34.85 41.35 41.59
10.57 22.58 4.55 4.58 37.89 34.59 41.55 41.52
10.81 22.69 4.82 4.92 37.79 34.58 41.30 41.21
11.84 24.60 5.55 5.37 37.40 34.22 40.69 40.83
10.04 20.68 4.84 4.60 38.12 34.98 41.27 41.51
9.94 20.34 4.82 4.66 38.16 35.04 41.30 41.45
8.69 17.92 4.20 3.98 38.73 35.60 41.91 42.13
10.24 20.90 4.93 4.92 38.02 34.93 41.21 41.22
8.88 18.25 4.42 3.97 38.65 35.51 41.68 42.14
8.76 18.16 4.11 4.00 38.70 35.54 42.00 42.10
7.29 14.98 3.73 3.16 39.50 36.37 42.41 43.14
6.72 13.87 3.35 2.95 39.85 36.71 42.88 43.43
5.39 11.11 2.79 2.25 40.82 37.68 43.67 44.60
5.21 10.73 2.68 2.24 40.95 37.83 43.84 44.64
3.95 8.21 2.18 1.47 42.16 38.99 44.73 46.45
3.47 7.04 1.82 1.56 42.72 39.65 45.54 46.19
2.87 5.64 1.64 1.34 43.55 40.62 45.98 46.87
2.84 5.48 1.62 1.42 43.60 40.75 46.05 46.61
2.89 5.33 1.75 1.58 43.52 40.86 45.69 46.15
2.66 5.05 1.62 1.31 43.88 41.09 46.05 46.95
2.68 5.19 1.56 1.29 43.84 40.98 46.21 47.01
2.62 5.06 1.58 1.23 43.94 41.08 46.16 47.24
3.09 5.89 1.94 1.42 43.24 40.43 45.25 46.59
3.04 6.04 1.85 1.24 43.30 40.32 45.47 47.20
3.01 6.13 1.73 1.19 43.34 40.26 45.77 47.36
3.75 7.44 2.15 1.63 42.40 39.42 44.80 45.99
3.50 7.18 2.00 1.33 42.69 39.57 45.12 46.90
4.15 8.51 2.30 1.65 41.95 38.83 44.51 45.95
3.94 8.23 2.18 1.41 42.18 38.98 44.75 46.65
4.85 10.22 2.50 1.82 41.27 38.03 44.15 45.53
5.27 11.34 2.67 1.81 40.91 37.59 43.87 45.55
5.67 12.32 2.87 1.83 40.60 37.23 43.55 45.51
5.66 12.38 2.86 1.74 40.61 37.21 43.57 45.71
6.09 13.46 2.97 1.83 40.29 36.84 43.40 45.50
5.71 12.74 2.79 1.60 40.56 37.08 43.66 46.08
6.37 14.17 3.11 1.84 40.08 36.62 43.21 45.48
5.76 12.76 2.96 1.58 40.53 37.07 43.42 46.15
6.00 13.27 3.05 1.68 40.35 36.90 43.29 45.88
6.57 14.57 3.21 1.93 39.95 36.50 43.06 45.29
6.63 14.69 3.35 1.87 39.91 36.46 42.88 45.42
6.23 13.83 3.18 1.67 40.19 36.73 43.11 45.90
6.68 14.91 3.29 1.84 39.88 36.40 42.95 45.48
6.36 14.29 3.16 1.63 40.10 36.58 43.13 46.01
6.19 14.13 3.01 1.44 40.21 36.63 43.35 46.53
5.85 13.31 2.87 1.39 40.45 36.89 43.55 46.71
6.47 14.51 3.17 1.74 40.02 36.51 43.12 45.73
6.70 15.05 3.28 1.77 39.87 36.35 42.97 45.65
6.45 14.38 3.13 1.84 40.03 36.55 43.17 45.47
5.73 12.95 2.70 1.54 40.55 37.01 43.81 46.25
5.91 13.57 2.66 1.51 40.41 36.81 43.87 46.35
5.24 12.19 2.38 1.16 40.94 37.27 44.37 47.48
5.37 12.53 2.36 1.23 40.83 37.16 44.40 47.25
5.13 11.79 2.47 1.11 41.03 37.41 44.20 47.69
5.58 12.93 2.59 1.21 40.67 37.01 44.01 47.29
5.33 12.33 2.43 1.22 40.87 37.22 44.28 47.27
5.97 13.48 2.78 1.63 40.38 36.83 43.69 46.00
5.95 13.35 2.85 1.65 40.38 36.88 43.58 45.96
6.23 14.05 3.00 1.66 40.18 36.66 43.37 45.92
5.50 12.29 2.71 1.50 40.73 37.24 43.81 46.36
5.66 12.88 2.86 1.27 40.60 37.03 43.58 47.10
5.78 13.40 2.74 1.21 40.51 36.86 43.75 47.31
5.49 12.83 2.61 1.03 40.74 37.05 43.96 47.97
5.08 11.82 2.47 0.97 41.07 37.41 44.21 48.24
5.62 12.96 2.65 1.25 40.63 37.00 43.89 47.16
5.27 11.85 2.50 1.44 40.92 37.39 44.15 46.52
5.71 12.91 2.60 1.61 40.57 37.02 43.98 46.07
5.46 12.20 2.61 1.58 40.76 37.27 43.96 46.15
5.32 11.98 2.59 1.39 40.87 37.35 44.00 46.69
5.57 12.49 2.70 1.51 40.67 37.17 43.82 46.33
5.03 11.25 2.45 1.38 41.12 37.62 44.24 46.74
5.22 11.64 2.53 1.48 40.95 37.47 44.10 46.41
5.02 11.24 2.45 1.35 41.13 37.62 44.23 46.81
4.82 10.71 2.35 1.39 41.30 37.83 44.42 46.70
4.09 9.05 2.03 1.19 42.01 38.57 45.07 47.35
4.00 8.60 2.09 1.29 42.11 38.78 44.92 47.02
3.98 8.49 2.14 1.31 42.14 38.84 44.82 46.98
4.02 8.42 2.15 1.52 42.08 38.88 44.81 46.33
3.48 7.10 1.99 1.33 42.72 39.62 45.13 46.89
3.44 6.94 2.01 1.39 42.76 39.72 45.11 46.72
3.30 6.55 1.91 1.44 42.95 39.97 45.33 46.54
3.59 7.08 2.02 1.66 42.59 39.63 45.07 45.95
3.13 6.11 1.86 1.40 43.18 40.27 45.43 46.66
3.21 6.39 1.90 1.34 43.07 40.08 45.33 46.88
3.28 6.62 1.96 1.27 42.98 39.92 45.23 47.12
3.76 7.57 2.15 1.57 42.38 39.34 44.82 46.17
3.40 6.73 2.07 1.39 42.82 39.85 44.98 46.70
3.55 6.99 2.08 1.59 42.63 39.69 44.96 46.13
3.85 7.82 2.15 1.57 42.28 39.20 44.81 46.17
4.00 7.98 2.24 1.79 42.11 39.11 44.63 45.62
3.86 7.94 2.11 1.52 42.27 39.13 44.89 46.32
4.01 8.14 2.26 1.63 42.10 39.03 44.58 46.03
4.09 8.44 2.29 1.55 42.02 38.87 44.55 46.22
4.51 9.38 2.42 1.73 41.59 38.41 44.30 45.76
4.35 9.27 2.32 1.49 41.74 38.46 44.49 46.41
4.56 9.76 2.39 1.53 41.54 38.24 44.35 46.26
4.77 10.32 2.51 1.47 41.35 37.99 44.14 46.46
5.09 11.07 2.63 1.57 41.06 37.69 43.94 46.17
4.89 10.62 2.58 1.46 41.24 37.86 44.02 46.50
5.04 10.91 2.62 1.59 41.10 37.75 43.95 46.11
5.08 10.99 2.68 1.56 41.08 37.72 43.86 46.22
5.56 11.92 3.00 1.75 40.68 37.37 43.37 45.70
5.22 11.15 2.92 1.62 40.95 37.66 43.49 46.05
5.58 11.99 2.93 1.80 40.67 37.34 43.46 45.58
5.05 10.89 2.69 1.57 41.10 37.77 43.84 46.18
5.09 10.84 2.77 1.66 41.07 37.78 43.70 45.94
4.61 9.91 2.43 1.50 41.50 38.17 44.29 46.38
4.75 10.22 2.42 1.62 41.37 38.04 44.30 46.04
4.30 9.13 2.36 1.40 41.80 38.53 44.40 46.67
4.32 9.29 2.31 1.37 41.77 38.45 44.49 46.77
4.65 10.01 2.37 1.57 41.45 38.12 44.40 46.17
4.04 8.79 2.04 1.29 42.07 38.69 45.02 47.01
4.56 9.94 2.30 1.44 41.54 38.16 44.51 46.55
4.32 9.46 2.16 1.33 41.78 38.37 44.79 46.88
4.69 10.22 2.26 1.60 41.41 38.04 44.58 46.10
4.18 8.99 2.10 1.46 41.92 38.59 44.91 46.49
4.50 9.57 2.34 1.58 41.60 38.33 44.44 46.14
4.88 10.53 2.45 1.64 41.25 37.90 44.23 45.99
4.74 10.36 2.36 1.48 41.38 37.98 44.39 46.43
4.36 9.72 2.20 1.16 41.74 38.25 44.71 47.47
4.40 9.85 2.15 1.19 41.70 38.20 44.80 47.37
4.61 10.28 2.24 1.31 41.49 38.01 44.64 46.95
4.23 9.58 2.05 1.07 41.87 38.32 45.01 47.87
4.45 10.18 2.11 1.05 41.65 38.06 44.88 47.90
4.40 10.03 2.04 1.12 41.70 38.11 45.03 47.62
4.71 10.84 2.16 1.14 41.41 37.78 44.81 47.59
5.20 12.06 2.37 1.19 40.96 37.32 44.38 47.38
4.81 11.13 2.27 1.05 41.30 37.66 44.58 47.95
4.81 11.30 2.16 0.95 41.31 37.60 44.77 48.35
4.48 10.56 2.06 0.84 41.62 37.90 45.00 48.90
4.72 11.10 2.13 0.93 41.40 37.67 44.85 48.48
4.93 11.48 2.24 1.05 41.21 37.53 44.62 47.92
5.01 11.56 2.28 1.18 41.13 37.50 44.55 47.42
5.45 12.34 2.45 1.58 40.76 37.22 44.23 46.14
5.48 12.25 2.67 1.50 40.75 37.26 43.87 46.37
5.80 12.89 2.89 1.63 40.49 37.03 43.52 46.01
5.77 13.00 2.82 1.49 40.52 36.99 43.63 46.40
6.25 14.16 2.92 1.67 40.17 36.62 43.48 45.88
5.56 12.57 2.67 1.45 40.68 37.14 43.88 46.52
5.91 13.27 2.82 1.62 40.42 36.90 43.63 46.03
5.54 12.53 2.62 1.46 40.70 37.15 43.94 46.48
5.82 13.25 2.68 1.52 40.48 36.91 43.85 46.31
5.24 12.01 2.47 1.25 40.94 37.34 44.21 47.18
5.27 11.99 2.44 1.39 40.91 37.34 44.25 46.72
5.04 11.51 2.26 1.35 41.11 37.52 44.59 46.83
5.34 12.06 2.47 1.50 40.85 37.31 44.21 46.37
5.53 12.37 2.51 1.72 40.71 37.21 44.14 45.78
5.00 11.05 2.46 1.49 41.14 37.70 44.22 46.40
5.42 11.96 2.55 1.75 40.79 37.35 44.07 45.71
5.49 12.13 2.75 1.59 40.73 37.29 43.74 46.10
5.76 12.77 2.68 1.84 40.53 37.07 43.86 45.49
5.53 12.21 2.69 1.71 40.70 37.26 43.84 45.81
5.75 12.51 2.89 1.85 40.53 37.16 43.53 45.44
5.58 12.12 2.86 1.76 40.66 37.29 43.57 45.68
5.98 12.97 2.94 2.02 40.36 37.00 43.44 45.07
5.39 11.70 2.71 1.77 40.81 37.45 43.79 45.65
5.21 11.09 2.65 1.88 40.96 37.68 43.91 45.38
4.96 10.59 2.57 1.72 41.17 37.88 44.03 45.76
5.19 11.16 2.56 1.84 40.98 37.65 44.05 45.50
4.46 9.77 2.28 1.34 41.63 38.23 44.55 46.86
4.43 9.84 2.20 1.24 41.67 38.20 44.70 47.21
4.16 9.18 2.14 1.17 41.94 38.50 44.83 47.43
4.36 9.64 2.14 1.29 41.74 38.29 44.84 47.02
4.35 9.77 2.20 1.07 41.75 38.23 44.71 47.82
4.53 10.02 2.41 1.16 41.57 38.12 44.31 47.47
4.67 10.21 2.62 1.18 41.44 38.04 43.94 47.41
5.17 11.16 2.88 1.45 41.00 37.66 43.54 46.50
5.14 11.30 2.75 1.38 41.02 37.61 43.74 46.73
5.10 11.20 2.72 1.40 41.05 37.64 43.78 46.67
5.65 12.24 3.12 1.58 40.61 37.25 43.19 46.14
5.20 11.42 2.89 1.30 40.97 37.56 43.52 47.01
5.41 12.03 2.83 1.36 40.80 37.33 43.61 46.81
4.98 11.17 2.61 1.17 41.16 37.65 43.96 47.44
5.20 11.50 2.75 1.34 40.97 37.53 43.74 46.86
4.83 10.75 2.60 1.14 41.29 37.82 43.99 47.55
4.62 10.22 2.41 1.23 41.48 38.03 44.32 47.22
4.40 9.99 2.15 1.05 41.70 38.14 44.80 47.91
4.97 11.31 2.56 1.04 41.17 37.60 44.05 47.96
4.83 11.00 2.47 1.03 41.29 37.72 44.20 48.03
4.18 9.15 2.28 1.13 41.92 38.52 44.56 47.61
4.87 10.67 2.59 1.37 41.25 37.86 44.00 46.77
4.77 10.45 2.56 1.30 41.35 37.95 44.05 47.01
4.45 9.67 2.33 1.36 41.66 38.29 44.46 46.81
4.12 8.93 2.25 1.19 41.98 38.63 44.60 47.39
3.80 8.12 2.11 1.17 42.35 39.06 44.91 47.44
3.91 8.35 2.12 1.26 42.22 38.92 44.88 47.11
3.70 7.89 2.01 1.21 42.46 39.18 45.12 47.30
3.25 6.87 1.82 1.05 43.03 39.78 45.54 47.92
3.57 7.53 1.95 1.23 42.62 39.38 45.24 47.21
3.66 7.84 1.93 1.20 42.51 39.20 45.27 47.35
4.29 9.30 2.19 1.37 41.82 38.46 44.73 46.77
4.37 9.44 2.28 1.37 41.74 38.39 44.55 46.75
4.65 10.21 2.40 1.35 41.46 38.05 44.33 46.83
4.47 9.92 2.28 1.22 41.63 38.18 44.55 47.26
4.58 10.22 2.30 1.22 41.53 38.05 44.52 47.29
3.85 8.65 1.98 0.92 42.28 38.77 45.16 48.49
4.46 10.15 2.23 1.00 41.65 38.08 44.65 48.16
4.20 9.53 2.15 0.93 41.90 38.35 44.82 48.44
4.19 9.56 2.11 0.91 41.92 38.35 44.90 48.55
4.25 9.75 2.07 0.92 41.86 38.25 44.97 48.49
4.71 10.68 2.32 1.14 41.41 37.86 44.49 47.56
4.34 9.60 2.22 1.20 41.76 38.32 44.68 47.35
4.76 10.53 2.39 1.36 41.36 37.92 44.35 46.81
4.57 9.89 2.47 1.33 41.54 38.18 44.20 46.88
5.00 10.76 2.60 1.63 41.15 37.82 43.98 46.00
4.20 8.87 2.33 1.39 41.90 38.66 44.45 46.69
4.72 10.01 2.55 1.60 41.40 38.14 44.07 46.10
4.49 9.45 2.48 1.55 41.61 38.38 44.20 46.24
5.20 11.11 2.78 1.70 40.98 37.68 43.68 45.83
4.21 8.91 2.38 1.34 41.89 38.63 44.36 46.85
4.44 9.36 2.48 1.50 41.66 38.42 44.20 46.39
3.95 8.35 2.26 1.24 42.17 38.92 44.58 47.20
4.25 9.12 2.28 1.35 41.85 38.53 44.56 46.84
3.26 6.98 1.78 1.02 42.99 39.69 45.62 48.03
3.29 7.08 1.71 1.06 42.97 39.63 45.80 47.85
2.92 6.25 1.56 0.93 43.48 40.17 46.20 48.46
3.18 6.79 1.67 1.06 43.11 39.81 45.90 47.87
2.56 5.48 1.42 0.79 44.04 40.75 46.60 49.15
2.67 5.75 1.43 0.82 43.87 40.54 46.58 48.97
2.71 5.80 1.49 0.83 43.81 40.50 46.41 48.95
3.02 6.44 1.63 1.00 43.32 40.04 46.01 48.11
2.71 5.77 1.50 0.86 43.80 40.52 46.37 48.77
3.04 6.35 1.74 1.02 43.31 40.11 45.72 48.03
3.08 6.36 1.76 1.13 43.24 40.09 45.69 47.61
3.37 6.88 1.89 1.33 42.86 39.76 45.36 46.90
3.42 6.72 1.81 1.72 42.80 39.86 45.56 45.77
4.37 8.15 2.25 2.73 41.74 39.04 44.62 43.80
5.07 9.19 2.38 3.63 41.09 38.51 44.37 42.56
5.58 9.71 2.61 4.41 40.68 38.27 43.97 41.72
5.83 10.12 3.23 4.14 40.49 38.09 43.05 41.98
6.47 11.37 3.52 4.52 40.04 37.59 42.67 41.60
6.95 12.12 3.89 4.83 39.73 37.31 42.24 41.32
6.63 11.61 3.81 4.47 39.94 37.51 42.34 41.65
6.11 10.73 3.39 4.20 40.28 37.84 42.83 41.92
6.60 11.51 3.52 4.78 39.95 37.54 42.67 41.36
6.27 10.95 3.13 4.72 40.17 37.75 43.17 41.42
6.25 10.96 3.02 4.78 40.19 37.75 43.35 41.37
6.11 10.94 2.98 4.42 40.29 37.76 43.40 41.72
6.16 11.16 2.83 4.48 40.26 37.68 43.62 41.65
6.18 11.25 3.27 4.02 40.24 37.64 43.00 42.10
5.93 10.54 3.23 4.02 40.42 37.92 43.04 42.11
6.58 11.56 3.88 4.31 39.97 37.53 42.25 41.81
6.96 12.00 4.12 4.77 39.73 37.37 42.00 41.37
6.75 11.74 3.78 4.72 39.86 37.46 42.36 41.42
6.74 11.40 3.62 5.21 39.86 37.58 42.55 41.00
7.07 12.17 3.90 5.14 39.65 37.29 42.22 41.04
6.78 11.39 3.56 5.40 39.84 37.58 42.63 40.85
6.29 11.07 3.67 4.13 40.16 37.72 42.49 41.99
6.40 10.86 3.56 4.79 40.09 37.79 42.63 41.36
6.68 11.58 3.49 4.97 39.90 37.51 42.70 41.20
6.40 10.87 3.50 4.84 40.09 37.80 42.70 41.32
6.08 10.31 3.67 4.26 40.31 38.02 42.49 41.86
6.04 9.71 3.39 5.02 40.34 38.27 42.83 41.16
5.72 9.33 3.27 4.57 40.57 38.44 42.99 41.57
6.07 9.92 3.38 4.92 40.31 38.18 42.85 41.24
5.29 8.94 3.05 3.87 40.91 38.63 43.29 42.27
5.07 8.34 2.72 4.15 41.10 38.93 43.79 41.98
5.82 10.04 3.08 4.33 40.50 38.14 43.25 41.79
5.42 9.23 3.20 3.85 40.81 38.50 43.09 42.31
4.58 7.76 2.72 3.28 41.53 39.25 43.80 43.00
4.29 7.24 2.64 2.98 41.82 39.55 43.92 43.41
3.94 6.97 2.51 2.33 42.19 39.71 44.13 44.47
3.10 5.72 2.15 1.44 43.22 40.56 44.81 46.56
2.86 5.56 1.82 1.18 43.58 40.69 45.53 47.40
2.39 4.70 1.45 1.03 44.35 41.42 46.53 48.03
2.75 5.41 1.63 1.20 43.75 40.81 46.02 47.32
2.57 5.00 1.58 1.14 44.03 41.15 46.16 47.56
2.44 4.71 1.55 1.06 44.26 41.40 46.24 47.87
2.73 5.41 1.62 1.18 43.77 40.81 46.05 47.42
2.98 5.58 1.89 1.47 43.39 40.67 45.36 46.47
2.74 5.17 1.77 1.28 43.75 40.99 45.65 47.08
2.69 5.08 1.77 1.24 43.83 41.08 45.66 47.20
2.58 4.84 1.64 1.24 44.03 41.28 45.98 47.20
2.67 5.01 1.64 1.36 43.86 41.13 45.97 46.80
2.35 4.35 1.47 1.22 44.43 41.75 46.46 47.25
2.39 4.40 1.45 1.33 44.34 41.70 46.51 46.89
2.38 4.53 1.40 1.22 44.36 41.57 46.69 47.28
3.19 6.14 1.93 1.52 43.09 40.25 45.29 46.32
4.16 8.21 2.24 2.01 41.94 38.99 44.62 45.09
5.36 10.85 2.89 2.33 40.84 37.78 43.52 44.46
6.87 13.96 3.70 2.95 39.76 36.69 42.46 43.43
7.77 15.66 4.23 3.42 39.23 36.18 41.87 42.79
8.60 17.58 4.56 3.67 38.79 35.68 41.54 42.49
9.83 20.41 5.01 4.06 38.21 35.03 41.13 42.05
10.01 20.84 5.13 4.06 38.13 34.94 41.03 42.05
9.99 20.80 5.23 3.92 38.14 34.95 40.94 42.20
10.33 21.56 5.38 4.05 37.99 34.79 40.82 42.06
10.53 22.43 5.39 3.76 37.91 34.62 40.82 42.37
11.35 23.84 5.77 4.45 37.58 34.36 40.52 41.64
9.53 20.25 4.79 3.54 38.34 35.07 41.33 42.64
9.76 20.73 4.83 3.72 38.24 34.97 41.29 42.42
8.87 19.00 4.30 3.31 38.65 35.34 41.79 42.94
8.99 18.89 4.44 3.66 38.59 35.37 41.66 42.50
7.51 16.10 3.62 2.81 39.38 36.07 42.54 43.65
8.26 16.68 4.44 3.66 38.96 35.91 41.66 42.50
8.67 18.25 4.12 3.64 38.75 35.52 41.98 42.52
10.01 20.78 4.90 4.34 38.13 34.95 41.23 41.76
10.01 21.55 4.66 3.83 38.13 34.79 41.45 42.30
9.28 19.77 4.25 3.81 38.46 35.17 41.84 42.32
8.39 17.74 3.97 3.47 38.89 35.64 42.14 42.73
10.13 21.99 4.53 3.87 38.08 34.71 41.57 42.26
10.09 21.19 4.83 4.25 38.09 34.87 41.29 41.85
11.16 23.53 4.89 5.07 37.65 34.41 41.24 41.09
10.86 22.78 4.88 4.92 37.77 34.56 41.24 41.21
11.32 23.51 5.44 5.00 37.59 34.42 40.77 41.14
10.42 21.24 5.15 4.86 37.95 34.86 41.01 41.26
9.79 19.93 4.87 4.58 38.22 35.14 41.26 41.53
9.60 19.51 4.73 4.57 38.31 35.23 41.38 41.54
10.19 20.86 4.94 4.77 38.05 34.94 41.19 41.34
8.80 17.98 4.42 4.00 38.68 35.58 41.67 42.11
8.97 18.65 4.21 4.06 38.60 35.42 41.89 42.05
7.91 16.15 3.99 3.58 39.15 36.05 42.12 42.59
6.68 13.78 3.29 2.95 39.89 36.74 42.96 43.43
5.75 11.87 2.96 2.42 40.54 37.39 43.42 44.30
4.98 10.40 2.54 1.98 41.16 37.96 44.08 45.16
4.48 9.20 2.38 1.85 41.62 38.49 44.36 45.47
3.46 7.01 1.81 1.56 42.74 39.68 45.54 46.18
2.87 5.62 1.63 1.36 43.55 40.63 46.01 46.81
2.87 5.61 1.59 1.41 43.55 40.64 46.11 46.63
2.26 4.30 1.38 1.09 44.59 41.79 46.72 47.78
2.55 4.89 1.52 1.25 44.06 41.24 46.32 47.16
2.49 4.94 1.42 1.12 44.16 41.20 46.60 47.63
2.74 5.38 1.51 1.33 43.75 40.82 46.33 46.91
2.57 5.09 1.61 1.02 44.03 41.07 46.08 48.07
2.98 5.93 1.76 1.24 43.40 40.40 45.67 47.21
2.96 6.05 1.64 1.19 43.42 40.32 45.99 47.35
3.61 7.33 1.92 1.57 42.56 39.48 45.30 46.17
3.44 7.09 1.92 1.33 42.76 39.63 45.31 46.88
4.09 8.34 2.24 1.70 42.01 38.92 44.63 45.83
4.03 8.42 2.17 1.51 42.08 38.88 44.78 46.34
4.82 10.23 2.46 1.78 41.30 38.03 44.22 45.63
4.83 10.47 2.42 1.61 41.29 37.93 44.30 46.07
5.65 12.32 2.75 1.88 40.61 37.23 43.74 45.39
5.56 12.13 2.73 1.80 40.68 37.29 43.76 45.58
5.63 12.48 2.78 1.63 40.63 37.17 43.70 46.01
6.11 13.63 2.92 1.79 40.27 36.79 43.48 45.61
6.05 13.43 3.05 1.65 40.32 36.85 43.29 45.94
5.88 12.96 2.99 1.70 40.44 37.00 43.38 45.83
6.04 13.38 3.05 1.70 40.32 36.87 43.29 45.84
6.57 14.49 3.22 2.01 39.95 36.52 43.05 45.10
6.74 14.98 3.28 1.96 39.84 36.37 42.97 45.21
6.23 13.84 3.16 1.70 40.18 36.72 43.14 45.83
6.32 14.14 3.13 1.71 40.12 36.63 43.18 45.80
6.44 14.41 3.14 1.77 40.04 36.54 43.16 45.65
6.84 15.51 3.28 1.74 39.78 36.23 42.98 45.71
5.99 13.51 2.92 1.51 40.36 36.82 43.47 46.33
6.37 14.27 3.12 1.71 40.09 36.59 43.20 45.79
6.68 14.93 3.30 1.81 39.88 36.39 42.94 45.56
6.67 14.92 3.24 1.86 39.89 36.40 43.03 45.45
5.82 13.16 2.83 1.49 40.48 36.94 43.62 46.40
5.93 13.64 2.66 1.49 40.40 36.78 43.88 46.41
5.71 13.22 2.54 1.37 40.56 36.92 44.07 46.78
5.05 11.75 2.31 1.09 41.10 37.43 44.50 47.75
5.44 12.31 2.66 1.34 40.77 37.23 43.88 46.87
5.32 12.25 2.56 1.17 40.87 37.25 44.04 47.47
5.70 13.12 2.61 1.37 40.58 36.95 43.97 46.77
5.50 12.46 2.55 1.49 40.72 37.18 44.06 46.39
5.98 13.30 2.90 1.74 40.36 36.89 43.51 45.72
6.26 14.08 2.95 1.75 40.16 36.64 43.44 45.70
5.24 11.68 2.57 1.45 40.94 37.46 44.03 46.52
5.72 13.01 2.82 1.33 40.56 36.99 43.62 46.88
5.83 13.47 2.77 1.26 40.47 36.83 43.71 47.13
5.38 12.57 2.54 1.03 40.82 37.14 44.08 47.99
5.39 12.55 2.55 1.06 40.82 37.14 44.06 47.89
5.65 13.06 2.65 1.24 40.61 36.97 43.90 47.20
5.19 11.69 2.47 1.41 40.98 37.45 44.21 46.64
5.72 12.88 2.65 1.62 40.56 37.03 43.90 46.03
5.22 11.61 2.54 1.52 40.95 37.48 44.08 46.32
5.55 12.59 2.57 1.49 40.69 37.13 44.04 46.41
5.45 12.10 2.77 1.48 40.77 37.31 43.72 46.43
5.28 11.85 2.52 1.45 40.91 37.39 44.11 46.52
4.80 10.63 2.39 1.38 41.31 37.87 44.35 46.73
5.20 11.66 2.46 1.49 40.97 37.47 44.22 46.41
4.72 10.45 2.34 1.35 41.40 37.94 44.46 46.83
4.55 9.94 2.24 1.47 41.55 38.16 44.63 46.47
3.90 8.39 2.05 1.25 42.22 38.89 45.01 47.17
3.93 8.36 2.06 1.37 42.18 38.91 44.98 46.76
3.74 7.74 2.08 1.39 42.41 39.25 44.96 46.69
3.92 8.03 2.18 1.54 42.20 39.08 44.75 46.25
3.35 6.79 1.98 1.29 42.88 39.81 45.17 47.03
3.34 6.55 1.94 1.51 42.90 39.97 45.25 46.33
3.26 6.43 1.93 1.42 42.99 40.05 45.28 46.60
3.59 7.10 2.06 1.62 42.58 39.61 44.99 46.04
3.09 6.13 1.86 1.28 43.23 40.26 45.43 47.06
3.41 6.83 1.99 1.42 42.80 39.78 45.14 46.58
3.45 6.84 2.03 1.46 42.76 39.78 45.07 46.47
3.91 7.70 2.34 1.69 42.21 39.27 44.44 45.85
3.41 6.76 2.03 1.45 42.80 39.83 45.05 46.53
3.87 7.68 2.26 1.66 42.26 39.28 44.60 45.92
3.71 7.39 2.20 1.56 42.43 39.45 44.70 46.22
4.34 8.78 2.37 1.85 41.76 38.70 44.38 45.45
3.93 8.01 2.18 1.60 42.19 39.10 44.75 46.10
4.22 8.68 2.31 1.68 41.88 38.74 44.51 45.87
4.24 8.79 2.30 1.62 41.86 38.69 44.52 46.03
4.93 10.40 2.59 1.80 41.20 37.96 44.00 45.57
4.42 9.51 2.26 1.50 41.68 38.35 44.58 46.39
4.86 10.47 2.53 1.58 41.26 37.93 44.10 46.15
4.55 9.82 2.39 1.43 41.55 38.21 44.35 46.57
5.32 11.48 2.76 1.73 40.87 37.53 43.72 45.75
5.11 11.00 2.67 1.67 41.05 37.72 43.87 45.90
4.95 10.75 2.61 1.49 41.19 37.82 43.97 46.40
5.49 11.80 2.99 1.67 40.74 37.41 43.38 45.90
5.09 10.98 2.78 1.49 41.07 37.73 43.69 46.42
5.23 11.26 2.79 1.66 40.94 37.61 43.69 45.93
4.88 10.56 2.58 1.49 41.26 37.90 44.03 46.41
5.21 11.14 2.79 1.69 40.97 37.66 43.68 45.85
4.49 9.70 2.33 1.43 41.61 38.26 44.47 46.59
4.50 9.67 2.28 1.55 41.60 38.28 44.55 46.22
4.19 8.94 2.23 1.38 41.92 38.62 44.66 46.73
4.79 10.32 2.46 1.59 41.33 38.00 44.23 46.13
4.06 8.76 2.10 1.33 42.04 38.70 44.91 46.89
4.22 9.10 2.14 1.43 41.88 38.55 44.83 46.58
4.34 9.37 2.23 1.43 41.76 38.41 44.66 46.60
4.70 10.27 2.33 1.50 41.41 38.02 44.46 46.36
4.17 9.15 2.09 1.27 41.93 38.52 44.94 47.08
4.27 9.34 2.14 1.33 41.83 38.43 44.83 46.90
4.26 9.17 2.20 1.40 41.84 38.51 44.71 46.67
4.76 10.36 2.40 1.53 41.35 37.98 44.34 46.29
4.68 10.33 2.30 1.41 41.43 37.99 44.52 46.66
