3.92 8.48 2.12 1.15 42.20 38.85 44.87 47.51
3.61 7.65 2.04 1.16 42.55 39.30 45.04 47.48
3.64 7.75 2.05 1.12 42.52 39.24 45.02 47.62
3.81 8.37 2.02 1.03 42.33 38.90 45.07 48.01
3.47 7.57 1.87 0.97 42.73 39.35 45.39 48.24
3.80 8.33 1.97 1.09 42.34 38.92 45.19 47.75
3.66 8.11 1.90 0.99 42.49 39.04 45.35 48.18
4.15 9.16 2.20 1.09 41.95 38.51 44.72 47.75
3.56 7.88 1.91 0.89 42.61 39.16 45.33 48.63
3.77 8.52 1.99 0.82 42.36 38.83 45.15 49.00
3.60 8.22 1.90 0.69 42.57 38.98 45.34 49.76
3.92 8.83 2.07 0.86 42.20 38.68 44.98 48.80
3.78 8.43 1.94 0.96 42.36 38.87 45.25 48.30
4.50 9.91 2.35 1.23 41.60 38.17 44.41 47.25
4.29 9.29 2.28 1.31 41.80 38.45 44.55 46.97
5.09 11.00 2.71 1.57 41.07 37.72 43.79 46.18
5.20 11.34 2.77 1.49 40.97 37.58 43.71 46.40
4.97 10.73 2.80 1.39 41.17 37.82 43.66 46.70
5.20 11.40 2.80 1.40 40.97 37.56 43.66 46.67
5.23 11.39 2.89 1.40 40.95 37.56 43.52 46.67
4.98 10.95 2.63 1.37 41.16 37.74 43.93 46.77
4.71 10.39 2.55 1.18 41.41 37.97 44.06 47.41
4.94 10.88 2.64 1.30 41.20 37.77 43.91 47.00
4.23 9.37 2.26 1.06 41.87 38.42 44.58 47.89
4.58 10.08 2.34 1.33 41.52 38.10 44.44 46.91
4.41 9.63 2.33 1.28 41.69 38.29 44.47 47.07
4.49 9.72 2.33 1.43 41.61 38.25 44.46 46.59
4.71 10.09 2.53 1.52 41.40 38.09 44.10 46.32
4.37 9.37 2.35 1.40 41.72 38.41 44.42 46.68
4.64 9.82 2.53 1.55 41.47 38.21 44.10 46.21
4.50 9.46 2.46 1.57 41.61 38.40 44.23 46.16
4.67 9.79 2.50 1.72 41.45 38.24 44.16 45.78
4.40 9.09 2.45 1.64 41.71 38.56 44.25 45.97
4.53 9.43 2.50 1.66 41.57 38.39 44.15 45.95
4.56 9.45 2.52 1.71 41.56 38.40 44.12 45.82
4.55 9.42 2.52 1.74 41.56 38.40 44.13 45.73
4.08 8.30 2.34 1.61 42.03 38.95 44.45 46.08
4.15 8.50 2.30 1.66 41.95 38.84 44.52 45.94
4.22 8.76 2.25 1.65 41.90 38.74 44.62 45.97
4.20 8.81 2.35 1.46 41.90 38.70 44.42 46.48
3.43 7.22 1.93 1.16 42.79 39.56 45.29 47.50
3.37 7.18 1.90 1.03 42.86 39.58 45.34 48.01
3.25 6.95 1.81 0.98 43.03 39.74 45.55 48.20
3.45 7.31 1.95 1.10 42.76 39.51 45.24 47.72
3.26 6.92 1.87 0.97 43.01 39.74 45.41 48.24
3.56 7.43 2.14 1.11 42.62 39.43 44.82 47.68
3.77 7.85 2.30 1.16 42.39 39.21 44.52 47.46
4.01 8.23 2.47 1.33 42.10 38.98 44.21 46.90
3.94 8.11 2.43 1.27 42.18 39.05 44.27 47.08
3.76 7.69 2.33 1.25 42.39 39.29 44.45 47.16
4.46 9.21 2.73 1.45 41.65 38.51 43.78 46.52
3.92 8.11 2.45 1.19 42.21 39.06 44.25 47.36
4.22 8.79 2.53 1.35 41.89 38.71 44.11 46.81
3.75 7.84 2.28 1.14 42.40 39.21 44.56 47.54
3.98 8.35 2.41 1.19 42.15 38.95 44.32 47.37
4.09 8.61 2.42 1.22 42.04 38.80 44.31 47.25
3.75 7.92 2.19 1.16 42.39 39.16 44.73 47.50
3.49 7.63 1.97 0.87 42.71 39.32 45.19 48.76
3.85 8.35 2.25 0.96 42.28 38.93 44.61 48.32
3.61 7.66 2.22 0.95 42.56 39.29 44.66 48.35
3.42 7.06 2.06 1.13 42.80 39.64 45.00 47.61
3.73 7.64 2.28 1.26 42.42 39.30 44.55 47.14
3.59 7.44 2.15 1.18 42.58 39.42 44.81 47.42
3.42 7.06 2.01 1.18 42.80 39.64 45.11 47.41
3.03 6.21 1.82 1.05 43.32 40.20 45.53 47.95
3.04 6.21 1.84 1.07 43.31 40.21 45.48 47.84
3.01 6.15 1.80 1.08 43.34 40.24 45.58 47.79
2.83 5.71 1.71 1.05 43.62 40.57 45.80 47.92
2.55 5.17 1.51 0.96 44.07 41.00 46.34 48.30
2.85 5.76 1.68 1.11 43.58 40.53 45.88 47.68
2.94 5.98 1.72 1.12 43.45 40.37 45.78 47.66
3.05 6.23 1.79 1.12 43.29 40.18 45.60 47.63
3.47 7.18 2.04 1.20 42.73 39.58 45.04 47.33
3.75 7.75 2.25 1.24 42.40 39.24 44.62 47.19
3.69 7.74 2.14 1.18 42.46 39.25 44.82 47.39
3.32 6.99 1.96 1.02 42.92 39.69 45.21 48.06
3.11 6.55 1.89 0.90 43.20 39.97 45.35 48.62
3.22 6.82 1.96 0.88 43.05 39.79 45.20 48.70
3.29 6.95 2.03 0.88 42.97 39.72 45.06 48.68
3.43 7.35 2.04 0.91 42.77 39.47 45.03 48.53
3.30 7.00 2.02 0.88 42.95 39.68 45.07 48.70
3.31 7.07 1.96 0.89 42.94 39.64 45.21 48.64
3.57 7.47 2.14 1.10 42.60 39.40 44.82 47.73
3.33 6.97 2.01 0.99 42.91 39.70 45.09 48.16
3.55 7.35 2.18 1.13 42.63 39.47 44.74 47.60
3.26 6.69 2.00 1.10 43.00 39.88 45.12 47.72
3.47 7.10 2.09 1.22 42.73 39.62 44.92 47.28
3.17 6.44 1.97 1.10 43.12 40.05 45.19 47.71
3.36 6.82 2.01 1.25 42.87 39.79 45.10 47.17
3.36 6.89 2.08 1.12 42.86 39.74 44.95 47.64
3.64 7.55 2.10 1.26 42.53 39.35 44.91 47.12
3.12 6.43 1.88 1.03 43.20 40.05 45.38 48.00
3.05 6.28 1.86 1.01 43.29 40.15 45.44 48.07
2.66 5.46 1.63 0.89 43.88 40.76 46.01 48.65
2.67 5.57 1.55 0.89 43.87 40.67 46.24 48.64
2.32 4.82 1.37 0.76 44.49 41.30 46.75 49.33
2.31 4.70 1.39 0.85 44.49 41.41 46.71 48.83
2.09 4.21 1.33 0.74 44.93 41.89 46.89 49.45
2.20 4.50 1.31 0.80 44.70 41.60 46.95 49.12
1.99 4.13 1.21 0.64 45.13 41.97 47.30 50.04
2.16 4.45 1.29 0.73 44.80 41.65 47.03 49.49
2.14 4.44 1.29 0.69 44.83 41.66 47.03 49.76
2.39 4.92 1.40 0.84 44.35 41.21 46.68 48.90
2.28 4.58 1.45 0.82 44.54 41.52 46.52 48.99
2.34 4.56 1.50 0.97 44.44 41.54 46.38 48.28
2.56 5.04 1.58 1.06 44.06 41.11 46.15 47.89
2.85 5.36 1.76 1.42 43.59 40.84 45.67 46.62
2.85 5.05 1.78 1.70 43.59 41.10 45.62 45.82
3.36 5.92 2.06 2.10 42.86 40.41 44.98 44.91
3.39 5.76 2.12 2.29 42.83 40.53 44.87 44.55
3.85 6.47 2.64 2.43 42.28 40.02 43.91 44.29
4.33 7.34 2.99 2.67 41.76 39.47 43.38 43.87
4.32 7.26 3.00 2.69 41.78 39.53 43.36 43.83
4.02 6.81 2.61 2.65 42.09 39.80 43.96 43.90
4.20 7.20 2.71 2.69 41.90 39.56 43.80 43.84
4.00 6.82 2.60 2.57 42.11 39.79 43.98 44.03
3.78 6.48 2.47 2.39 42.36 40.02 44.21 44.34
3.36 5.82 2.09 2.18 42.86 40.48 44.93 44.75
3.41 6.03 2.12 2.09 42.80 40.33 44.87 44.94
3.44 6.15 2.13 2.05 42.77 40.25 44.85 45.03
3.72 6.66 2.31 2.19 42.43 39.90 44.50 44.74
3.46 6.09 2.20 2.08 42.75 40.29 44.70 44.96
3.79 6.49 2.61 2.27 42.34 40.01 43.96 44.57
4.13 7.04 2.84 2.51 41.97 39.66 43.60 44.13
4.17 7.05 2.81 2.65 41.93 39.66 43.65 43.91
4.79 8.21 3.22 2.95 41.33 38.99 43.06 43.44
4.74 8.02 3.25 2.95 41.38 39.09 43.01 43.44
3.99 6.63 2.78 2.56 42.13 39.92 43.69 44.05
4.20 7.14 2.89 2.56 41.90 39.59 43.52 44.05
4.32 7.28 2.99 2.70 41.78 39.52 43.38 43.83
4.04 6.87 2.70 2.54 42.07 39.77 43.81 44.08
4.42 7.51 2.95 2.81 41.68 39.38 43.43 43.66
4.38 7.34 3.01 2.79 41.73 39.48 43.36 43.69
3.90 6.45 2.56 2.69 42.22 40.04 44.05 43.83
3.94 6.64 2.55 2.63 42.19 39.92 44.07 43.94
3.48 5.65 2.24 2.54 42.72 40.61 44.63 44.08
3.63 5.98 2.27 2.63 42.54 40.37 44.58 43.93
3.38 5.54 2.11 2.49 42.85 40.70 44.89 44.18
3.21 5.41 2.07 2.13 43.07 40.80 44.96 44.85
3.40 5.80 2.21 2.19 42.82 40.50 44.70 44.73
2.90 4.91 2.00 1.80 43.50 41.22 45.13 45.58
2.86 4.83 2.06 1.68 43.57 41.29 45.00 45.86
2.58 4.55 1.88 1.31 44.01 41.55 45.38 46.95
2.51 4.68 1.75 1.09 44.14 41.43 45.71 47.76
1.98 3.80 1.27 0.86 45.17 42.34 47.09 48.79
2.17 4.19 1.36 0.97 44.77 41.91 46.81 48.26
1.97 3.78 1.28 0.87 45.18 42.36 47.06 48.76
2.23 4.18 1.50 1.02 44.64 41.92 46.37 48.04
2.04 3.87 1.37 0.88 45.03 42.25 46.76 48.68
2.21 4.12 1.48 1.04 44.68 41.98 46.44 47.95
1.94 3.65 1.28 0.88 45.26 42.51 47.04 48.71
2.19 4.06 1.48 1.02 44.73 42.04 46.44 48.02
1.93 3.61 1.34 0.85 45.27 42.56 46.85 48.85
2.09 3.86 1.38 1.03 44.93 42.26 46.73 48.00
1.82 3.38 1.16 0.92 45.54 42.85 47.50 48.51
1.96 3.57 1.26 1.03 45.22 42.60 47.13 48.01
1.74 3.15 1.15 0.92 45.72 43.15 47.51 48.47
2.12 3.86 1.41 1.10 44.86 42.27 46.65 47.72
2.40 4.33 1.61 1.26 44.33 41.77 46.06 47.13
3.02 5.65 1.87 1.54 43.33 40.61 45.40 46.26
3.70 6.93 2.33 1.84 42.45 39.72 44.47 45.49
4.11 7.76 2.59 1.97 42.00 39.24 44.00 45.18
4.13 7.80 2.59 2.01 41.98 39.22 44.00 45.11
5.28 10.29 3.20 2.34 40.91 38.02 43.09 44.43
4.78 9.30 2.87 2.18 41.34 38.46 43.55 44.75
5.42 10.69 3.20 2.37 40.80 37.85 43.08 44.38
5.15 10.11 3.13 2.21 41.02 38.09 43.17 44.68
5.88 11.61 3.47 2.56 40.44 37.49 42.73 44.05
5.78 11.58 3.43 2.32 40.52 37.50 42.78 44.48
5.93 11.76 3.58 2.46 40.40 37.43 42.60 44.23
5.87 11.74 3.48 2.40 40.45 37.44 42.71 44.34
5.48 10.77 3.27 2.42 40.74 37.81 42.99 44.30
4.74 9.45 2.85 1.92 41.38 38.38 43.58 45.29
4.81 9.36 2.94 2.12 41.32 38.43 43.45 44.87
3.79 7.09 2.39 1.88 42.36 39.63 44.34 45.40
4.40 8.15 2.85 2.19 41.71 39.03 43.58 44.73
4.40 8.20 2.70 2.30 41.70 39.00 43.82 44.52
4.35 8.28 2.63 2.15 41.75 38.96 43.94 44.81
4.68 9.05 2.83 2.15 41.44 38.57 43.62 44.81
4.36 8.57 2.55 1.97 41.74 38.81 44.06 45.20
4.41 8.70 2.55 1.96 41.70 38.74 44.07 45.21
4.78 9.60 2.66 2.09 41.35 38.32 43.90 44.94
4.79 9.16 2.74 2.47 41.34 38.52 43.77 44.22
4.64 8.84 2.59 2.47 41.48 38.67 44.00 44.21
4.95 9.28 2.82 2.73 41.20 38.46 43.63 43.77
5.17 9.68 3.14 2.69 41.00 38.28 43.18 43.83
4.84 9.20 2.83 2.49 41.29 38.50 43.61 44.17
5.25 9.95 3.09 2.71 40.94 38.16 43.24 43.81
5.00 9.50 2.99 2.50 41.15 38.36 43.38 44.15
4.62 8.72 2.78 2.38 41.48 38.73 43.70 44.37
5.01 9.67 2.85 2.51 41.13 38.28 43.58 44.13
4.23 8.06 2.50 2.13 41.87 39.07 44.15 44.84
4.13 7.87 2.53 1.98 41.98 39.18 44.09 45.16
3.57 6.90 2.20 1.63 42.60 39.75 44.71 46.01
3.38 6.47 2.09 1.58 42.84 40.03 44.92 46.15
2.71 5.18 1.72 1.24 43.80 40.99 45.77 47.21
2.50 4.72 1.61 1.17 44.15 41.39 46.07 47.43
2.14 4.03 1.36 1.02 44.83 42.07 46.79 48.06
2.10 3.91 1.31 1.08 44.90 42.20 46.97 47.78
1.88 3.52 1.20 0.92 45.39 42.66 47.34 48.52
1.85 3.44 1.19 0.93 45.46 42.77 47.37 48.47
2.07 3.90 1.29 1.03 44.97 42.22 47.02 48.02
2.08 3.96 1.33 0.96 44.95 42.16 46.90 48.32
2.01 3.78 1.30 0.96 45.09 42.36 47.01 48.30
1.99 3.74 1.30 0.94 45.14 42.40 46.98 48.42
2.32 4.43 1.46 1.06 44.48 41.66 46.49 47.88
2.51 4.85 1.58 1.08 44.15 41.27 46.15 47.79
2.70 5.15 1.69 1.27 43.82 41.01 45.85 47.11
2.84 5.37 1.85 1.29 43.60 40.83 45.47 47.02
3.01 5.76 1.91 1.35 43.35 40.53 45.31 46.82
3.13 6.00 2.01 1.39 43.17 40.35 45.11 46.70
3.25 6.27 2.05 1.43 43.02 40.16 45.02 46.59
3.40 6.64 2.13 1.45 42.81 39.91 44.85 46.51
3.53 6.92 2.21 1.46 42.66 39.74 44.69 46.48
3.63 7.19 2.29 1.41 42.53 39.57 44.53 46.64
3.56 7.07 2.24 1.36 42.62 39.64 44.63 46.79
3.68 7.30 2.33 1.42 42.47 39.50 44.45 46.60
3.90 7.64 2.59 1.48 42.22 39.30 44.00 46.44
3.98 7.82 2.55 1.58 42.13 39.20 44.07 46.15
3.99 7.74 2.60 1.64 42.12 39.25 43.99 45.97
3.90 7.63 2.50 1.55 42.23 39.31 44.14 46.23
4.15 8.12 2.66 1.68 41.95 39.04 43.88 45.88
3.89 7.72 2.48 1.48 42.23 39.26 44.19 46.43
3.98 7.93 2.52 1.50 42.13 39.14 44.13 46.38
3.86 7.74 2.48 1.36 42.27 39.25 44.20 46.81
3.64 7.38 2.28 1.27 42.52 39.46 44.56 47.09
3.67 7.47 2.27 1.28 42.48 39.40 44.57 47.06
3.87 7.76 2.45 1.40 42.26 39.24 44.25 46.69
4.08 8.14 2.50 1.59 42.03 39.02 44.15 46.11
3.93 7.93 2.41 1.46 42.19 39.14 44.31 46.49
3.83 7.77 2.28 1.43 42.30 39.23 44.55 46.58
3.45 7.17 1.97 1.22 42.75 39.58 45.19 47.27
3.06 6.32 1.82 1.03 43.28 40.13 45.53 48.00
3.08 6.33 1.90 1.02 43.24 40.12 45.35 48.04
3.32 6.82 2.03 1.11 42.92 39.80 45.05 47.69
3.25 6.65 2.02 1.06 43.02 39.91 45.08 47.86
3.25 6.63 1.96 1.16 43.01 39.92 45.21 47.48
3.56 7.16 2.16 1.37 42.61 39.58 44.80 46.75
3.81 7.66 2.35 1.42 42.32 39.29 44.42 46.60
3.51 7.18 2.07 1.30 42.68 39.57 44.99 46.99
3.57 7.54 2.08 1.09 42.61 39.36 44.95 47.77
3.92 8.55 2.18 1.04 42.20 38.81 44.76 47.98
3.62 7.86 2.00 1.01 42.54 39.18 45.12 48.10
3.45 7.51 2.00 0.83 42.76 39.37 45.14 48.93
3.27 7.08 1.88 0.84 43.00 39.63 45.40 48.89
3.37 7.28 1.87 0.95 42.86 39.51 45.42 48.34
3.31 6.91 1.91 1.12 42.93 39.74 45.32 47.64
3.43 7.17 1.96 1.15 42.78 39.58 45.21 47.54
3.34 6.98 1.94 1.10 42.89 39.69 45.25 47.73
3.35 7.06 1.88 1.10 42.89 39.65 45.40 47.72
3.29 6.80 1.97 1.10 42.96 39.81 45.19 47.74
3.12 6.36 1.96 1.03 43.19 40.10 45.21 47.99
3.36 6.88 2.06 1.15 42.87 39.76 45.00 47.51
3.00 6.10 1.86 1.05 43.36 40.28 45.44 47.92
3.17 6.39 1.96 1.16 43.12 40.08 45.20 47.48
2.80 5.61 1.72 1.08 43.66 40.64 45.78 47.81
2.71 5.34 1.70 1.11 43.80 40.86 45.85 47.70
2.81 5.47 1.74 1.22 43.65 40.76 45.72 47.28
2.71 5.21 1.74 1.18 43.82 40.97 45.76 47.44
2.53 4.78 1.66 1.14 44.10 41.33 45.94 47.55
2.49 4.68 1.66 1.13 44.18 41.43 45.95 47.62
2.71 5.12 1.72 1.30 43.80 41.04 45.77 47.00
2.52 4.72 1.63 1.22 44.13 41.40 46.04 47.27
2.62 4.89 1.71 1.26 43.95 41.24 45.82 47.14
2.49 4.75 1.59 1.14 44.17 41.37 46.13 47.60
2.86 5.48 1.79 1.30 43.57 40.74 45.60 46.99
2.67 5.06 1.75 1.21 43.87 41.10 45.72 47.32
2.61 4.86 1.73 1.25 43.97 41.27 45.76 47.17
2.72 5.09 1.77 1.31 43.79 41.07 45.67 46.97
3.03 5.67 1.92 1.50 43.32 40.59 45.31 46.38
2.97 5.61 1.90 1.42 43.41 40.65 45.36 46.63
2.83 5.31 1.83 1.35 43.62 40.88 45.50 46.84
3.30 6.23 2.07 1.59 42.95 40.19 44.98 46.11
3.04 5.79 1.91 1.41 43.32 40.51 45.33 46.66
3.32 6.45 2.04 1.48 42.92 40.04 45.03 46.43
3.08 6.05 1.92 1.27 43.25 40.32 45.30 47.09
2.99 5.97 1.86 1.15 43.37 40.37 45.44 47.52
3.49 7.08 2.09 1.31 42.70 39.63 44.94 46.95
3.47 7.07 2.08 1.26 42.73 39.64 44.95 47.14
3.36 6.84 2.07 1.18 42.86 39.78 44.97 47.43
3.50 7.12 2.12 1.27 42.69 39.61 44.87 47.11
3.88 7.81 2.45 1.38 42.24 39.20 44.24 46.74
4.10 8.25 2.52 1.54 42.00 38.97 44.11 46.25
4.03 8.13 2.53 1.43 42.07 39.03 44.09 46.58
3.70 7.42 2.30 1.37 42.45 39.43 44.52 46.75
3.93 7.84 2.41 1.55 42.18 39.19 44.31 46.23
3.61 7.11 2.31 1.42 42.55 39.61 44.50 46.61
3.24 6.37 2.03 1.32 43.02 40.09 45.05 46.93
3.15 6.19 1.97 1.28 43.15 40.21 45.19 47.07
3.35 6.61 2.07 1.36 42.89 39.93 44.97 46.80
3.25 6.47 1.97 1.29 43.02 40.02 45.18 47.02
3.13 6.28 1.86 1.24 43.18 40.15 45.43 47.21
3.17 6.39 1.89 1.23 43.12 40.08 45.38 47.23
3.54 7.18 2.07 1.36 42.64 39.57 44.97 46.79
3.58 7.34 2.11 1.31 42.59 39.47 44.89 46.95
3.23 6.57 1.89 1.22 43.04 39.96 45.36 47.26
3.17 6.44 1.89 1.18 43.12 40.04 45.37 47.41
3.41 6.83 2.01 1.38 42.81 39.79 45.10 46.71
3.46 6.97 2.07 1.34 42.74 39.70 44.97 46.84
3.60 7.31 2.13 1.36 42.57 39.49 44.85 46.79
3.54 7.29 2.08 1.25 42.64 39.51 44.94 47.15
3.63 7.46 2.13 1.29 42.54 39.40 44.84 47.04
3.50 7.22 2.08 1.21 42.69 39.55 44.95 47.30
3.13 6.52 1.82 1.04 43.18 39.99 45.53 47.97
3.21 6.79 1.83 1.00 43.07 39.81 45.50 48.12
3.35 7.07 1.88 1.10 42.88 39.64 45.39 47.70
3.42 7.39 1.83 1.05 42.79 39.45 45.50 47.95
3.49 7.49 1.90 1.06 42.71 39.38 45.33 47.87
3.23 7.00 1.78 0.90 43.04 39.68 45.62 48.59
3.16 6.99 1.70 0.77 43.14 39.68 45.84 49.24
3.06 6.72 1.75 0.70 43.28 39.86 45.70 49.70
2.83 6.20 1.58 0.73 43.61 40.21 46.14 49.52
3.17 6.95 1.71 0.85 43.11 39.71 45.79 48.82
3.31 7.17 1.80 0.97 42.93 39.57 45.57 48.26
3.66 7.82 1.94 1.21 42.50 39.20 45.26 47.30
4.02 8.45 2.26 1.36 42.08 38.86 44.60 46.78
4.30 8.98 2.50 1.42 41.80 38.60 44.15 46.60
4.53 9.60 2.57 1.44 41.56 38.31 44.03 46.55
4.38 9.23 2.52 1.40 41.71 38.48 44.12 46.68
4.21 8.87 2.36 1.39 41.89 38.65 44.40 46.70
4.21 8.87 2.40 1.36 41.88 38.65 44.32 46.78
4.18 8.83 2.38 1.34 41.92 38.67 44.36 46.87
4.14 8.77 2.38 1.27 41.96 38.70 44.36 47.09
3.98 8.51 2.20 1.24 42.13 38.83 44.71 47.21
3.61 7.70 1.95 1.17 42.56 39.27 45.22 47.45
3.87 8.18 2.11 1.32 42.26 39.01 44.89 46.93
3.88 8.08 2.13 1.43 42.24 39.05 44.84 46.57
3.98 8.26 2.25 1.44 42.13 38.96 44.62 46.54
3.70 7.67 2.10 1.35 42.44 39.28 44.90 46.84
4.19 8.60 2.36 1.62 41.90 38.78 44.40 46.04
3.81 7.95 2.10 1.39 42.32 39.13 44.91 46.69
4.23 8.69 2.39 1.62 41.86 38.74 44.35 46.03
3.98 8.14 2.25 1.53 42.14 39.02 44.60 46.27
4.49 9.21 2.55 1.73 41.60 38.49 44.08 45.75
3.93 7.99 2.26 1.55 42.18 39.10 44.59 46.23
4.21 8.53 2.46 1.66 41.89 38.82 44.23 45.94
3.75 7.54 2.20 1.53 42.39 39.36 44.71 46.30
4.16 8.39 2.39 1.69 41.94 38.90 44.34 45.86
3.57 7.27 2.03 1.43 42.60 39.52 45.06 46.59
3.77 7.74 2.16 1.40 42.37 39.25 44.78 46.66
3.16 6.55 1.83 1.11 43.13 39.97 45.51 47.69
3.36 7.02 1.94 1.12 42.87 39.67 45.25 47.66
2.82 5.99 1.60 0.89 43.62 40.36 46.10 48.62
3.14 6.60 1.82 1.00 43.17 39.94 45.54 48.15
2.88 6.05 1.71 0.88 43.54 40.31 45.79 48.72
3.43 7.05 2.16 1.09 42.78 39.65 44.80 47.77
3.27 6.73 2.07 1.01 42.99 39.85 44.98 48.10
3.61 7.31 2.33 1.18 42.56 39.49 44.46 47.40
3.79 7.64 2.38 1.35 42.35 39.30 44.37 46.84
3.66 7.44 2.32 1.21 42.50 39.42 44.48 47.30
3.94 8.02 2.50 1.29 42.18 39.09 44.14 47.02
4.14 8.35 2.71 1.36 41.96 38.92 43.81 46.80
4.08 8.29 2.58 1.37 42.02 38.95 44.02 46.76
3.45 7.07 2.17 1.11 42.75 39.64 44.77 47.69
3.76 7.75 2.32 1.21 42.38 39.24 44.47 47.31
3.37 7.01 2.06 1.03 42.86 39.68 45.00 47.99
3.74 7.78 2.20 1.25 42.40 39.23 44.71 47.17
3.14 6.67 1.88 0.88 43.16 39.89 45.38 48.70
3.47 7.40 2.10 0.90 42.73 39.44 44.90 48.60
3.29 6.97 2.03 0.88 42.96 39.70 45.07 48.70
3.53 7.34 2.15 1.10 42.65 39.47 44.81 47.72
3.83 7.90 2.35 1.26 42.30 39.16 44.43 47.14
3.79 7.89 2.29 1.20 42.35 39.16 44.54 47.35
3.39 7.00 2.03 1.13 42.83 39.68 45.05 47.59
3.41 7.00 2.07 1.15 42.81 39.68 44.98 47.52
3.12 6.30 1.96 1.11 43.19 40.14 45.22 47.69
2.82 5.81 1.74 0.92 43.63 40.50 45.73 48.48
2.59 5.28 1.59 0.90 44.00 40.91 46.13 48.58
2.81 5.82 1.64 0.99 43.64 40.49 45.99 48.19
2.70 5.48 1.60 1.00 43.83 40.75 46.10 48.13
2.85 5.78 1.69 1.08 43.59 40.52 45.86 47.81
3.26 6.72 1.87 1.19 43.00 39.86 45.41 47.40
3.41 7.01 2.02 1.20 42.81 39.68 45.09 47.36
3.40 7.10 1.98 1.13 42.81 39.62 45.17 47.59
3.84 8.17 2.16 1.21 42.29 39.01 44.80 47.30
3.42 7.20 1.99 1.05 42.80 39.56 45.14 47.92
3.28 6.98 1.96 0.91 42.97 39.69 45.21 48.54
3.30 7.02 1.99 0.87 42.95 39.67 45.13 48.74
3.10 6.59 1.89 0.82 43.22 39.94 45.38 49.01
3.38 7.28 2.01 0.86 42.84 39.51 45.10 48.81
3.28 7.03 2.00 0.81 42.97 39.66 45.11 49.03
3.31 7.14 1.96 0.84 42.93 39.60 45.22 48.86
3.61 7.67 2.14 1.02 42.56 39.29 44.83 48.04
3.47 7.29 2.10 1.03 42.73 39.51 44.92 48.01
3.71 7.64 2.34 1.16 42.43 39.30 44.43 47.48
3.80 7.80 2.29 1.31 42.34 39.21 44.54 46.97
3.69 7.45 2.34 1.27 42.46 39.41 44.44 47.09
3.52 7.14 2.17 1.24 42.67 39.60 44.76 47.19
3.63 7.38 2.22 1.29 42.53 39.45 44.66 47.02
4.10 8.38 2.51 1.42 42.00 38.90 44.13 46.61
3.84 7.89 2.32 1.31 42.29 39.16 44.48 46.97
3.53 7.25 2.11 1.21 42.66 39.53 44.89 47.29
3.28 6.73 2.00 1.11 42.97 39.85 45.12 47.66
3.22 6.59 1.92 1.16 43.05 39.95 45.30 47.47
2.87 5.85 1.76 0.99 43.56 40.46 45.66 48.19
2.69 5.53 1.57 0.96 43.84 40.70 46.18 48.34
2.43 4.92 1.46 0.90 44.28 41.21 46.49 48.56
2.49 5.01 1.51 0.95 44.17 41.13 46.35 48.34
2.40 4.85 1.45 0.90 44.32 41.27 46.51 48.59
2.25 4.55 1.37 0.83 44.61 41.55 46.78 48.96
2.30 4.67 1.42 0.81 44.51 41.44 46.60 49.05
2.55 5.20 1.57 0.89 44.06 40.97 46.18 48.64
2.57 5.23 1.55 0.91 44.04 40.94 46.22 48.54
2.48 4.94 1.56 0.96 44.18 41.20 46.21 48.33
2.61 5.08 1.67 1.07 43.96 41.07 45.90 47.83
2.81 5.44 1.81 1.18 43.65 40.77 45.56 47.43
3.04 5.66 1.91 1.54 43.31 40.60 45.31 46.25
3.20 5.78 2.00 1.83 43.08 40.52 45.12 45.51
3.26 5.61 1.99 2.18 43.00 40.64 45.15 44.75
3.42 5.72 2.16 2.38 42.79 40.56 44.78 44.38
4.26 7.21 2.93 2.64 41.84 39.55 43.47 43.92
4.42 7.47 3.00 2.80 41.67 39.40 43.36 43.65
4.21 7.05 2.90 2.68 41.89 39.65 43.51 43.85
4.10 6.96 2.67 2.66 42.00 39.70 43.86 43.88
3.94 6.66 2.56 2.59 42.18 39.90 44.04 44.00
4.08 6.97 2.68 2.60 42.02 39.70 43.85 43.99
3.90 6.69 2.57 2.44 42.22 39.87 44.04 44.25
3.53 6.15 2.18 2.27 42.65 40.24 44.75 44.57
3.48 6.14 2.21 2.08 42.72 40.25 44.68 44.95
3.48 6.28 2.12 2.03 42.72 40.15 44.86 45.06
3.91 7.15 2.42 2.18 42.21 39.59 44.29 44.75
3.66 6.59 2.31 2.10 42.49 39.95 44.50 44.91
4.05 7.07 2.66 2.42 42.06 39.64 43.88 44.30
4.38 7.52 2.99 2.63 41.72 39.37 43.38 43.93
4.58 7.86 2.98 2.91 41.52 39.17 43.38 43.50
4.98 8.64 3.28 3.01 41.16 38.77 42.97 43.34
5.03 8.57 3.48 3.05 41.12 38.80 42.72 43.30
4.41 7.35 3.01 2.86 41.69 39.47 43.35 43.56
4.56 7.70 3.00 2.97 41.54 39.27 43.36 43.40
4.81 8.15 3.27 3.00 41.31 39.02 42.98 43.36
4.40 7.44 2.91 2.85 41.70 39.42 43.50 43.58
4.43 7.52 3.03 2.74 41.67 39.37 43.31 43.75
4.72 8.07 3.32 2.79 41.39 39.06 42.92 43.68
4.07 6.64 2.77 2.82 42.03 39.91 43.71 43.63
4.43 7.57 2.88 2.83 41.67 39.34 43.54 43.62
3.93 6.54 2.51 2.74 42.19 39.99 44.15 43.75
4.06 6.82 2.52 2.83 42.05 39.79 44.11 43.61
3.73 6.26 2.35 2.58 42.42 40.17 44.43 44.02
3.81 6.57 2.35 2.51 42.33 39.96 44.43 44.13
3.55 6.08 2.34 2.25 42.62 40.30 44.44 44.61
3.39 5.86 2.27 2.03 42.84 40.46 44.58 45.06
3.07 5.34 2.11 1.77 43.25 40.85 44.89 45.66
3.14 5.64 2.16 1.63 43.15 40.62 44.78 46.00
2.70 5.04 1.94 1.13 43.82 41.11 45.26 47.60
2.41 4.72 1.49 1.02 44.31 41.40 46.40 48.04
2.25 4.38 1.41 0.97 44.60 41.72 46.63 48.24
2.31 4.46 1.49 0.98 44.50 41.64 46.41 48.21
2.47 4.77 1.58 1.05 44.21 41.35 46.14 47.93
2.25 4.25 1.50 1.01 44.61 41.85 46.38 48.11
2.26 4.34 1.45 0.98 44.60 41.76 46.53 48.22
2.44 4.68 1.61 1.05 44.25 41.43 46.07 47.95
2.51 4.84 1.62 1.09 44.13 41.28 46.04 47.77
2.33 4.43 1.56 1.00 44.46 41.67 46.21 48.13
2.21 4.20 1.45 0.99 44.68 41.90 46.53 48.17
2.31 4.32 1.51 1.09 44.51 41.78 46.34 47.77
2.21 4.12 1.42 1.08 44.69 41.98 46.60 47.79
2.07 3.81 1.37 1.04 44.96 42.32 46.76 47.97
2.30 4.25 1.50 1.14 44.52 41.84 46.38 47.57
2.83 5.26 1.88 1.35 43.62 40.93 45.40 46.83
3.44 6.47 2.15 1.70 42.77 40.03 44.81 45.83
3.89 7.44 2.45 1.78 42.24 39.43 44.25 45.62
4.85 9.32 3.05 2.19 41.28 38.45 43.29 44.74
5.23 10.06 3.21 2.40 40.97 38.12 43.08 44.33
6.29 12.35 3.80 2.73 40.15 37.23 42.33 43.78
6.10 12.17 3.53 2.58 40.30 37.31 42.66 44.02
6.60 13.32 3.75 2.73 39.95 36.90 42.40 43.78
6.70 13.29 4.03 2.78 39.89 36.92 42.09 43.71
7.06 14.18 4.04 2.95 39.66 36.63 42.07 43.44
7.15 14.58 4.14 2.74 39.62 36.53 41.98 43.78
7.29 14.92 4.23 2.73 39.52 36.41 41.88 43.78
6.82 14.00 3.94 2.53 39.82 36.71 42.20 44.12
6.45 13.13 3.61 2.62 40.05 36.97 42.57 43.95
6.20 12.58 3.59 2.42 40.24 37.16 42.61 44.30
6.01 12.08 3.55 2.40 40.36 37.34 42.64 44.35
5.00 9.90 2.87 2.22 41.16 38.19 43.56 44.66
5.35 10.27 3.41 2.37 40.87 38.05 42.84 44.39
5.17 10.03 3.03 2.45 41.00 38.12 43.31 44.25
5.68 11.11 3.31 2.61 40.60 37.69 42.94 43.96
5.79 11.52 3.40 2.45 40.52 37.53 42.82 44.25
5.40 10.80 3.09 2.32 40.83 37.83 43.25 44.50
5.63 11.16 3.25 2.49 40.63 37.65 43.02 44.18
5.74 11.80 3.09 2.34 40.54 37.41 43.23 44.45
6.04 11.76 3.51 2.85 40.32 37.43 42.68 43.58
5.49 10.72 3.01 2.74 40.73 37.83 43.34 43.74
6.30 12.13 3.45 3.33 40.14 37.29 42.75 42.92
6.63 12.85 3.78 3.26 39.92 37.04 42.36 43.00
6.65 13.13 3.73 3.10 39.90 36.95 42.42 43.22
6.52 12.86 3.62 3.08 39.99 37.04 42.54 43.24
6.36 12.40 3.71 2.97 40.10 37.20 42.44 43.41
6.54 12.55 3.83 3.23 39.98 37.14 42.30 43.03
6.31 12.38 3.60 2.96 40.13 37.20 42.57 43.41
5.84 11.44 3.33 2.78 40.46 37.55 42.91 43.70
5.29 10.42 3.12 2.33 40.90 37.95 43.19 44.46
4.65 9.15 2.80 2.02 41.45 38.51 43.66 45.08
4.16 8.10 2.62 1.75 41.95 39.05 43.96 45.69
3.87 7.58 2.39 1.63 42.25 39.33 44.34 46.00
3.13 6.10 1.98 1.32 43.17 40.28 45.17 46.92
2.97 5.90 1.76 1.24 43.41 40.42 45.69 47.20
2.58 4.95 1.63 1.16 44.02 41.19 46.01 47.50
2.50 4.86 1.52 1.12 44.16 41.26 46.32 47.65
2.54 4.58 1.68 1.37 44.08 41.52 45.88 46.77
2.24 4.16 1.46 1.11 44.62 41.94 46.48 47.69
2.42 4.56 1.55 1.15 44.30 41.54 46.24 47.54
2.39 4.49 1.55 1.13 44.35 41.61 46.24 47.61
2.62 4.93 1.68 1.26 43.94 41.20 45.88 47.12
2.63 5.16 1.66 1.08 43.92 41.00 45.93 47.79
2.71 5.39 1.65 1.09 43.81 40.82 45.97 47.77
3.22 6.24 2.02 1.39 43.06 40.18 45.08 46.69
3.18 6.18 1.99 1.34 43.12 40.22 45.14 46.84
3.49 6.90 2.13 1.46 42.70 39.74 44.85 46.50
3.60 7.10 2.27 1.44 42.57 39.62 44.58 46.53
3.91 7.79 2.39 1.55 42.22 39.23 44.35 46.24
4.16 8.40 2.48 1.61 41.95 38.92 44.19 46.07
4.23 8.59 2.51 1.61 41.87 38.80 44.14 46.07
4.45 9.10 2.66 1.59 41.66 38.55 43.89 46.12
4.60 9.46 2.72 1.63 41.51 38.38 43.79 46.02
4.28 8.94 2.50 1.41 41.82 38.63 44.16 46.64
4.64 9.54 2.76 1.62 41.47 38.35 43.72 46.04
4.48 9.22 2.70 1.52 41.63 38.50 43.82 46.33
4.71 9.61 2.88 1.66 41.41 38.32 43.55 45.93
4.82 9.88 2.86 1.72 41.31 38.19 43.57 45.76
4.76 9.79 2.83 1.67 41.36 38.23 43.61 45.90
4.91 10.14 2.98 1.62 41.25 38.11 43.40 46.05
4.94 10.33 2.88 1.60 41.21 38.01 43.54 46.08
4.85 10.13 2.93 1.50 41.29 38.09 43.47 46.38
4.67 9.87 2.77 1.37 41.45 38.20 43.70 46.77
4.37 9.29 2.56 1.28 41.74 38.49 44.06 47.07
4.69 9.79 2.78 1.51 41.43 38.24 43.70 46.35
4.78 9.96 2.84 1.55 41.36 38.18 43.62 46.24
4.78 9.94 2.78 1.61 41.34 38.17 43.68 46.06
4.35 9.14 2.50 1.42 41.77 38.56 44.17 46.61
4.37 9.32 2.39 1.40 41.74 38.46 44.36 46.67
3.80 8.29 2.07 1.05 42.35 38.97 44.96 47.94
4.06 8.76 2.26 1.15 42.07 38.73 44.60 47.52
3.81 8.23 2.17 1.03 42.33 38.99 44.77 48.02
4.14 8.94 2.36 1.13 41.97 38.64 44.39 47.61
3.89 8.29 2.25 1.13 42.24 38.96 44.60 47.59
4.33 9.10 2.46 1.44 41.77 38.56 44.23 46.55
4.59 9.66 2.62 1.48 41.52 38.29 43.95 46.43
4.61 9.72 2.62 1.48 41.52 38.29 43.96 46.44
4.21 8.80 2.45 1.38 41.89 38.69 44.24 46.73
4.34 9.40 2.48 1.14 41.76 38.40 44.19 47.55
4.11 8.91 2.31 1.12 41.99 38.63 44.51 47.63
3.69 8.09 2.11 0.87 42.46 39.05 44.89 48.75
3.40 7.37 1.99 0.85 42.81 39.46 45.14 48.84
3.66 7.89 2.04 1.03 42.50 39.16 45.03 47.99
3.61 7.61 2.06 1.17 42.55 39.32 45.00 47.46
3.65 7.61 2.09 1.26 42.51 39.32 44.93 47.14
3.67 7.63 2.14 1.24 42.49 39.31 44.84 47.21
3.45 7.11 2.06 1.20 42.75 39.61 45.00 47.35
3.56 7.42 2.08 1.18 42.62 39.43 44.96 47.39
3.70 7.64 2.21 1.23 42.45 39.30 44.68 47.22
3.49 7.25 2.05 1.19 42.70 39.53 45.02 47.39
3.32 6.85 1.96 1.14 42.92 39.77 45.20 47.56
3.31 6.83 1.91 1.19 42.93 39.78 45.33 47.38
3.10 6.30 1.83 1.17 43.22 40.14 45.51 47.44
2.79 5.54 1.71 1.11 43.68 40.70 45.80 47.66
2.80 5.49 1.75 1.16 43.66 40.74 45.71 47.47
3.04 5.97 1.87 1.28 43.30 40.37 45.42 47.05
2.98 5.81 1.90 1.25 43.38 40.49 45.35 47.17
2.71 5.16 1.78 1.20 43.80 41.00 45.63 47.33
2.77 5.25 1.79 1.29 43.70 40.93 45.61 47.04
2.91 5.54 1.82 1.37 43.49 40.69 45.54 46.75
2.84 5.38 1.79 1.35 43.59 40.82 45.59 46.81
2.69 5.16 1.70 1.23 43.83 41.01 45.83 47.24
2.76 5.32 1.80 1.16 43.73 40.87 45.58 47.50
3.11 5.98 1.98 1.37 43.21 40.37 45.17 46.76
2.97 5.65 1.90 1.38 43.40 40.61 45.35 46.74
2.90 5.48 1.82 1.41 43.50 40.75 45.54 46.65
3.00 5.68 1.88 1.45 43.36 40.59 45.39 46.51
3.31 6.23 2.06 1.63 42.94 40.19 44.99 46.00
3.21 6.08 2.02 1.52 43.07 40.29 45.07 46.32
3.06 5.78 1.92 1.48 43.28 40.51 45.30 46.42
3.11 5.98 1.91 1.43 43.21 40.36 45.32 46.57
3.48 6.81 2.09 1.55 42.71 39.80 44.92 46.24
3.40 6.62 2.11 1.46 42.82 39.93 44.89 46.49
3.43 6.75 2.18 1.38 42.77 39.84 44.75 46.74
3.61 7.29 2.21 1.32 42.56 39.51 44.68 46.92
3.84 7.81 2.32 1.39 42.29 39.21 44.48 46.72
3.55 7.17 2.20 1.27 42.63 39.58 44.71 47.09
3.60 7.30 2.18 1.30 42.58 39.50 44.75 46.98
3.99 8.10 2.44 1.42 42.12 39.05 44.25 46.61
4.25 8.65 2.55 1.55 41.85 38.76 44.07 46.24
4.01 8.12 2.45 1.45 42.10 39.04 44.23 46.51
4.11 8.28 2.45 1.58 42.00 38.95 44.23 46.15
4.04 8.10 2.52 1.49 42.07 39.05 44.11 46.39
3.76 7.46 2.31 1.51 42.38 39.40 44.49 46.33
3.47 6.87 2.15 1.39 42.73 39.76 44.82 46.69
3.51 7.02 2.07 1.44 42.68 39.67 44.97 46.54
3.43 6.87 2.09 1.33 42.78 39.76 44.93 46.89
3.00 5.98 1.83 1.18 43.36 40.36 45.51 47.42
3.47 7.01 2.03 1.38 42.73 39.68 45.07 46.74
3.12 6.42 1.76 1.17 43.19 40.06 45.67 47.45
3.59 7.34 2.10 1.34 42.58 39.48 44.92 46.87
3.33 6.87 1.89 1.23 42.91 39.77 45.37 47.25
3.59 7.37 2.03 1.37 42.58 39.46 45.06 46.77
3.34 6.79 1.96 1.27 42.90 39.82 45.22 47.09
3.40 6.73 2.04 1.42 42.82 39.85 45.04 46.61
3.58 7.21 2.06 1.47 42.59 39.55 44.99 46.45
3.67 7.47 2.14 1.39 42.49 39.40 44.84 46.70
3.66 7.46 2.26 1.27 42.50 39.41 44.60 47.09
3.39 6.89 2.07 1.21 42.83 39.75 44.97 47.31
3.63 7.47 2.14 1.28 42.54 39.41 44.84 47.04
3.38 7.02 2.03 1.09 42.84 39.67 45.06 47.75
3.29 7.01 1.84 1.02 42.97 39.69 45.48 48.05
3.23 6.81 1.85 1.02 43.04 39.80 45.45 48.03
3.22 6.96 1.75 0.96 43.05 39.71 45.70 48.31
3.60 7.86 1.97 0.98 42.57 39.18 45.19 48.22
3.27 7.15 1.78 0.88 43.00 39.61 45.63 48.70
3.27 7.28 1.79 0.75 42.98 39.51 45.60 49.40
2.99 6.65 1.70 0.63 43.38 39.92 45.83 50.14
3.18 7.04 1.78 0.74 43.11 39.67 45.64 49.46
3.46 7.61 1.85 0.93 42.75 39.33 45.45 48.47
3.60 7.73 2.02 1.05 42.57 39.25 45.09 47.91
4.03 8.57 2.16 1.36 42.08 38.81 44.79 46.79
4.38 9.12 2.56 1.47 41.71 38.53 44.05 46.46
4.53 9.42 2.64 1.53 41.58 38.40 43.91 46.30
4.62 9.73 2.72 1.41 41.48 38.25 43.78 46.63
4.66 9.87 2.62 1.50 41.45 38.20 43.96 46.37
4.35 9.23 2.49 1.34 41.74 38.48 44.17 46.85
4.39 9.29 2.45 1.41 41.72 38.46 44.24 46.64
4.43 9.48 2.45 1.34 41.67 38.37 44.23 46.85
4.38 9.35 2.47 1.32 41.72 38.43 44.21 46.92
4.14 8.92 2.31 1.21 41.96 38.63 44.50 47.32
4.08 8.80 2.17 1.28 42.03 38.70 44.77 47.06
3.81 8.13 2.05 1.26 42.32 39.04 45.01 47.14
4.00 8.46 2.17 1.38 42.11 38.86 44.78 46.74
4.26 8.86 2.36 1.54 41.84 38.66 44.40 46.25
3.89 8.05 2.18 1.43 42.24 39.08 44.74 46.59
4.11 8.49 2.26 1.59 41.99 38.85 44.60 46.12
4.26 8.85 2.38 1.56 41.83 38.66 44.37 46.19
4.35 8.99 2.38 1.67 41.75 38.59 44.37 45.90
4.12 8.37 2.37 1.61 41.98 38.90 44.38 46.06
4.23 8.59 2.45 1.65 41.87 38.80 44.24 45.96
4.48 9.13 2.59 1.70 41.63 38.53 44.00 45.83
4.46 9.12 2.56 1.72 41.63 38.53 44.05 45.78
4.09 8.25 2.37 1.64 42.02 38.97 44.39 45.98
3.92 7.83 2.27 1.66 42.20 39.19 44.56 45.94
4.19 8.58 2.36 1.63 41.91 38.80 44.41 46.02
4.06 8.23 2.36 1.59 42.05 38.98 44.40 46.12
3.37 6.90 1.99 1.21 42.86 39.75 45.13 47.30
3.25 6.83 1.85 1.07 43.01 39.79 45.46 47.85
3.22 6.78 1.84 1.03 43.06 39.82 45.49 47.99
3.26 6.85 1.89 1.05 43.00 39.78 45.38 47.91
3.06 6.40 1.85 0.93 43.28 40.07 45.45 48.46
3.22 6.69 2.00 0.98 43.05 39.88 45.12 48.20
3.53 7.28 2.25 1.08 42.65 39.51 44.62 47.80
3.72 7.53 2.38 1.24 42.43 39.36 44.37 47.19
3.58 7.28 2.28 1.18 42.59 39.51 44.54 47.40
3.56 7.30 2.22 1.17 42.61 39.50 44.66 47.46
4.18 8.61 2.57 1.36 41.92 38.78 44.03 46.80
3.58 7.34 2.30 1.09 42.60 39.47 44.53 47.77
3.73 7.77 2.28 1.14 42.42 39.23 44.56 47.58
3.38 7.02 2.08 1.04 42.84 39.67 44.94 47.98
3.80 7.96 2.22 1.20 42.34 39.12 44.66 47.32
3.28 6.89 2.00 0.96 42.97 39.75 45.12 48.33
3.40 7.15 2.00 1.04 42.82 39.59 45.13 47.97
3.05 6.47 1.81 0.87 43.29 40.02 45.55 48.75
3.43 7.40 2.04 0.86 42.78 39.44 45.04 48.79
3.30 7.03 2.02 0.86 42.94 39.67 45.08 48.77
3.37 7.01 2.08 1.02 42.86 39.68 44.96 48.05
3.64 7.48 2.21 1.23 42.52 39.40 44.69 47.23
3.62 7.47 2.22 1.16 42.55 39.40 44.68 47.49
3.45 7.04 2.10 1.22 42.75 39.66 44.92 47.27
3.12 6.36 1.91 1.08 43.20 40.10 45.33 47.81
2.99 6.04 1.86 1.06 43.39 40.33 45.43 47.90
2.99 6.05 1.83 1.08 43.38 40.32 45.50 47.81
2.80 5.66 1.68 1.05 43.67 40.61 45.89 47.92
2.71 5.48 1.65 1.00 43.81 40.75 45.95 48.15
2.76 5.49 1.70 1.09 43.73 40.74 45.82 47.77
2.83 5.66 1.71 1.12 43.61 40.60 45.81 47.65
3.26 6.65 1.93 1.22 43.00 39.91 45.28 47.27
3.36 6.84 2.03 1.23 42.86 39.78 45.07 47.23
3.47 7.16 2.06 1.19 42.74 39.59 45.00 47.38
3.38 7.05 2.00 1.10 42.84 39.66 45.12 47.72
3.38 7.04 2.01 1.08 42.85 39.67 45.11 47.78
2.95 6.21 1.79 0.86 43.44 40.21 45.61 48.80
3.29 7.01 1.98 0.88 42.97 39.68 45.17 48.69
3.03 6.41 1.84 0.83 43.32 40.07 45.48 48.95
3.08 6.56 1.86 0.81 43.25 39.97 45.45 49.05
3.15 6.76 1.87 0.81 43.16 39.84 45.42 49.04
3.55 7.56 2.09 1.00 42.63 39.35 44.93 48.12
3.26 6.79 2.01 0.98 43.00 39.82 45.11 48.21
3.52 7.33 2.15 1.09 42.66 39.48 44.80 47.75
3.58 7.30 2.27 1.17 42.60 39.50 44.59 47.47
3.73 7.57 2.29 1.34 42.41 39.34 44.54 46.87
3.30 6.61 2.11 1.19 42.95 39.93 44.90 47.39
3.43 6.91 2.14 1.23 42.78 39.74 44.83 47.22
3.56 7.21 2.20 1.28 42.62 39.56 44.71 47.08
3.93 8.00 2.44 1.37 42.18 39.10 44.26 46.77
3.49 7.05 2.19 1.22 42.71 39.65 44.73 47.30
3.34 6.70 2.12 1.18 42.90 39.87 44.87 47.40
3.07 6.19 1.96 1.05 43.28 40.22 45.23 47.93
3.05 6.23 1.86 1.05 43.30 40.19 45.44 47.92
2.55 5.21 1.57 0.87 44.08 40.97 46.18 48.77
2.44 4.98 1.46 0.88 44.26 41.16 46.49 48.68
2.29 4.62 1.43 0.83 44.54 41.50 46.60 48.95
2.30 4.62 1.43 0.86 44.51 41.49 46.59 48.80
2.09 4.25 1.29 0.75 44.93 41.86 47.05 49.43
2.07 4.22 1.26 0.73 44.97 41.87 47.12 49.52
2.17 4.41 1.35 0.75 44.77 41.69 46.84 49.39
2.31 4.68 1.43 0.83 44.49 41.43 46.59 48.93
2.20 4.42 1.39 0.78 44.72 41.69 46.71 49.20
2.30 4.54 1.50 0.87 44.51 41.57 46.37 48.77
2.34 4.59 1.49 0.95 44.44 41.53 46.40 48.36
2.44 4.78 1.52 1.01 44.26 41.34 46.32 48.06
2.55 4.81 1.56 1.27 44.06 41.31 46.19 47.08
2.70 4.87 1.70 1.54 43.82 41.26 45.85 46.27
2.88 5.07 1.70 1.85 43.55 41.08 45.83 45.47
3.26 5.53 2.00 2.24 43.01 40.70 45.13 44.64
3.57 6.04 2.31 2.37 42.60 40.33 44.50 44.38
3.95 6.58 2.64 2.63 42.17 39.95 43.91 43.94
4.06 6.76 2.70 2.72 42.05 39.83 43.82 43.79
3.63 6.01 2.39 2.47 42.54 40.34 44.34 44.20
3.85 6.45 2.51 2.60 42.28 40.04 44.13 43.99
3.84 6.47 2.53 2.52 42.29 40.03 44.10 44.12
3.52 5.97 2.33 2.27 42.66 40.37 44.46 44.57
3.18 5.46 1.97 2.10 43.11 40.76 45.18 44.91
3.12 5.43 1.94 1.98 43.19 40.78 45.25 45.17
3.29 5.81 2.06 1.98 42.97 40.49 45.00 45.16
3.48 6.27 2.23 1.93 42.72 40.16 44.65 45.27
3.15 5.48 2.08 1.90 43.14 40.74 44.94 45.34
3.52 6.05 2.51 2.00 42.67 40.31 44.14 45.13
3.72 6.22 2.54 2.40 42.42 40.19 44.09 44.33
4.04 6.74 2.76 2.63 42.06 39.84 43.72 43.94
4.50 7.56 3.15 2.79 41.60 39.35 43.16 43.67
4.46 7.54 3.03 2.82 41.64 39.36 43.32 43.63
4.14 6.97 2.78 2.67 41.96 39.70 43.69 43.87
3.89 6.49 2.66 2.51 42.23 40.01 43.88 44.13
4.01 6.64 2.74 2.66 42.10 39.91 43.75 43.88
4.14 6.97 2.68 2.77 41.96 39.70 43.85 43.71
4.38 7.44 3.04 2.67 41.71 39.42 43.30 43.87
4.00 6.58 2.82 2.61 42.11 39.95 43.63 43.96
3.93 6.36 2.61 2.82 42.18 40.10 43.96 43.62
3.94 6.45 2.66 2.72 42.17 40.04 43.88 43.78
3.64 5.92 2.35 2.65 42.52 40.41 44.43 43.89
3.37 5.45 2.14 2.53 42.85 40.76 44.82 44.11
3.50 5.80 2.21 2.49 42.69 40.50 44.70 44.17
3.49 5.86 2.23 2.37 42.70 40.45 44.64 44.38
3.36 5.65 2.26 2.18 42.86 40.61 44.58 44.76
3.18 5.36 2.17 2.02 43.11 40.84 44.77 45.08
2.93 4.99 2.05 1.76 43.46 41.15 45.01 45.68
3.00 5.31 2.12 1.58 43.36 40.88 44.87 46.14
2.72 4.85 1.99 1.31 43.79 41.27 45.14 46.96
2.20 4.13 1.44 1.04 44.70 41.97 46.54 47.95
1.92 3.64 1.27 0.85 45.30 42.52 47.10 48.84
2.17 4.09 1.44 0.99 44.76 42.01 46.56 48.18
2.11 3.95 1.41 0.96 44.90 42.17 46.63 48.31
2.08 3.89 1.40 0.95 44.95 42.24 46.67 48.36
2.26 4.29 1.46 1.03 44.59 41.81 46.49 48.01
2.41 4.29 1.67 1.26 44.32 41.81 45.91 47.15
2.21 3.97 1.56 1.09 44.70 42.15 46.20 47.76
2.18 3.93 1.55 1.04 44.76 42.18 46.22 47.96
1.94 3.51 1.37 0.95 45.25 42.68 46.78 48.35
2.09 3.74 1.41 1.11 44.93 42.40 46.63 47.68
1.76 3.14 1.20 0.94 45.67 43.16 47.32 48.39
1.79 3.17 1.20 1.02 45.59 43.12 47.35 48.06
1.84 3.33 1.23 0.97 45.48 42.91 47.22 48.28
2.39 4.37 1.59 1.21 44.35 41.73 46.12 47.29
2.82 5.21 1.83 1.41 43.63 40.96 45.50 46.64
3.29 6.23 2.07 1.55 42.97 40.19 44.97 46.22
4.22 8.07 2.66 1.95 41.87 39.06 43.89 45.24
4.57 8.67 2.85 2.20 41.53 38.75 43.58 44.71
5.14 10.04 3.18 2.21 41.02 38.11 43.11 44.69
5.29 10.29 3.16 2.41 40.90 38.01 43.14 44.31
5.95 11.75 3.50 2.61 40.38 37.43 42.68 43.97
6.09 11.87 3.66 2.74 40.28 37.39 42.49 43.75
6.03 11.85 3.59 2.65 40.33 37.39 42.59 43.90
5.68 11.42 3.33 2.30 40.59 37.55 42.90 44.52
6.44 12.87 3.82 2.64 40.04 37.04 42.31 43.92
5.55 11.18 3.26 2.20 40.69 37.65 43.00 44.71
5.71 11.42 3.37 2.34 40.57 37.56 42.86 44.44
5.08 10.22 3.00 2.02 41.07 38.04 43.36 45.08
5.22 10.37 3.12 2.15 40.96 37.97 43.19 44.80
4.24 8.08 2.68 1.95 41.86 39.06 43.84 45.23
4.32 8.14 2.74 2.09 41.77 39.03 43.76 44.94
4.24 8.11 2.60 2.02 41.85 39.04 43.98 45.08
4.73 8.98 2.90 2.32 41.38 38.60 43.50 44.48
4.85 9.52 2.92 2.12 41.27 38.35 43.48 44.86
4.26 8.42 2.49 1.86 41.84 38.88 44.16 45.44
4.50 8.72 2.69 2.11 41.59 38.72 43.83 44.90
4.63 9.17 2.68 2.03 41.48 38.51 43.85 45.06
4.56 8.74 2.76 2.17 41.54 38.72 43.72 44.77
4.91 9.26 2.81 2.66 41.23 38.47 43.65 43.89
4.95 9.13 2.87 2.86 41.19 38.53 43.56 43.58
5.24 9.73 3.25 2.76 40.94 38.25 43.02 43.73
5.24 9.83 3.12 2.77 40.93 38.20 43.19 43.70
5.45 10.25 3.24 2.85 40.77 38.02 43.02 43.59
5.63 10.41 3.46 3.02 40.63 37.96 42.74 43.33
5.37 10.06 3.28 2.77 40.83 38.10 42.98 43.71
4.65 8.89 2.75 2.32 41.45 38.64 43.74 44.48
4.66 8.96 2.71 2.32 41.44 38.61 43.80 44.49
4.52 8.62 2.78 2.17 41.58 38.77 43.70 44.76
3.96 7.55 2.51 1.82 42.16 39.35 44.14 45.54
3.44 6.53 2.16 1.61 42.77 39.98 44.79 46.05
3.28 6.25 2.09 1.50 42.97 40.17 44.93 46.37
2.97 5.62 1.87 1.43 43.40 40.64 45.42 46.58
2.32 4.30 1.48 1.18 44.47 41.79 46.42 47.40
1.99 3.68 1.32 0.98 45.14 42.48 46.94 48.21
2.25 4.27 1.43 1.05 44.61 41.83 46.57 47.90
1.76 3.28 1.12 0.88 45.68 42.98 47.64 48.71
1.83 3.36 1.21 0.93 45.50 42.87 47.29 48.47
1.84 3.53 1.14 0.86 45.47 42.65 47.55 48.79
2.07 3.94 1.32 0.93 44.98 42.17 46.93 48.42
1.83 3.50 1.15 0.84 45.51 42.69 47.52 48.90
2.23 4.29 1.38 1.02 44.65 41.81 46.75 48.03
2.26 4.42 1.36 1.00 44.59 41.68 46.80 48.12
2.69 5.14 1.67 1.27 43.83 41.03 45.91 47.08
2.71 5.24 1.72 1.19 43.80 40.95 45.79 47.38
3.01 5.77 1.90 1.36 43.34 40.52 45.36 46.79
3.10 5.95 1.97 1.38 43.23 40.40 45.20 46.75
3.40 6.68 2.06 1.44 42.82 39.88 44.99 46.54
3.25 6.41 2.04 1.32 43.01 40.07 45.04 46.94
3.81 7.57 2.34 1.52 42.32 39.34 44.45 46.32
3.78 7.56 2.32 1.45 42.36 39.34 44.47 46.52
3.67 7.36 2.28 1.36 42.50 39.47 44.57 46.82
4.13 8.41 2.48 1.49 41.97 38.88 44.18 46.38
3.85 7.75 2.41 1.37 42.28 39.24 44.31 46.76
4.12 8.21 2.59 1.56 41.98 38.99 44.00 46.21
3.90 7.74 2.46 1.49 42.23 39.25 44.22 46.41
4.34 8.70 2.63 1.69 41.75 38.74 43.93 45.85
4.24 8.50 2.58 1.65 41.85 38.83 44.02 45.95
4.25 8.49 2.63 1.62 41.85 38.84 43.94 46.04
3.93 7.97 2.44 1.39 42.18 39.12 44.26 46.69
4.33 8.91 2.61 1.45 41.77 38.63 43.96 46.52
4.20 8.72 2.51 1.36 41.90 38.73 44.14 46.80
3.75 7.83 2.25 1.18 42.39 39.19 44.62 47.43
3.99 8.27 2.38 1.31 42.13 38.96 44.37 46.95
3.96 8.16 2.37 1.35 42.15 39.02 44.37 46.82
4.30 8.75 2.58 1.57 41.80 38.71 44.01 46.16
3.70 7.72 2.17 1.20 42.45 39.26 44.77 47.34
3.90 8.13 2.20 1.36 42.22 39.03 44.71 46.78
3.50 7.42 1.97 1.13 42.69 39.43 45.20 47.61
3.47 7.29 2.03 1.09 42.73 39.51 45.05 47.75
3.60 7.52 2.11 1.15 42.57 39.36 44.88 47.53
3.56 7.38 2.19 1.11 42.62 39.45 44.72 47.69
3.63 7.53 2.17 1.20 42.53 39.36 44.77 47.33
3.86 7.83 2.33 1.42 42.26 39.19 44.46 46.61
4.14 8.46 2.46 1.51 41.96 38.86 44.22 46.34
4.01 8.26 2.35 1.43 42.10 38.96 44.43 46.59
4.13 8.59 2.40 1.39 41.97 38.79 44.34 46.69
4.16 8.87 2.44 1.18 41.93 38.65 44.26 47.41
3.92 8.42 2.24 1.11 42.20 38.88 44.63 47.68
3.64 7.87 2.18 0.88 42.52 39.17 44.76 48.70
3.41 7.37 1.98 0.87 42.81 39.46 45.17 48.73
3.56 7.61 2.05 1.02 42.62 39.32 45.02 48.06
3.67 7.67 2.10 1.23 42.49 39.28 44.90 47.25
3.72 7.67 2.15 1.33 42.43 39.28 44.81 46.88
3.69 7.55 2.22 1.29 42.46 39.35 44.66 47.03
3.64 7.63 2.07 1.23 42.52 39.31 44.96 47.24
3.82 7.53 2.48 1.45 42.32 39.37 44.19 46.53
3.59 7.27 2.17 1.30 42.59 39.51 44.76 46.98
3.28 6.56 2.04 1.25 42.97 39.96 45.02 47.18
3.45 6.99 2.05 1.31 42.75 39.69 45.01 46.94
3.40 6.73 2.13 1.33 42.82 39.85 44.85 46.89
3.13 6.18 1.93 1.27 43.18 40.22 45.28 47.10
2.76 5.38 1.75 1.17 43.71 40.82 45.70 47.44
2.73 5.21 1.76 1.22 43.77 40.96 45.67 47.28
2.94 5.58 1.92 1.34 43.44 40.67 45.31 46.85
2.86 5.39 1.85 1.33 43.57 40.82 45.46 46.90
2.59 4.81 1.76 1.21 43.99 41.31 45.66 47.33
2.63 4.83 1.77 1.30 43.93 41.30 45.66 46.99
2.72 4.99 1.80 1.37 43.79 41.15 45.59 46.78
2.87 5.43 1.80 1.38 43.56 40.79 45.57 46.75
2.57 4.78 1.73 1.20 44.03 41.34 45.76 47.33
2.65 4.97 1.76 1.22 43.90 41.17 45.68 47.29
2.91 5.49 1.89 1.34 43.50 40.74 45.36 46.87
2.93 5.47 1.90 1.43 43.46 40.75 45.33 46.58
2.76 5.16 1.80 1.33 43.72 41.01 45.58 46.90
2.82 5.21 1.84 1.43 43.62 40.96 45.50 46.59
3.15 5.89 2.00 1.56 43.15 40.43 45.12 46.21
3.19 6.00 1.99 1.58 43.09 40.35 45.14 46.14
2.94 5.53 1.86 1.43 43.45 40.71 45.44 46.58
3.03 5.76 1.88 1.45 43.32 40.53 45.39 46.51
3.32 6.37 2.08 1.52 42.92 40.09 44.95 46.32
3.41 6.60 2.16 1.48 42.80 39.93 44.79 46.43
3.19 6.27 2.00 1.31 43.09 40.16 45.12 46.95
3.32 6.63 2.05 1.29 42.92 39.91 45.02 47.03
3.48 6.95 2.17 1.31 42.72 39.71 44.76 46.96
3.70 7.47 2.25 1.38 42.45 39.40 44.61 46.73
3.48 6.98 2.14 1.33 42.71 39.69 44.83 46.91
3.37 6.88 2.04 1.17 42.86 39.75 45.03 47.44
3.91 7.93 2.39 1.41 42.21 39.14 44.35 46.65
3.48 7.11 2.10 1.23 42.72 39.61 44.91 47.24
3.59 7.20 2.23 1.34 42.58 39.56 44.65 46.87
3.36 6.74 2.09 1.24 42.87 39.84 44.93 47.21
3.58 7.19 2.18 1.37 42.60 39.57 44.75 46.78
3.02 6.01 1.86 1.18 43.33 40.34 45.42 47.41
3.11 6.16 1.89 1.27 43.21 40.24 45.36 47.09
2.89 5.75 1.81 1.13 43.51 40.54 45.56 47.60
3.29 6.57 1.99 1.33 42.95 39.95 45.15 46.90
2.84 5.70 1.71 1.09 43.61 40.57 45.79 47.76
3.15 6.35 1.85 1.24 43.15 40.11 45.46 47.20
3.09 6.29 1.81 1.16 43.23 40.14 45.55 47.49
3.45 7.06 1.99 1.30 42.75 39.64 45.15 46.99
2.97 6.03 1.76 1.12 43.40 40.33 45.67 47.64
3.15 6.41 1.86 1.17 43.16 40.06 45.44 47.48
2.95 5.82 1.85 1.19 43.43 40.49 45.47 47.39
3.35 6.77 1.97 1.32 42.88 39.83 45.20 46.95
3.39 6.96 1.96 1.26 42.83 39.71 45.22 47.14
