0.00 0.00 0.00 0.00 0.00 0.00 0.00 0.00
0.00 0.00 0.00 0.00 0.00 0.00 0.00 0.00
0.00 0.00 0.00 0.00 0.00 0.00 0.00 0.00
0.00 0.00 0.00 0.00 0.00 0.00 0.00 0.00
0.00 0.00 0.00 0.00 0.00 0.00 0.00 0.00
0.00 0.00 0.00 0.00 0.00 0.00 0.00 0.00
0.00 0.00 0.00 0.00 0.00 0.00 0.00 0.00
0.00 0.00 0.00 0.00 0.00 0.00 0.00 0.00
0.00 0.00 0.00 0.00 0.00 0.00 0.00 0.00
0.00 0.00 0.00 0.00 0.00 0.00 0.00 0.00
0.00 0.00 0.00 0.00 0.00 0.00 0.00 0.00
0.00 0.00 0.00 0.00 0.00 0.00 0.00 0.00
0.00 0.00 0.00 0.00 0.00 0.00 0.00 0.00
0.00 0.00 0.00 0.00 0.00 0.00 0.00 0.00
0.00 0.00 0.00 0.00 0.00 0.00 0.00 0.00
0.00 0.00 0.00 0.00 0.00 0.00 0.00 0.00
0.00 0.00 0.00 0.00 0.00 0.00 0.00 0.00
0.00 0.00 0.00 0.00 0.00 0.00 0.00 0.00
0.00 0.00 0.00 0.00 0.00 0.00 0.00 0.00
0.00 0.00 0.00 0.00 0.00 0.00 0.00 0.00
0.00 0.00 0.00 0.00 0.00 0.00 0.00 0.00
0.00 0.00 0.00 0.00 0.00 0.00 0.00 0.00
0.00 0.00 0.00 0.00 0.00 0.00 0.00 0.00
0.00 0.00 0.00 0.00 0.00 0.00 0.00 0.00
0.00 0.00 0.00 0.00 0.00 0.00 0.00 0.00
0.00 0.00 0.00 0.00 0.00 0.00 0.00 0.00
0.00 0.00 0.00 0.00 0.00 0.00 0.00 0.00
0.00 0.01 0.00 0.00 0.00 0.00 0.00 0.00
0.00 0.02 0.00 0.00 0.00 0.00 0.00 0.00
0.01 0.04 0.00 0.00 0.00 0.01 0.00 0.00
0.21 1.62 0.01 0.00 0.18 0.31 0.02 0.00
0.23 1.73 0.00 0.00 0.17 0.29 0.01 0.01
0.22 1.68 0.01 0.00 0.18 0.31 0.02 0.00
0.26 1.81 0.01 0.00 0.20 0.32 0.03 0.03
0.18 1.31 0.01 0.00 0.15 0.25 0.03 0.00
0.25 1.80 0.01 0.00 0.19 0.31 0.04 0.01
0.20 1.40 0.01 0.00 0.18 0.30 0.04 0.01
0.19 1.30 0.01 0.00 0.17 0.28 0.03 0.01
0.09 0.65 0.00 0.00 0.08 0.14 0.01 0.00
0.14 0.99 0.01 0.00 0.13 0.21 0.03 0.02
0.14 0.92 0.02 0.00 0.19 0.28 0.07 0.03
0.15 0.97 0.02 0.00 0.22 0.30 0.08 0.06
0.12 0.77 0.01 0.00 0.17 0.25 0.05 0.05
0.10 0.70 0.01 0.00 0.13 0.18 0.03 0.05
0.14 1.02 0.01 0.00 0.21 0.31 0.04 0.03
0.15 1.05 0.01 0.00 0.19 0.27 0.05 0.03
0.15 0.96 0.02 0.00 0.17 0.24 0.06 0.03
0.21 1.23 0.03 0.01 0.19 0.25 0.09 0.06
0.27 1.70 0.03 0.00 0.25 0.35 0.10 0.05
0.24 1.57 0.02 0.00 0.24 0.36 0.08 0.03
0.28 1.87 0.04 0.00 0.23 0.34 0.09 0.01
0.34 2.13 0.05 0.01 0.32 0.45 0.14 0.07
0.35 2.15 0.05 0.01 0.30 0.41 0.14 0.08
0.28 1.89 0.03 0.00 0.29 0.42 0.08 0.05
0.22 1.47 0.02 0.00 0.24 0.35 0.07 0.04
0.29 1.94 0.03 0.00 0.29 0.42 0.09 0.04
0.20 1.36 0.02 0.00 0.24 0.35 0.07 0.03
0.24 1.53 0.03 0.00 0.33 0.43 0.13 0.07
0.29 1.87 0.04 0.00 0.32 0.41 0.15 0.07
0.28 1.83 0.04 0.00 0.34 0.45 0.15 0.06
0.03 0.16 0.01 0.00 0.05 0.07 0.03 0.05
0.06 0.34 0.01 0.00 0.08 0.10 0.05 0.04
0.04 0.19 0.02 0.00 0.06 0.07 0.08 0.05
0.04 0.25 0.01 0.00 0.07 0.09 0.04 0.05
0.02 0.11 0.01 0.00 0.05 0.06 0.04 0.05
0.02 0.11 0.00 0.00 0.05 0.07 0.02 0.07
0.03 0.18 0.01 0.00 0.07 0.09 0.04 0.04
0.03 0.18 0.00 0.00 0.09 0.12 0.03 0.07
0.02 0.07 0.00 0.00 0.05 0.06 0.03 0.06
0.06 0.28 0.02 0.01 0.15 0.16 0.13 0.14
0.09 0.46 0.02 0.01 0.21 0.24 0.15 0.17
0.07 0.31 0.03 0.01 0.14 0.15 0.16 0.09
0.03 0.17 0.01 0.00 0.05 0.07 0.03 0.01
0.03 0.17 0.00 0.00 0.04 0.05 0.01 0.03
0.02 0.11 0.00 0.00 0.03 0.04 0.02 0.03
0.02 0.14 0.00 0.00 0.05 0.07 0.01 0.05
0.00 0.01 0.00 0.00 0.00 0.00 0.00 0.00
0.00 0.00 0.00 0.00 0.00 0.00 0.01 0.00
0.01 0.06 0.00 0.00 0.03 0.03 0.03 0.04
0.01 0.08 0.00 0.00 0.02 0.03 0.00 0.00
0.03 0.14 0.01 0.00 0.04 0.05 0.03 0.02
0.02 0.12 0.01 0.00 0.04 0.04 0.03 0.05
0.07 0.31 0.01 0.02 0.09 0.09 0.04 0.18
0.07 0.34 0.02 0.01 0.10 0.11 0.06 0.11
0.05 0.22 0.01 0.01 0.06 0.07 0.04 0.07
0.08 0.31 0.03 0.02 0.12 0.11 0.10 0.21
0.04 0.14 0.01 0.01 0.05 0.05 0.05 0.08
0.11 0.55 0.02 0.02 0.17 0.21 0.08 0.18
0.08 0.37 0.01 0.01 0.11 0.13 0.06 0.11
0.12 0.51 0.04 0.02 0.17 0.18 0.14 0.18
0.04 0.17 0.02 0.01 0.06 0.06 0.06 0.08
0.04 0.14 0.02 0.01 0.07 0.06 0.08 0.09
0.02 0.09 0.00 0.00 0.04 0.05 0.03 0.03
0.04 0.16 0.02 0.01 0.10 0.09 0.13 0.15
0.03 0.11 0.01 0.00 0.06 0.07 0.05 0.09
0.02 0.11 0.01 0.00 0.08 0.09 0.06 0.10
0.01 0.05 0.01 0.00 0.05 0.05 0.06 0.04
0.03 0.10 0.01 0.00 0.10 0.10 0.13 0.10
0.02 0.08 0.01 0.00 0.07 0.08 0.08 0.07
0.02 0.06 0.01 0.00 0.08 0.07 0.09 0.12
0.01 0.05 0.00 0.00 0.04 0.05 0.04 0.05
0.03 0.13 0.01 0.00 0.12 0.12 0.14 0.12
0.02 0.08 0.01 0.00 0.06 0.06 0.08 0.04
0.01 0.05 0.01 0.00 0.04 0.05 0.06 0.03
0.01 0.03 0.00 0.00 0.03 0.03 0.03 0.03
0.01 0.05 0.00 0.00 0.04 0.05 0.03 0.04
0.00 0.02 0.00 0.00 0.01 0.02 0.01 0.00
0.00 0.02 0.00 0.00 0.01 0.02 0.01 0.00
0.01 0.02 0.00 0.00 0.01 0.02 0.01 0.01
0.01 0.03 0.01 0.00 0.02 0.02 0.03 0.01
0.01 0.03 0.00 0.00 0.01 0.02 0.02 0.01
0.02 0.06 0.00 0.01 0.02 0.03 0.02 0.03
0.01 0.03 0.01 0.00 0.01 0.02 0.02 0.01
0.00 0.02 0.00 0.00 0.01 0.01 0.01 0.00
0.01 0.04 0.00 0.01 0.02 0.02 0.02 0.03
0.00 0.03 0.00 0.00 0.01 0.02 0.00 0.00
0.01 0.06 0.00 0.00 0.02 0.04 0.01 0.00
0.01 0.08 0.00 0.00 0.03 0.06 0.01 0.00
0.01 0.06 0.00 0.00 0.02 0.05 0.01 0.01
0.00 0.03 0.00 0.00 0.01 0.02 0.00 0.00
0.00 0.02 0.00 0.00 0.01 0.01 0.00 0.01
0.00 0.02 0.00 0.00 0.01 0.01 0.00 0.00
0.00 0.01 0.00 0.00 0.00 0.01 0.00 0.00
0.01 0.04 0.00 0.00 0.02 0.02 0.01 0.01
0.00 0.01 0.00 0.00 0.00 0.01 0.00 0.00
0.01 0.06 0.00 0.00 0.01 0.02 0.00 0.00
0.01 0.06 0.00 0.00 0.01 0.02 0.00 0.00
0.01 0.03 0.00 0.00 0.01 0.02 0.01 0.01
0.01 0.03 0.00 0.00 0.01 0.02 0.01 0.01
0.00 0.02 0.00 0.00 0.01 0.01 0.01 0.00
0.00 0.02 0.00 0.00 0.01 0.01 0.01 0.01
0.01 0.02 0.00 0.01 0.01 0.01 0.00 0.04
0.01 0.04 0.00 0.02 0.02 0.02 0.01 0.05
0.01 0.02 0.00 0.02 0.02 0.01 0.01 0.05
0.00 0.01 0.00 0.01 0.01 0.01 0.00 0.02
0.02 0.04 0.01 0.02 0.03 0.03 0.03 0.07
0.01 0.02 0.01 0.02 0.02 0.02 0.03 0.05
0.01 0.02 0.00 0.01 0.01 0.02 0.01 0.02
0.02 0.05 0.01 0.02 0.04 0.04 0.03 0.07
0.01 0.03 0.00 0.01 0.02 0.02 0.02 0.04
0.01 0.03 0.00 0.01 0.02 0.02 0.03 0.05
0.01 0.03 0.00 0.01 0.02 0.03 0.01 0.04
0.02 0.06 0.01 0.01 0.05 0.05 0.04 0.13
0.02 0.05 0.00 0.01 0.05 0.05 0.03 0.13
0.01 0.04 0.01 0.01 0.06 0.05 0.08 0.13
0.01 0.05 0.01 0.00 0.06 0.06 0.06 0.09
0.01 0.05 0.01 0.01 0.07 0.08 0.07 0.16
0.01 0.03 0.00 0.00 0.04 0.05 0.04 0.06
0.01 0.03 0.00 0.01 0.05 0.04 0.05 0.14
0.01 0.05 0.01 0.00 0.06 0.06 0.06 0.09
0.02 0.06 0.01 0.01 0.10 0.08 0.12 0.25
0.01 0.02 0.00 0.00 0.03 0.03 0.04 0.05
0.01 0.05 0.01 0.00 0.06 0.07 0.07 0.08
0.02 0.07 0.01 0.00 0.08 0.10 0.09 0.05
0.02 0.06 0.01 0.00 0.11 0.11 0.16 0.10
0.01 0.05 0.01 0.00 0.07 0.08 0.09 0.06
0.02 0.06 0.01 0.01 0.12 0.12 0.12 0.15
0.02 0.08 0.01 0.01 0.09 0.10 0.08 0.10
0.01 0.06 0.01 0.00 0.05 0.07 0.05 0.03
0.01 0.06 0.00 0.00 0.03 0.04 0.03 0.02
0.04 0.22 0.01 0.00 0.06 0.09 0.05 0.02
0.03 0.15 0.01 0.00 0.04 0.05 0.02 0.02
0.06 0.35 0.01 0.00 0.07 0.11 0.03 0.02
0.11 0.61 0.02 0.01 0.08 0.12 0.03 0.03
0.13 0.71 0.03 0.01 0.11 0.16 0.06 0.04
0.12 0.71 0.02 0.01 0.08 0.13 0.03 0.03
0.10 0.54 0.02 0.01 0.08 0.10 0.05 0.02
0.14 0.80 0.03 0.01 0.08 0.11 0.05 0.02
0.09 0.44 0.02 0.00 0.05 0.07 0.04 0.02
0.14 0.77 0.02 0.01 0.08 0.12 0.04 0.03
0.10 0.53 0.02 0.01 0.08 0.10 0.04 0.05
0.10 0.49 0.01 0.01 0.07 0.09 0.03 0.05
0.06 0.30 0.02 0.01 0.06 0.08 0.04 0.04
0.10 0.58 0.02 0.01 0.10 0.15 0.05 0.04
0.07 0.35 0.01 0.01 0.10 0.14 0.05 0.05
0.18 0.79 0.06 0.02 0.20 0.25 0.16 0.10
0.10 0.47 0.02 0.01 0.10 0.14 0.07 0.05
0.10 0.62 0.01 0.01 0.10 0.17 0.03 0.03
0.21 1.00 0.05 0.02 0.19 0.24 0.14 0.08
0.13 0.66 0.03 0.01 0.13 0.17 0.10 0.06
0.09 0.47 0.03 0.01 0.11 0.14 0.09 0.03
0.18 0.97 0.03 0.01 0.17 0.25 0.09 0.04
0.28 1.41 0.06 0.02 0.27 0.38 0.18 0.09
0.31 1.61 0.05 0.03 0.28 0.40 0.16 0.10
0.19 0.94 0.04 0.03 0.19 0.25 0.11 0.08
0.28 1.46 0.07 0.02 0.22 0.32 0.15 0.05
0.14 0.64 0.03 0.02 0.13 0.17 0.09 0.05
0.30 1.64 0.05 0.03 0.23 0.34 0.11 0.07
0.22 1.01 0.06 0.03 0.19 0.24 0.14 0.08
0.35 1.52 0.09 0.05 0.32 0.40 0.25 0.18
0.25 1.11 0.07 0.04 0.22 0.26 0.17 0.13
0.15 0.69 0.03 0.03 0.16 0.21 0.09 0.10
0.08 0.39 0.02 0.01 0.10 0.13 0.07 0.04
0.01 0.08 0.01 0.00 0.02 0.03 0.02 0.00
0.04 0.17 0.01 0.00 0.06 0.08 0.04 0.03
0.07 0.35 0.01 0.01 0.17 0.24 0.08 0.09
0.01 0.04 0.00 0.00 0.02 0.04 0.02 0.00
0.02 0.08 0.00 0.00 0.06 0.08 0.04 0.02
0.01 0.06 0.00 0.00 0.04 0.06 0.02 0.02
0.00 0.02 0.00 0.00 0.02 0.03 0.02 0.01
0.00 0.02 0.00 0.00 0.02 0.04 0.01 0.02
0.00 0.02 0.00 0.00 0.02 0.03 0.01 0.02
0.00 0.03 0.00 0.00 0.02 0.05 0.01 0.01
0.01 0.06 0.00 0.00 0.05 0.07 0.04 0.02
0.00 0.01 0.00 0.00 0.02 0.02 0.01 0.02
0.01 0.06 0.00 0.00 0.05 0.06 0.02 0.04
0.01 0.04 0.00 0.00 0.04 0.05 0.03 0.02
0.02 0.08 0.01 0.00 0.05 0.06 0.04 0.02
0.02 0.08 0.01 0.00 0.05 0.07 0.05 0.01
0.01 0.06 0.01 0.00 0.04 0.05 0.03 0.01
0.01 0.07 0.00 0.00 0.03 0.05 0.02 0.00
0.03 0.15 0.01 0.00 0.06 0.08 0.04 0.01
0.02 0.11 0.00 0.00 0.03 0.05 0.02 0.01
0.02 0.12 0.00 0.00 0.03 0.05 0.01 0.01
0.01 0.07 0.00 0.00 0.02 0.03 0.01 0.00
0.01 0.05 0.00 0.00 0.01 0.02 0.01 0.00
0.01 0.08 0.00 0.00 0.02 0.03 0.00 0.01
0.01 0.04 0.00 0.00 0.01 0.01 0.01 0.00
0.01 0.06 0.00 0.00 0.02 0.02 0.01 0.01
0.01 0.06 0.00 0.00 0.01 0.02 0.00 0.00
0.02 0.14 0.00 0.00 0.03 0.05 0.01 0.01
0.01 0.09 0.00 0.00 0.01 0.03 0.01 0.00
0.02 0.10 0.00 0.00 0.02 0.04 0.01 0.02
0.02 0.12 0.00 0.00 0.03 0.04 0.02 0.01
0.01 0.04 0.00 0.00 0.01 0.01 0.00 0.02
0.01 0.07 0.00 0.00 0.02 0.03 0.00 0.02
0.01 0.07 0.00 0.00 0.02 0.03 0.01 0.02
0.02 0.09 0.01 0.01 0.04 0.04 0.03 0.09
0.02 0.09 0.01 0.00 0.03 0.03 0.03 0.02
0.02 0.09 0.01 0.01 0.04 0.04 0.04 0.06
0.02 0.09 0.00 0.00 0.03 0.04 0.02 0.03
0.02 0.10 0.00 0.00 0.03 0.04 0.02 0.02
0.02 0.10 0.00 0.00 0.04 0.06 0.03 0.03
0.04 0.17 0.01 0.00 0.08 0.10 0.07 0.05
0.01 0.07 0.01 0.00 0.03 0.04 0.03 0.02
0.02 0.10 0.01 0.00 0.04 0.05 0.03 0.03
0.02 0.10 0.01 0.00 0.05 0.06 0.04 0.03
0.03 0.13 0.01 0.00 0.05 0.06 0.03 0.02
0.02 0.09 0.01 0.00 0.03 0.04 0.03 0.02
0.02 0.11 0.01 0.00 0.04 0.04 0.02 0.02
0.01 0.05 0.00 0.00 0.02 0.02 0.02 0.03
0.01 0.03 0.00 0.00 0.01 0.01 0.02 0.02
0.01 0.06 0.00 0.00 0.02 0.03 0.02 0.02
0.01 0.06 0.00 0.00 0.02 0.03 0.01 0.02
0.01 0.07 0.00 0.00 0.03 0.04 0.02 0.03
0.01 0.06 0.00 0.00 0.03 0.03 0.02 0.02
0.00 0.01 0.00 0.00 0.01 0.01 0.01 0.01
0.01 0.06 0.00 0.00 0.02 0.03 0.02 0.02
0.01 0.04 0.00 0.00 0.02 0.03 0.02 0.02
0.02 0.09 0.00 0.00 0.04 0.04 0.03 0.02
0.02 0.10 0.01 0.00 0.06 0.07 0.05 0.04
0.01 0.06 0.01 0.00 0.04 0.04 0.04 0.04
0.02 0.09 0.01 0.00 0.05 0.06 0.05 0.03
0.01 0.03 0.00 0.00 0.03 0.02 0.03 0.03
0.01 0.07 0.00 0.00 0.04 0.05 0.04 0.02
0.01 0.06 0.01 0.00 0.05 0.05 0.06 0.02
0.02 0.07 0.01 0.00 0.07 0.06 0.11 0.08
0.03 0.10 0.01 0.01 0.09 0.09 0.11 0.08
0.04 0.16 0.02 0.01 0.14 0.15 0.15 0.10
0.02 0.09 0.01 0.00 0.08 0.09 0.08 0.05
0.03 0.11 0.01 0.00 0.10 0.11 0.10 0.07
0.04 0.13 0.02 0.01 0.12 0.11 0.15 0.13
0.05 0.18 0.02 0.01 0.17 0.18 0.16 0.15
0.02 0.10 0.01 0.00 0.07 0.10 0.05 0.04
0.03 0.13 0.01 0.01 0.12 0.13 0.12 0.09
0.05 0.22 0.02 0.01 0.15 0.16 0.13 0.11
0.06 0.21 0.02 0.01 0.17 0.19 0.14 0.19
0.03 0.13 0.01 0.00 0.10 0.12 0.08 0.06
0.03 0.12 0.01 0.01 0.10 0.10 0.09 0.10
0.06 0.23 0.02 0.01 0.13 0.16 0.13 0.06
0.02 0.06 0.01 0.00 0.04 0.05 0.06 0.04
0.02 0.10 0.00 0.00 0.05 0.07 0.03 0.03
0.02 0.13 0.01 0.00 0.05 0.07 0.04 0.03
0.03 0.11 0.02 0.01 0.07 0.07 0.08 0.08
0.02 0.12 0.00 0.00 0.03 0.06 0.02 0.02
0.02 0.14 0.00 0.00 0.05 0.08 0.02 0.00
0.05 0.28 0.01 0.00 0.10 0.16 0.03 0.06
0.09 0.51 0.01 0.00 0.14 0.21 0.05 0.04
0.05 0.25 0.01 0.01 0.08 0.11 0.03 0.06
0.04 0.24 0.01 0.00 0.08 0.12 0.03 0.04
0.04 0.24 0.00 0.01 0.08 0.10 0.02 0.07
0.06 0.23 0.03 0.01 0.10 0.10 0.11 0.09
0.05 0.26 0.01 0.01 0.06 0.10 0.04 0.04
0.03 0.14 0.01 0.00 0.04 0.05 0.02 0.02
0.03 0.19 0.00 0.00 0.05 0.07 0.01 0.02
0.04 0.25 0.00 0.00 0.06 0.09 0.01 0.02
0.03 0.15 0.01 0.00 0.04 0.06 0.02 0.01
0.04 0.21 0.01 0.00 0.07 0.11 0.03 0.02
0.05 0.26 0.01 0.00 0.10 0.15 0.04 0.04
0.05 0.24 0.01 0.00 0.09 0.12 0.06 0.05
0.08 0.36 0.03 0.01 0.18 0.22 0.15 0.10
0.03 0.14 0.01 0.00 0.07 0.08 0.06 0.03
0.03 0.14 0.01 0.00 0.07 0.09 0.06 0.03
0.05 0.27 0.01 0.00 0.09 0.12 0.05 0.05
0.03 0.13 0.01 0.00 0.06 0.08 0.04 0.03
0.03 0.15 0.01 0.00 0.07 0.09 0.05 0.02
0.02 0.11 0.01 0.00 0.06 0.07 0.04 0.03
0.02 0.12 0.01 0.00 0.05 0.06 0.03 0.03
0.01 0.09 0.00 0.00 0.04 0.06 0.02 0.01
0.01 0.06 0.00 0.00 0.02 0.03 0.00 0.02
0.00 0.01 0.00 0.00 0.00 0.01 0.01 0.00
0.00 0.02 0.00 0.00 0.01 0.01 0.01 0.01
0.00 0.02 0.00 0.00 0.01 0.01 0.01 0.00
0.01 0.06 0.00 0.00 0.03 0.04 0.04 0.01
0.01 0.02 0.00 0.00 0.02 0.01 0.03 0.01
0.01 0.05 0.00 0.00 0.03 0.02 0.04 0.04
0.01 0.03 0.00 0.00 0.02 0.02 0.02 0.01
0.01 0.07 0.00 0.00 0.02 0.03 0.02 0.02
0.01 0.06 0.00 0.00 0.03 0.03 0.02 0.01
0.01 0.07 0.00 0.00 0.03 0.04 0.02 0.02
0.01 0.06 0.00 0.00 0.03 0.04 0.01 0.02
0.00 0.04 0.00 0.00 0.01 0.02 0.00 0.00
0.00 0.03 0.00 0.00 0.01 0.01 0.00 0.02
0.00 0.03 0.00 0.00 0.01 0.01 0.00 0.01
0.01 0.06 0.00 0.00 0.02 0.02 0.01 0.03
0.01 0.06 0.00 0.00 0.02 0.02 0.01 0.01
0.00 0.02 0.00 0.00 0.01 0.01 0.01 0.00
0.01 0.07 0.00 0.00 0.01 0.02 0.01 0.01
0.01 0.08 0.00 0.00 0.02 0.02 0.01 0.01
0.01 0.04 0.00 0.00 0.01 0.01 0.00 0.02
0.01 0.04 0.00 0.00 0.01 0.01 0.01 0.01
0.00 0.02 0.00 0.00 0.00 0.01 0.00 0.01
0.00 0.02 0.00 0.00 0.01 0.01 0.00 0.00
0.01 0.03 0.00 0.00 0.01 0.01 0.01 0.00
0.01 0.02 0.00 0.00 0.01 0.01 0.01 0.01
0.00 0.00 0.00 0.00 0.00 0.00 0.00 0.01
0.00 0.04 0.00 0.00 0.01 0.01 0.00 0.01
0.02 0.07 0.01 0.00 0.02 0.03 0.04 0.01
0.02 0.06 0.01 0.00 0.02 0.02 0.02 0.04
0.01 0.05 0.00 0.00 0.01 0.01 0.02 0.01
0.06 0.45 0.00 0.00 0.07 0.13 0.02 0.02
0.12 0.77 0.01 0.00 0.13 0.20 0.04 0.02
0.08 0.53 0.01 0.00 0.08 0.13 0.03 0.03
0.15 0.93 0.02 0.00 0.12 0.19 0.05 0.03
0.08 0.53 0.01 0.00 0.09 0.14 0.03 0.02
0.20 1.14 0.03 0.01 0.19 0.27 0.10 0.05
0.11 0.71 0.02 0.01 0.12 0.18 0.05 0.04
0.14 0.84 0.01 0.01 0.13 0.19 0.04 0.05
0.05 0.35 0.00 0.00 0.07 0.11 0.02 0.02
0.13 0.79 0.01 0.01 0.17 0.24 0.06 0.06
0.07 0.47 0.01 0.00 0.12 0.17 0.05 0.06
0.11 0.70 0.01 0.00 0.15 0.21 0.04 0.04
0.07 0.40 0.01 0.00 0.14 0.18 0.05 0.06
0.09 0.51 0.01 0.00 0.16 0.20 0.09 0.09
0.04 0.29 0.00 0.00 0.07 0.11 0.01 0.03
0.10 0.59 0.01 0.00 0.12 0.17 0.04 0.06
0.12 0.69 0.02 0.00 0.19 0.25 0.09 0.06
0.12 0.71 0.02 0.00 0.20 0.28 0.08 0.08
0.17 1.02 0.02 0.01 0.21 0.29 0.07 0.11
0.13 0.68 0.02 0.01 0.19 0.24 0.10 0.13
0.23 1.19 0.06 0.01 0.27 0.33 0.18 0.14
0.14 0.79 0.03 0.01 0.19 0.24 0.11 0.11
0.22 1.18 0.04 0.02 0.23 0.28 0.13 0.19
0.11 0.68 0.02 0.01 0.17 0.24 0.07 0.09
0.09 0.53 0.02 0.00 0.15 0.20 0.07 0.05
0.12 0.70 0.02 0.01 0.22 0.28 0.10 0.11
0.12 0.76 0.01 0.01 0.17 0.23 0.06 0.10
0.07 0.39 0.01 0.00 0.13 0.16 0.06 0.08
0.12 0.74 0.02 0.00 0.20 0.25 0.09 0.09
0.11 0.67 0.02 0.00 0.18 0.24 0.07 0.09
0.07 0.37 0.01 0.00 0.10 0.13 0.07 0.04
0.16 1.06 0.02 0.00 0.20 0.28 0.07 0.05
0.11 0.76 0.01 0.00 0.13 0.20 0.02 0.03
0.06 0.41 0.01 0.00 0.09 0.12 0.04 0.05
0.12 0.76 0.01 0.00 0.16 0.24 0.06 0.04
0.11 0.69 0.01 0.01 0.19 0.26 0.07 0.10
0.11 0.70 0.01 0.00 0.20 0.28 0.08 0.07
0.07 0.44 0.01 0.00 0.15 0.22 0.05 0.05
0.10 0.61 0.01 0.00 0.20 0.30 0.08 0.04
0.12 0.67 0.02 0.00 0.25 0.34 0.13 0.08
0.13 0.76 0.02 0.00 0.27 0.37 0.14 0.07
0.18 1.03 0.02 0.01 0.28 0.37 0.11 0.18
0.17 0.94 0.04 0.01 0.28 0.35 0.18 0.12
0.18 1.00 0.04 0.01 0.28 0.35 0.18 0.12
0.26 1.38 0.05 0.02 0.34 0.39 0.23 0.28
0.28 1.47 0.06 0.02 0.47 0.54 0.34 0.30
0.19 1.15 0.03 0.01 0.33 0.41 0.17 0.19
0.18 1.06 0.03 0.00 0.29 0.38 0.15 0.10
0.22 1.34 0.04 0.01 0.38 0.49 0.22 0.15
0.19 1.14 0.04 0.01 0.29 0.36 0.19 0.16
0.18 1.07 0.04 0.00 0.28 0.36 0.18 0.12
0.16 0.98 0.03 0.00 0.24 0.31 0.14 0.08
0.25 1.35 0.05 0.02 0.29 0.35 0.19 0.19
0.23 1.28 0.04 0.02 0.28 0.33 0.15 0.22
0.17 0.99 0.03 0.01 0.21 0.28 0.11 0.10
0.28 1.45 0.05 0.03 0.31 0.37 0.17 0.24
0.13 0.73 0.02 0.01 0.19 0.26 0.08 0.10
0.28 1.36 0.05 0.04 0.35 0.41 0.19 0.33
0.19 1.02 0.03 0.02 0.26 0.33 0.11 0.23
0.30 1.55 0.06 0.03 0.32 0.39 0.18 0.24
0.11 0.55 0.03 0.01 0.17 0.21 0.13 0.10
0.13 0.67 0.03 0.01 0.19 0.23 0.12 0.11
0.12 0.58 0.03 0.01 0.22 0.25 0.15 0.16
0.13 0.64 0.03 0.01 0.22 0.26 0.16 0.12
0.04 0.19 0.01 0.01 0.12 0.12 0.11 0.11
0.07 0.34 0.02 0.01 0.17 0.20 0.15 0.10
0.05 0.29 0.01 0.00 0.19 0.23 0.12 0.12
0.06 0.30 0.02 0.00 0.17 0.20 0.13 0.10
0.03 0.18 0.01 0.00 0.14 0.18 0.09 0.08
0.04 0.22 0.01 0.00 0.16 0.20 0.14 0.10
0.03 0.16 0.01 0.00 0.14 0.16 0.11 0.09
0.06 0.28 0.02 0.00 0.19 0.21 0.16 0.11
0.05 0.26 0.01 0.00 0.18 0.23 0.10 0.09
0.06 0.32 0.02 0.00 0.20 0.24 0.14 0.10
0.07 0.33 0.02 0.01 0.21 0.26 0.13 0.12
0.06 0.28 0.02 0.01 0.19 0.21 0.17 0.15
0.05 0.24 0.01 0.01 0.13 0.18 0.10 0.06
0.05 0.20 0.01 0.01 0.10 0.13 0.06 0.09
0.03 0.17 0.01 0.01 0.07 0.12 0.04 0.03
0.03 0.10 0.01 0.01 0.05 0.06 0.04 0.05
0.07 0.26 0.02 0.01 0.08 0.11 0.06 0.03
0.06 0.26 0.02 0.02 0.07 0.10 0.04 0.04
0.04 0.16 0.01 0.01 0.04 0.06 0.02 0.03
0.07 0.29 0.02 0.01 0.08 0.13 0.05 0.04
0.04 0.18 0.00 0.01 0.06 0.09 0.02 0.04
0.06 0.32 0.00 0.01 0.07 0.14 0.01 0.04
0.07 0.29 0.02 0.02 0.10 0.14 0.06 0.06
0.05 0.20 0.01 0.01 0.08 0.10 0.05 0.06
0.06 0.27 0.01 0.01 0.11 0.15 0.06 0.05
0.05 0.26 0.01 0.01 0.08 0.12 0.04 0.03
0.02 0.09 0.00 0.01 0.03 0.05 0.01 0.04
0.02 0.06 0.01 0.01 0.03 0.04 0.02 0.03
0.01 0.05 0.00 0.00 0.02 0.02 0.01 0.02
0.01 0.02 0.00 0.00 0.01 0.01 0.01 0.02
0.01 0.03 0.00 0.00 0.01 0.02 0.01 0.01
0.01 0.03 0.00 0.00 0.01 0.01 0.01 0.01
0.01 0.03 0.00 0.00 0.01 0.01 0.00 0.01
0.00 0.01 0.00 0.00 0.00 0.01 0.00 0.01
0.00 0.02 0.00 0.00 0.01 0.01 0.00 0.01
0.01 0.02 0.00 0.00 0.01 0.01 0.00 0.01
0.01 0.03 0.00 0.00 0.01 0.02 0.01 0.01
0.03 0.09 0.01 0.01 0.04 0.04 0.02 0.04
0.02 0.06 0.00 0.03 0.03 0.03 0.01 0.09
0.03 0.11 0.01 0.01 0.05 0.06 0.02 0.04
0.02 0.05 0.01 0.02 0.03 0.03 0.03 0.05
0.01 0.02 0.00 0.00 0.01 0.01 0.01 0.01
0.00 0.02 0.00 0.01 0.01 0.01 0.00 0.03
0.02 0.06 0.01 0.01 0.04 0.04 0.04 0.04
0.01 0.03 0.01 0.01 0.02 0.02 0.04 0.02
0.01 0.02 0.01 0.01 0.02 0.01 0.02 0.04
0.00 0.01 0.00 0.00 0.00 0.01 0.01 0.01
0.00 0.01 0.01 0.00 0.01 0.01 0.03 0.02
0.00 0.00 0.00 0.00 0.00 0.00 0.01 0.01
0.01 0.03 0.01 0.00 0.03 0.03 0.05 0.06
0.00 0.01 0.00 0.00 0.01 0.01 0.00 0.03
0.00 0.01 0.00 0.00 0.01 0.01 0.01 0.01
0.01 0.05 0.00 0.00 0.05 0.06 0.04 0.05
0.00 0.03 0.00 0.00 0.02 0.02 0.01 0.00
0.01 0.02 0.00 0.00 0.03 0.03 0.02 0.03
0.00 0.01 0.00 0.00 0.01 0.01 0.01 0.02
0.01 0.03 0.00 0.00 0.04 0.04 0.04 0.10
0.00 0.01 0.00 0.00 0.00 0.01 0.01 0.01
0.00 0.00 0.00 0.00 0.01 0.00 0.01 0.02
0.00 0.01 0.00 0.00 0.01 0.01 0.01 0.01
0.01 0.02 0.00 0.00 0.03 0.03 0.05 0.04
0.00 0.00 0.00 0.00 0.00 0.00 0.01 0.01
0.00 0.01 0.00 0.00 0.02 0.01 0.05 0.02
0.00 0.01 0.00 0.00 0.01 0.01 0.01 0.01
0.01 0.02 0.01 0.00 0.02 0.02 0.04 0.01
0.01 0.08 0.00 0.00 0.02 0.05 0.01 0.00
0.03 0.17 0.01 0.00 0.07 0.09 0.04 0.02
0.03 0.18 0.01 0.00 0.04 0.06 0.02 0.01
0.07 0.34 0.02 0.01 0.08 0.11 0.05 0.03
0.14 0.73 0.02 0.01 0.10 0.14 0.04 0.04
0.14 0.71 0.03 0.01 0.11 0.15 0.07 0.04
0.14 0.72 0.04 0.01 0.09 0.12 0.08 0.03
0.13 0.65 0.03 0.01 0.08 0.11 0.06 0.03
0.12 0.64 0.03 0.01 0.07 0.09 0.04 0.03
0.12 0.59 0.03 0.01 0.07 0.09 0.06 0.03
0.15 0.81 0.03 0.01 0.08 0.11 0.05 0.03
0.12 0.61 0.03 0.01 0.08 0.11 0.06 0.04
0.10 0.51 0.03 0.01 0.07 0.09 0.07 0.03
0.09 0.40 0.03 0.01 0.08 0.09 0.08 0.05
0.12 0.56 0.03 0.02 0.12 0.15 0.08 0.11
0.16 0.65 0.05 0.04 0.20 0.21 0.17 0.20
0.19 0.76 0.08 0.03 0.20 0.22 0.21 0.12
0.11 0.51 0.03 0.01 0.11 0.15 0.09 0.03
0.12 0.69 0.01 0.01 0.09 0.14 0.03 0.02
0.17 0.85 0.05 0.01 0.14 0.19 0.13 0.03
0.14 0.70 0.03 0.01 0.12 0.16 0.08 0.04
1.77 10.73 0.15 0.11 0.95 1.35 0.31 0.35
3.62 20.53 0.34 0.36 1.44 1.80 0.59 0.97
3.86 20.48 0.48 0.48 1.42 1.81 0.66 0.90
3.93 21.93 0.37 0.44 1.32 1.73 0.55 0.72
4.72 25.94 0.59 0.43 1.50 2.06 0.77 0.56
4.47 23.16 0.52 0.65 1.23 1.57 0.55 0.84
3.37 17.20 0.49 0.44 1.18 1.54 0.61 0.69
2.50 12.77 0.35 0.34 0.87 1.14 0.44 0.49
2.10 11.08 0.24 0.29 0.83 1.12 0.32 0.52
2.47 13.16 0.29 0.31 0.78 1.09 0.32 0.40
2.08 10.52 0.34 0.26 0.83 1.08 0.46 0.46
2.12 10.92 0.26 0.32 0.93 1.21 0.42 0.58
1.47 7.59 0.21 0.19 0.83 1.09 0.38 0.53
0.89 4.87 0.07 0.13 0.62 0.85 0.17 0.44
0.45 2.55 0.03 0.05 0.42 0.61 0.10 0.27
0.38 2.14 0.04 0.04 0.39 0.56 0.12 0.22
0.29 1.69 0.04 0.02 0.49 0.74 0.19 0.16
0.10 0.59 0.01 0.02 0.23 0.35 0.04 0.15
0.02 0.11 0.00 0.00 0.05 0.08 0.02 0.05
0.03 0.12 0.00 0.01 0.07 0.09 0.02 0.11
0.10 0.27 0.05 0.06 0.33 0.24 0.43 0.73
0.07 0.25 0.02 0.02 0.26 0.28 0.19 0.31
0.09 0.42 0.03 0.01 0.31 0.37 0.32 0.15
0.07 0.31 0.02 0.01 0.24 0.31 0.15 0.18
0.10 0.35 0.05 0.02 0.27 0.26 0.34 0.29
0.12 0.53 0.04 0.01 0.34 0.40 0.29 0.16
0.07 0.30 0.02 0.01 0.19 0.22 0.14 0.15
0.12 0.53 0.02 0.02 0.24 0.28 0.13 0.24
0.17 0.80 0.05 0.01 0.37 0.46 0.26 0.17
0.14 0.64 0.03 0.02 0.24 0.29 0.14 0.18
0.11 0.56 0.03 0.01 0.22 0.28 0.17 0.12
0.13 0.73 0.02 0.02 0.19 0.26 0.07 0.14
0.11 0.64 0.01 0.01 0.14 0.19 0.05 0.09
0.20 1.21 0.02 0.01 0.21 0.33 0.06 0.08
0.15 0.90 0.01 0.01 0.18 0.27 0.05 0.07
0.19 1.31 0.01 0.01 0.20 0.32 0.04 0.05
0.16 1.03 0.02 0.01 0.17 0.27 0.05 0.05
0.20 1.32 0.02 0.01 0.19 0.30 0.06 0.07
0.15 1.01 0.03 0.00 0.16 0.26 0.08 0.02
0.13 0.93 0.02 0.00 0.15 0.26 0.06 0.01
0.19 1.28 0.02 0.01 0.17 0.27 0.06 0.05
0.20 1.26 0.03 0.01 0.18 0.29 0.07 0.03
0.25 1.52 0.04 0.01 0.23 0.33 0.11 0.08
0.26 1.66 0.03 0.01 0.21 0.32 0.08 0.04
0.32 2.05 0.04 0.01 0.28 0.42 0.11 0.04
0.29 1.86 0.04 0.00 0.30 0.45 0.13 0.03
0.17 1.21 0.02 0.00 0.18 0.29 0.06 0.01
0.25 1.61 0.03 0.00 0.23 0.35 0.09 0.03
0.36 2.21 0.06 0.01 0.34 0.49 0.16 0.08
0.30 1.86 0.04 0.01 0.28 0.41 0.10 0.06
0.31 1.78 0.05 0.02 0.38 0.50 0.21 0.15
0.31 2.04 0.04 0.01 0.38 0.54 0.16 0.07
0.33 2.00 0.04 0.01 0.49 0.65 0.19 0.24
0.26 1.63 0.03 0.01 0.36 0.50 0.13 0.14
0.17 1.18 0.02 0.00 0.23 0.35 0.06 0.02
0.27 1.74 0.03 0.01 0.33 0.46 0.11 0.14
0.22 1.51 0.02 0.01 0.33 0.49 0.09 0.08
0.24 1.58 0.02 0.01 0.28 0.43 0.08 0.07
0.23 1.37 0.03 0.01 0.26 0.35 0.11 0.13
0.13 0.79 0.01 0.01 0.16 0.22 0.05 0.09
0.13 0.81 0.02 0.00 0.16 0.23 0.07 0.03
0.15 1.01 0.02 0.00 0.18 0.26 0.08 0.03
0.23 1.50 0.03 0.00 0.30 0.41 0.13 0.05
0.25 1.57 0.04 0.00 0.37 0.48 0.18 0.12
0.20 1.21 0.03 0.00 0.32 0.41 0.16 0.12
0.28 1.77 0.04 0.01 0.39 0.52 0.17 0.15
0.23 1.37 0.04 0.01 0.34 0.46 0.17 0.14
0.26 1.66 0.03 0.01 0.35 0.49 0.12 0.12
0.19 1.12 0.02 0.01 0.25 0.35 0.09 0.15
0.15 0.96 0.01 0.00 0.22 0.33 0.06 0.06
0.20 1.26 0.02 0.01 0.28 0.39 0.10 0.12
0.10 0.66 0.01 0.00 0.15 0.23 0.03 0.06
0.17 1.11 0.01 0.01 0.25 0.38 0.06 0.10
0.12 0.75 0.01 0.01 0.20 0.29 0.05 0.08
0.13 0.84 0.01 0.00 0.21 0.32 0.05 0.05
0.08 0.55 0.01 0.00 0.17 0.26 0.06 0.05
0.08 0.51 0.01 0.00 0.19 0.30 0.08 0.05
0.08 0.49 0.01 0.00 0.18 0.29 0.06 0.04
0.08 0.53 0.01 0.01 0.17 0.26 0.04 0.06
0.05 0.28 0.01 0.00 0.10 0.16 0.04 0.04
0.05 0.27 0.01 0.01 0.12 0.19 0.03 0.06
0.04 0.21 0.01 0.01 0.10 0.15 0.04 0.06
0.07 0.35 0.01 0.01 0.14 0.20 0.06 0.10
0.03 0.21 0.00 0.00 0.08 0.14 0.03 0.03
0.05 0.31 0.01 0.00 0.13 0.22 0.04 0.04
0.05 0.31 0.01 0.00 0.13 0.20 0.06 0.04
0.09 0.52 0.01 0.01 0.16 0.26 0.05 0.05
0.06 0.32 0.01 0.00 0.12 0.19 0.07 0.04
0.07 0.37 0.01 0.00 0.14 0.22 0.06 0.04
0.07 0.37 0.01 0.00 0.13 0.21 0.07 0.03
0.06 0.26 0.01 0.01 0.10 0.14 0.06 0.07
0.04 0.19 0.02 0.00 0.08 0.11 0.08 0.02
0.05 0.25 0.01 0.00 0.11 0.15 0.06 0.04
0.05 0.28 0.01 0.00 0.13 0.19 0.06 0.05
0.07 0.42 0.01 0.01 0.13 0.20 0.05 0.05
0.08 0.44 0.01 0.01 0.18 0.25 0.08 0.09
0.10 0.56 0.02 0.01 0.20 0.28 0.08 0.11
0.16 0.81 0.04 0.01 0.30 0.38 0.19 0.16
0.13 0.68 0.02 0.01 0.20 0.26 0.09 0.11
0.13 0.70 0.03 0.01 0.24 0.31 0.14 0.15
0.12 0.60 0.02 0.02 0.20 0.26 0.08 0.17
0.19 0.88 0.06 0.03 0.29 0.33 0.24 0.27
0.15 0.68 0.04 0.02 0.19 0.23 0.14 0.16
0.10 0.45 0.03 0.01 0.15 0.17 0.14 0.11
0.11 0.58 0.02 0.01 0.14 0.19 0.06 0.09
0.15 0.70 0.05 0.02 0.22 0.27 0.18 0.16
0.10 0.51 0.02 0.01 0.15 0.20 0.09 0.07
0.10 0.51 0.02 0.01 0.19 0.26 0.10 0.09
0.10 0.55 0.02 0.01 0.19 0.26 0.09 0.10
0.05 0.26 0.01 0.00 0.11 0.16 0.07 0.04
0.05 0.26 0.01 0.00 0.10 0.14 0.07 0.04
0.05 0.28 0.01 0.00 0.09 0.13 0.04 0.04
0.01 0.05 0.00 0.00 0.02 0.03 0.02 0.02
0.06 0.30 0.01 0.00 0.10 0.13 0.08 0.04
0.02 0.09 0.01 0.00 0.03 0.05 0.04 0.03
0.05 0.29 0.01 0.00 0.09 0.13 0.04 0.04
0.01 0.09 0.00 0.00 0.02 0.05 0.00 0.01
0.05 0.26 0.01 0.00 0.10 0.14 0.06 0.03
0.05 0.24 0.01 0.00 0.09 0.11 0.06 0.04
0.04 0.19 0.01 0.00 0.07 0.09 0.04 0.04
0.00 0.01 0.00 0.00 0.00 0.00 0.02 0.00
0.01 0.06 0.00 0.00 0.03 0.03 0.03 0.01
0.00 0.03 0.00 0.00 0.01 0.02 0.01 0.01
0.02 0.07 0.01 0.00 0.04 0.05 0.05 0.03
0.01 0.06 0.00 0.00 0.02 0.03 0.02 0.01
0.02 0.10 0.00 0.00 0.04 0.06 0.03 0.01
0.04 0.18 0.01 0.00 0.09 0.11 0.08 0.04
0.05 0.33 0.01 0.00 0.12 0.16 0.05 0.04
0.04 0.18 0.01 0.00 0.09 0.10 0.09 0.05
0.06 0.31 0.01 0.00 0.15 0.18 0.10 0.07
0.04 0.23 0.01 0.00 0.12 0.16 0.06 0.07
0.04 0.22 0.01 0.00 0.12 0.14 0.06 0.07
0.02 0.09 0.00 0.00 0.04 0.05 0.02 0.05
0.02 0.12 0.00 0.00 0.04 0.05 0.03 0.03
0.03 0.19 0.00 0.00 0.05 0.07 0.02 0.03
0.03 0.18 0.01 0.00 0.04 0.05 0.02 0.01
0.03 0.20 0.00 0.00 0.04 0.06 0.02 0.01
0.03 0.18 0.01 0.00 0.04 0.05 0.02 0.01
0.05 0.28 0.01 0.00 0.05 0.08 0.03 0.01
0.02 0.11 0.01 0.00 0.03 0.04 0.02 0.01
0.03 0.14 0.00 0.00 0.03 0.04 0.02 0.02
0.02 0.09 0.00 0.00 0.02 0.03 0.02 0.01
0.02 0.09 0.00 0.00 0.02 0.03 0.01 0.02
0.02 0.11 0.00 0.00 0.03 0.04 0.01 0.01
0.01 0.07 0.00 0.00 0.02 0.03 0.01 0.01
0.02 0.11 0.00 0.00 0.03 0.05 0.01 0.00
0.04 0.20 0.01 0.00 0.06 0.08 0.05 0.02
0.02 0.11 0.01 0.00 0.03 0.04 0.03 0.01
0.01 0.03 0.00 0.00 0.01 0.01 0.01 0.04
0.05 0.29 0.01 0.00 0.07 0.10 0.05 0.01
0.00 0.03 0.00 0.00 0.00 0.01 0.00 0.01
0.02 0.13 0.00 0.00 0.03 0.04 0.01 0.00
0.00 0.03 0.00 0.00 0.00 0.01 0.01 0.03
0.04 0.21 0.01 0.00 0.05 0.06 0.04 0.01
0.00 0.02 0.00 0.00 0.00 0.01 0.00 0.00
0.01 0.08 0.00 0.00 0.02 0.02 0.02 0.01
0.00 0.02 0.00 0.01 0.00 0.01 0.00 0.04
0.06 0.29 0.02 0.00 0.08 0.10 0.07 0.01
0.01 0.10 0.00 0.00 0.02 0.04 0.01 0.00
0.03 0.17 0.01 0.00 0.04 0.06 0.02 0.01
0.00 0.02 0.00 0.00 0.00 0.01 0.01 0.03
0.04 0.21 0.01 0.00 0.07 0.11 0.03 0.01
0.01 0.05 0.00 0.00 0.02 0.03 0.01 0.01
0.03 0.17 0.00 0.00 0.05 0.08 0.02 0.02
0.00 0.02 0.00 0.00 0.00 0.01 0.01 0.01
0.06 0.32 0.02 0.00 0.12 0.15 0.08 0.05
0.05 0.26 0.01 0.00 0.10 0.14 0.04 0.05
0.10 0.52 0.02 0.01 0.16 0.21 0.07 0.09
0.09 0.43 0.02 0.01 0.15 0.20 0.07 0.11
0.16 0.74 0.05 0.01 0.26 0.29 0.20 0.19
0.12 0.53 0.04 0.01 0.17 0.18 0.15 0.12
0.12 0.52 0.04 0.01 0.19 0.21 0.14 0.19
0.11 0.48 0.03 0.01 0.16 0.18 0.13 0.15
0.06 0.34 0.02 0.00 0.12 0.15 0.08 0.04
0.09 0.44 0.02 0.01 0.15 0.18 0.10 0.11
0.07 0.36 0.02 0.01 0.15 0.19 0.08 0.09
0.09 0.40 0.03 0.01 0.17 0.18 0.15 0.13
0.06 0.30 0.01 0.00 0.14 0.17 0.10 0.08
0.07 0.37 0.01 0.00 0.13 0.17 0.06 0.08
0.07 0.35 0.02 0.00 0.13 0.15 0.11 0.08
0.03 0.21 0.00 0.00 0.06 0.09 0.03 0.03
0.04 0.19 0.01 0.00 0.05 0.06 0.04 0.03
0.04 0.22 0.01 0.00 0.06 0.07 0.05 0.02
0.06 0.32 0.01 0.00 0.09 0.13 0.05 0.02
0.03 0.14 0.01 0.00 0.05 0.07 0.03 0.03
0.02 0.10 0.00 0.00 0.05 0.06 0.03 0.04
0.02 0.14 0.00 0.00 0.06 0.08 0.02 0.03
0.02 0.13 0.00 0.00 0.07 0.09 0.03 0.04
0.01 0.06 0.01 0.00 0.04 0.05 0.05 0.03
0.03 0.13 0.01 0.00 0.07 0.09 0.06 0.04
0.03 0.14 0.01 0.00 0.07 0.10 0.05 0.05
0.06 0.25 0.02 0.01 0.13 0.13 0.13 0.13
0.05 0.22 0.02 0.00 0.09 0.10 0.08 0.07
0.03 0.13 0.01 0.00 0.04 0.05 0.04 0.05
0.01 0.03 0.00 0.00 0.01 0.01 0.02 0.01
0.01 0.05 0.00 0.00 0.02 0.02 0.01 0.03
0.00 0.01 0.00 0.00 0.00 0.00 0.01 0.01
0.01 0.09 0.00 0.00 0.03 0.04 0.00 0.03
0.01 0.08 0.01 0.00 0.03 0.03 0.03 0.02
0.02 0.10 0.01 0.00 0.04 0.05 0.03 0.04
0.01 0.08 0.00 0.00 0.02 0.03 0.01 0.01
0.02 0.14 0.00 0.00 0.03 0.04 0.01 0.03
0.02 0.12 0.00 0.00 0.03 0.04 0.01 0.02
0.04 0.21 0.01 0.00 0.05 0.07 0.02 0.05
0.02 0.14 0.00 0.00 0.03 0.05 0.01 0.03
0.03 0.18 0.01 0.00 0.04 0.05 0.02 0.03
0.01 0.10 0.00 0.00 0.02 0.04 0.00 0.00
0.04 0.22 0.00 0.00 0.05 0.08 0.01 0.02
0.02 0.14 0.00 0.00 0.03 0.05 0.01 0.01
0.03 0.20 0.01 0.00 0.04 0.06 0.01 0.02
0.01 0.04 0.00 0.00 0.01 0.01 0.01 0.00
0.00 0.03 0.00 0.00 0.01 0.01 0.00 0.01
0.00 0.02 0.00 0.00 0.01 0.01 0.00 0.01
0.00 0.03 0.00 0.00 0.01 0.01 0.00 0.01
0.01 0.04 0.00 0.00 0.01 0.02 0.00 0.00
0.01 0.04 0.00 0.00 0.02 0.02 0.01 0.01
0.00 0.02 0.00 0.00 0.01 0.02 0.00 0.01
0.00 0.02 0.00 0.00 0.01 0.02 0.00 0.00
0.00 0.02 0.00 0.00 0.01 0.02 0.00 0.01
0.00 0.01 0.00 0.00 0.01 0.01 0.00 0.01
0.00 0.04 0.00 0.00 0.02 0.04 0.00 0.01
0.01 0.03 0.00 0.00 0.02 0.03 0.00 0.01
0.00 0.02 0.00 0.00 0.01 0.02 0.00 0.01
0.00 0.02 0.00 0.00 0.01 0.02 0.00 0.01
0.01 0.04 0.00 0.00 0.02 0.04 0.00 0.01
0.00 0.03 0.00 0.00 0.01 0.02 0.01 0.01
0.00 0.02 0.00 0.00 0.01 0.02 0.01 0.00
0.00 0.01 0.00 0.00 0.01 0.01 0.01 0.00
0.00 0.01 0.00 0.00 0.01 0.01 0.00 0.00
0.01 0.01 0.00 0.01 0.02 0.01 0.03 0.05
0.01 0.02 0.01 0.00 0.01 0.01 0.02 0.01
0.03 0.05 0.02 0.01 0.04 0.03 0.07 0.04
0.01 0.01 0.01 0.02 0.01 0.00 0.03 0.06
0.00 0.00 0.00 0.00 0.00 0.00 0.01 0.01
0.00 0.01 0.00 0.00 0.00 0.00 0.01 0.01
0.00 0.02 0.00 0.00 0.00 0.01 0.00 0.00
0.00 0.03 0.00 0.00 0.01 0.02 0.00 0.00
0.01 0.05 0.00 0.00 0.01 0.03 0.00 0.00
0.00 0.04 0.00 0.00 0.01 0.03 0.00 0.00
0.01 0.03 0.00 0.00 0.01 0.02 0.01 0.01
0.01 0.05 0.00 0.00 0.01 0.03 0.00 0.00
0.00 0.03 0.00 0.00 0.01 0.02 0.01 0.00
0.00 0.03 0.00 0.00 0.01 0.02 0.00 0.00
0.01 0.04 0.00 0.00 0.01 0.02 0.00 0.00
0.01 0.05 0.00 0.00 0.01 0.03 0.00 0.00
0.01 0.05 0.00 0.00 0.01 0.02 0.01 0.00
0.01 0.09 0.00 0.00 0.02 0.04 0.00 0.00
0.01 0.05 0.00 0.00 0.01 0.02 0.01 0.00
0.01 0.04 0.00 0.00 0.01 0.02 0.00 0.01
0.00 0.03 0.00 0.00 0.01 0.01 0.00 0.00
0.00 0.01 0.00 0.00 0.00 0.00 0.00 0.01
0.00 0.01 0.00 0.00 0.00 0.01 0.00 0.00
0.00 0.01 0.00 0.00 0.00 0.00 0.00 0.00
0.00 0.01 0.00 0.00 0.00 0.00 0.00 0.00
0.00 0.02 0.00 0.00 0.01 0.01 0.01 0.01
0.01 0.03 0.00 0.00 0.01 0.02 0.02 0.00
0.00 0.01 0.00 0.00 0.01 0.01 0.01 0.01
0.01 0.04 0.00 0.00 0.01 0.03 0.01 0.00
0.01 0.04 0.00 0.00 0.01 0.03 0.01 0.00
0.00 0.03 0.00 0.00 0.01 0.02 0.00 0.01
0.00 0.02 0.00 0.00 0.01 0.02 0.01 0.00
0.00 0.02 0.00 0.00 0.01 0.02 0.01 0.00
0.01 0.04 0.00 0.00 0.01 0.03 0.01 0.00
0.00 0.02 0.00 0.00 0.01 0.01 0.01 0.00
0.01 0.03 0.00 0.00 0.02 0.03 0.03 0.01
0.01 0.05 0.00 0.00 0.05 0.07 0.04 0.01
0.01 0.07 0.00 0.00 0.06 0.09 0.04 0.01
0.01 0.04 0.00 0.00 0.03 0.06 0.01 0.00
0.00 0.01 0.00 0.00 0.00 0.01 0.00 0.02
0.00 0.02 0.00 0.00 0.01 0.02 0.01 0.01
0.07 0.15 0.06 0.03 0.35 0.23 0.62 0.58
0.02 0.03 0.01 0.01 0.08 0.05 0.12 0.22
0.01 0.02 0.01 0.01 0.04 0.03 0.08 0.16
0.00 0.01 0.00 0.00 0.02 0.01 0.04 0.06
0.00 0.01 0.00 0.00 0.02 0.01 0.05 0.07
0.00 0.00 0.00 0.00 0.01 0.00 0.02 0.06
0.00 0.00 0.00 0.00 0.00 0.00 0.01 0.04
0.00 0.01 0.00 0.00 0.01 0.01 0.01 0.03
0.01 0.02 0.01 0.01 0.04 0.03 0.06 0.13
0.00 0.01 0.00 0.00 0.01 0.01 0.01 0.02
0.00 0.01 0.00 0.00 0.01 0.01 0.01 0.02
0.01 0.02 0.00 0.00 0.01 0.01 0.01 0.01
0.00 0.00 0.00 0.00 0.00 0.00 0.00 0.00
0.03 0.08 0.02 0.01 0.03 0.02 0.04 0.03
0.01 0.04 0.00 0.01 0.01 0.01 0.00 0.02
0.00 0.02 0.00 0.00 0.00 0.00 0.00 0.01
0.01 0.02 0.01 0.00 0.01 0.00 0.01 0.01
0.02 0.07 0.00 0.01 0.01 0.01 0.01 0.02
0.10 0.33 0.03 0.03 0.07 0.06 0.07 0.12
0.02 0.09 0.00 0.01 0.01 0.01 0.01 0.04
0.03 0.09 0.02 0.01 0.02 0.02 0.04 0.04
0.02 0.06 0.00 0.01 0.01 0.01 0.01 0.02
0.06 0.22 0.02 0.02 0.06 0.06 0.06 0.11
0.03 0.08 0.01 0.02 0.03 0.02 0.03 0.09
0.00 0.01 0.00 0.00 0.00 0.00 0.00 0.01
0.00 0.00 0.00 0.00 0.00 0.00 0.00 0.01
0.00 0.00 0.00 0.00 0.00 0.00 0.00 0.01
0.00 0.01 0.00 0.00 0.00 0.00 0.00 0.00
0.00 0.00 0.00 0.00 0.00 0.00 0.00 0.00
0.00 0.00 0.00 0.00 0.00 0.00 0.01 0.00
0.00 0.01 0.00 0.00 0.00 0.00 0.00 0.00
0.00 0.00 0.00 0.00 0.00 0.00 0.00 0.00
0.00 0.00 0.00 0.00 0.00 0.00 0.00 0.00
0.00 0.01 0.00 0.00 0.00 0.00 0.00 0.00
0.00 0.01 0.00 0.00 0.00 0.00 0.00 0.00
0.00 0.01 0.00 0.00 0.00 0.00 0.01 0.00
0.00 0.00 0.00 0.00 0.00 0.00 0.00 0.00
0.00 0.00 0.00 0.00 0.00 0.00 0.00 0.00
0.00 0.00 0.00 0.00 0.00 0.00 0.00 0.00
0.00 0.01 0.00 0.00 0.00 0.00 0.00 0.00
0.00 0.00 0.00 0.00 0.00 0.00 0.00 0.00
0.00 0.01 0.00 0.00 0.00 0.00 0.00 0.00
0.00 0.01 0.00 0.00 0.00 0.00 0.00 0.01
0.00 0.00 0.00 0.00 0.00 0.00 0.00 0.00
0.00 0.01 0.00 0.00 0.00 0.00 0.01 0.01
0.00 0.01 0.00 0.00 0.00 0.01 0.00 0.00
0.00 0.00 0.00 0.00 0.00 0.00 0.00 0.00
0.00 0.01 0.00 0.00 0.01 0.01 0.01 0.01
0.00 0.01 0.00 0.00 0.00 0.01 0.00 0.02
0.00 0.01 0.00 0.00 0.01 0.02 0.00 0.01
0.00 0.01 0.00 0.00 0.01 0.02 0.02 0.03
0.00 0.01 0.00 0.00 0.02 0.02 0.02 0.04
0.01 0.05 0.01 0.00 0.08 0.08 0.10 0.07
0.01 0.03 0.00 0.00 0.03 0.04 0.03 0.06
0.00 0.01 0.00 0.00 0.01 0.02 0.01 0.01
0.00 0.01 0.00 0.00 0.01 0.02 0.02 0.02
0.00 0.03 0.00 0.00 0.02 0.03 0.01 0.01
0.00 0.01 0.00 0.00 0.01 0.01 0.00 0.01
0.00 0.01 0.00 0.00 0.00 0.00 0.00 0.01
0.00 0.02 0.00 0.00 0.01 0.01 0.00 0.01
0.00 0.00 0.00 0.00 0.00 0.00 0.01 0.00
0.00 0.00 0.00 0.00 0.00 0.00 0.00 0.00
0.00 0.00 0.00 0.00 0.00 0.00 0.00 0.00
0.00 0.00 0.00 0.00 0.00 0.00 0.00 0.00
0.00 0.00 0.00 0.00 0.00 0.00 0.01 0.01
0.00 0.01 0.00 0.00 0.00 0.00 0.01 0.02
0.00 0.01 0.00 0.00 0.00 0.00 0.00 0.00
0.01 0.04 0.00 0.00 0.02 0.01 0.02 0.03
0.01 0.02 0.00 0.00 0.01 0.01 0.02 0.01
0.01 0.02 0.00 0.00 0.01 0.01 0.02 0.03
0.00 0.01 0.00 0.00 0.00 0.00 0.01 0.02
0.00 0.01 0.00 0.00 0.00 0.00 0.00 0.00
0.02 0.08 0.01 0.00 0.03 0.03 0.04 0.02
0.02 0.10 0.01 0.00 0.04 0.04 0.04 0.03
0.00 0.01 0.00 0.00 0.00 0.00 0.02 0.01
0.00 0.00 0.00 0.00 0.00 0.00 0.01 0.00
0.00 0.00 0.00 0.00 0.00 0.00 0.01 0.01
0.00 0.00 0.00 0.00 0.00 0.00 0.01 0.00
0.00 0.01 0.00 0.00 0.00 0.00 0.01 0.01
0.00 0.01 0.00 0.00 0.00 0.00 0.01 0.00
0.00 0.00 0.00 0.00 0.00 0.00 0.01 0.00
0.00 0.00 0.00 0.00 0.00 0.00 0.01 0.01
0.00 0.01 0.00 0.00 0.01 0.01 0.01 0.01
0.00 0.01 0.00 0.00 0.00 0.00 0.01 0.00
0.00 0.00 0.00 0.00 0.00 0.00 0.00 0.01
0.00 0.01 0.00 0.00 0.00 0.00 0.00 0.01
0.00 0.01 0.00 0.00 0.00 0.01 0.01 0.01
0.00 0.00 0.00 0.00 0.00 0.00 0.00 0.00
0.00 0.01 0.00 0.00 0.00 0.00 0.00 0.01
0.00 0.01 0.00 0.00 0.00 0.00 0.01 0.01
0.00 0.00 0.00 0.00 0.00 0.00 0.00 0.01
0.00 0.01 0.00 0.00 0.00 0.00 0.00 0.00
0.00 0.00 0.00 0.00 0.00 0.00 0.00 0.01
0.00 0.00 0.00 0.00 0.00 0.00 0.00 0.01
0.00 0.00 0.00 0.00 0.00 0.00 0.00 0.01
0.00 0.00 0.00 0.00 0.00 0.00 0.00 0.01
0.00 0.00 0.00 0.00 0.00 0.00 0.00 0.01
0.00 0.00 0.00 0.00 0.00 0.00 0.00 0.01
0.00 0.00 0.00 0.00 0.00 0.00 0.01 0.01
0.00 0.01 0.00 0.00 0.00 0.00 0.00 0.01
0.10 0.22 0.09 0.03 0.22 0.12 0.49 0.44
0.01 0.01 0.02 0.01 0.03 0.01 0.13 0.18
0.01 0.00 0.01 0.00 0.02 0.00 0.10 0.08
0.02 0.04 0.02 0.01 0.06 0.03 0.14 0.19
0.01 0.01 0.01 0.01 0.02 0.01 0.08 0.13
0.01 0.02 0.01 0.00 0.03 0.01 0.06 0.07
0.00 0.00 0.00 0.00 0.01 0.01 0.03 0.05
0.00 0.01 0.00 0.00 0.01 0.01 0.03 0.04
0.00 0.00 0.00 0.00 0.01 0.00 0.02 0.02
0.00 0.00 0.00 0.00 0.01 0.00 0.02 0.03
0.00 0.00 0.00 0.00 0.01 0.01 0.01 0.01
0.00 0.00 0.00 0.00 0.00 0.00 0.01 0.00
0.00 0.01 0.00 0.00 0.00 0.01 0.00 0.01
0.00 0.02 0.00 0.00 0.01 0.02 0.01 0.01
0.00 0.00 0.00 0.00 0.00 0.00 0.00 0.01
0.00 0.01 0.00 0.00 0.01 0.01 0.01 0.01
0.00 0.00 0.00 0.00 0.00 0.00 0.01 0.01
0.00 0.01 0.00 0.00 0.01 0.01 0.01 0.01
0.00 0.01 0.00 0.00 0.01 0.01 0.01 0.01
0.00 0.01 0.00 0.00 0.01 0.01 0.01 0.01
0.00 0.02 0.00 0.00 0.01 0.02 0.01 0.01
0.01 0.04 0.00 0.00 0.02 0.03 0.01 0.01
0.00 0.02 0.00 0.00 0.01 0.02 0.01 0.00
0.00 0.02 0.00 0.00 0.01 0.02 0.01 0.00
0.00 0.01 0.00 0.00 0.00 0.01 0.01 0.00
0.01 0.03 0.00 0.00 0.01 0.01 0.01 0.00
0.00 0.01 0.00 0.00 0.01 0.01 0.01 0.00
0.00 0.02 0.00 0.00 0.01 0.01 0.01 0.00
0.00 0.02 0.00 0.00 0.00 0.01 0.00 0.00
0.00 0.02 0.00 0.00 0.00 0.01 0.00 0.00
0.00 0.02 0.00 0.00 0.00 0.01 0.00 0.00
0.00 0.02 0.00 0.00 0.01 0.01 0.01 0.00
0.01 0.04 0.00 0.00 0.01 0.02 0.00 0.00
0.00 0.01 0.00 0.00 0.00 0.01 0.00 0.00
0.00 0.02 0.00 0.00 0.01 0.01 0.00 0.01
0.01 0.02 0.00 0.00 0.01 0.01 0.02 0.00
0.01 0.04 0.00 0.00 0.01 0.02 0.02 0.00
0.00 0.00 0.00 0.00 0.00 0.00 0.00 0.02
0.01 0.04 0.00 0.00 0.01 0.02 0.01 0.00
0.00 0.03 0.00 0.00 0.01 0.02 0.00 0.00
0.00 0.01 0.00 0.00 0.00 0.01 0.00 0.00
0.00 0.01 0.00 0.00 0.00 0.01 0.00 0.00
0.00 0.02 0.00 0.00 0.01 0.01 0.01 0.01
0.00 0.01 0.00 0.00 0.00 0.00 0.01 0.00
0.00 0.02 0.00 0.00 0.01 0.01 0.00 0.00
0.00 0.01 0.00 0.00 0.00 0.01 0.00 0.01
0.00 0.01 0.00 0.00 0.00 0.01 0.00 0.00
0.00 0.01 0.00 0.00 0.00 0.00 0.00 0.01
0.00 0.02 0.00 0.00 0.01 0.01 0.01 0.01
0.00 0.01 0.00 0.00 0.01 0.01 0.01 0.01
