4.48 10.11 2.14 1.18 41.62 38.08 44.82 47.41
4.32 9.53 2.17 1.26 41.78 38.34 44.77 47.14
4.36 9.69 2.17 1.21 41.74 38.27 44.77 47.31
4.53 10.26 2.18 1.16 41.57 38.02 44.74 47.48
4.37 9.88 2.14 1.08 41.73 38.19 44.82 47.79
4.72 10.75 2.18 1.23 41.39 37.82 44.74 47.23
4.74 10.88 2.21 1.14 41.37 37.76 44.68 47.57
5.11 11.76 2.43 1.16 41.04 37.43 44.29 47.49
4.80 11.06 2.32 1.03 41.32 37.70 44.47 48.00
4.89 11.44 2.28 0.95 41.24 37.55 44.55 48.36
4.56 10.61 2.15 0.90 41.55 37.87 44.80 48.58
4.75 11.04 2.18 1.04 41.36 37.70 44.75 47.96
4.80 11.03 2.28 1.10 41.32 37.71 44.55 47.72
5.44 12.48 2.45 1.38 40.78 37.17 44.23 46.72
5.27 11.80 2.46 1.54 40.92 37.41 44.22 46.27
6.22 13.81 3.00 1.85 40.19 36.73 43.36 45.45
6.10 13.63 3.00 1.66 40.28 36.78 43.36 45.93
5.65 12.85 2.68 1.42 40.61 37.05 43.85 46.60
5.97 13.69 2.76 1.47 40.37 36.77 43.72 46.45
5.51 12.52 2.63 1.38 40.72 37.15 43.93 46.74
5.89 13.39 2.78 1.53 40.43 36.87 43.70 46.29
5.55 12.73 2.57 1.34 40.69 37.08 44.02 46.87
5.85 13.30 2.71 1.52 40.46 36.89 43.79 46.32
5.04 11.57 2.39 1.15 41.11 37.50 44.35 47.50
5.31 12.03 2.45 1.44 40.88 37.33 44.24 46.56
5.04 11.44 2.34 1.35 41.11 37.55 44.44 46.81
5.38 12.20 2.46 1.46 40.82 37.27 44.21 46.48
5.62 12.59 2.61 1.66 40.64 37.13 43.97 45.93
5.08 11.31 2.46 1.47 41.08 37.60 44.23 46.46
5.49 12.10 2.63 1.73 40.73 37.31 43.93 45.74
5.30 11.66 2.60 1.63 40.91 37.50 43.98 46.00
5.60 12.31 2.63 1.86 40.67 37.26 43.94 45.44
5.42 11.81 2.69 1.76 40.81 37.44 43.83 45.68
5.58 12.10 2.73 1.91 40.68 37.33 43.76 45.33
5.37 11.50 2.79 1.82 40.85 37.56 43.67 45.54
5.71 12.32 2.81 2.01 40.58 37.26 43.65 45.10
5.15 11.03 2.67 1.75 41.03 37.73 43.87 45.71
5.06 10.83 2.51 1.83 41.12 37.82 44.15 45.50
4.85 10.37 2.45 1.73 41.28 37.99 44.24 45.74
5.01 10.84 2.50 1.68 41.15 37.80 44.17 45.86
4.25 9.25 2.20 1.27 41.88 38.50 44.70 47.08
4.12 9.12 2.08 1.16 42.01 38.56 44.96 47.50
4.02 8.85 2.07 1.14 42.11 38.69 44.97 47.57
4.34 9.60 2.13 1.29 41.77 38.32 44.86 47.02
4.14 9.25 2.06 1.10 41.98 38.50 45.00 47.69
4.47 9.85 2.34 1.22 41.65 38.22 44.45 47.28
4.65 10.07 2.62 1.25 41.48 38.12 43.96 47.17
5.13 11.03 2.84 1.53 41.05 37.73 43.61 46.30
5.16 11.30 2.75 1.42 41.03 37.64 43.74 46.60
4.94 10.73 2.67 1.42 41.22 37.86 43.87 46.62
5.51 11.93 3.00 1.60 40.74 37.40 43.36 46.10
5.24 11.47 2.89 1.37 40.97 37.58 43.54 46.77
5.46 11.98 2.83 1.56 40.79 37.39 43.63 46.19
5.02 11.13 2.64 1.29 41.15 37.71 43.92 47.03
4.81 10.58 2.62 1.23 41.34 37.92 43.97 47.24
5.09 11.28 2.66 1.34 41.09 37.65 43.90 46.86
4.55 10.11 2.34 1.21 41.57 38.12 44.46 47.31
4.33 9.92 2.14 0.94 41.80 38.21 44.85 48.42
4.89 11.09 2.55 1.05 41.26 37.72 44.09 47.92
4.68 10.54 2.47 1.04 41.46 37.95 44.22 47.96
3.40 7.04 2.00 1.15 42.83 39.67 45.13 47.52
3.81 7.86 2.27 1.30 42.33 39.19 44.57 47.00
3.62 7.50 2.18 1.19 42.55 39.39 44.75 47.40
3.57 7.41 2.05 1.23 42.62 39.44 45.01 47.22
3.04 6.19 1.84 1.08 43.31 40.22 45.48 47.83
2.79 5.71 1.68 0.99 43.67 40.57 45.87 48.18
2.88 5.90 1.67 1.06 43.55 40.44 45.91 47.87
2.59 5.29 1.52 0.97 44.00 40.91 46.30 48.24
2.39 4.84 1.41 0.92 44.35 41.29 46.64 48.51
2.72 5.54 1.56 1.07 43.79 40.71 46.21 47.87
2.88 5.91 1.62 1.10 43.56 40.44 46.05 47.72
3.04 6.20 1.78 1.13 43.33 40.22 45.65 47.61
3.23 6.65 1.88 1.15 43.05 39.91 45.38 47.51
3.71 7.64 2.21 1.30 42.44 39.31 44.69 47.01
3.48 7.16 2.06 1.20 42.72 39.58 44.99 47.33
2.99 6.22 1.77 0.97 43.38 40.20 45.65 48.27
2.89 6.07 1.73 0.89 43.52 40.30 45.76 48.67
2.98 6.22 1.83 0.87 43.39 40.19 45.50 48.71
2.98 6.26 1.84 0.83 43.39 40.17 45.48 48.93
3.31 6.96 2.01 0.95 42.94 39.71 45.09 48.34
3.33 6.96 2.07 0.96 42.92 39.71 44.98 48.34
3.46 7.24 2.12 1.02 42.74 39.54 44.88 48.04
3.77 7.76 2.26 1.29 42.38 39.25 44.60 47.05
3.62 7.45 2.22 1.19 42.56 39.42 44.67 47.39
3.70 7.46 2.32 1.31 42.46 39.41 44.49 46.98
3.64 7.26 2.30 1.36 42.53 39.53 44.52 46.83
3.69 7.37 2.25 1.44 42.47 39.46 44.62 46.55
3.43 6.88 2.11 1.31 42.79 39.78 44.90 46.97
3.56 7.14 2.14 1.39 42.63 39.61 44.84 46.72
3.72 7.47 2.36 1.33 42.45 39.42 44.41 46.92
3.64 7.30 2.21 1.41 42.53 39.51 44.69 46.66
3.26 6.55 2.03 1.22 43.00 39.98 45.06 47.30
3.00 6.05 1.87 1.07 43.37 40.32 45.41 47.84
2.95 5.94 1.83 1.06 43.45 40.40 45.51 47.88
2.74 5.60 1.60 1.02 43.76 40.65 46.10 48.06
2.43 4.98 1.43 0.89 44.28 41.17 46.58 48.65
2.30 4.59 1.42 0.89 44.52 41.52 46.61 48.65
2.27 4.52 1.43 0.86 44.58 41.59 46.60 48.81
2.21 4.42 1.34 0.86 44.70 41.69 46.86 48.81
2.04 4.12 1.27 0.72 45.05 41.99 47.11 49.56
2.12 4.29 1.30 0.75 44.88 41.81 46.99 49.38
2.29 4.64 1.44 0.80 44.55 41.48 46.58 49.12
2.37 4.75 1.47 0.89 44.39 41.37 46.48 48.61
2.29 4.51 1.50 0.86 44.54 41.60 46.38 48.80
2.24 4.33 1.47 0.91 44.64 41.77 46.45 48.53
2.36 4.58 1.51 0.99 44.41 41.53 46.35 48.16
2.51 4.68 1.61 1.24 44.14 41.43 46.07 47.19
2.54 4.46 1.64 1.52 44.09 41.64 45.98 46.31
2.89 4.99 1.83 1.85 43.52 41.15 45.51 45.45
2.94 4.94 1.86 2.01 43.45 41.19 45.42 45.09
3.26 5.43 2.22 2.13 43.00 40.79 44.66 44.86
3.65 6.14 2.46 2.34 42.51 40.25 44.23 44.44
3.57 6.02 2.46 2.23 42.61 40.34 44.22 44.65
3.49 5.85 2.27 2.35 42.70 40.46 44.57 44.41
3.32 5.61 2.14 2.19 42.93 40.64 44.82 44.73
3.46 5.93 2.25 2.20 42.75 40.41 44.62 44.70
3.22 5.55 2.03 2.06 43.06 40.69 45.06 45.00
2.99 5.27 1.82 1.89 43.37 40.92 45.53 45.36
2.80 5.02 1.70 1.68 43.66 41.13 45.83 45.88
2.84 5.07 1.73 1.72 43.60 41.09 45.74 45.79
3.01 5.44 1.86 1.72 43.35 40.77 45.43 45.76
2.85 5.09 1.78 1.66 43.59 41.06 45.62 45.94
3.17 5.35 2.24 1.94 43.11 40.85 44.63 45.26
3.45 5.87 2.34 2.13 42.76 40.45 44.45 44.84
3.71 6.38 2.48 2.27 42.44 40.09 44.18 44.57
4.14 7.16 2.76 2.49 41.96 39.58 43.73 44.17
4.01 6.80 2.76 2.46 42.10 39.81 43.72 44.21
3.43 5.69 2.40 2.21 42.77 40.58 44.32 44.69
3.50 5.90 2.39 2.22 42.69 40.43 44.34 44.67
3.70 6.11 2.58 2.40 42.45 40.27 44.01 44.33
3.44 5.67 2.34 2.30 42.77 40.59 44.43 44.52
3.93 6.53 2.66 2.59 42.19 39.98 43.88 44.01
3.73 6.10 2.63 2.46 42.42 40.28 43.93 44.24
3.41 5.56 2.19 2.48 42.81 40.68 44.72 44.20
3.44 5.63 2.26 2.43 42.76 40.62 44.59 44.27
3.30 5.40 2.14 2.37 42.94 40.81 44.83 44.39
3.22 5.32 1.97 2.37 43.06 40.87 45.19 44.39
3.07 5.04 1.92 2.26 43.25 41.10 45.30 44.59
2.98 5.03 1.88 2.03 43.40 41.12 45.41 45.06
3.13 5.35 1.98 2.07 43.17 40.85 45.16 44.98
2.75 4.65 1.89 1.71 43.75 41.46 45.38 45.81
2.65 4.50 1.88 1.57 43.90 41.60 45.39 46.18
2.56 4.57 1.80 1.31 44.05 41.53 45.57 46.96
2.46 4.58 1.68 1.12 44.23 41.53 45.88 47.67
1.98 3.80 1.25 0.88 45.18 42.34 47.18 48.70
2.08 4.02 1.31 0.91 44.96 42.10 46.98 48.54
1.95 3.77 1.26 0.84 45.23 42.38 47.13 48.93
2.00 3.74 1.34 0.91 45.13 42.41 46.86 48.54
1.97 3.76 1.29 0.86 45.19 42.38 47.02 48.81
2.13 4.06 1.36 0.96 44.86 42.05 46.79 48.34
1.93 3.68 1.25 0.85 45.29 42.48 47.16 48.86
1.97 3.72 1.32 0.88 45.18 42.42 46.92 48.70
1.89 3.55 1.28 0.82 45.38 42.64 47.05 48.98
1.97 3.67 1.28 0.95 45.21 42.50 47.07 48.39
1.78 3.32 1.14 0.89 45.64 42.94 47.58 48.67
1.74 3.21 1.09 0.91 45.74 43.07 47.75 48.55
1.71 3.11 1.11 0.90 45.81 43.21 47.68 48.58
2.02 3.78 1.29 0.99 45.08 42.36 47.03 48.16
2.23 4.06 1.48 1.14 44.66 42.05 46.43 47.55
2.68 4.96 1.71 1.37 43.85 41.18 45.81 46.76
3.37 6.23 2.14 1.74 42.86 40.19 44.84 45.72
3.85 7.08 2.49 1.96 42.29 39.63 44.17 45.21
3.87 7.19 2.46 1.97 42.26 39.58 44.22 45.20
4.73 8.95 2.91 2.31 41.40 38.63 43.49 44.50
4.39 8.39 2.70 2.07 41.72 38.91 43.82 44.97
4.90 9.44 3.00 2.26 41.24 38.40 43.37 44.60
4.76 9.31 2.89 2.09 41.36 38.46 43.52 44.94
5.41 10.56 3.23 2.44 40.81 37.91 43.05 44.26
5.11 10.15 3.08 2.12 41.05 38.08 43.25 44.86
5.25 10.30 3.16 2.29 40.94 38.02 43.13 44.54
4.72 9.33 2.87 1.96 41.40 38.45 43.56 45.21
4.83 9.49 2.83 2.16 41.30 38.37 43.61 44.80
4.12 8.07 2.52 1.78 41.99 39.08 44.12 45.63
4.05 7.73 2.52 1.91 42.06 39.27 44.12 45.32
3.33 6.15 2.12 1.71 42.92 40.26 44.87 45.81
3.71 6.79 2.39 1.95 42.46 39.84 44.37 45.25
3.99 7.38 2.47 2.12 42.14 39.47 44.22 44.88
4.02 7.60 2.43 2.04 42.10 39.35 44.29 45.04
4.06 7.77 2.47 1.94 42.07 39.26 44.22 45.27
3.99 7.77 2.36 1.83 42.14 39.25 44.42 45.50
3.88 7.56 2.21 1.87 42.25 39.36 44.69 45.41
4.16 8.02 2.44 2.03 41.96 39.12 44.28 45.06
4.07 7.72 2.34 2.14 42.07 39.30 44.46 44.83
4.17 7.98 2.31 2.22 41.96 39.16 44.50 44.67
4.17 7.75 2.38 2.37 41.95 39.27 44.37 44.39
4.56 8.51 2.76 2.43 41.56 38.87 43.75 44.28
4.28 7.94 2.51 2.38 41.83 39.16 44.15 44.36
4.68 8.81 2.70 2.51 41.46 38.72 43.83 44.14
4.41 8.25 2.66 2.31 41.71 39.00 43.90 44.50
4.17 7.79 2.49 2.22 41.97 39.27 44.19 44.68
4.40 8.27 2.59 2.34 41.72 38.99 44.02 44.45
4.01 7.40 2.46 2.15 42.12 39.46 44.22 44.81
3.83 7.17 2.38 1.96 42.30 39.59 44.37 45.22
3.55 6.66 2.22 1.77 42.64 39.90 44.67 45.66
3.30 6.11 2.11 1.69 42.95 40.28 44.90 45.86
2.67 4.94 1.76 1.30 43.89 41.22 45.68 47.00
2.50 4.59 1.65 1.25 44.16 41.52 45.95 47.16
2.21 4.09 1.44 1.11 44.69 42.03 46.54 47.69
2.24 4.08 1.42 1.20 44.64 42.03 46.61 47.33
2.01 3.67 1.31 1.04 45.11 42.48 46.96 47.96
1.78 3.28 1.17 0.88 45.64 42.98 47.44 48.70
2.00 3.69 1.30 1.01 45.13 42.47 47.00 48.10
1.77 3.33 1.16 0.82 45.65 42.91 47.49 48.97
2.06 3.79 1.39 1.00 44.99 42.35 46.70 48.14
1.84 3.49 1.18 0.86 45.48 42.71 47.42 48.79
2.16 4.09 1.40 1.01 44.78 42.03 46.68 48.12
2.04 3.90 1.30 0.90 45.05 42.22 46.99 48.58
2.39 4.61 1.48 1.09 44.35 41.50 46.43 47.75
2.33 4.43 1.51 1.04 44.47 41.68 46.34 47.97
2.65 5.01 1.73 1.21 43.90 41.14 45.74 47.30
2.81 5.32 1.84 1.28 43.64 40.87 45.50 47.05
3.00 5.73 1.92 1.35 43.36 40.56 45.31 46.82
3.30 6.42 2.07 1.42 42.95 40.06 44.96 46.61
3.28 6.35 2.07 1.41 42.98 40.11 44.98 46.63
3.23 6.25 2.10 1.34 43.04 40.18 44.90 46.84
3.31 6.49 2.09 1.34 42.94 40.01 44.93 46.86
3.47 6.84 2.18 1.40 42.73 39.78 44.75 46.68
3.57 6.97 2.30 1.43 42.61 39.70 44.51 46.58
3.79 7.35 2.41 1.60 42.35 39.47 44.31 46.10
3.73 7.11 2.42 1.64 42.42 39.61 44.29 45.97
3.70 7.17 2.37 1.56 42.45 39.58 44.38 46.19
3.86 7.47 2.49 1.63 42.26 39.40 44.18 46.01
3.56 6.98 2.28 1.43 42.61 39.70 44.54 46.59
3.62 7.03 2.36 1.48 42.54 39.66 44.41 46.44
3.50 6.87 2.29 1.36 42.69 39.76 44.54 46.82
3.44 6.81 2.19 1.32 42.77 39.80 44.73 46.94
3.42 6.77 2.19 1.29 42.80 39.83 44.73 47.03
3.33 6.59 2.15 1.25 42.91 39.94 44.80 47.18
3.66 7.27 2.25 1.46 42.49 39.51 44.61 46.48
3.36 6.70 2.10 1.29 42.87 39.88 44.92 47.05
3.29 6.56 2.00 1.32 42.96 39.97 45.12 46.92
3.11 6.35 1.83 1.15 43.20 40.11 45.50 47.52
2.82 5.69 1.72 1.03 43.64 40.58 45.77 48.01
2.77 5.63 1.73 0.95 43.72 40.64 45.76 48.37
2.94 5.96 1.80 1.06 43.45 40.38 45.59 47.90
2.91 5.94 1.80 1.01 43.49 40.40 45.59 48.12
2.84 5.70 1.74 1.09 43.60 40.58 45.74 47.75
3.14 6.29 1.89 1.25 43.16 40.15 45.36 47.16
3.50 7.03 2.10 1.38 42.69 39.67 44.91 46.73
3.34 6.68 1.99 1.33 42.90 39.89 45.13 46.88
3.07 6.24 1.88 1.08 43.26 40.18 45.39 47.79
3.25 6.80 1.93 1.02 43.01 39.81 45.28 48.04
2.99 6.25 1.77 0.96 43.37 40.17 45.65 48.31
2.74 5.76 1.68 0.78 43.76 40.53 45.89 49.22
2.73 5.73 1.65 0.80 43.78 40.55 45.97 49.10
2.77 5.78 1.63 0.90 43.71 40.51 46.01 48.58
3.03 6.12 1.83 1.16 43.31 40.26 45.51 47.51
2.92 5.77 1.82 1.18 43.48 40.53 45.54 47.40
2.76 5.45 1.73 1.08 43.73 40.77 45.74 47.79
2.85 5.76 1.70 1.08 43.59 40.53 45.81 47.78
2.52 4.98 1.60 0.98 44.12 41.17 46.09 48.23
2.51 4.98 1.61 0.92 44.15 41.16 46.07 48.50
2.57 5.12 1.62 0.97 44.04 41.05 46.03 48.26
2.43 4.83 1.54 0.92 44.28 41.29 46.27 48.48
2.46 4.87 1.53 0.98 44.22 41.26 46.29 48.22
2.28 4.46 1.43 0.94 44.57 41.64 46.59 48.41
2.22 4.29 1.41 0.96 44.68 41.82 46.66 48.31
2.31 4.42 1.45 1.05 44.52 41.69 46.54 47.93
2.15 4.09 1.38 0.97 44.83 42.03 46.75 48.28
2.10 3.91 1.39 1.02 44.91 42.22 46.72 48.05
2.09 3.88 1.41 0.98 44.94 42.26 46.65 48.22
2.29 4.30 1.44 1.13 44.55 41.81 46.55 47.63
2.11 3.92 1.35 1.07 44.90 42.22 46.85 47.86
2.25 4.13 1.49 1.14 44.62 41.99 46.42 47.57
2.15 4.04 1.38 1.01 44.84 42.09 46.75 48.08
2.40 4.51 1.55 1.14 44.35 41.61 46.25 47.56
2.19 4.06 1.47 1.05 44.74 42.07 46.47 47.95
2.32 4.25 1.55 1.16 44.48 41.86 46.24 47.49
2.32 4.24 1.54 1.18 44.49 41.87 46.28 47.41
2.59 4.74 1.67 1.37 44.01 41.39 45.91 46.79
2.63 4.92 1.68 1.29 43.94 41.22 45.90 47.02
2.72 5.06 1.76 1.33 43.80 41.10 45.68 46.90
3.08 5.74 1.94 1.55 43.26 40.55 45.27 46.23
2.91 5.45 1.88 1.42 43.49 40.77 45.41 46.64
3.11 5.95 1.94 1.43 43.21 40.40 45.26 46.58
2.92 5.64 1.82 1.29 43.49 40.63 45.52 47.04
2.87 5.61 1.81 1.18 43.57 40.66 45.55 47.41
3.33 6.60 2.02 1.36 42.92 39.96 45.08 46.81
3.27 6.55 1.97 1.29 42.99 39.98 45.18 47.02
3.07 6.12 1.92 1.17 43.27 40.27 45.29 47.47
3.23 6.39 2.00 1.29 43.05 40.09 45.13 47.04
3.42 6.74 2.19 1.34 42.80 39.86 44.73 46.88
3.61 7.05 2.31 1.48 42.56 39.66 44.50 46.44
3.45 6.81 2.21 1.35 42.75 39.81 44.70 46.84
3.43 6.72 2.19 1.37 42.79 39.87 44.73 46.76
3.63 7.08 2.27 1.54 42.54 39.64 44.58 46.25
3.36 6.47 2.17 1.42 42.88 40.03 44.77 46.60
3.14 6.08 2.00 1.34 43.17 40.30 45.13 46.85
2.78 5.41 1.75 1.19 43.69 40.81 45.71 47.37
3.04 5.89 1.90 1.33 43.32 40.45 45.36 46.90
2.62 5.11 1.66 1.08 43.98 41.07 45.95 47.82
2.80 5.52 1.71 1.17 43.66 40.72 45.80 47.44
2.70 5.36 1.66 1.07 43.83 40.84 45.94 47.83
3.12 6.27 1.86 1.23 43.20 40.17 45.43 47.22
2.74 5.49 1.66 1.07 43.76 40.75 45.94 47.83
2.78 5.54 1.66 1.14 43.70 40.71 45.93 47.55
2.61 5.18 1.58 1.07 43.98 41.00 46.16 47.85
2.87 5.68 1.71 1.23 43.55 40.59 45.81 47.23
2.68 5.20 1.67 1.15 43.86 40.98 45.89 47.51
2.95 5.86 1.79 1.23 43.43 40.46 45.62 47.24
2.69 5.42 1.63 1.01 43.84 40.79 45.99 48.09
2.78 5.59 1.70 1.05 43.69 40.66 45.83 47.93
2.53 5.06 1.55 0.97 44.10 41.09 46.23 48.25
2.53 5.19 1.50 0.89 44.11 40.98 46.38 48.63
2.56 5.39 1.43 0.85 44.06 40.82 46.58 48.84
2.78 5.86 1.55 0.92 43.69 40.45 46.23 48.47
2.69 5.67 1.49 0.92 43.83 40.60 46.39 48.51
2.98 6.31 1.68 0.95 43.39 40.13 45.89 48.35
2.73 5.84 1.55 0.81 43.77 40.47 46.24 49.07
2.67 5.77 1.51 0.74 43.86 40.52 46.35 49.42
2.56 5.56 1.46 0.66 44.05 40.69 46.49 49.91
2.43 5.17 1.42 0.72 44.27 41.00 46.61 49.60
2.69 5.71 1.54 0.82 43.84 40.57 46.26 48.99
2.86 6.01 1.60 0.96 43.57 40.34 46.08 48.33
3.19 6.62 1.76 1.19 43.10 39.93 45.69 47.39
3.58 7.36 2.05 1.33 42.60 39.47 45.01 46.91
3.78 7.66 2.27 1.40 42.36 39.29 44.58 46.68
4.03 8.31 2.35 1.43 42.08 38.94 44.43 46.60
3.82 7.84 2.30 1.30 42.32 39.19 44.51 46.98
3.70 7.59 2.16 1.35 42.45 39.33 44.78 46.82
3.59 7.32 2.13 1.32 42.58 39.49 44.84 46.92
3.64 7.48 2.11 1.31 42.52 39.39 44.88 46.94
3.52 7.29 2.06 1.22 42.66 39.50 45.00 47.26
3.49 7.25 2.00 1.23 42.71 39.53 45.13 47.24
3.24 6.75 1.81 1.15 43.03 39.84 45.56 47.51
3.34 6.85 1.92 1.26 42.89 39.77 45.30 47.12
3.45 7.03 1.96 1.37 42.75 39.67 45.21 46.76
3.45 6.99 2.00 1.37 42.75 39.69 45.12 46.76
3.53 7.14 2.06 1.39 42.66 39.60 45.00 46.72
3.80 7.58 2.20 1.61 42.34 39.33 44.71 46.07
3.69 7.50 2.13 1.44 42.47 39.39 44.86 46.55
3.91 7.84 2.24 1.64 42.23 39.21 44.62 45.98
3.99 8.06 2.32 1.59 42.13 39.08 44.49 46.10
4.33 8.71 2.51 1.79 41.78 38.75 44.15 45.60
3.80 7.58 2.24 1.59 42.34 39.35 44.63 46.12
3.99 7.93 2.37 1.68 42.14 39.17 44.40 45.90
3.97 7.93 2.36 1.64 42.15 39.16 44.42 46.00
4.10 8.16 2.38 1.75 42.02 39.03 44.36 45.70
3.58 7.18 2.05 1.51 42.60 39.58 45.02 46.35
3.56 7.22 2.04 1.42 42.64 39.57 45.05 46.62
3.29 6.78 1.93 1.18 42.97 39.84 45.28 47.42
3.37 7.06 1.91 1.14 42.87 39.67 45.32 47.55
2.82 5.90 1.62 0.94 43.64 40.45 46.03 48.43
3.01 6.37 1.71 0.95 43.37 40.12 45.80 48.36
3.08 6.47 1.83 0.95 43.25 40.03 45.51 48.37
3.52 7.31 2.15 1.10 42.68 39.51 44.81 47.71
3.26 6.67 2.05 1.06 43.02 39.92 45.02 47.89
3.11 6.30 1.98 1.05 43.23 40.18 45.17 47.94
3.69 7.50 2.25 1.32 42.49 39.42 44.61 46.93
3.33 6.78 2.07 1.14 42.93 39.85 44.98 47.58
3.73 7.51 2.35 1.32 42.45 39.42 44.44 46.96
3.47 7.11 2.19 1.13 42.75 39.64 44.75 47.63
3.88 8.01 2.35 1.29 42.27 39.13 44.44 47.05
3.26 6.75 2.02 1.01 43.02 39.87 45.09 48.09
3.15 6.47 1.95 1.04 43.17 40.05 45.25 47.98
3.08 6.38 1.88 0.96 43.28 40.11 45.39 48.31
3.42 7.15 1.98 1.11 42.82 39.61 45.16 47.67
2.90 6.16 1.72 0.81 43.53 40.25 45.80 49.03
3.14 6.70 1.87 0.83 43.19 39.90 45.41 48.97
3.08 6.55 1.86 0.82 43.28 40.00 45.44 49.02
3.31 7.00 1.93 1.02 42.94 39.70 45.29 48.07
3.73 7.87 2.16 1.16 42.44 39.20 44.80 47.50
3.78 7.91 2.27 1.15 42.37 39.17 44.57 47.52
3.51 7.38 2.06 1.10 42.68 39.46 45.00 47.72
3.43 7.11 2.04 1.14 42.80 39.64 45.04 47.59
3.15 6.47 1.90 1.09 43.17 40.06 45.35 47.78
2.97 6.20 1.76 0.95 43.43 40.24 45.69 48.36
2.75 5.68 1.63 0.94 43.75 40.61 46.01 48.41
2.79 5.67 1.68 1.02 43.70 40.63 45.89 48.05
2.70 5.51 1.58 1.00 43.85 40.76 46.14 48.13
2.83 5.77 1.65 1.07 43.65 40.56 45.98 47.87
3.31 6.87 1.87 1.19 42.96 39.81 45.42 47.39
3.29 6.81 1.93 1.15 42.98 39.84 45.29 47.56
3.39 7.07 1.95 1.15 42.86 39.68 45.26 47.56
3.70 7.82 2.06 1.22 42.49 39.24 45.01 47.31
3.25 6.84 1.88 1.03 43.06 39.85 45.42 48.02
3.19 6.83 1.85 0.91 43.13 39.84 45.48 48.59
3.14 6.69 1.88 0.85 43.19 39.92 45.40 48.84
3.19 6.79 1.93 0.86 43.13 39.87 45.31 48.80
3.35 7.20 1.94 0.92 42.91 39.60 45.28 48.50
3.29 7.02 1.96 0.89 42.99 39.71 45.24 48.66
3.32 7.09 1.92 0.95 42.95 39.66 45.31 48.37
3.81 7.99 2.18 1.27 42.35 39.15 44.76 47.13
3.66 7.71 2.11 1.16 42.53 39.30 44.92 47.52
3.64 7.57 2.15 1.22 42.54 39.37 44.83 47.29
3.86 7.96 2.21 1.40 42.31 39.17 44.71 46.70
3.38 6.82 2.06 1.25 42.87 39.82 45.01 47.18
3.57 7.27 2.08 1.35 42.65 39.57 44.97 46.87
3.49 7.11 2.08 1.29 42.73 39.65 44.97 47.07
3.94 8.08 2.30 1.42 42.22 39.10 44.52 46.63
3.30 6.72 2.00 1.19 42.96 39.89 45.13 47.39
3.40 6.88 2.03 1.27 42.84 39.78 45.06 47.10
2.97 6.08 1.79 1.04 43.43 40.33 45.63 47.96
3.09 6.32 1.80 1.16 43.25 40.15 45.60 47.49
2.51 5.16 1.48 0.88 44.15 41.01 46.44 48.69
2.59 5.35 1.45 0.96 44.03 40.87 46.54 48.34
2.21 4.55 1.27 0.81 44.71 41.58 47.12 49.08
2.40 4.94 1.37 0.90 44.34 41.21 46.79 48.61
2.03 4.16 1.23 0.71 45.06 41.96 47.24 49.60
2.11 4.29 1.27 0.78 44.90 41.83 47.13 49.20
2.03 4.19 1.21 0.69 45.08 41.93 47.32 49.76
2.33 4.81 1.37 0.83 44.47 41.34 46.78 48.99
2.12 4.32 1.28 0.74 44.90 41.81 47.05 49.45
2.29 4.62 1.39 0.88 44.55 41.52 46.71 48.73
2.32 4.58 1.46 0.92 44.50 41.55 46.50 48.50
2.39 4.75 1.45 0.98 44.36 41.39 46.53 48.22
2.47 4.63 1.56 1.22 44.22 41.50 46.22 47.29
2.81 5.03 1.74 1.65 43.66 41.13 45.73 45.96
2.84 4.92 1.70 1.92 43.60 41.23 45.84 45.31
3.22 5.42 2.00 2.25 43.06 40.80 45.13 44.61
3.74 6.27 2.49 2.46 42.41 40.17 44.18 44.22
3.94 6.59 2.62 2.62 42.18 39.95 43.94 43.96
3.96 6.61 2.68 2.58 42.16 39.94 43.85 44.02
3.71 6.22 2.41 2.49 42.45 40.21 44.31 44.18
3.38 5.68 2.21 2.24 42.85 40.60 44.68 44.63
3.66 6.30 2.38 2.30 42.50 40.16 44.36 44.51
3.41 5.96 2.10 2.15 42.82 40.40 44.91 44.81
3.22 5.75 1.91 2.00 43.06 40.54 45.32 45.12
3.00 5.39 1.80 1.82 43.37 40.83 45.60 45.54
3.23 5.84 1.90 1.93 43.06 40.48 45.35 45.27
3.26 5.82 2.10 1.85 43.01 40.49 44.91 45.47
3.01 5.37 1.90 1.74 43.36 40.83 45.34 45.72
3.27 5.67 2.23 1.91 42.99 40.60 44.65 45.33
3.37 5.67 2.33 2.11 42.86 40.59 44.46 44.89
3.64 6.24 2.44 2.23 42.52 40.18 44.26 44.64
4.03 7.03 2.70 2.35 42.08 39.66 43.81 44.41
3.92 6.64 2.71 2.41 42.20 39.91 43.80 44.31
3.61 5.98 2.49 2.37 42.55 40.37 44.17 44.38
3.61 6.14 2.38 2.31 42.55 40.25 44.36 44.49
3.71 6.24 2.54 2.36 42.43 40.18 44.08 44.40
3.60 5.92 2.37 2.50 42.57 40.40 44.39 44.15
3.87 6.48 2.67 2.47 42.25 40.02 43.88 44.21
3.88 6.37 2.74 2.53 42.25 40.10 43.76 44.11
3.57 5.76 2.38 2.56 42.61 40.53 44.37 44.05
3.64 6.05 2.39 2.47 42.52 40.31 44.36 44.20
3.34 5.44 2.16 2.41 42.89 40.77 44.78 44.32
3.39 5.67 2.05 2.45 42.83 40.60 45.01 44.25
3.22 5.37 2.00 2.29 43.06 40.84 45.12 44.54
3.25 5.54 2.01 2.21 43.01 40.70 45.09 44.70
3.06 5.23 1.97 1.99 43.27 40.94 45.18 45.15
3.02 5.24 1.98 1.82 43.34 40.93 45.17 45.52
2.73 4.78 1.85 1.57 43.77 41.34 45.46 46.19
2.88 5.22 1.94 1.48 43.54 40.95 45.27 46.42
2.50 4.64 1.76 1.09 44.16 41.47 45.69 47.77
2.24 4.32 1.44 0.98 44.62 41.78 46.55 48.22
2.18 4.22 1.38 0.95 44.74 41.88 46.74 48.37
2.13 4.05 1.40 0.93 44.86 42.06 46.68 48.44
2.35 4.50 1.51 1.04 44.42 41.60 46.33 47.96
2.10 3.98 1.39 0.93 44.91 42.14 46.70 48.43
2.20 4.22 1.41 0.97 44.71 41.88 46.63 48.28
2.15 4.09 1.43 0.94 44.81 42.02 46.58 48.42
2.41 4.62 1.54 1.06 44.32 41.48 46.26 47.88
2.14 4.06 1.41 0.94 44.83 42.04 46.64 48.40
2.16 4.10 1.37 1.02 44.78 42.00 46.77 48.04
2.09 3.98 1.32 0.97 44.93 42.14 46.92 48.26
2.15 4.04 1.34 1.07 44.80 42.06 46.87 47.83
1.93 3.57 1.27 0.95 45.27 42.60 47.10 48.34
2.20 4.03 1.44 1.14 44.70 42.08 46.55 47.56
2.45 4.51 1.62 1.23 44.24 41.59 46.05 47.24
3.11 5.81 1.95 1.56 43.21 40.49 45.23 46.20
3.25 6.12 2.07 1.54 43.02 40.27 44.97 46.25
4.25 7.92 2.72 2.10 41.86 39.15 43.79 44.92
4.30 8.19 2.67 2.04 41.81 39.01 43.87 45.05
5.45 10.56 3.24 2.54 40.78 37.91 43.03 44.09
5.10 10.08 3.02 2.20 41.07 38.11 43.34 44.71
5.62 11.16 3.27 2.43 40.64 37.67 42.99 44.28
5.51 10.98 3.28 2.27 40.73 37.74 42.97 44.57
6.11 12.21 3.51 2.61 40.28 37.27 42.68 43.97
5.80 11.70 3.40 2.30 40.51 37.46 42.82 44.52
6.11 12.36 3.48 2.48 40.28 37.22 42.73 44.19
5.41 10.91 3.13 2.20 40.81 37.76 43.18 44.71
5.49 11.17 2.98 2.32 40.75 37.66 43.40 44.48
4.94 9.79 2.88 2.16 41.20 38.23 43.55 44.79
4.60 9.08 2.68 2.06 41.51 38.57 43.86 45.01
4.26 8.25 2.53 2.01 41.85 38.99 44.11 45.13
4.58 8.63 2.91 2.19 41.55 38.80 43.52 44.73
4.54 8.64 2.71 2.25 41.58 38.78 43.80 44.60
5.20 10.15 2.94 2.51 40.98 38.08 43.45 44.13
5.03 9.91 2.96 2.23 41.13 38.19 43.44 44.64
4.95 9.84 2.81 2.20 41.20 38.22 43.65 44.71
5.84 12.03 3.08 2.40 40.58 37.48 43.27 44.37
6.75 14.38 3.33 2.54 40.01 36.76 42.97 44.20
6.89 14.14 3.60 2.95 39.91 36.84 42.65 43.55
7.24 14.98 3.51 3.24 39.68 36.58 42.73 43.11
7.37 14.81 3.68 3.62 39.64 36.67 42.56 42.61
8.04 16.33 4.11 3.69 39.22 36.18 42.06 42.56
6.93 13.81 3.74 3.25 39.86 36.91 42.47 43.10
7.15 14.25 3.77 3.45 39.69 36.73 42.42 42.81
6.55 13.00 3.62 3.03 40.07 37.12 42.58 43.39
7.33 14.42 3.95 3.62 39.58 36.67 42.20 42.59
6.40 12.74 3.47 2.99 40.17 37.21 42.77 43.43
6.35 12.72 3.31 3.03 40.21 37.23 42.98 43.38
5.45 10.80 3.11 2.45 40.87 37.93 43.25 44.31
4.98 9.96 2.78 2.20 41.23 38.25 43.70 44.77
4.22 8.36 2.48 1.83 41.92 38.98 44.20 45.54
4.16 8.24 2.42 1.83 41.99 39.04 44.32 45.54
3.26 6.45 1.97 1.35 43.06 40.12 45.21 46.86
2.84 5.52 1.65 1.35 43.62 40.75 45.96 46.86
2.55 4.93 1.52 1.19 44.08 41.21 46.32 47.38
2.62 5.07 1.52 1.27 43.95 41.09 46.31 47.10
2.55 4.74 1.57 1.34 44.10 41.40 46.22 46.94
2.28 4.26 1.41 1.16 44.58 41.87 46.64 47.53
2.43 4.66 1.46 1.17 44.31 41.49 46.53 47.47
2.34 4.44 1.45 1.13 44.47 41.69 46.54 47.62
2.66 5.02 1.68 1.26 43.92 41.15 45.93 47.14
2.59 5.05 1.61 1.12 44.03 41.14 46.09 47.66
2.57 5.10 1.51 1.09 44.06 41.08 46.34 47.77
3.11 6.05 1.86 1.42 43.23 40.35 45.45 46.63
2.96 5.79 1.83 1.25 43.46 40.56 45.53 47.19
3.32 6.50 1.99 1.47 42.94 40.03 45.17 46.46
3.23 6.39 1.99 1.32 43.06 40.11 45.16 46.94
3.75 7.47 2.19 1.59 42.41 39.42 44.74 46.14
4.02 8.11 2.32 1.65 42.10 39.06 44.49 45.98
4.16 8.41 2.44 1.63 41.96 38.92 44.27 46.02
4.12 8.42 2.44 1.52 42.00 38.91 44.27 46.31
4.37 8.97 2.52 1.62 41.74 38.64 44.12 46.03
4.26 8.78 2.50 1.49 41.86 38.73 44.15 46.40
4.52 9.27 2.62 1.66 41.60 38.49 43.96 45.93
4.34 8.86 2.65 1.52 41.77 38.68 43.91 46.31
4.13 8.36 2.50 1.55 41.98 38.94 44.16 46.24
4.74 9.65 2.80 1.76 41.40 38.32 43.66 45.69
4.67 9.46 2.82 1.72 41.46 38.40 43.63 45.78
4.67 9.63 2.80 1.57 41.47 38.33 43.67 46.18
4.89 10.12 2.86 1.69 41.26 38.12 43.58 45.87
4.48 9.25 2.69 1.49 41.66 38.52 43.85 46.41
4.43 9.28 2.63 1.36 41.70 38.50 43.95 46.78
4.26 8.92 2.50 1.34 41.86 38.66 44.15 46.85
4.65 9.60 2.75 1.61 41.48 38.35 43.75 46.06
4.69 9.71 2.77 1.59 41.46 38.31 43.73 46.13
4.72 9.73 2.73 1.71 41.42 38.30 43.79 45.80
4.16 8.67 2.36 1.44 41.98 38.80 44.41 46.56
4.13 8.76 2.24 1.38 42.02 38.77 44.65 46.73
3.75 8.04 2.09 1.13 42.44 39.15 44.95 47.64
3.77 8.00 2.13 1.17 42.41 39.15 44.86 47.45
3.72 7.89 2.18 1.09 42.45 39.20 44.76 47.74
3.96 8.45 2.23 1.20 42.19 38.92 44.66 47.35
3.68 7.79 2.07 1.17 42.51 39.27 44.97 47.46
4.05 8.47 2.24 1.43 42.09 38.90 44.63 46.58
4.23 8.81 2.37 1.50 41.90 38.72 44.39 46.39
3.95 8.24 2.25 1.37 42.18 39.00 44.61 46.79
3.71 7.64 2.19 1.30 42.46 39.33 44.74 46.99
3.74 7.89 2.19 1.12 42.43 39.19 44.73 47.63
3.55 7.63 1.99 1.02 42.67 39.36 45.16 48.05
3.35 7.25 1.93 0.86 42.93 39.59 45.29 48.80
3.19 6.85 1.88 0.85 43.13 39.82 45.42 48.86
3.42 7.29 1.92 1.06 42.83 39.57 45.32 47.88
3.31 6.84 1.91 1.19 42.97 39.84 45.35 47.38
3.51 7.26 1.97 1.32 42.72 39.58 45.21 46.95
3.53 7.17 2.05 1.36 42.68 39.62 45.01 46.80
3.33 6.83 1.97 1.20 42.93 39.82 45.19 47.35
3.49 7.19 2.05 1.22 42.74 39.62 45.03 47.27
3.37 6.92 1.99 1.19 42.87 39.75 45.14 47.37
3.39 6.91 1.99 1.28 42.85 39.78 45.16 47.07
3.21 6.57 1.89 1.17 43.09 39.99 45.37 47.47
3.27 6.68 1.89 1.23 43.01 39.92 45.37 47.22
2.89 5.83 1.74 1.11 43.53 40.50 45.72 47.68
2.80 5.53 1.71 1.14 43.69 40.73 45.80 47.57
2.78 5.43 1.75 1.17 43.71 40.82 45.72 47.44
3.09 6.01 1.90 1.36 43.25 40.37 45.36 46.79
2.88 5.53 1.84 1.25 43.56 40.72 45.48 47.16
2.79 5.31 1.80 1.26 43.68 40.90 45.58 47.12
2.77 5.22 1.74 1.34 43.72 40.97 45.73 46.86
3.04 5.80 1.82 1.49 43.32 40.52 45.52 46.41
2.81 5.33 1.74 1.36 43.65 40.88 45.72 46.79
2.78 5.31 1.75 1.29 43.70 40.91 45.71 47.03
2.80 5.44 1.76 1.19 43.68 40.79 45.68 47.37
3.22 6.24 1.97 1.45 43.07 40.21 45.20 46.52
3.04 5.80 1.93 1.37 43.32 40.51 45.28 46.77
3.01 5.65 1.89 1.48 43.37 40.64 45.38 46.43
3.12 5.96 1.92 1.47 43.21 40.40 45.31 46.47
3.26 6.05 2.05 1.66 43.02 40.33 45.02 45.93
3.09 5.81 1.98 1.48 43.24 40.51 45.16 46.43
3.01 5.59 1.91 1.52 43.36 40.67 45.33 46.32
2.87 5.49 1.80 1.34 43.56 40.76 45.58 46.86
3.32 6.41 2.03 1.52 42.93 40.08 45.06 46.31
3.05 5.96 1.89 1.29 43.31 40.41 45.37 47.03
3.28 6.44 2.01 1.39 42.99 40.07 45.11 46.71
3.40 6.81 2.05 1.32 42.85 39.84 45.03 46.94
3.64 7.35 2.16 1.43 42.54 39.50 44.81 46.60
3.40 6.88 2.05 1.26 42.84 39.79 45.02 47.13
3.47 6.93 2.11 1.37 42.75 39.75 44.89 46.79
3.71 7.45 2.29 1.41 42.47 39.45 44.56 46.67
3.99 7.94 2.45 1.58 42.15 39.16 44.25 46.17
3.69 7.32 2.29 1.45 42.48 39.51 44.55 46.53
3.96 7.87 2.38 1.62 42.17 39.19 44.38 46.04
3.69 7.31 2.33 1.44 42.48 39.52 44.48 46.57
3.66 7.19 2.27 1.52 42.51 39.59 44.58 46.33
3.38 6.64 2.08 1.40 42.87 39.93 44.96 46.66
3.36 6.67 1.97 1.43 42.90 39.92 45.19 46.59
2.92 5.74 1.81 1.22 43.48 40.56 45.56 47.29
3.05 6.01 1.87 1.27 43.30 40.35 45.43 47.10
3.26 6.52 1.88 1.38 43.00 40.00 45.38 46.74
2.95 5.98 1.68 1.20 43.44 40.37 45.89 47.35
3.24 6.55 1.89 1.27 43.04 39.98 45.38 47.11
3.13 6.36 1.80 1.23 43.18 40.10 45.59 47.25
3.35 6.77 1.91 1.38 42.89 39.84 45.32 46.74
3.06 6.07 1.81 1.29 43.28 40.30 45.55 47.04
3.05 5.95 1.85 1.37 43.29 40.40 45.47 46.77
3.24 6.33 1.93 1.47 43.03 40.13 45.28 46.46
3.32 6.59 1.98 1.38 42.93 39.95 45.16 46.72
3.01 5.95 1.91 1.20 43.34 40.39 45.33 47.36
2.88 5.64 1.81 1.18 43.54 40.62 45.56 47.41
3.07 6.04 1.91 1.25 43.26 40.32 45.32 47.15
2.63 5.29 1.61 0.99 43.94 40.90 46.08 48.18
2.84 5.87 1.69 0.96 43.60 40.45 45.85 48.31
2.73 5.60 1.63 0.95 43.78 40.66 46.00 48.36
2.70 5.62 1.55 0.93 43.83 40.65 46.22 48.44
2.98 6.29 1.70 0.94 43.41 40.16 45.82 48.41
2.77 5.93 1.57 0.83 43.71 40.41 46.19 48.97
2.67 5.78 1.51 0.71 43.89 40.53 46.35 49.66
2.40 5.21 1.40 0.59 44.34 40.98 46.67 50.39
2.54 5.44 1.49 0.69 44.10 40.79 46.42 49.72
2.80 5.92 1.59 0.90 43.66 40.41 46.14 48.60
3.11 6.46 1.80 1.07 43.20 40.04 45.57 47.84
3.57 7.34 1.98 1.38 42.62 39.48 45.17 46.74
3.92 7.94 2.36 1.47 42.20 39.14 44.40 46.47
3.97 8.06 2.36 1.49 42.15 39.08 44.40 46.39
3.97 8.11 2.40 1.40 42.15 39.05 44.32 46.67
4.07 8.39 2.35 1.47 42.04 38.90 44.43 46.45
3.67 7.47 2.21 1.34 42.48 39.40 44.69 46.86
3.72 7.55 2.19 1.43 42.42 39.35 44.73 46.58
3.68 7.59 2.14 1.32 42.48 39.34 44.84 46.92
3.67 7.56 2.13 1.33 42.49 39.35 44.84 46.89
3.53 7.35 2.06 1.19 42.65 39.47 45.01 47.37
3.48 7.22 1.96 1.26 42.72 39.55 45.22 47.12
3.27 6.71 1.85 1.24 42.99 39.87 45.45 47.21
3.45 7.05 2.00 1.31 42.76 39.66 45.13 46.95
3.67 7.43 2.09 1.51 42.48 39.43 44.93 46.35
3.33 6.64 1.97 1.38 42.91 39.91 45.19 46.76
3.72 7.44 2.13 1.58 42.44 39.42 44.85 46.14
3.59 7.29 2.07 1.42 42.58 39.50 44.98 46.60
4.07 8.27 2.27 1.65 42.04 38.96 44.58 45.95
3.81 7.68 2.21 1.56 42.32 39.28 44.69 46.21
4.11 8.24 2.45 1.65 42.00 38.98 44.25 45.96
3.73 7.41 2.22 1.56 42.41 39.43 44.68 46.18
4.08 8.13 2.41 1.71 42.02 39.03 44.32 45.80
3.80 7.59 2.24 1.58 42.33 39.33 44.63 46.16
3.84 7.57 2.28 1.66 42.30 39.35 44.55 45.92
3.59 7.17 2.09 1.51 42.58 39.58 44.93 46.35
3.81 7.65 2.22 1.57 42.32 39.30 44.67 46.18
3.16 6.43 1.88 1.18 43.13 40.05 45.40 47.41
3.14 6.47 1.85 1.11 43.17 40.04 45.45 47.68
2.78 5.75 1.64 0.95 43.69 40.54 45.99 48.35
3.20 6.65 1.85 1.11 43.08 39.91 45.47 47.66
2.97 6.14 1.79 0.97 43.41 40.25 45.61 48.28
3.27 6.68 2.05 1.08 42.99 39.90 45.02 47.79
3.12 6.39 1.98 1.01 43.19 40.09 45.16 48.11
3.67 7.35 2.35 1.31 42.50 39.49 44.43 46.99
3.45 6.92 2.20 1.22 42.77 39.75 44.72 47.27
3.73 7.53 2.36 1.30 42.44 39.40 44.42 47.01
3.95 7.86 2.55 1.44 42.18 39.19 44.08 46.57
3.58 7.25 2.29 1.19 42.62 39.55 44.55 47.40
3.68 7.54 2.30 1.21 42.49 39.38 44.53 47.31
3.34 6.89 2.08 1.05 42.91 39.77 44.96 47.92
3.55 7.18 2.23 1.25 42.64 39.59 44.67 47.19
3.08 6.30 1.92 1.02 43.26 40.16 45.30 48.06
3.28 6.74 1.99 1.10 43.00 39.86 45.16 47.74
2.90 6.10 1.72 0.88 43.52 40.29 45.78 48.72
3.22 6.84 1.93 0.88 43.07 39.80 45.27 48.68
3.24 6.82 2.01 0.89 43.04 39.81 45.12 48.65
3.33 6.98 2.00 1.02 42.91 39.70 45.13 48.07
3.71 7.66 2.20 1.27 42.44 39.29 44.72 47.10
3.85 7.94 2.40 1.22 42.28 39.14 44.34 47.28
3.57 7.36 2.10 1.23 42.62 39.47 44.90 47.23
3.03 6.18 1.86 1.04 43.33 40.23 45.43 47.95
2.81 5.68 1.76 0.98 43.66 40.60 45.68 48.24
2.87 5.85 1.73 1.04 43.55 40.47 45.76 47.94
2.60 5.30 1.53 0.97 43.99 40.90 46.27 48.28
2.41 4.87 1.47 0.89 44.31 41.26 46.45 48.63
2.62 5.23 1.59 1.03 43.96 40.95 46.11 48.02
2.68 5.41 1.58 1.04 43.86 40.81 46.15 47.96
3.09 6.34 1.79 1.15 43.24 40.13 45.62 47.55
3.27 6.68 1.93 1.20 42.99 39.89 45.29 47.35
3.46 7.14 2.04 1.20 42.74 39.60 45.03 47.34
3.39 7.04 1.99 1.14 42.83 39.65 45.14 47.55
3.28 6.81 1.93 1.11 42.97 39.80 45.27 47.71
2.89 6.02 1.75 0.89 43.52 40.33 45.71 48.61
3.23 6.86 1.90 0.92 43.05 39.77 45.35 48.51
3.18 6.67 1.96 0.91 43.11 39.89 45.21 48.53
3.07 6.50 1.84 0.87 43.27 40.01 45.50 48.73
3.26 6.93 1.96 0.90 43.00 39.73 45.22 48.57
3.75 7.93 2.18 1.13 42.40 39.14 44.76 47.61
3.67 7.55 2.26 1.21 42.48 39.35 44.59 47.32
3.75 7.73 2.26 1.26 42.40 39.26 44.58 47.13
3.75 7.60 2.35 1.29 42.40 39.33 44.42 47.03
4.00 8.00 2.44 1.55 42.12 39.11 44.26 46.24
3.66 7.28 2.29 1.41 42.49 39.51 44.52 46.64
3.58 7.14 2.22 1.38 42.60 39.60 44.67 46.75
3.68 7.35 2.28 1.40 42.48 39.47 44.56 46.66
4.06 8.13 2.55 1.50 42.05 39.04 44.07 46.36
3.75 7.52 2.36 1.38 42.39 39.37 44.39 46.74
3.47 6.96 2.14 1.30 42.73 39.71 44.83 47.00
3.06 6.09 1.99 1.10 43.27 40.28 45.14 47.72
3.26 6.66 1.96 1.16 43.00 39.90 45.21 47.47
2.81 5.75 1.70 0.99 43.64 40.54 45.82 48.19
2.57 5.26 1.52 0.94 44.03 40.92 46.33 48.39
2.31 4.59 1.47 0.86 44.50 41.51 46.46 48.78
2.44 4.92 1.48 0.94 44.25 41.22 46.44 48.39
2.21 4.42 1.37 0.83 44.69 41.67 46.77 48.94
2.07 4.20 1.25 0.76 44.97 41.90 47.16 49.32
2.13 4.30 1.33 0.77 44.84 41.81 46.88 49.29
2.40 4.84 1.46 0.89 44.33 41.29 46.47 48.63
2.33 4.68 1.47 0.85 44.46 41.43 46.47 48.86
2.35 4.63 1.53 0.89 44.42 41.48 46.28 48.64
2.27 4.44 1.46 0.89 44.58 41.66 46.48 48.65
2.35 4.62 1.47 0.96 44.42 41.48 46.46 48.32
2.42 4.52 1.52 1.21 44.30 41.58 46.31 47.30
2.46 4.43 1.53 1.42 44.22 41.67 46.28 46.61
2.69 4.79 1.59 1.70 43.83 41.33 46.12 45.82
2.89 4.92 1.75 2.02 43.52 41.22 45.71 45.09
3.21 5.35 2.08 2.21 43.06 40.85 44.96 44.68
3.50 5.81 2.29 2.38 42.70 40.49 44.54 44.37
3.74 6.28 2.45 2.48 42.41 40.15 44.25 44.18
3.45 5.74 2.25 2.37 42.75 40.55 44.62 44.38
3.59 6.09 2.27 2.40 42.58 40.28 44.58 44.33
3.68 6.29 2.38 2.39 42.47 40.14 44.36 44.36
3.35 5.82 2.10 2.14 42.87 40.48 44.90 44.82
3.12 5.50 1.85 2.01 43.19 40.74 45.45 45.09
2.92 5.20 1.76 1.79 43.48 40.97 45.67 45.60
2.86 5.06 1.77 1.76 43.56 41.09 45.66 45.68
3.03 5.44 1.91 1.73 43.32 40.78 45.31 45.74
2.86 4.94 1.85 1.79 43.57 41.19 45.47 45.60
3.13 5.32 2.20 1.89 43.17 40.87 44.70 45.38
3.33 5.57 2.34 2.09 42.91 40.68 44.44 44.93
3.64 6.02 2.55 2.37 42.52 40.34 44.07 44.38
3.79 6.24 2.69 2.46 42.34 40.18 43.84 44.23
4.02 6.75 2.79 2.52 42.09 39.84 43.68 44.12
3.76 6.20 2.53 2.55 42.38 40.21 44.10 44.06
3.55 5.79 2.45 2.40 42.63 40.51 44.24 44.32
3.85 6.24 2.65 2.66 42.28 40.18 43.89 43.89
3.83 6.27 2.50 2.71 42.30 40.16 44.16 43.80
4.07 6.76 2.83 2.61 42.04 39.83 43.62 43.96
3.55 5.79 2.52 2.35 42.63 40.51 44.11 44.43
3.51 5.73 2.34 2.46 42.67 40.55 44.43 44.21
3.43 5.56 2.33 2.40 42.78 40.68 44.45 44.33
3.26 5.32 2.12 2.34 43.00 40.87 44.87 44.44
3.08 4.99 1.93 2.32 43.24 41.15 45.28 44.47
3.27 5.37 2.05 2.38 42.99 40.83 45.01 44.37
3.26 5.41 2.07 2.29 43.00 40.80 44.96 44.53
3.13 5.21 2.10 2.07 43.18 40.96 44.90 44.98
2.91 4.83 1.99 1.91 43.49 41.30 45.15 45.31
2.74 4.63 1.90 1.70 43.75 41.48 45.34 45.83
2.82 4.99 1.95 1.52 43.63 41.15 45.22 46.31
2.53 4.55 1.80 1.26 44.09 41.56 45.58 47.13
2.06 3.83 1.37 0.98 44.99 42.30 46.76 48.21
1.83 3.48 1.21 0.82 45.50 42.73 47.32 48.99
2.00 3.74 1.33 0.94 45.12 42.41 46.89 48.40
1.97 3.66 1.32 0.93 45.19 42.51 46.91 48.45
1.96 3.67 1.31 0.91 45.20 42.49 46.95 48.53
2.14 4.06 1.37 0.99 44.83 42.05 46.75 48.19
2.06 3.69 1.44 1.05 45.03 42.48 46.63 47.99
1.95 3.51 1.36 0.96 45.25 42.68 46.79 48.34
1.98 3.60 1.39 0.95 45.16 42.57 46.70 48.37
1.77 3.18 1.24 0.88 45.66 43.11 47.21 48.69
1.90 3.41 1.28 1.01 45.34 42.80 47.07 48.10
1.67 2.99 1.13 0.89 45.91 43.38 47.63 48.64
1.74 3.10 1.15 0.98 45.72 43.22 47.52 48.23
1.82 3.27 1.20 0.99 45.53 42.99 47.33 48.17
2.27 4.04 1.56 1.22 44.57 42.07 46.20 47.28
2.50 4.53 1.69 1.27 44.16 41.57 45.86 47.09
2.80 5.17 1.81 1.43 43.65 41.00 45.56 46.57
3.54 6.60 2.25 1.77 42.64 39.93 44.60 45.65
4.10 7.65 2.57 2.09 42.00 39.30 44.03 44.92
4.42 8.36 2.79 2.12 41.67 38.91 43.67 44.88
4.61 8.61 2.93 2.30 41.49 38.78 43.47 44.52
4.50 8.59 2.78 2.14 41.59 38.79 43.69 44.84
5.14 9.82 3.16 2.43 41.02 38.21 43.13 44.28
4.93 9.48 3.03 2.30 41.20 38.37 43.32 44.52
4.94 9.68 3.00 2.14 41.20 38.28 43.36 44.83
5.48 10.80 3.27 2.37 40.74 37.80 42.98 44.39
4.68 9.15 2.85 2.03 41.43 38.52 43.58 45.05
4.73 9.26 2.87 2.05 41.39 38.46 43.56 45.01
4.18 8.15 2.61 1.79 41.92 39.03 43.97 45.61
4.22 8.11 2.68 1.86 41.88 39.04 43.85 45.44
3.29 6.10 2.15 1.61 42.96 40.28 44.81 46.06
3.65 6.62 2.41 1.92 42.50 39.92 44.31 45.29
3.83 7.07 2.43 1.99 42.30 39.64 44.28 45.16
4.28 7.80 2.68 2.36 41.82 39.21 43.86 44.40
4.12 7.86 2.44 2.06 41.98 39.18 44.25 44.98
4.22 8.00 2.58 2.09 41.88 39.10 44.02 44.92
4.04 7.52 2.46 2.13 42.07 39.37 44.21 44.84
3.97 7.56 2.35 2.00 42.14 39.35 44.43 45.13
4.29 7.95 2.64 2.28 41.81 39.13 43.91 44.56
4.42 8.06 2.59 2.60 41.68 39.07 44.00 43.99
4.19 7.52 2.46 2.59 41.91 39.37 44.21 43.99
4.25 7.77 2.61 2.39 41.84 39.23 43.96 44.35
4.61 8.42 2.80 2.63 41.49 38.88 43.66 43.93
4.51 8.25 2.72 2.55 41.59 38.97 43.79 44.07
4.87 8.74 3.03 2.83 41.26 38.72 43.32 43.60
4.47 8.09 2.77 2.56 41.62 39.05 43.71 44.05
3.89 7.20 2.37 2.10 42.23 39.56 44.38 44.91
3.92 7.24 2.42 2.11 42.19 39.53 44.30 44.89
3.87 7.15 2.44 2.02 42.26 39.59 44.26 45.08
3.42 6.35 2.20 1.72 42.79 40.10 44.71 45.76
3.03 5.62 1.96 1.51 43.32 40.64 45.21 46.33
2.92 5.40 1.91 1.45 43.48 40.81 45.32 46.52
2.69 4.98 1.71 1.38 43.83 41.16 45.80 46.73
2.18 3.99 1.39 1.16 44.75 42.12 46.70 47.49
1.87 3.44 1.22 0.95 45.41 42.77 47.25 48.34
1.99 3.65 1.31 1.01 45.14 42.51 46.97 48.09
1.68 3.05 1.09 0.89 45.89 43.29 47.75 48.67
1.76 3.19 1.16 0.93 45.68 43.09 47.50 48.44
1.79 3.38 1.12 0.88 45.60 42.85 47.66 48.67
1.91 3.54 1.20 0.97 45.33 42.64 47.33 48.26
1.77 3.33 1.14 0.84 45.66 42.91 47.57 48.89
2.05 3.85 1.31 1.00 45.01 42.28 46.97 48.12
2.18 4.12 1.36 1.04 44.76 41.98 46.78 47.98
2.59 4.90 1.61 1.25 44.01 41.23 46.07 47.16
2.60 4.88 1.66 1.25 43.99 41.25 45.93 47.16
2.76 5.10 1.81 1.36 43.72 41.05 45.55 46.79
2.94 5.50 1.90 1.41 43.45 40.73 45.34 46.66
2.97 5.61 1.94 1.37 43.40 40.64 45.26 46.77
2.95 5.67 1.91 1.26 43.44 40.60 45.32 47.13
3.17 6.04 2.05 1.40 43.12 40.32 45.01 46.66
3.14 6.01 2.04 1.36 43.17 40.34 45.04 46.80
3.25 6.36 2.08 1.30 43.02 40.10 44.96 47.00
3.61 7.13 2.28 1.43 42.55 39.60 44.55 46.56
3.57 6.98 2.31 1.42 42.60 39.69 44.49 46.61
3.53 6.85 2.27 1.48 42.65 39.77 44.58 46.44
3.47 6.65 2.26 1.49 42.73 39.91 44.60 46.40
3.82 7.45 2.41 1.61 42.31 39.41 44.31 46.06
3.69 7.11 2.36 1.59 42.47 39.61 44.40 46.13
3.54 6.88 2.28 1.46 42.64 39.76 44.55 46.51
3.37 6.64 2.14 1.32 42.86 39.91 44.83 46.91
3.56 7.08 2.26 1.35 42.61 39.63 44.59 46.83
3.28 6.48 2.12 1.23 42.98 40.01 44.87 47.22
3.07 6.16 1.95 1.11 43.26 40.23 45.24 47.69
3.30 6.58 2.08 1.25 42.94 39.95 44.96 47.16
3.35 6.65 2.11 1.28 42.88 39.90 44.88 47.05
3.49 6.97 2.13 1.36 42.70 39.70 44.84 46.79
3.04 6.13 1.90 1.09 43.30 40.26 45.35 47.76
2.98 6.03 1.76 1.15 43.39 40.33 45.68 47.52
2.90 5.93 1.72 1.04 43.51 40.40 45.77 47.95
2.94 6.00 1.82 1.00 43.45 40.35 45.53 48.11
3.10 6.30 1.92 1.07 43.22 40.13 45.30 47.85
3.11 6.36 1.95 1.02 43.20 40.10 45.23 48.05
3.20 6.44 2.01 1.16 43.07 40.05 45.10 47.47
3.23 6.33 2.05 1.30 43.04 40.12 45.01 47.00
3.68 7.27 2.29 1.48 42.47 39.52 44.54 46.43
3.60 7.11 2.23 1.46 42.57 39.61 44.65 46.49
3.33 6.72 2.02 1.25 42.91 39.86 45.08 47.16
3.44 7.10 2.12 1.10 42.76 39.62 44.87 47.71
3.18 6.51 1.98 1.05 43.10 39.99 45.16 47.91
2.83 5.89 1.80 0.80 43.61 40.43 45.57 49.09
2.75 5.73 1.71 0.81 43.74 40.55 45.80 49.07
2.81 5.86 1.68 0.90 43.64 40.45 45.88 48.60
2.96 6.01 1.78 1.09 43.41 40.34 45.62 47.75
2.93 5.71 1.84 1.23 43.47 40.57 45.47 47.23
2.81 5.52 1.78 1.12 43.65 40.71 45.63 47.66
2.69 5.34 1.68 1.06 43.83 40.86 45.88 47.88
3.08 5.94 2.04 1.26 43.27 40.41 45.08 47.18
2.85 5.54 1.86 1.14 43.59 40.70 45.45 47.57
2.53 4.89 1.67 1.03 44.10 41.24 45.91 48.02
2.75 5.36 1.78 1.12 43.74 40.85 45.64 47.66
2.47 4.75 1.64 1.02 44.21 41.37 45.98 48.06
2.49 4.80 1.60 1.08 44.16 41.32 46.09 47.78
2.14 4.07 1.42 0.93 44.82 42.03 46.61 48.45
2.22 4.14 1.47 1.06 44.66 41.96 46.47 47.88
2.11 3.88 1.45 1.00 44.89 42.24 46.54 48.13
2.31 4.21 1.56 1.14 44.50 41.89 46.20 47.55
2.08 3.81 1.46 0.99 44.94 42.33 46.49 48.17
2.19 3.88 1.50 1.17 44.74 42.24 46.36 47.46
2.07 3.76 1.38 1.06 44.98 42.38 46.74 47.90
2.32 4.31 1.48 1.15 44.49 41.79 46.43 47.52
2.07 3.83 1.37 1.00 44.97 42.29 46.75 48.13
2.21 4.11 1.47 1.05 44.68 41.99 46.44 47.90
2.15 4.00 1.43 1.02 44.80 42.11 46.58 48.03
2.41 4.49 1.56 1.17 44.32 41.61 46.20 47.46
2.22 4.10 1.46 1.11 44.66 42.00 46.49 47.68
2.36 4.24 1.57 1.26 44.41 41.85 46.17 47.13
2.39 4.41 1.58 1.18 44.35 41.69 46.14 47.41
2.64 4.91 1.67 1.36 43.91 41.22 45.91 46.81
2.52 4.68 1.59 1.28 44.13 41.44 46.12 47.06
2.73 5.10 1.70 1.38 43.78 41.06 45.82 46.74
2.94 5.56 1.83 1.42 43.45 40.68 45.50 46.61
3.12 5.95 1.98 1.42 43.20 40.38 45.16 46.61
2.86 5.52 1.80 1.26 43.57 40.71 45.58 47.13
2.98 5.81 1.86 1.26 43.39 40.49 45.43 47.10
3.18 6.27 2.01 1.27 43.10 40.16 45.10 47.08
3.33 6.55 2.08 1.35 42.91 39.97 44.94 46.83
3.09 5.98 1.97 1.30 43.24 40.36 45.18 46.98
2.96 5.89 1.87 1.13 43.42 40.43 45.42 47.60
3.41 6.64 2.20 1.38 42.81 39.91 44.72 46.73
3.14 6.20 1.99 1.24 43.16 40.21 45.15 47.19
3.41 6.63 2.18 1.44 42.80 39.92 44.75 46.56
2.99 5.82 1.91 1.23 43.38 40.48 45.32 47.21
3.24 6.27 2.06 1.39 43.03 40.16 45.00 46.71
2.92 5.63 1.84 1.29 43.47 40.62 45.48 47.01
2.90 5.54 1.83 1.32 43.52 40.70 45.52 46.93
2.56 4.94 1.62 1.11 44.05 41.19 46.04 47.67
2.97 5.67 1.88 1.37 43.40 40.60 45.39 46.76
2.58 5.03 1.61 1.10 44.02 41.11 46.08 47.70
2.95 5.73 1.82 1.30 43.44 40.55 45.54 47.01
2.81 5.51 1.75 1.18 43.64 40.72 45.70 47.42
3.07 5.99 1.89 1.33 43.26 40.36 45.36 46.90
2.65 5.20 1.63 1.12 43.90 40.97 46.00 47.64
2.96 5.77 1.84 1.25 43.43 40.52 45.47 47.18
2.81 5.38 1.80 1.26 43.64 40.82 45.56 47.14
3.11 6.01 1.92 1.40 43.20 40.34 45.29 46.68
3.26 6.46 1.96 1.37 42.99 40.03 45.21 46.77
