5.98 12.72 3.11 2.11 40.36 37.08 43.20 44.89
6.34 13.82 2.98 2.22 40.11 36.73 43.38 44.66
6.54 14.39 3.05 2.17 39.98 36.55 43.29 44.77
6.01 13.08 2.93 2.03 40.34 36.97 43.46 45.06
6.69 14.55 3.30 2.23 39.87 36.50 42.95 44.64
6.93 15.30 3.24 2.26 39.72 36.28 43.02 44.59
7.32 16.06 3.48 2.41 39.49 36.07 42.72 44.31
7.99 17.60 3.83 2.53 39.11 35.67 42.29 44.10
7.28 16.07 3.41 2.37 39.51 36.07 42.80 44.39
7.20 15.61 3.40 2.58 39.56 36.20 42.81 44.01
8.29 17.74 3.83 3.30 38.95 35.64 42.30 42.95
7.27 16.00 3.18 2.63 39.52 36.09 43.11 43.94
7.73 17.26 3.42 2.51 39.25 35.76 42.79 44.13
9.10 20.23 4.24 2.82 38.54 35.07 41.85 43.62
8.70 19.54 3.80 2.76 38.74 35.22 42.33 43.73
8.70 19.69 3.75 2.66 38.74 35.19 42.39 43.89
8.74 20.17 3.80 2.24 38.72 35.08 42.33 44.62
9.39 21.77 4.07 2.33 38.40 34.75 42.03 44.45
9.65 22.20 4.16 2.59 38.28 34.67 41.94 44.00
9.77 22.63 4.02 2.67 38.23 34.58 42.08 43.86
10.00 22.81 4.58 2.60 38.13 34.55 41.53 43.98
8.18 18.90 3.41 2.22 39.01 35.37 42.81 44.67
7.20 17.04 2.96 1.59 39.56 35.82 43.41 46.12
5.80 13.71 2.43 1.25 40.50 36.76 44.27 47.15
5.07 12.23 2.11 0.88 41.08 37.26 44.89 48.68
4.85 11.94 1.86 0.76 41.27 37.36 45.44 49.31
4.59 11.45 1.56 0.76 41.51 37.54 46.20 49.33
4.80 11.80 1.72 0.88 41.32 37.41 45.77 48.69
4.71 11.50 1.79 0.86 41.40 37.53 45.61 48.75
4.75 11.65 1.69 0.90 41.37 37.47 45.86 48.58
2.56 5.45 1.37 0.85 44.05 40.76 46.76 48.83
2.54 5.38 1.38 0.87 44.08 40.82 46.73 48.76
2.61 5.50 1.39 0.92 43.97 40.73 46.69 48.48
2.63 5.61 1.40 0.89 43.93 40.64 46.66 48.62
2.52 5.37 1.35 0.84 44.11 40.83 46.82 48.88
2.54 5.45 1.34 0.83 44.08 40.76 46.87 48.93
2.52 5.46 1.33 0.77 44.11 40.76 46.89 49.24
2.47 5.33 1.32 0.76 44.21 40.86 46.92 49.35
2.25 4.87 1.18 0.70 44.61 41.25 47.40 49.71
2.07 4.60 1.04 0.55 44.98 41.50 47.98 50.69
1.87 4.31 0.91 0.39 45.41 41.78 48.56 52.21
1.77 4.07 0.88 0.36 45.65 42.03 48.68 52.54
1.91 4.16 1.04 0.52 45.32 41.94 47.94 50.99
2.17 4.66 1.25 0.61 44.76 41.45 47.17 50.30
2.34 5.03 1.35 0.63 44.44 41.11 46.82 50.14
2.32 4.92 1.40 0.64 44.48 41.21 46.66 50.10
2.27 4.82 1.36 0.63 44.57 41.30 46.79 50.16
2.43 5.21 1.48 0.59 44.28 40.96 46.44 50.38
2.49 5.38 1.55 0.55 44.16 40.82 46.22 50.73
2.65 5.62 1.61 0.71 43.91 40.64 46.08 49.60
2.59 5.53 1.55 0.69 44.00 40.71 46.23 49.74
2.65 5.66 1.54 0.75 43.90 40.60 46.26 49.36
2.45 5.24 1.43 0.68 44.24 40.94 46.59 49.78
2.22 4.71 1.31 0.65 44.66 41.40 46.96 50.02
2.08 4.36 1.28 0.61 44.95 41.73 47.08 50.28
2.05 4.25 1.32 0.58 45.02 41.85 46.93 50.55
1.72 3.58 1.05 0.51 45.79 42.59 47.89 51.06
1.63 3.39 1.01 0.48 46.01 42.83 48.07 51.31
1.53 3.19 0.96 0.45 46.28 43.10 48.31 51.62
1.69 3.56 1.03 0.48 45.85 42.61 48.02 51.29
1.75 3.67 1.12 0.46 45.69 42.48 47.64 51.49
1.81 3.82 1.15 0.47 45.55 42.32 47.54 51.39
1.66 3.45 1.07 0.45 45.95 42.75 47.84 51.66
1.54 3.32 0.98 0.33 46.24 42.92 48.20 52.98
1.44 3.08 0.92 0.34 46.53 43.25 48.50 52.85
1.53 3.27 0.97 0.36 46.28 42.99 48.27 52.61
1.76 3.65 1.13 0.49 45.69 42.51 47.59 51.22
1.72 3.60 1.10 0.46 45.78 42.57 47.74 51.49
1.54 3.19 1.01 0.44 46.25 43.10 48.09 51.73
1.56 3.30 1.00 0.37 46.21 42.95 48.11 52.46
1.53 3.25 1.00 0.36 46.27 43.01 48.13 52.61
1.48 3.13 0.96 0.35 46.43 43.18 48.29 52.73
1.59 3.25 1.04 0.46 46.13 43.01 47.96 51.50
1.49 3.06 0.99 0.43 46.39 43.27 48.19 51.78
1.53 3.17 0.97 0.43 46.30 43.12 48.25 51.78
1.86 3.77 1.29 0.53 45.44 42.37 47.04 50.92
2.14 4.17 1.48 0.76 44.83 41.93 46.42 49.32
2.46 4.57 1.76 1.05 44.22 41.53 45.68 47.93
2.65 4.91 1.70 1.33 43.91 41.22 45.84 46.90
2.99 5.42 1.94 1.60 43.38 40.79 45.25 46.09
3.08 5.42 2.06 1.75 43.25 40.79 44.99 45.70
3.00 5.10 2.04 1.85 43.37 41.06 45.03 45.46
2.93 4.87 2.09 1.82 43.46 41.25 44.93 45.53
2.74 4.48 1.91 1.83 43.75 41.61 45.32 45.51
2.73 4.45 1.98 1.75 43.77 41.64 45.17 45.69
2.58 4.24 1.73 1.76 44.02 41.85 45.75 45.69
2.68 4.22 1.95 1.86 43.85 41.88 45.23 45.44
2.60 4.13 1.85 1.84 43.97 41.97 45.46 45.49
2.45 3.86 1.72 1.78 44.23 42.27 45.77 45.62
2.49 4.03 1.67 1.77 44.17 42.08 45.90 45.65
2.52 4.11 1.60 1.85 44.11 41.99 46.09 45.46
2.86 4.91 1.82 1.84 43.57 41.22 45.53 45.49
2.86 4.65 1.86 2.07 43.57 41.46 45.43 44.98
2.91 4.78 1.94 2.01 43.49 41.34 45.25 45.10
2.63 4.23 1.63 2.02 43.94 41.86 46.01 45.09
2.59 4.28 1.59 1.90 44.00 41.82 46.12 45.34
2.40 3.96 1.42 1.83 44.32 42.15 46.61 45.51
3.08 5.14 2.06 2.05 43.24 41.02 45.00 45.02
3.04 5.06 2.01 2.06 43.30 41.09 45.11 44.98
3.15 5.14 2.19 2.14 43.14 41.02 44.73 44.83
2.89 4.57 2.09 2.01 43.53 41.53 44.94 45.10
3.11 4.98 2.23 2.10 43.21 41.15 44.65 44.90
3.39 5.42 2.47 2.27 42.83 40.79 44.21 44.56
3.46 5.78 2.57 2.04 42.74 40.51 44.03 45.05
3.64 6.18 2.85 1.90 42.52 40.22 43.59 45.34
4.03 7.09 2.87 2.13 42.08 39.62 43.55 44.85
4.20 7.48 2.84 2.28 41.90 39.39 43.60 44.55
4.35 7.70 2.94 2.41 41.74 39.26 43.45 44.31
4.77 8.56 3.13 2.61 41.35 38.81 43.17 43.96
5.53 10.14 3.63 2.81 40.70 38.07 42.53 43.64
5.57 10.15 3.59 2.95 40.68 38.06 42.58 43.42
5.28 9.55 3.35 2.94 40.90 38.33 42.88 43.44
5.36 9.82 3.31 2.94 40.84 38.21 42.94 43.45
4.99 9.35 2.93 2.69 41.15 38.43 43.47 43.83
4.59 8.60 2.68 2.48 41.51 38.78 43.84 44.18
4.48 8.24 2.78 2.43 41.62 38.97 43.69 44.28
4.55 8.61 2.53 2.52 41.55 38.78 44.10 44.11
3.98 7.66 2.15 2.12 42.14 39.29 44.81 44.86
3.68 7.26 2.06 1.72 42.47 39.52 45.00 45.78
3.87 7.72 2.07 1.80 42.26 39.25 44.97 45.57
4.42 9.12 2.21 1.93 41.68 38.53 44.70 45.28
5.09 10.68 2.68 1.90 41.06 37.84 43.84 45.35
4.67 9.92 2.32 1.76 41.44 38.16 44.47 45.67
4.71 10.05 2.37 1.72 41.40 38.11 44.38 45.79
4.26 9.14 2.16 1.48 41.84 38.52 44.79 46.44
4.58 9.82 2.29 1.62 41.52 38.21 44.52 46.04
4.20 8.99 2.08 1.53 41.90 38.59 44.95 46.28
4.72 10.14 2.27 1.75 41.39 38.07 44.57 45.71
4.45 9.32 2.28 1.75 41.65 38.44 44.55 45.70
4.50 9.47 2.29 1.75 41.59 38.37 44.53 45.70
4.33 9.19 2.09 1.70 41.77 38.50 44.94 45.82
4.55 9.82 2.29 1.55 41.55 38.21 44.53 46.23
4.49 9.65 2.27 1.55 41.61 38.29 44.57 46.22
4.86 10.66 2.28 1.63 41.27 37.85 44.54 46.01
5.12 11.31 2.36 1.70 41.03 37.60 44.40 45.82
4.70 10.15 2.28 1.66 41.41 38.07 44.56 45.93
5.21 11.31 2.59 1.73 40.96 37.60 44.00 45.75
5.44 11.94 2.65 1.71 40.78 37.36 43.90 45.79
5.74 12.63 2.88 1.69 40.54 37.12 43.54 45.85
5.36 11.89 2.70 1.48 40.84 37.38 43.82 46.42
5.58 12.40 2.84 1.49 40.67 37.20 43.60 46.41
5.12 11.40 2.54 1.42 41.04 37.56 44.08 46.63
4.41 9.89 2.11 1.24 41.68 38.18 44.89 47.19
3.93 8.77 1.92 1.10 42.19 38.70 45.31 47.71
3.56 8.01 1.72 0.96 42.61 39.09 45.78 48.32
3.01 6.84 1.48 0.73 43.34 39.78 46.44 49.50
2.48 5.68 1.24 0.53 44.19 40.59 47.20 50.93
2.35 5.45 1.17 0.44 44.41 40.77 47.43 51.69
2.32 5.34 1.19 0.44 44.47 40.86 47.39 51.71
2.41 5.57 1.23 0.44 44.30 40.67 47.23 51.69
2.49 5.69 1.35 0.45 44.16 40.58 46.84 51.57
2.54 5.83 1.34 0.46 44.07 40.48 46.84 51.47
2.42 5.53 1.29 0.45 44.29 40.71 47.03 51.59
2.20 5.03 1.19 0.39 44.70 41.12 47.35 52.25
2.14 4.86 1.16 0.39 44.83 41.26 47.47 52.22
2.32 5.38 1.20 0.38 44.48 40.82 47.36 52.31
2.38 5.41 1.25 0.47 44.37 40.80 47.16 51.42
2.39 5.42 1.26 0.49 44.35 40.78 47.13 51.24
2.36 5.40 1.21 0.46 44.40 40.80 47.29 51.53
2.25 5.13 1.15 0.46 44.62 41.03 47.53 51.54
2.13 4.81 1.10 0.46 44.86 41.31 47.74 51.46
2.03 4.52 1.14 0.41 45.07 41.58 47.56 51.97
1.96 4.40 1.14 0.34 45.21 41.70 47.59 52.84
2.14 4.84 1.22 0.37 44.82 41.29 47.26 52.44
2.33 5.25 1.35 0.41 44.45 40.93 46.84 51.99
2.43 5.50 1.37 0.43 44.27 40.73 46.76 51.80
2.63 5.92 1.51 0.44 43.94 40.40 46.33 51.71
2.70 6.09 1.54 0.46 43.82 40.28 46.26 51.46
2.80 6.39 1.55 0.47 43.66 40.08 46.23 51.45
2.95 6.71 1.64 0.50 43.43 39.86 45.98 51.15
2.94 6.61 1.68 0.51 43.45 39.93 45.87 51.05
2.83 6.32 1.66 0.51 43.61 40.12 45.93 51.02
2.42 5.37 1.43 0.45 44.30 40.83 46.57 51.56
2.31 5.07 1.41 0.44 44.51 41.09 46.63 51.68
2.19 4.76 1.35 0.46 44.73 41.36 46.82 51.54
2.01 4.38 1.25 0.41 45.09 41.72 47.16 51.97
1.87 4.11 1.14 0.36 45.41 41.99 47.55 52.56
1.62 3.50 1.07 0.28 46.04 42.68 47.85 53.64
1.65 3.48 1.07 0.38 45.98 42.72 47.83 52.35
1.67 3.45 1.05 0.52 45.90 42.75 47.93 50.98
1.82 3.66 1.18 0.61 45.54 42.50 47.40 50.30
1.89 3.72 1.24 0.70 45.38 42.43 47.21 49.69
1.81 3.55 1.20 0.69 45.55 42.64 47.33 49.73
1.73 3.41 1.12 0.67 45.74 42.80 47.64 49.85
1.77 3.49 1.17 0.65 45.65 42.70 47.46 50.01
1.79 3.59 1.20 0.58 45.60 42.58 47.33 50.48
1.98 3.98 1.33 0.63 45.16 42.13 46.89 50.13
1.97 3.87 1.35 0.69 45.19 42.26 46.84 49.76
1.80 3.60 1.17 0.63 45.58 42.57 47.47 50.11
1.78 3.59 1.14 0.62 45.62 42.58 47.57 50.21
1.74 3.49 1.13 0.61 45.72 42.70 47.62 50.27
1.74 3.54 1.10 0.58 45.72 42.64 47.70 50.49
1.80 3.65 1.16 0.58 45.59 42.51 47.49 50.50
1.81 3.71 1.10 0.60 45.56 42.44 47.69 50.33
1.88 3.75 1.18 0.69 45.40 42.39 47.39 49.73
2.32 4.67 1.55 0.74 44.47 41.44 46.22 49.40
2.22 4.39 1.51 0.77 44.66 41.71 46.33 49.28
2.67 5.14 1.83 1.06 43.86 41.02 45.51 47.90
2.82 5.28 1.93 1.26 43.62 40.91 45.28 47.12
3.03 5.26 2.05 1.79 43.31 40.92 45.01 45.61
3.16 5.36 2.10 2.02 43.14 40.84 44.91 45.09
3.02 4.94 2.13 1.97 43.34 41.19 44.85 45.19
2.49 3.93 1.76 1.79 44.16 42.19 45.67 45.61
2.33 3.63 1.65 1.70 44.46 42.53 45.95 45.83
2.30 3.68 1.62 1.62 44.51 42.48 46.03 46.05
2.48 3.87 1.79 1.76 44.20 42.25 45.61 45.68
2.48 3.98 1.70 1.75 44.19 42.13 45.83 45.69
2.54 4.08 1.69 1.84 44.09 42.02 45.86 45.48
2.92 4.69 2.21 1.86 43.48 41.41 44.69 45.43
3.31 5.39 2.56 1.98 42.93 40.82 44.04 45.17
3.04 4.99 2.28 1.84 43.31 41.15 44.55 45.48
3.24 5.45 2.37 1.92 43.02 40.77 44.40 45.31
3.29 5.65 2.28 1.95 42.96 40.61 44.55 45.23
3.29 5.50 2.33 2.05 42.95 40.73 44.44 45.01
3.55 6.08 2.53 2.03 42.63 40.29 44.10 45.05
3.43 5.86 2.43 2.01 42.77 40.45 44.28 45.10
3.51 6.03 2.51 1.98 42.68 40.33 44.13 45.15
3.66 6.18 2.67 2.14 42.49 40.22 43.87 44.82
3.71 6.20 2.81 2.10 42.44 40.21 43.65 44.90
3.73 6.21 2.76 2.22 42.42 40.20 43.73 44.67
3.45 5.97 2.46 1.92 42.75 40.37 44.22 45.31
3.67 6.27 2.70 2.03 42.49 40.16 43.82 45.06
3.74 6.38 2.75 2.08 42.41 40.08 43.73 44.96
4.41 7.81 3.03 2.40 41.69 39.21 43.32 44.32
4.85 8.53 3.24 2.77 41.29 38.84 43.04 43.72
5.89 10.63 3.92 3.11 40.44 37.87 42.21 43.22
6.04 11.14 3.71 3.27 40.33 37.68 42.44 42.99
6.58 12.12 4.13 3.49 39.97 37.32 41.98 42.71
7.49 14.11 4.60 3.75 39.41 36.67 41.51 42.40
7.90 15.13 4.67 3.89 39.19 36.37 41.45 42.26
8.73 16.86 5.04 4.29 38.74 35.88 41.11 41.82
8.73 16.96 4.93 4.30 38.75 35.88 41.22 41.82
8.91 17.38 4.98 4.37 38.64 35.74 41.16 41.74
7.74 15.24 4.17 3.82 39.29 36.36 41.96 42.34
7.35 14.88 3.96 3.22 39.50 36.44 42.17 43.08
7.55 15.48 4.04 3.11 39.39 36.28 42.08 43.22
7.34 15.12 3.96 2.94 39.52 36.39 42.19 43.48
6.85 14.20 3.62 2.71 39.83 36.67 42.57 43.84
6.23 13.22 3.23 2.25 40.23 36.97 43.07 44.66
6.70 14.07 3.52 2.49 39.93 36.71 42.70 44.22
5.26 10.80 2.98 1.99 40.93 37.81 43.39 45.15
5.52 11.42 3.14 1.99 40.72 37.57 43.16 45.15
5.60 11.66 3.15 2.01 40.66 37.49 43.17 45.11
5.19 11.02 2.82 1.72 41.00 37.73 43.64 45.77
5.23 11.33 2.78 1.59 40.99 37.65 43.72 46.13
5.46 11.64 2.89 1.84 40.78 37.49 43.53 45.49
5.34 11.19 2.89 1.93 40.88 37.67 43.53 45.29
5.45 11.60 2.94 1.83 40.79 37.52 43.46 45.53
4.79 10.34 2.49 1.54 41.37 38.04 44.18 46.28
5.11 10.98 2.64 1.72 41.09 37.78 43.93 45.81
5.65 11.93 2.99 2.02 40.65 37.41 43.39 45.10
5.60 11.68 2.97 2.13 40.69 37.50 43.42 44.87
5.41 11.34 2.93 1.97 40.82 37.62 43.48 45.20
5.30 11.25 2.73 1.93 40.92 37.66 43.79 45.32
5.41 11.62 2.69 1.92 40.82 37.51 43.85 45.30
5.64 12.15 2.81 1.95 40.64 37.31 43.66 45.22
5.55 11.99 2.76 1.91 40.71 37.38 43.75 45.33
5.91 12.78 3.00 1.95 40.43 37.09 43.37 45.24
6.31 13.80 3.08 2.05 40.15 36.75 43.25 45.04
6.19 13.52 3.08 1.97 40.23 36.83 43.26 45.21
5.46 11.87 2.81 1.69 40.78 37.40 43.66 45.86
4.85 10.39 2.48 1.67 41.29 37.98 44.20 45.95
3.95 8.53 2.05 1.28 42.17 38.83 45.02 47.06
3.30 7.21 1.75 0.94 42.95 39.56 45.70 48.39
2.77 6.05 1.56 0.71 43.70 40.31 46.20 49.62
2.43 5.30 1.39 0.60 44.27 40.88 46.70 50.35
2.33 5.15 1.28 0.57 44.45 41.01 47.05 50.58
2.17 4.82 1.26 0.42 44.77 41.30 47.13 51.93
2.11 4.69 1.21 0.42 44.89 41.42 47.30 51.88
2.08 4.58 1.22 0.42 44.96 41.52 47.28 51.91
2.06 4.42 1.23 0.55 44.98 41.67 47.25 50.77
2.25 4.76 1.35 0.66 44.60 41.36 46.82 49.95
2.06 4.38 1.23 0.57 44.99 41.71 47.21 50.56
1.87 3.98 1.10 0.51 45.42 42.13 47.69 51.08
1.82 3.89 1.10 0.47 45.53 42.23 47.71 51.38
1.82 3.90 1.07 0.48 45.54 42.22 47.83 51.37
2.00 4.28 1.16 0.56 45.12 41.82 47.47 50.66
2.10 4.48 1.25 0.58 44.90 41.62 47.16 50.48
2.00 4.28 1.19 0.55 45.11 41.82 47.39 50.76
1.89 4.03 1.08 0.55 45.38 42.08 47.81 50.72
1.88 4.00 1.11 0.54 45.38 42.11 47.67 50.77
1.89 4.01 1.07 0.57 45.38 42.10 47.84 50.59
2.14 4.59 1.22 0.62 44.82 41.51 47.28 50.23
2.73 5.75 1.52 0.94 43.77 40.54 46.35 48.44
3.00 6.36 1.57 1.08 43.38 40.12 46.20 47.85
3.41 7.14 1.79 1.31 42.83 39.62 45.62 47.00
4.03 8.40 2.17 1.51 42.10 38.91 44.78 46.37
4.49 9.27 2.44 1.75 41.66 38.51 44.29 45.74
5.17 10.75 2.76 2.00 41.04 37.87 43.75 45.17
5.63 11.81 3.07 2.02 40.66 37.45 43.27 45.10
5.24 10.91 2.92 1.90 40.97 37.79 43.50 45.37
5.41 11.54 2.88 1.82 40.85 37.57 43.57 45.57
4.66 9.90 2.52 1.56 41.51 38.24 44.17 46.25
4.64 9.81 2.49 1.63 41.52 38.28 44.19 46.07
4.26 8.85 2.33 1.60 41.89 38.73 44.47 46.13
4.02 8.22 2.20 1.64 42.14 39.05 44.73 46.01
4.39 8.82 2.49 1.85 41.78 38.77 44.21 45.51
4.15 8.32 2.40 1.75 42.02 39.03 44.38 45.75
3.79 7.45 2.16 1.76 42.45 39.54 44.84 45.74
4.08 7.91 2.41 1.92 42.14 39.30 44.39 45.34
