0.00 0.00 0.00 0.00 0.00 0.00 0.00 0.00
0.00 0.00 0.00 0.00 0.00 0.00 0.00 0.00
0.00 0.00 0.00 0.00 0.00 0.00 0.00 0.00
0.00 0.00 0.00 0.00 0.00 0.00 0.00 0.00
0.00 0.00 0.00 0.00 0.00 0.00 0.00 0.00
0.00 0.00 0.00 0.00 0.00 0.00 0.00 0.00
0.00 0.00 0.00 0.00 0.00 0.00 0.00 0.00
0.00 0.00 0.00 0.00 0.00 0.00 0.00 0.00
0.00 0.00 0.00 0.00 0.00 0.00 0.00 0.00
0.00 0.00 0.00 0.00 0.00 0.00 0.00 0.00
0.00 0.00 0.00 0.00 0.00 0.00 0.00 0.00
0.00 0.00 0.00 0.00 0.00 0.00 0.00 0.00
0.00 0.00 0.00 0.00 0.00 0.00 0.00 0.00
0.00 0.00 0.00 0.00 0.00 0.00 0.00 0.00
0.00 0.00 0.00 0.00 0.00 0.00 0.00 0.00
0.00 0.00 0.00 0.00 0.00 0.00 0.00 0.00
0.00 0.00 0.00 0.00 0.00 0.00 0.00 0.00
0.00 0.00 0.00 0.00 0.00 0.00 0.00 0.00
0.00 0.00 0.00 0.00 0.00 0.00 0.00 0.00
0.00 0.00 0.00 0.00 0.00 0.00 0.00 0.00
0.00 0.00 0.00 0.00 0.00 0.00 0.00 0.00
0.00 0.00 0.00 0.00 0.00 0.00 0.00 0.00
0.00 0.00 0.00 0.00 0.00 0.00 0.00 0.00
0.00 0.00 0.00 0.00 0.00 0.00 0.00 0.00
0.00 0.00 0.00 0.00 0.00 0.00 0.00 0.00
0.00 0.00 0.00 0.00 0.00 0.00 0.01 0.00
0.01 0.01 0.00 0.00 0.01 0.01 0.00 0.00
0.01 0.00 0.01 0.00 0.01 0.00 0.02 0.02
0.01 0.01 0.01 0.00 0.01 0.00 0.03 0.02
0.00 0.00 0.01 0.00 0.00 0.00 0.03 0.02
0.02 0.04 0.03 0.01 0.04 0.03 0.08 0.03
0.02 0.03 0.03 0.00 0.03 0.03 0.09 0.03
0.02 0.06 0.02 0.01 0.04 0.05 0.05 0.03
0.02 0.04 0.03 0.01 0.04 0.03 0.09 0.08
0.02 0.04 0.02 0.02 0.03 0.03 0.05 0.10
0.02 0.04 0.02 0.01 0.03 0.04 0.06 0.05
0.01 0.02 0.02 0.01 0.02 0.02 0.05 0.07
0.02 0.04 0.02 0.01 0.03 0.04 0.06 0.06
0.01 0.04 0.02 0.01 0.03 0.04 0.06 0.06
0.02 0.06 0.02 0.00 0.05 0.06 0.07 0.05
0.01 0.02 0.02 0.00 0.03 0.02 0.08 0.06
0.02 0.04 0.01 0.01 0.04 0.04 0.07 0.09
0.01 0.03 0.02 0.01 0.03 0.04 0.08 0.06
0.02 0.06 0.02 0.02 0.05 0.05 0.06 0.10
0.02 0.06 0.01 0.01 0.04 0.05 0.03 0.08
0.01 0.04 0.02 0.01 0.03 0.04 0.05 0.06
0.01 0.04 0.01 0.01 0.02 0.03 0.05 0.11
0.03 0.08 0.03 0.01 0.06 0.06 0.08 0.07
0.03 0.06 0.03 0.01 0.04 0.05 0.08 0.06
0.02 0.04 0.02 0.01 0.04 0.03 0.06 0.06
0.02 0.04 0.02 0.02 0.03 0.03 0.07 0.11
0.02 0.03 0.02 0.02 0.03 0.02 0.07 0.11
0.02 0.03 0.02 0.02 0.03 0.02 0.06 0.10
0.02 0.05 0.02 0.02 0.05 0.04 0.08 0.12
0.01 0.04 0.02 0.01 0.03 0.04 0.08 0.10
0.02 0.05 0.02 0.01 0.03 0.06 0.08 0.11
0.03 0.08 0.02 0.01 0.07 0.10 0.08 0.11
0.02 0.06 0.02 0.01 0.06 0.07 0.09 0.11
0.01 0.04 0.02 0.01 0.03 0.05 0.08 0.11
0.01 0.04 0.02 0.01 0.03 0.05 0.08 0.10
0.01 0.03 0.03 0.01 0.03 0.04 0.12 0.09
0.02 0.03 0.03 0.01 0.05 0.04 0.10 0.12
0.02 0.04 0.02 0.01 0.06 0.05 0.10 0.08
0.02 0.03 0.02 0.01 0.04 0.04 0.07 0.14
0.01 0.04 0.01 0.01 0.04 0.05 0.05 0.11
0.01 0.03 0.02 0.01 0.04 0.04 0.07 0.07
0.01 0.03 0.02 0.01 0.03 0.04 0.06 0.04
0.01 0.03 0.01 0.01 0.03 0.04 0.05 0.07
0.02 0.04 0.01 0.01 0.06 0.06 0.07 0.09
0.01 0.03 0.02 0.01 0.04 0.04 0.08 0.11
0.02 0.04 0.02 0.01 0.05 0.05 0.08 0.09
0.02 0.05 0.02 0.01 0.06 0.07 0.09 0.09
0.01 0.03 0.02 0.01 0.03 0.03 0.07 0.14
0.01 0.04 0.02 0.01 0.04 0.06 0.08 0.10
0.01 0.03 0.02 0.01 0.03 0.04 0.07 0.10
0.02 0.05 0.02 0.01 0.05 0.06 0.07 0.10
0.02 0.04 0.02 0.02 0.03 0.04 0.06 0.10
0.03 0.06 0.03 0.03 0.05 0.05 0.08 0.10
0.02 0.05 0.02 0.03 0.04 0.04 0.06 0.08
0.03 0.05 0.03 0.03 0.03 0.04 0.06 0.08
0.02 0.05 0.03 0.02 0.03 0.05 0.06 0.06
0.01 0.03 0.02 0.03 0.02 0.02 0.04 0.06
0.01 0.03 0.02 0.02 0.02 0.03 0.04 0.05
0.01 0.03 0.02 0.01 0.02 0.03 0.05 0.03
0.02 0.04 0.03 0.02 0.03 0.04 0.06 0.04
0.03 0.05 0.03 0.01 0.04 0.05 0.07 0.03
0.03 0.07 0.02 0.02 0.04 0.06 0.05 0.06
0.02 0.07 0.03 0.02 0.04 0.07 0.06 0.04
0.02 0.04 0.03 0.04 0.04 0.05 0.07 0.09
0.02 0.05 0.02 0.02 0.03 0.05 0.04 0.06
0.03 0.04 0.03 0.03 0.05 0.05 0.08 0.06
0.02 0.05 0.02 0.02 0.03 0.04 0.06 0.05
0.01 0.04 0.03 0.02 0.02 0.03 0.07 0.05
0.02 0.04 0.02 0.03 0.03 0.04 0.05 0.06
0.02 0.03 0.03 0.03 0.02 0.03 0.07 0.06
0.02 0.04 0.02 0.01 0.03 0.04 0.05 0.03
0.01 0.04 0.02 0.03 0.02 0.04 0.05 0.07
0.02 0.04 0.02 0.03 0.03 0.04 0.05 0.07
0.01 0.03 0.02 0.03 0.02 0.02 0.05 0.07
0.01 0.02 0.02 0.03 0.01 0.02 0.03 0.06
0.02 0.05 0.02 0.02 0.03 0.05 0.05 0.03
0.02 0.04 0.02 0.04 0.03 0.03 0.04 0.07
0.02 0.04 0.03 0.02 0.02 0.03 0.05 0.04
0.02 0.03 0.03 0.02 0.02 0.03 0.05 0.04
0.03 0.06 0.05 0.02 0.03 0.04 0.07 0.04
0.01 0.03 0.02 0.01 0.01 0.02 0.03 0.03
0.08 0.09 0.05 0.10 0.08 0.06 0.08 0.19
0.06 0.10 0.04 0.06 0.06 0.06 0.06 0.11
0.02 0.04 0.04 0.03 0.01 0.02 0.05 0.05
0.03 0.04 0.03 0.03 0.03 0.02 0.04 0.05
0.02 0.05 0.04 0.02 0.02 0.02 0.05 0.03
0.03 0.08 0.04 0.04 0.03 0.04 0.05 0.05
0.02 0.05 0.05 0.03 0.01 0.02 0.06 0.04
0.03 0.05 0.03 0.03 0.02 0.03 0.05 0.04
0.01 0.05 0.03 0.03 0.01 0.02 0.05 0.06
0.02 0.03 0.03 0.02 0.02 0.02 0.04 0.03
0.03 0.05 0.03 0.03 0.03 0.02 0.06 0.05
0.02 0.05 0.02 0.02 0.02 0.03 0.04 0.05
0.02 0.03 0.03 0.03 0.03 0.02 0.06 0.06
0.02 0.04 0.02 0.02 0.02 0.02 0.05 0.05
0.03 0.05 0.04 0.02 0.02 0.02 0.09 0.05
0.02 0.05 0.02 0.03 0.02 0.02 0.04 0.06
0.04 0.07 0.04 0.03 0.04 0.03 0.08 0.07
0.04 0.06 0.03 0.04 0.03 0.03 0.06 0.10
0.04 0.08 0.03 0.02 0.04 0.04 0.07 0.06
0.03 0.07 0.04 0.03 0.03 0.03 0.08 0.08
0.03 0.06 0.03 0.03 0.03 0.03 0.06 0.08
0.03 0.05 0.03 0.03 0.03 0.02 0.06 0.08
0.03 0.05 0.03 0.03 0.03 0.03 0.05 0.07
0.03 0.06 0.03 0.02 0.03 0.03 0.06 0.06
0.02 0.04 0.02 0.02 0.02 0.02 0.04 0.06
0.03 0.06 0.02 0.03 0.02 0.03 0.04 0.07
0.02 0.05 0.02 0.03 0.03 0.02 0.04 0.07
0.02 0.05 0.02 0.03 0.02 0.02 0.05 0.09
0.01 0.04 0.02 0.02 0.01 0.01 0.04 0.04
0.03 0.08 0.04 0.02 0.03 0.03 0.07 0.04
0.01 0.06 0.02 0.02 0.01 0.02 0.03 0.04
0.02 0.06 0.02 0.02 0.01 0.02 0.03 0.05
0.02 0.07 0.04 0.02 0.02 0.02 0.05 0.06
0.03 0.09 0.03 0.02 0.03 0.03 0.06 0.06
0.03 0.06 0.03 0.02 0.02 0.02 0.05 0.07
0.02 0.06 0.03 0.02 0.01 0.02 0.05 0.06
0.01 0.04 0.02 0.02 0.01 0.02 0.05 0.09
0.02 0.05 0.03 0.03 0.02 0.02 0.08 0.11
0.02 0.05 0.03 0.03 0.02 0.03 0.07 0.12
0.01 0.04 0.02 0.01 0.02 0.03 0.05 0.08
0.02 0.04 0.02 0.01 0.03 0.04 0.08 0.13
0.01 0.03 0.02 0.01 0.02 0.02 0.08 0.12
0.02 0.03 0.02 0.01 0.03 0.02 0.06 0.13
0.02 0.03 0.02 0.01 0.03 0.03 0.07 0.12
0.02 0.03 0.02 0.01 0.03 0.02 0.07 0.09
0.01 0.03 0.02 0.01 0.02 0.02 0.07 0.11
0.02 0.04 0.02 0.01 0.04 0.03 0.08 0.10
0.02 0.06 0.01 0.01 0.04 0.05 0.05 0.12
0.02 0.02 0.03 0.01 0.03 0.02 0.11 0.10
0.01 0.03 0.02 0.01 0.03 0.02 0.07 0.12
0.02 0.04 0.02 0.01 0.03 0.03 0.07 0.12
0.02 0.04 0.02 0.01 0.03 0.03 0.07 0.10
0.02 0.05 0.02 0.01 0.04 0.04 0.06 0.13
0.02 0.06 0.02 0.01 0.05 0.05 0.07 0.13
0.02 0.04 0.01 0.01 0.03 0.04 0.06 0.14
0.01 0.02 0.02 0.01 0.03 0.02 0.07 0.12
0.02 0.05 0.02 0.01 0.05 0.05 0.08 0.13
0.02 0.02 0.02 0.02 0.03 0.02 0.06 0.18
0.02 0.05 0.02 0.01 0.04 0.04 0.06 0.12
0.02 0.03 0.02 0.01 0.03 0.03 0.07 0.11
0.02 0.04 0.02 0.01 0.03 0.03 0.06 0.11
0.01 0.02 0.02 0.01 0.01 0.01 0.06 0.10
0.02 0.03 0.03 0.01 0.03 0.02 0.08 0.09
0.03 0.05 0.04 0.01 0.04 0.03 0.10 0.10
0.03 0.07 0.03 0.01 0.04 0.05 0.07 0.07
0.01 0.04 0.02 0.01 0.02 0.02 0.06 0.06
0.03 0.07 0.02 0.00 0.05 0.05 0.07 0.06
0.06 0.15 0.03 0.01 0.12 0.14 0.10 0.11
0.02 0.04 0.02 0.01 0.04 0.04 0.08 0.12
0.02 0.04 0.03 0.01 0.04 0.04 0.08 0.11
0.01 0.03 0.02 0.01 0.03 0.03 0.06 0.14
0.02 0.04 0.02 0.01 0.04 0.04 0.08 0.13
0.01 0.02 0.02 0.01 0.02 0.03 0.07 0.10
0.01 0.03 0.02 0.01 0.04 0.04 0.09 0.07
0.01 0.02 0.03 0.01 0.03 0.02 0.11 0.08
0.01 0.03 0.02 0.01 0.03 0.03 0.08 0.06
0.02 0.03 0.03 0.02 0.04 0.03 0.11 0.10
0.01 0.02 0.02 0.01 0.04 0.03 0.07 0.11
0.01 0.01 0.01 0.01 0.02 0.01 0.05 0.08
0.01 0.02 0.03 0.01 0.03 0.02 0.10 0.08
0.02 0.03 0.02 0.01 0.04 0.03 0.08 0.11
0.02 0.02 0.02 0.01 0.03 0.03 0.07 0.07
0.02 0.03 0.02 0.01 0.04 0.04 0.08 0.07
0.01 0.02 0.02 0.01 0.03 0.03 0.09 0.10
0.01 0.02 0.02 0.02 0.03 0.02 0.07 0.13
0.01 0.02 0.02 0.01 0.02 0.03 0.09 0.09
0.01 0.04 0.02 0.01 0.03 0.04 0.08 0.07
0.01 0.03 0.02 0.01 0.02 0.03 0.08 0.06
0.02 0.03 0.02 0.01 0.04 0.04 0.07 0.07
0.02 0.05 0.02 0.01 0.04 0.04 0.06 0.06
0.02 0.03 0.02 0.02 0.03 0.03 0.06 0.09
0.01 0.03 0.02 0.02 0.01 0.02 0.05 0.07
0.01 0.04 0.03 0.02 0.02 0.03 0.05 0.05
0.02 0.04 0.02 0.02 0.03 0.03 0.05 0.06
0.03 0.06 0.04 0.03 0.05 0.05 0.07 0.06
0.02 0.03 0.03 0.02 0.03 0.03 0.05 0.04
0.01 0.03 0.01 0.02 0.01 0.03 0.03 0.04
0.02 0.03 0.03 0.02 0.04 0.04 0.07 0.05
0.01 0.03 0.02 0.01 0.03 0.04 0.07 0.02
0.01 0.03 0.02 0.04 0.02 0.03 0.05 0.09
0.02 0.04 0.03 0.02 0.02 0.04 0.07 0.04
0.01 0.03 0.03 0.02 0.03 0.04 0.08 0.04
0.02 0.03 0.03 0.02 0.02 0.03 0.05 0.06
0.02 0.04 0.03 0.01 0.02 0.03 0.05 0.03
0.02 0.04 0.02 0.02 0.03 0.03 0.05 0.05
0.02 0.02 0.02 0.03 0.02 0.02 0.03 0.08
0.01 0.04 0.04 0.02 0.02 0.03 0.08 0.04
0.02 0.04 0.03 0.01 0.03 0.03 0.05 0.03
0.02 0.03 0.04 0.02 0.02 0.02 0.07 0.05
0.03 0.04 0.05 0.03 0.04 0.03 0.09 0.07
0.03 0.05 0.04 0.01 0.04 0.04 0.07 0.03
0.02 0.05 0.04 0.03 0.03 0.04 0.06 0.06
0.03 0.04 0.03 0.02 0.03 0.03 0.05 0.04
0.02 0.04 0.04 0.02 0.02 0.03 0.05 0.04
0.02 0.04 0.03 0.03 0.02 0.03 0.05 0.06
0.03 0.08 0.03 0.02 0.04 0.06 0.05 0.04
0.11 0.25 0.05 0.04 0.12 0.17 0.07 0.09
0.24 0.55 0.10 0.07 0.23 0.29 0.14 0.13
0.42 0.79 0.23 0.26 0.36 0.39 0.30 0.38
0.39 0.67 0.21 0.28 0.27 0.26 0.23 0.38
0.44 0.89 0.24 0.19 0.30 0.33 0.27 0.25
0.62 1.33 0.26 0.28 0.39 0.45 0.26 0.34
0.84 1.82 0.36 0.35 0.46 0.52 0.32 0.39
1.00 2.10 0.39 0.50 0.51 0.56 0.35 0.51
0.74 1.56 0.30 0.36 0.35 0.38 0.25 0.35
1.10 2.39 0.45 0.45 0.51 0.56 0.38 0.43
0.69 1.47 0.26 0.36 0.32 0.35 0.22 0.34
1.26 2.81 0.51 0.46 0.64 0.72 0.50 0.49
0.91 1.99 0.35 0.40 0.50 0.54 0.37 0.50
1.01 2.26 0.42 0.35 0.54 0.58 0.42 0.45
1.18 2.62 0.50 0.42 0.64 0.68 0.51 0.57
1.15 2.57 0.45 0.43 0.66 0.71 0.51 0.63
1.02 2.29 0.41 0.35 0.65 0.68 0.52 0.62
1.15 2.61 0.48 0.36 0.68 0.73 0.54 0.58
0.34 0.78 0.16 0.11 0.29 0.33 0.25 0.23
0.35 0.80 0.17 0.09 0.29 0.32 0.24 0.21
0.51 1.20 0.22 0.12 0.42 0.48 0.32 0.27
0.45 1.11 0.15 0.10 0.40 0.47 0.23 0.26
0.70 1.67 0.31 0.12 0.64 0.72 0.52 0.34
0.49 1.16 0.17 0.15 0.42 0.47 0.26 0.39
0.50 1.16 0.17 0.17 0.43 0.49 0.26 0.42
0.59 1.35 0.25 0.16 0.50 0.55 0.38 0.40
0.62 1.50 0.22 0.14 0.62 0.71 0.40 0.43
0.65 1.55 0.24 0.18 0.61 0.68 0.43 0.49
0.68 1.61 0.21 0.22 0.57 0.65 0.32 0.51
0.69 1.51 0.29 0.26 0.59 0.62 0.45 0.59
0.58 1.31 0.22 0.20 0.50 0.55 0.35 0.47
0.62 1.41 0.23 0.23 0.56 0.60 0.40 0.57
0.52 1.25 0.16 0.17 0.45 0.51 0.26 0.40
0.52 1.23 0.21 0.12 0.43 0.47 0.35 0.27
0.62 1.44 0.25 0.16 0.52 0.57 0.42 0.38
0.51 1.19 0.22 0.14 0.41 0.43 0.33 0.33
0.52 1.20 0.19 0.18 0.39 0.41 0.28 0.40
0.49 1.04 0.23 0.19 0.36 0.35 0.34 0.45
0.48 1.04 0.27 0.14 0.41 0.40 0.45 0.37
0.41 0.83 0.20 0.20 0.39 0.37 0.37 0.58
0.21 0.47 0.11 0.05 0.24 0.25 0.23 0.18
0.12 0.26 0.07 0.04 0.16 0.16 0.17 0.18
0.03 0.08 0.03 0.01 0.05 0.05 0.08 0.07
0.01 0.01 0.03 0.01 0.02 0.01 0.08 0.06
0.02 0.05 0.01 0.01 0.04 0.04 0.06 0.06
0.01 0.03 0.02 0.01 0.03 0.03 0.07 0.09
0.02 0.04 0.02 0.01 0.04 0.04 0.08 0.09
0.02 0.06 0.02 0.01 0.05 0.06 0.08 0.09
0.03 0.05 0.03 0.01 0.05 0.05 0.09 0.05
0.04 0.10 0.03 0.01 0.08 0.09 0.10 0.05
0.03 0.08 0.03 0.01 0.07 0.08 0.10 0.05
0.04 0.09 0.03 0.01 0.08 0.09 0.10 0.07
0.03 0.07 0.02 0.00 0.07 0.07 0.10 0.03
0.03 0.07 0.02 0.01 0.07 0.08 0.08 0.09
0.03 0.07 0.02 0.01 0.06 0.07 0.07 0.07
0.03 0.07 0.02 0.01 0.05 0.07 0.08 0.11
0.03 0.08 0.02 0.01 0.07 0.08 0.09 0.10
0.02 0.05 0.02 0.01 0.05 0.05 0.09 0.07
0.03 0.07 0.02 0.01 0.07 0.07 0.09 0.04
0.03 0.07 0.02 0.01 0.07 0.07 0.10 0.07
0.05 0.09 0.04 0.03 0.10 0.08 0.14 0.20
0.18 0.28 0.15 0.13 0.29 0.21 0.42 0.62
0.31 0.65 0.14 0.14 0.46 0.45 0.40 0.59
0.40 0.83 0.20 0.18 0.52 0.51 0.49 0.62
0.41 0.82 0.21 0.20 0.45 0.43 0.43 0.58
0.62 1.34 0.28 0.26 0.63 0.66 0.51 0.67
0.73 1.62 0.30 0.29 0.64 0.69 0.49 0.65
0.66 1.53 0.27 0.20 0.53 0.58 0.39 0.45
0.62 1.37 0.29 0.20 0.53 0.56 0.44 0.47
0.81 1.85 0.35 0.25 0.69 0.73 0.54 0.62
0.78 1.72 0.36 0.25 0.75 0.79 0.65 0.70
0.72 1.65 0.27 0.25 0.70 0.77 0.49 0.69
0.64 1.53 0.22 0.18 0.68 0.79 0.42 0.50
0.62 1.44 0.24 0.18 0.70 0.81 0.49 0.49
0.78 1.69 0.35 0.29 0.81 0.88 0.63 0.70
0.76 1.69 0.37 0.23 0.84 0.94 0.70 0.59
0.79 1.73 0.34 0.29 0.96 1.10 0.72 0.74
0.90 2.01 0.42 0.26 1.02 1.19 0.80 0.60
