5.98 12.72 3.11 2.11 40.36 37.08 43.20 44.89
6.34 13.82 2.98 2.22 40.11 36.73 43.38 44.66
6.54 14.39 3.05 2.17 39.98 36.55 43.29 44.77
6.01 13.08 2.93 2.03 40.34 36.97 43.46 45.06
6.69 14.55 3.30 2.23 39.87 36.50 42.95 44.64
6.93 15.30 3.24 2.26 39.72 36.28 43.02 44.59
7.32 16.06 3.48 2.41 39.49 36.07 42.72 44.31
7.99 17.60 3.83 2.53 39.11 35.67 42.29 44.10
7.28 16.07 3.41 2.37 39.51 36.07 42.80 44.39
7.20 15.61 3.40 2.58 39.56 36.20 42.81 44.01
8.29 17.74 3.83 3.30 38.95 35.64 42.30 42.95
7.27 16.00 3.18 2.63 39.52 36.09 43.11 43.94
7.73 17.26 3.42 2.51 39.25 35.76 42.79 44.13
9.10 20.23 4.24 2.82 38.54 35.07 41.85 43.62
8.70 19.54 3.80 2.76 38.74 35.22 42.33 43.73
8.70 19.69 3.75 2.66 38.74 35.19 42.39 43.89
8.74 20.17 3.80 2.24 38.72 35.08 42.33 44.62
9.39 21.77 4.07 2.33 38.40 34.75 42.03 44.45
9.65 22.20 4.16 2.59 38.28 34.67 41.94 44.00
9.77 22.63 4.02 2.67 38.23 34.58 42.08 43.86
10.00 22.81 4.58 2.60 38.13 34.55 41.53 43.98
8.18 18.90 3.41 2.22 39.01 35.37 42.81 44.67
7.20 17.04 2.96 1.59 39.56 35.82 43.41 46.12
5.80 13.71 2.43 1.25 40.50 36.76 44.27 47.15
5.07 12.23 2.11 0.88 41.08 37.26 44.89 48.68
4.85 11.94 1.86 0.76 41.27 37.36 45.45 49.31
4.59 11.44 1.56 0.76 41.51 37.54 46.21 49.32
4.79 11.77 1.73 0.87 41.33 37.42 45.74 48.73
4.70 11.49 1.76 0.86 41.41 37.53 45.68 48.78
4.74 11.66 1.67 0.91 41.37 37.46 45.92 48.54
2.42 5.09 1.32 0.83 44.30 41.06 46.92 48.95
2.33 4.86 1.31 0.81 44.46 41.27 46.95 49.02
2.30 4.78 1.29 0.83 44.52 41.34 47.03 48.92
2.32 4.89 1.29 0.79 44.47 41.24 47.04 49.16
2.29 4.83 1.27 0.77 44.53 41.29 47.09 49.26
2.25 4.79 1.24 0.74 44.60 41.34 47.20 49.43
2.24 4.79 1.23 0.71 44.62 41.32 47.25 49.63
2.21 4.72 1.24 0.69 44.68 41.40 47.21 49.75
2.08 4.45 1.13 0.66 44.95 41.65 47.59 49.93
1.89 4.17 0.99 0.51 45.36 41.93 48.19 51.04
1.73 3.93 0.87 0.38 45.76 42.19 48.72 52.33
1.66 3.79 0.86 0.34 45.91 42.34 48.82 52.75
1.81 3.96 1.00 0.48 45.56 42.16 48.15 51.34
2.05 4.42 1.19 0.55 45.00 41.67 47.36 50.73
2.19 4.70 1.28 0.58 44.73 41.41 47.06 50.54
2.24 4.76 1.37 0.59 44.63 41.36 46.78 50.41
2.21 4.71 1.33 0.61 44.68 41.40 46.90 50.29
2.35 5.05 1.45 0.56 44.42 41.10 46.53 50.67
2.43 5.26 1.50 0.53 44.27 40.92 46.37 50.87
2.56 5.44 1.57 0.67 44.05 40.78 46.16 49.90
2.50 5.34 1.52 0.64 44.15 40.85 46.32 50.06
2.54 5.41 1.51 0.68 44.09 40.79 46.35 49.81
2.36 5.05 1.39 0.63 44.40 41.09 46.70 50.11
2.14 4.53 1.27 0.62 44.83 41.56 47.11 50.21
2.00 4.17 1.22 0.59 45.13 41.93 47.25 50.40
1.96 4.02 1.30 0.57 45.21 42.09 47.01 50.60
1.62 3.32 1.04 0.50 46.04 42.92 47.98 51.15
1.56 3.21 0.99 0.48 46.20 43.06 48.17 51.36
1.48 3.04 0.94 0.45 46.44 43.30 48.39 51.63
1.58 3.28 0.98 0.49 46.13 42.97 48.22 51.21
1.71 3.57 1.11 0.46 45.79 42.61 47.66 51.49
1.74 3.65 1.13 0.45 45.72 42.51 47.61 51.60
1.61 3.32 1.06 0.44 46.07 42.92 47.87 51.70
1.50 3.19 0.97 0.33 46.38 43.10 48.27 52.97
1.41 2.97 0.91 0.33 46.65 43.39 48.56 52.87
1.48 3.13 0.94 0.35 46.44 43.17 48.39 52.68
1.67 3.49 1.08 0.45 45.90 42.70 47.81 51.58
1.65 3.46 1.06 0.44 45.95 42.73 47.89 51.67
1.50 3.10 0.98 0.42 46.37 43.22 48.21 51.89
1.53 3.25 0.98 0.36 46.28 43.01 48.23 52.56
1.49 3.14 0.97 0.35 46.41 43.15 48.28 52.71
1.43 3.00 0.95 0.33 46.58 43.36 48.35 52.92
1.50 3.07 1.00 0.44 46.36 43.26 48.15 51.70
1.42 2.88 0.95 0.40 46.63 43.53 48.34 52.08
1.44 2.99 0.93 0.41 46.54 43.38 48.47 51.99
1.76 3.53 1.22 0.52 45.69 42.65 47.27 51.00
2.06 4.01 1.41 0.74 45.00 42.09 46.64 49.42
2.36 4.35 1.68 1.05 44.40 41.75 45.88 47.93
2.56 4.71 1.64 1.32 44.05 41.40 45.97 46.93
2.89 5.20 1.89 1.58 43.52 40.97 45.36 46.13
3.01 5.29 2.03 1.72 43.34 40.90 45.06 45.78
2.92 4.96 2.02 1.81 43.47 41.18 45.08 45.56
2.85 4.73 2.04 1.77 43.58 41.38 45.03 45.64
2.65 4.30 1.88 1.76 43.90 41.79 45.38 45.69
2.65 4.27 1.96 1.72 43.90 41.82 45.22 45.78
2.45 3.93 1.67 1.74 44.24 42.19 45.89 45.73
2.58 3.98 1.92 1.86 44.01 42.14 45.30 45.45
2.47 3.85 1.78 1.78 44.20 42.27 45.63 45.63
2.35 3.65 1.65 1.76 44.41 42.51 45.95 45.66
2.30 3.61 1.57 1.72 44.52 42.56 46.17 45.79
2.44 3.94 1.57 1.81 44.26 42.18 46.19 45.56
2.64 4.39 1.73 1.80 43.92 41.71 45.76 45.58
2.70 4.23 1.83 2.04 43.82 41.88 45.52 45.04
2.59 4.09 1.78 1.90 44.01 42.02 45.64 45.36
2.35 3.67 1.50 1.89 44.41 42.49 46.36 45.37
2.24 3.53 1.45 1.76 44.62 42.66 46.50 45.69
2.12 3.33 1.32 1.70 44.87 42.90 46.94 45.82
2.81 4.55 1.94 1.93 43.65 41.55 45.25 45.27
2.86 4.65 1.92 2.01 43.56 41.45 45.29 45.10
2.91 4.60 2.08 2.04 43.50 41.51 44.94 45.04
2.79 4.34 2.04 1.99 43.68 41.76 45.04 45.15
2.87 4.51 2.12 1.98 43.56 41.59 44.88 45.17
3.17 4.99 2.36 2.18 43.11 41.15 44.41 44.74
3.26 5.28 2.49 2.02 43.00 40.91 44.17 45.08
3.43 5.70 2.73 1.85 42.78 40.57 43.77 45.45
3.67 6.24 2.71 2.05 42.49 40.18 43.80 45.01
4.00 6.95 2.78 2.26 42.11 39.71 43.69 44.59
3.90 6.59 2.83 2.29 42.22 39.94 43.62 44.53
3.95 6.80 2.75 2.29 42.17 39.81 43.73 44.53
4.69 8.27 3.28 2.52 41.42 38.96 42.97 44.12
4.82 8.46 3.30 2.71 41.30 38.86 42.94 43.80
4.57 7.99 3.04 2.69 41.53 39.11 43.31 43.83
4.48 7.92 2.94 2.59 41.61 39.15 43.45 43.99
4.21 7.58 2.61 2.43 41.89 39.34 43.96 44.26
4.00 7.25 2.47 2.28 42.11 39.53 44.20 44.56
3.85 6.74 2.54 2.26 42.28 39.84 44.09 44.60
3.56 6.36 2.13 2.20 42.61 40.10 44.84 44.70
3.07 5.54 1.79 1.88 43.27 40.70 45.61 45.41
2.72 5.15 1.54 1.48 43.78 41.02 46.25 46.43
2.82 5.38 1.59 1.50 43.63 40.83 46.11 46.39
2.71 5.18 1.56 1.40 43.80 40.99 46.20 46.68
2.83 5.54 1.64 1.32 43.62 40.70 46.00 46.95
2.82 5.57 1.59 1.29 43.63 40.67 46.12 47.03
2.64 5.19 1.52 1.20 43.92 40.98 46.32 47.35
2.65 5.29 1.47 1.17 43.91 40.90 46.45 47.45
2.67 5.22 1.54 1.25 43.87 40.96 46.24 47.17
2.67 5.27 1.55 1.20 43.86 40.91 46.23 47.33
2.79 5.48 1.59 1.31 43.67 40.74 46.12 46.95
2.80 5.53 1.58 1.30 43.65 40.71 46.15 46.97
2.76 5.41 1.55 1.31 43.73 40.79 46.24 46.95
2.72 5.43 1.49 1.25 43.78 40.79 46.40 47.16
2.61 5.22 1.52 1.09 43.97 40.95 46.32 47.76
2.81 5.73 1.60 1.11 43.64 40.55 46.10 47.68
2.95 6.06 1.64 1.14 43.43 40.30 45.97 47.56
3.08 6.35 1.71 1.18 43.25 40.10 45.80 47.43
3.02 6.19 1.67 1.19 43.33 40.21 45.90 47.36
3.42 7.11 1.90 1.27 42.79 39.62 45.34 47.10
3.73 7.90 2.01 1.29 42.41 39.15 45.10 47.03
4.05 8.71 2.16 1.28 42.06 38.73 44.80 47.07
4.13 9.06 2.17 1.17 41.97 38.56 44.77 47.43
4.18 9.15 2.23 1.15 41.92 38.52 44.65 47.53
3.88 8.51 2.03 1.07 42.25 38.83 45.05 47.82
3.46 7.67 1.74 0.97 42.74 39.28 45.72 48.26
3.07 6.73 1.57 0.93 43.25 39.85 46.18 48.45
3.00 6.63 1.53 0.84 43.36 39.92 46.28 48.89
2.60 5.81 1.34 0.65 43.98 40.49 46.87 49.99
2.23 5.01 1.16 0.50 44.66 41.13 47.49 51.12
2.15 4.90 1.12 0.44 44.81 41.23 47.66 51.72
2.19 4.97 1.15 0.44 44.73 41.17 47.51 51.73
2.20 4.99 1.16 0.44 44.71 41.15 47.47 51.67
2.27 5.12 1.25 0.45 44.57 41.04 47.18 51.62
2.31 5.23 1.25 0.45 44.50 40.95 47.18 51.64
2.18 4.94 1.17 0.42 44.75 41.19 47.44 51.89
1.90 4.29 1.08 0.35 45.34 41.81 47.79 52.75
1.89 4.26 1.05 0.34 45.38 41.84 47.92 52.77
2.07 4.79 1.09 0.33 44.97 41.33 47.76 52.87
2.14 4.83 1.14 0.44 44.83 41.29 47.56 51.71
2.17 4.86 1.18 0.48 44.76 41.26 47.41 51.34
2.12 4.79 1.12 0.45 44.87 41.33 47.66 51.60
2.00 4.52 1.05 0.44 45.11 41.58 47.90 51.71
1.97 4.42 1.05 0.43 45.19 41.68 47.93 51.77
1.92 4.27 1.09 0.40 45.30 41.82 47.77 52.13
1.87 4.19 1.09 0.33 45.41 41.91 47.77 52.90
2.05 4.59 1.18 0.37 45.02 41.51 47.41 52.47
2.22 4.97 1.29 0.41 44.66 41.17 47.02 52.03
2.35 5.29 1.34 0.43 44.42 40.90 46.87 51.76
2.53 5.68 1.46 0.45 44.10 40.59 46.49 51.63
2.61 5.86 1.51 0.46 43.96 40.45 46.34 51.47
2.72 6.18 1.52 0.47 43.78 40.22 46.32 51.39
2.89 6.54 1.62 0.51 43.52 39.97 46.02 51.07
2.84 6.38 1.64 0.51 43.59 40.09 45.98 51.07
2.71 6.05 1.58 0.51 43.80 40.31 46.15 51.09
2.37 5.23 1.41 0.45 44.39 40.95 46.63 51.58
2.16 4.70 1.35 0.43 44.79 41.42 46.84 51.81
2.09 4.52 1.31 0.45 44.92 41.58 46.96 51.61
1.91 4.11 1.21 0.40 45.33 41.99 47.32 52.09
1.73 3.78 1.08 0.35 45.74 42.36 47.82 52.66
1.49 3.19 1.00 0.27 46.41 43.09 48.15 53.81
1.47 3.06 0.99 0.35 46.47 43.27 48.17 52.75
1.46 2.99 0.95 0.44 46.48 43.37 48.36 51.70
1.65 3.30 1.09 0.56 45.97 42.95 47.78 50.67
1.72 3.42 1.14 0.60 45.78 42.79 47.57 50.36
1.65 3.26 1.10 0.59 45.95 42.99 47.71 50.40
1.60 3.16 1.06 0.59 46.09 43.14 47.89 50.43
1.60 3.17 1.07 0.56 46.09 43.12 47.83 50.62
1.69 3.39 1.13 0.55 45.85 42.83 47.60 50.73
1.83 3.68 1.22 0.60 45.49 42.47 47.26 50.32
1.83 3.59 1.28 0.62 45.51 42.59 47.05 50.23
1.66 3.31 1.10 0.57 45.94 42.94 47.70 50.59
1.62 3.26 1.07 0.55 46.03 43.00 47.86 50.77
1.59 3.20 1.05 0.53 46.11 43.08 47.92 50.92
1.61 3.27 1.05 0.51 46.07 42.99 47.91 51.06
1.64 3.30 1.11 0.52 45.98 42.95 47.69 50.99
1.65 3.36 1.05 0.54 45.96 42.87 47.92 50.83
1.73 3.46 1.11 0.64 45.74 42.74 47.68 50.10
2.21 4.44 1.51 0.68 44.69 41.66 46.33 49.79
2.19 4.29 1.50 0.77 44.73 41.80 46.37 49.28
2.64 5.08 1.78 1.04 43.92 41.07 45.61 47.95
2.76 5.13 1.90 1.25 43.72 41.03 45.34 47.15
2.93 5.04 2.00 1.75 43.46 41.11 45.12 45.70
3.09 5.19 2.09 1.98 43.23 40.98 44.93 45.16
2.90 4.71 2.08 1.92 43.51 41.41 44.95 45.31
2.42 3.79 1.71 1.76 44.29 42.35 45.79 45.68
2.25 3.47 1.63 1.66 44.60 42.73 46.01 45.93
2.17 3.42 1.54 1.57 44.76 42.79 46.27 46.18
2.29 3.50 1.65 1.72 44.53 42.69 45.95 45.78
2.30 3.60 1.61 1.69 44.51 42.57 46.06 45.85
2.29 3.55 1.56 1.76 44.54 42.63 46.22 45.69
2.69 4.20 2.08 1.77 43.84 41.90 44.94 45.64
3.03 4.75 2.44 1.89 43.32 41.36 44.25 45.37
2.81 4.50 2.15 1.79 43.64 41.60 44.81 45.61
3.00 4.90 2.26 1.83 43.37 41.23 44.60 45.50
2.96 4.90 2.15 1.84 43.41 41.23 44.81 45.49
3.09 5.02 2.25 1.99 43.23 41.12 44.62 45.14
3.26 5.41 2.41 1.96 43.00 40.80 44.31 45.22
3.07 5.03 2.27 1.92 43.26 41.12 44.56 45.31
3.15 5.17 2.40 1.88 43.14 41.00 44.32 45.38
3.30 5.44 2.51 1.96 42.94 40.77 44.14 45.21
3.29 5.32 2.59 1.97 42.96 40.87 44.00 45.18
3.29 5.35 2.49 2.02 42.96 40.85 44.17 45.07
3.11 5.21 2.33 1.80 43.20 40.96 44.45 45.59
3.40 5.71 2.59 1.90 42.81 40.56 44.00 45.33
3.28 5.35 2.53 1.97 42.97 40.85 44.11 45.19
3.77 6.40 2.76 2.17 42.36 40.07 43.73 44.78
3.82 6.34 2.80 2.34 42.31 40.11 43.67 44.45
4.28 7.19 3.20 2.45 41.82 39.56 43.08 44.25
4.12 7.11 2.80 2.46 41.98 39.61 43.67 44.23
4.25 7.07 3.14 2.54 41.85 39.64 43.16 44.09
4.90 8.54 3.42 2.73 41.23 38.81 42.79 43.78
5.27 9.21 3.63 2.99 40.91 38.49 42.54 43.38
5.61 9.90 3.74 3.17 40.65 38.18 42.40 43.13
5.46 9.60 3.55 3.22 40.76 38.31 42.62 43.05
5.11 8.89 3.35 3.08 41.05 38.65 42.88 43.24
4.60 8.09 2.98 2.74 41.51 39.05 43.40 43.76
4.27 7.66 2.78 2.36 41.83 39.29 43.68 44.40
4.21 7.72 2.70 2.19 41.91 39.26 43.83 44.74
4.07 7.48 2.71 2.01 42.04 39.39 43.80 45.10
3.78 7.21 2.34 1.79 42.36 39.55 44.45 45.61
3.59 6.96 2.19 1.63 42.59 39.72 44.73 46.02
3.39 6.50 2.09 1.59 42.82 40.00 44.94 46.12
3.34 6.50 2.10 1.43 42.89 40.00 44.92 46.58
3.36 6.62 2.06 1.39 42.87 39.92 45.00 46.70
3.24 6.31 2.03 1.37 43.03 40.13 45.06 46.76
3.20 6.30 2.06 1.25 43.07 40.14 44.99 47.16
3.14 6.33 1.86 1.22 43.17 40.12 45.44 47.28
3.30 6.58 2.04 1.27 42.95 39.95 45.04 47.08
3.22 6.32 2.01 1.32 43.05 40.12 45.09 46.92
3.26 6.52 2.01 1.26 42.99 39.99 45.09 47.13
3.01 6.02 1.79 1.22 43.35 40.33 45.61 47.27
2.93 5.82 1.80 1.18 43.46 40.48 45.59 47.40
2.87 5.69 1.74 1.17 43.56 40.58 45.73 47.45
3.12 6.25 1.82 1.29 43.19 40.17 45.53 47.01
3.35 6.78 1.97 1.29 42.88 39.82 45.19 47.03
3.24 6.62 1.84 1.27 43.02 39.92 45.48 47.09
3.43 7.01 2.01 1.26 42.78 39.68 45.11 47.12
3.75 7.85 2.10 1.29 42.40 39.18 44.91 47.04
3.53 7.38 1.97 1.26 42.65 39.46 45.20 47.14
4.17 8.80 2.33 1.38 41.93 38.68 44.46 46.74
4.47 9.57 2.43 1.40 41.63 38.32 44.28 46.67
4.43 9.60 2.38 1.30 41.67 38.31 44.35 46.99
3.81 8.19 2.06 1.16 42.33 39.00 44.99 47.48
3.47 7.48 1.86 1.06 42.73 39.39 45.44 47.85
3.19 6.83 1.72 1.02 43.09 39.79 45.76 48.05
2.77 6.00 1.54 0.79 43.70 40.35 46.27 49.17
2.40 5.13 1.41 0.66 44.33 41.03 46.65 49.95
2.22 4.80 1.28 0.57 44.67 41.32 47.04 50.60
2.11 4.59 1.21 0.54 44.88 41.51 47.32 50.79
2.01 4.47 1.14 0.41 45.11 41.63 47.56 51.99
1.95 4.31 1.13 0.41 45.23 41.79 47.61 51.96
1.91 4.17 1.14 0.42 45.32 41.93 47.57 51.93
1.92 4.10 1.14 0.53 45.29 42.01 47.56 50.91
2.04 4.27 1.24 0.59 45.04 41.82 47.19 50.42
1.87 3.97 1.13 0.52 45.41 42.14 47.61 50.99
1.73 3.70 1.03 0.46 45.75 42.45 48.01 51.48
1.70 3.63 1.03 0.45 45.83 42.54 48.01 51.57
1.71 3.67 1.02 0.45 45.80 42.49 48.03 51.63
1.84 3.92 1.09 0.51 45.49 42.20 47.76 51.09
1.92 4.10 1.16 0.51 45.29 42.00 47.49 51.05
1.83 3.90 1.09 0.50 45.51 42.23 47.76 51.11
1.76 3.78 1.03 0.49 45.66 42.36 47.99 51.25
1.75 3.73 1.05 0.48 45.69 42.41 47.92 51.30
1.76 3.78 1.02 0.49 45.67 42.36 48.03 51.23
1.90 4.08 1.08 0.53 45.35 42.02 47.79 50.88
2.25 4.83 1.23 0.69 44.62 41.29 47.26 49.77
2.41 5.11 1.32 0.82 44.30 41.05 46.93 49.01
2.70 5.67 1.44 0.98 43.82 40.60 46.53 48.22
3.34 6.99 1.83 1.20 42.89 39.68 45.51 47.32
3.43 6.99 1.97 1.34 42.77 39.68 45.19 46.87
3.72 7.62 2.12 1.41 42.43 39.31 44.86 46.64
4.37 8.89 2.58 1.64 41.72 38.64 44.01 45.97
4.16 8.50 2.42 1.57 41.93 38.84 44.30 46.16
4.13 8.54 2.41 1.44 41.97 38.82 44.32 46.54
3.49 7.20 2.03 1.24 42.70 39.56 45.05 47.21
3.48 7.07 2.11 1.26 42.71 39.63 44.89 47.12
3.23 6.39 1.93 1.36 43.04 40.07 45.27 46.79
3.24 6.30 1.95 1.47 43.03 40.14 45.24 46.45
3.11 5.99 1.91 1.42 43.21 40.35 45.33 46.61
2.78 5.25 1.73 1.36 43.69 40.93 45.74 46.81
2.46 4.55 1.55 1.30 44.21 41.56 46.23 46.99
2.60 4.71 1.64 1.44 43.98 41.40 45.98 46.54
