5.98 12.72 3.11 2.11 40.36 37.08 43.20 44.89
6.34 13.82 2.98 2.22 40.11 36.73 43.38 44.66
6.54 14.39 3.05 2.17 39.98 36.55 43.29 44.77
6.01 13.08 2.93 2.03 40.34 36.97 43.46 45.06
6.69 14.55 3.30 2.23 39.87 36.50 42.95 44.64
6.93 15.30 3.24 2.26 39.72 36.28 43.02 44.59
7.32 16.06 3.48 2.41 39.49 36.07 42.72 44.31
7.99 17.60 3.83 2.53 39.11 35.67 42.29 44.10
7.28 16.07 3.41 2.37 39.51 36.07 42.80 44.39
7.20 15.61 3.40 2.58 39.56 36.20 42.81 44.01
8.29 17.74 3.83 3.30 38.95 35.64 42.30 42.95
7.27 16.00 3.18 2.63 39.52 36.09 43.11 43.94
7.73 17.26 3.42 2.51 39.25 35.76 42.79 44.13
9.10 20.23 4.24 2.82 38.54 35.07 41.85 43.62
8.70 19.54 3.80 2.76 38.74 35.22 42.33 43.73
8.70 19.69 3.75 2.66 38.74 35.19 42.39 43.89
8.74 20.17 3.80 2.24 38.72 35.08 42.33 44.62
9.39 21.77 4.07 2.33 38.40 34.75 42.03 44.45
9.65 22.20 4.16 2.59 38.28 34.67 41.94 44.00
9.77 22.63 4.02 2.67 38.23 34.58 42.08 43.86
10.00 22.81 4.58 2.60 38.13 34.55 41.53 43.98
8.18 18.90 3.41 2.22 39.01 35.37 42.81 44.67
7.20 17.04 2.96 1.59 39.56 35.82 43.41 46.12
5.80 13.71 2.43 1.25 40.50 36.76 44.27 47.15
5.07 12.23 2.11 0.88 41.08 37.26 44.89 48.68
4.85 11.94 1.86 0.76 41.27 37.36 45.44 49.31
4.59 11.45 1.56 0.76 41.51 37.54 46.20 49.33
4.80 11.79 1.73 0.88 41.32 37.41 45.74 48.71
4.71 11.50 1.77 0.87 41.40 37.52 45.66 48.77
4.75 11.66 1.67 0.91 41.37 37.47 45.92 48.53
2.46 5.19 1.35 0.85 44.22 40.98 46.84 48.84
2.39 4.99 1.33 0.84 44.36 41.15 46.89 48.92
2.39 4.97 1.33 0.88 44.34 41.17 46.89 48.69
2.43 5.12 1.33 0.83 44.28 41.04 46.90 48.94
2.35 4.98 1.29 0.78 44.42 41.16 47.02 49.23
2.35 5.00 1.27 0.76 44.43 41.14 47.08 49.32
2.32 5.00 1.25 0.72 44.47 41.14 47.16 49.56
2.30 4.91 1.27 0.72 44.52 41.23 47.09 49.54
2.15 4.60 1.17 0.67 44.81 41.51 47.46 49.84
1.95 4.31 1.00 0.52 45.23 41.78 48.12 50.92
1.80 4.12 0.89 0.39 45.57 41.98 48.63 52.22
1.71 3.90 0.87 0.36 45.80 42.22 48.75 52.53
1.86 4.04 1.02 0.50 45.44 42.06 48.04 51.11
2.10 4.52 1.20 0.58 44.90 41.57 47.33 50.51
2.25 4.86 1.30 0.60 44.60 41.27 46.98 50.36
2.27 4.83 1.37 0.61 44.57 41.29 46.75 50.28
2.24 4.77 1.32 0.62 44.63 41.34 46.92 50.23
2.37 5.09 1.45 0.57 44.38 41.07 46.50 50.61
2.45 5.28 1.52 0.54 44.24 40.91 46.31 50.79
2.60 5.50 1.59 0.69 43.99 40.72 46.11 49.73
2.55 5.45 1.53 0.66 44.07 40.76 46.28 49.92
2.59 5.55 1.51 0.72 43.99 40.69 46.34 49.59
2.40 5.15 1.38 0.65 44.34 41.01 46.73 49.96
2.17 4.61 1.29 0.62 44.76 41.49 47.04 50.18
2.02 4.23 1.24 0.59 45.08 41.87 47.19 50.41
1.98 4.07 1.32 0.56 45.16 42.04 46.94 50.61
1.65 3.41 1.05 0.51 45.95 42.81 47.93 51.10
1.58 3.28 0.99 0.48 46.14 42.97 48.20 51.35
1.50 3.11 0.94 0.45 46.38 43.21 48.42 51.62
1.64 3.42 0.99 0.50 45.99 42.79 48.16 51.17
1.75 3.66 1.12 0.46 45.71 42.49 47.64 51.49
1.79 3.77 1.14 0.46 45.60 42.37 47.57 51.49
1.64 3.42 1.07 0.45 45.97 42.80 47.85 51.59
1.53 3.28 0.97 0.33 46.29 42.98 48.25 52.87
1.43 3.05 0.91 0.33 46.57 43.29 48.52 52.92
1.52 3.24 0.96 0.35 46.32 43.02 48.32 52.63
1.73 3.59 1.11 0.48 45.75 42.58 47.66 51.29
1.69 3.53 1.09 0.46 45.84 42.65 47.76 51.52
1.52 3.13 1.01 0.43 46.30 43.17 48.09 51.81
1.55 3.27 1.00 0.36 46.24 42.98 48.15 52.53
1.52 3.22 0.98 0.35 46.32 43.06 48.21 52.66
1.45 3.07 0.95 0.34 46.51 43.26 48.37 52.77
1.57 3.22 1.03 0.45 46.19 43.06 48.02 51.57
1.48 3.03 0.98 0.42 46.43 43.32 48.21 51.88
1.50 3.11 0.96 0.42 46.38 43.20 48.32 51.87
1.84 3.71 1.27 0.52 45.49 42.43 47.09 50.94
2.12 4.15 1.46 0.76 44.86 41.95 46.48 49.35
2.44 4.53 1.73 1.06 44.26 41.57 45.74 47.89
2.63 4.86 1.70 1.33 43.93 41.26 45.83 46.90
2.97 5.35 1.94 1.62 43.41 40.85 45.26 46.05
3.05 5.37 2.04 1.74 43.29 40.83 45.03 45.72
2.99 5.06 2.04 1.85 43.38 41.09 45.03 45.45
2.91 4.86 2.08 1.80 43.49 41.27 44.95 45.57
2.72 4.46 1.90 1.81 43.78 41.64 45.34 45.56
2.70 4.40 1.96 1.74 43.82 41.70 45.21 45.73
2.55 4.19 1.71 1.75 44.06 41.90 45.80 45.69
2.68 4.20 1.96 1.87 43.85 41.90 45.21 45.41
2.58 4.09 1.81 1.83 44.01 42.01 45.55 45.50
2.40 3.75 1.69 1.76 44.32 42.38 45.85 45.67
2.37 3.77 1.61 1.73 44.38 42.37 46.07 45.75
2.47 4.04 1.54 1.81 44.21 42.07 46.25 45.54
2.75 4.70 1.77 1.80 43.73 41.42 45.66 45.59
2.76 4.46 1.79 2.01 43.73 41.64 45.59 45.09
2.76 4.51 1.86 1.92 43.72 41.60 45.45 45.29
2.51 4.02 1.57 1.95 44.13 42.09 46.18 45.24
2.45 3.98 1.53 1.84 44.25 42.14 46.30 45.48
2.30 3.73 1.40 1.79 44.51 42.42 46.69 45.61
2.97 4.92 2.01 1.99 43.40 41.21 45.11 45.14
2.97 4.91 1.96 2.03 43.41 41.22 45.21 45.05
3.07 4.97 2.15 2.09 43.26 41.17 44.81 44.93
2.90 4.56 2.09 2.05 43.51 41.54 44.93 45.02
2.96 4.69 2.16 2.00 43.43 41.42 44.78 45.12
3.30 5.29 2.42 2.21 42.94 40.90 44.30 44.70
3.39 5.59 2.56 2.03 42.83 40.66 44.06 45.06
3.54 5.97 2.76 1.87 42.65 40.37 43.72 45.42
3.79 6.57 2.74 2.06 42.35 39.96 43.76 45.00
4.07 7.15 2.79 2.27 42.04 39.59 43.68 44.57
3.94 6.69 2.82 2.31 42.18 39.88 43.62 44.50
4.00 6.94 2.78 2.29 42.11 39.72 43.70 44.54
4.73 8.38 3.30 2.53 41.38 38.90 42.95 44.10
4.89 8.62 3.33 2.74 41.23 38.78 42.92 43.76
4.62 8.15 3.03 2.70 41.48 39.02 43.32 43.82
4.60 8.18 2.98 2.63 41.51 39.00 43.39 43.93
4.28 7.81 2.60 2.42 41.82 39.20 43.98 44.30
4.03 7.38 2.45 2.27 42.08 39.45 44.24 44.57
3.92 6.95 2.55 2.28 42.19 39.71 44.07 44.56
3.61 6.54 2.11 2.19 42.55 39.97 44.89 44.74
3.05 5.56 1.75 1.84 43.28 40.68 45.69 45.48
2.67 5.08 1.49 1.43 43.87 41.07 46.41 46.56
2.79 5.36 1.58 1.44 43.67 40.84 46.14 46.55
2.81 5.40 1.59 1.44 43.64 40.81 46.11 46.54
3.05 6.00 1.73 1.41 43.30 40.36 45.74 46.65
2.96 5.89 1.65 1.35 43.42 40.43 45.97 46.82
2.75 5.44 1.57 1.24 43.74 40.78 46.18 47.18
2.68 5.37 1.51 1.19 43.84 40.84 46.35 47.39
2.71 5.31 1.56 1.25 43.81 40.88 46.21 47.15
2.68 5.28 1.55 1.21 43.86 40.91 46.24 47.32
2.76 5.42 1.57 1.30 43.72 40.79 46.16 46.99
2.87 5.73 1.59 1.31 43.55 40.55 46.12 46.97
2.83 5.57 1.58 1.35 43.61 40.67 46.14 46.83
2.77 5.55 1.50 1.26 43.70 40.69 46.37 47.11
2.67 5.39 1.52 1.11 43.86 40.82 46.31 47.67
2.88 5.89 1.60 1.13 43.54 40.43 46.08 47.60
3.03 6.27 1.66 1.15 43.32 40.15 45.93 47.50
3.17 6.61 1.73 1.17 43.12 39.93 45.75 47.44
3.08 6.36 1.69 1.20 43.24 40.10 45.85 47.33
3.50 7.29 1.92 1.28 42.70 39.50 45.31 47.06
3.79 8.05 2.03 1.30 42.34 39.08 45.07 47.00
4.09 8.85 2.16 1.27 42.01 38.66 44.79 47.09
4.15 9.12 2.16 1.17 41.95 38.53 44.78 47.43
4.20 9.20 2.24 1.16 41.90 38.49 44.62 47.49
3.91 8.61 2.03 1.08 42.22 38.78 45.06 47.78
3.50 7.77 1.75 0.98 42.69 39.23 45.71 48.23
3.08 6.78 1.56 0.91 43.24 39.82 46.19 48.53
3.03 6.72 1.54 0.84 43.31 39.85 46.26 48.89
2.64 5.93 1.36 0.64 43.91 40.40 46.80 50.06
2.27 5.12 1.18 0.49 44.58 41.03 47.39 51.21
2.20 5.01 1.15 0.44 44.71 41.13 47.53 51.71
2.21 5.05 1.16 0.43 44.68 41.10 47.47 51.78
2.25 5.14 1.19 0.43 44.60 41.02 47.37 51.76
2.33 5.27 1.27 0.44 44.46 40.92 47.08 51.68
2.38 5.43 1.27 0.45 44.36 40.78 47.11 51.62
2.27 5.19 1.20 0.43 44.56 40.98 47.34 51.76
2.00 4.53 1.11 0.36 45.12 41.57 47.68 52.58
1.97 4.50 1.07 0.36 45.18 41.60 47.85 52.60
2.14 4.97 1.10 0.35 44.83 41.17 47.72 52.70
2.21 5.03 1.17 0.45 44.68 41.12 47.44 51.64
2.25 5.08 1.20 0.49 44.60 41.08 47.36 51.24
2.18 4.96 1.13 0.46 44.74 41.18 47.59 51.56
2.07 4.68 1.08 0.44 44.98 41.43 47.79 51.71
2.02 4.54 1.08 0.44 45.08 41.56 47.80 51.72
1.93 4.31 1.10 0.39 45.27 41.78 47.74 52.21
1.89 4.25 1.10 0.33 45.36 41.85 47.72 52.93
2.07 4.65 1.20 0.36 44.97 41.46 47.33 52.54
2.25 5.04 1.31 0.41 44.60 41.11 46.95 52.06
2.38 5.34 1.37 0.44 44.36 40.85 46.76 51.75
2.55 5.72 1.48 0.44 44.07 40.56 46.41 51.68
2.64 5.92 1.53 0.46 43.92 40.41 46.29 51.47
2.76 6.28 1.54 0.47 43.72 40.15 46.26 51.41
2.92 6.62 1.63 0.50 43.48 39.92 46.00 51.16
2.82 6.33 1.63 0.50 43.63 40.12 46.02 51.17
2.71 6.06 1.57 0.49 43.81 40.31 46.17 51.24
2.36 5.23 1.41 0.44 44.40 40.94 46.64 51.72
2.17 4.71 1.37 0.42 44.77 41.40 46.76 51.90
2.11 4.58 1.33 0.43 44.88 41.52 46.90 51.76
1.93 4.17 1.22 0.39 45.28 41.93 47.27 52.20
1.77 3.85 1.10 0.34 45.66 42.27 47.71 52.80
1.51 3.25 1.02 0.27 46.33 43.02 48.03 53.89
1.49 3.11 1.00 0.34 46.42 43.21 48.11 52.82
1.49 3.06 0.97 0.44 46.40 43.27 48.26 51.73
1.68 3.38 1.12 0.55 45.87 42.84 47.64 50.75
1.74 3.48 1.16 0.60 45.71 42.72 47.48 50.38
1.69 3.33 1.13 0.60 45.86 42.91 47.61 50.34
1.64 3.25 1.08 0.59 45.99 43.02 47.81 50.41
1.66 3.31 1.10 0.57 45.94 42.94 47.72 50.59
1.72 3.45 1.15 0.55 45.78 42.75 47.51 50.76
1.87 3.78 1.23 0.60 45.41 42.36 47.23 50.34
1.86 3.66 1.30 0.62 45.44 42.49 47.01 50.21
1.70 3.41 1.12 0.57 45.83 42.80 47.64 50.61
1.68 3.40 1.08 0.54 45.89 42.81 47.78 50.82
1.64 3.33 1.07 0.52 45.98 42.91 47.83 50.94
1.64 3.35 1.06 0.51 45.98 42.88 47.90 51.04
1.69 3.44 1.11 0.53 45.85 42.77 47.67 50.91
1.69 3.46 1.06 0.54 45.86 42.74 47.86 50.77
1.76 3.53 1.13 0.63 45.66 42.65 47.59 50.11
2.23 4.48 1.52 0.70 44.64 41.62 46.31 49.67
2.20 4.31 1.51 0.77 44.71 41.78 46.35 49.26
2.64 5.08 1.80 1.05 43.91 41.07 45.57 47.92
2.80 5.22 1.92 1.26 43.66 40.95 45.30 47.11
2.97 5.13 2.03 1.76 43.40 41.03 45.07 45.68
3.10 5.20 2.09 2.00 43.22 40.97 44.92 45.12
2.91 4.73 2.08 1.91 43.50 41.38 44.95 45.32
2.42 3.80 1.73 1.74 44.29 42.34 45.76 45.72
2.24 3.45 1.62 1.66 44.62 42.75 46.03 45.94
2.19 3.43 1.54 1.59 44.74 42.78 46.27 46.11
2.34 3.60 1.68 1.72 44.44 42.57 45.87 45.77
2.40 3.80 1.67 1.73 44.33 42.33 45.90 45.75
2.37 3.73 1.61 1.78 44.38 42.42 46.05 45.63
2.76 4.37 2.13 1.78 43.72 41.73 44.85 45.61
3.12 4.96 2.49 1.91 43.19 41.18 44.16 45.32
2.89 4.67 2.21 1.79 43.52 41.44 44.68 45.60
3.07 5.07 2.29 1.85 43.26 41.08 44.54 45.46
3.05 5.11 2.17 1.88 43.28 41.05 44.76 45.39
3.15 5.18 2.27 1.99 43.15 40.99 44.58 45.14
3.37 5.67 2.46 1.97 42.86 40.60 44.23 45.18
3.20 5.31 2.35 1.95 43.08 40.88 44.41 45.23
3.32 5.55 2.48 1.92 42.93 40.69 44.20 45.29
3.43 5.73 2.58 1.98 42.78 40.55 44.01 45.16
3.39 5.53 2.67 1.98 42.83 40.71 43.88 45.17
3.45 5.69 2.59 2.07 42.75 40.58 44.00 44.97
3.26 5.55 2.38 1.86 42.99 40.68 44.36 45.44
3.51 5.94 2.64 1.95 42.68 40.39 43.92 45.22
3.39 5.56 2.59 2.01 42.83 40.68 44.00 45.09
3.87 6.59 2.80 2.21 42.26 39.94 43.66 44.68
3.91 6.51 2.85 2.36 42.21 40.00 43.58 44.40
4.34 7.34 3.23 2.46 41.75 39.48 43.04 44.22
4.29 7.38 2.88 2.62 41.80 39.45 43.53 43.95
4.34 7.19 3.20 2.62 41.76 39.56 43.08 43.95
4.95 8.60 3.47 2.78 41.18 38.78 42.72 43.69
5.45 9.49 3.75 3.12 40.77 38.36 42.39 43.20
5.84 10.31 3.86 3.36 40.47 38.00 42.27 42.87
5.62 9.86 3.69 3.31 40.63 38.19 42.46 42.93
5.20 9.05 3.39 3.18 40.97 38.57 42.84 43.11
4.82 8.49 3.08 2.90 41.30 38.84 43.24 43.52
4.41 7.93 2.83 2.48 41.68 39.14 43.61 44.19
4.54 8.36 2.89 2.39 41.56 38.92 43.53 44.36
4.23 7.79 2.78 2.13 41.87 39.22 43.69 44.86
3.89 7.43 2.38 1.85 42.23 39.42 44.37 45.45
3.78 7.32 2.30 1.73 42.36 39.49 44.52 45.74
3.47 6.66 2.13 1.63 42.73 39.90 44.85 46.01
3.40 6.63 2.13 1.46 42.81 39.92 44.86 46.50
3.46 6.84 2.11 1.43 42.74 39.78 44.89 46.58
3.31 6.44 2.08 1.41 42.93 40.04 44.95 46.65
3.30 6.51 2.12 1.27 42.95 40.00 44.88 47.11
3.19 6.45 1.89 1.23 43.09 40.03 45.35 47.22
3.39 6.78 2.08 1.29 42.84 39.82 44.96 47.01
3.29 6.47 2.06 1.35 42.96 40.02 44.99 46.84
3.35 6.71 2.04 1.29 42.88 39.86 45.03 47.01
3.02 6.05 1.79 1.22 43.33 40.32 45.60 47.28
2.94 5.85 1.80 1.18 43.44 40.46 45.58 47.40
2.90 5.75 1.75 1.20 43.51 40.53 45.70 47.35
3.21 6.44 1.87 1.32 43.07 40.04 45.41 46.91
3.41 6.91 2.01 1.32 42.80 39.73 45.10 46.93
3.31 6.77 1.89 1.26 42.93 39.82 45.37 47.11
3.49 7.18 2.05 1.25 42.70 39.57 45.02 47.17
3.81 8.03 2.12 1.28 42.32 39.09 44.88 47.06
3.60 7.57 1.99 1.25 42.56 39.34 45.13 47.15
4.21 8.88 2.36 1.38 41.89 38.65 44.39 46.72
4.51 9.65 2.46 1.42 41.59 38.29 44.22 46.60
4.46 9.65 2.42 1.31 41.64 38.29 44.30 46.95
3.90 8.37 2.12 1.19 42.22 38.90 44.86 47.37
3.50 7.51 1.90 1.09 42.69 39.37 45.35 47.76
3.22 6.87 1.74 1.04 43.06 39.76 45.71 47.96
2.85 6.16 1.56 0.82 43.59 40.24 46.20 49.00
2.45 5.26 1.41 0.67 44.25 40.92 46.62 49.89
2.26 4.90 1.31 0.58 44.59 41.23 46.97 50.50
2.17 4.71 1.23 0.56 44.78 41.41 47.23 50.68
2.03 4.50 1.17 0.42 45.06 41.60 47.46 51.93
1.98 4.40 1.14 0.41 45.15 41.70 47.57 51.97
1.94 4.24 1.17 0.42 45.25 41.86 47.46 51.91
1.96 4.17 1.16 0.53 45.22 41.93 47.48 50.88
2.10 4.42 1.26 0.62 44.90 41.68 47.11 50.17
1.93 4.08 1.15 0.54 45.29 42.03 47.50 50.80
1.75 3.74 1.04 0.48 45.70 42.41 47.95 51.34
1.72 3.67 1.04 0.46 45.77 42.49 47.96 51.46
1.72 3.68 1.03 0.46 45.77 42.48 48.00 51.53
1.90 4.04 1.11 0.54 45.35 42.06 47.69 50.81
2.01 4.27 1.21 0.55 45.10 41.83 47.32 50.75
1.90 4.02 1.14 0.53 45.35 42.09 47.55 50.94
1.82 3.91 1.04 0.53 45.52 42.21 47.96 50.93
1.82 3.88 1.08 0.52 45.52 42.25 47.80 51.00
1.83 3.91 1.06 0.53 45.50 42.21 47.90 50.90
1.97 4.22 1.13 0.56 45.19 41.88 47.60 50.67
2.34 5.03 1.27 0.72 44.44 41.11 47.10 49.57
2.50 5.30 1.35 0.85 44.16 40.89 46.82 48.86
2.77 5.82 1.48 1.01 43.71 40.48 46.43 48.09
3.42 7.17 1.86 1.22 42.79 39.58 45.42 47.25
3.50 7.14 1.99 1.36 42.70 39.60 45.13 46.80
3.92 8.03 2.21 1.51 42.20 39.08 44.69 46.34
4.48 9.16 2.63 1.67 41.61 38.51 43.94 45.92
4.20 8.60 2.45 1.57 41.89 38.78 44.25 46.18
4.15 8.62 2.39 1.44 41.95 38.78 44.35 46.55
3.52 7.33 2.02 1.22 42.66 39.48 45.09 47.26
3.51 7.19 2.10 1.25 42.67 39.56 44.92 47.16
3.26 6.51 1.93 1.35 42.99 40.00 45.27 46.82
3.28 6.45 1.94 1.46 42.97 40.04 45.26 46.48
3.17 6.15 1.94 1.42 43.12 40.24 45.25 46.59
2.88 5.50 1.76 1.38 43.54 40.72 45.68 46.75
2.51 4.63 1.57 1.33 44.14 41.47 46.17 46.91
2.61 4.73 1.63 1.46 43.97 41.38 46.02 46.48
