5.98 12.72 3.11 2.11 40.36 37.08 43.20 44.89
6.34 13.82 2.98 2.22 40.11 36.73 43.38 44.66
6.54 14.39 3.05 2.17 39.98 36.55 43.29 44.77
6.01 13.08 2.93 2.03 40.34 36.97 43.46 45.06
6.69 14.55 3.30 2.23 39.87 36.50 42.95 44.64
6.93 15.30 3.24 2.26 39.72 36.28 43.02 44.59
7.32 16.06 3.48 2.41 39.49 36.07 42.72 44.31
7.99 17.60 3.83 2.53 39.11 35.67 42.29 44.10
7.28 16.07 3.41 2.37 39.51 36.07 42.80 44.39
7.20 15.61 3.40 2.58 39.56 36.20 42.81 44.01
8.29 17.74 3.83 3.30 38.95 35.64 42.30 42.95
7.27 16.00 3.18 2.63 39.52 36.09 43.11 43.94
7.73 17.26 3.42 2.51 39.25 35.76 42.79 44.13
9.10 20.23 4.24 2.82 38.54 35.07 41.85 43.62
8.70 19.54 3.80 2.76 38.74 35.22 42.33 43.73
8.70 19.69 3.75 2.66 38.74 35.19 42.39 43.89
8.74 20.17 3.80 2.24 38.72 35.08 42.33 44.62
9.39 21.77 4.07 2.33 38.40 34.75 42.03 44.45
9.65 22.20 4.16 2.59 38.28 34.67 41.94 44.00
9.77 22.63 4.02 2.67 38.23 34.58 42.08 43.86
10.00 22.81 4.58 2.60 38.13 34.55 41.53 43.98
8.18 18.90 3.41 2.22 39.01 35.37 42.81 44.67
7.20 17.04 2.96 1.59 39.56 35.82 43.41 46.12
5.80 13.71 2.43 1.25 40.50 36.76 44.27 47.15
5.07 12.23 2.11 0.88 41.08 37.26 44.89 48.68
4.85 11.94 1.86 0.76 41.27 37.36 45.45 49.31
4.58 11.43 1.56 0.76 41.52 37.55 46.20 49.33
4.81 11.79 1.73 0.88 41.31 37.41 45.74 48.67
4.70 11.49 1.77 0.86 41.41 37.53 45.65 48.76
4.74 11.65 1.68 0.90 41.37 37.47 45.88 48.60
2.56 5.45 1.38 0.86 44.04 40.76 46.75 48.81
2.55 5.38 1.39 0.87 44.07 40.83 46.70 48.73
2.62 5.52 1.39 0.93 43.96 40.71 46.68 48.44
2.65 5.62 1.41 0.91 43.91 40.64 46.64 48.55
2.53 5.37 1.35 0.85 44.10 40.83 46.82 48.82
2.55 5.45 1.35 0.84 44.08 40.77 46.84 48.90
2.51 5.45 1.32 0.78 44.12 40.77 46.91 49.21
2.46 5.31 1.31 0.75 44.22 40.88 46.95 49.34
2.24 4.84 1.18 0.70 44.63 41.28 47.41 49.70
2.05 4.57 1.03 0.56 45.00 41.53 47.99 50.68
1.87 4.30 0.91 0.39 45.42 41.79 48.57 52.16
1.77 4.07 0.88 0.37 45.65 42.04 48.69 52.49
1.90 4.14 1.04 0.52 45.34 41.96 47.97 50.96
2.17 4.65 1.24 0.61 44.77 41.46 47.17 50.30
2.33 5.01 1.35 0.62 44.47 41.13 46.85 50.20
2.31 4.88 1.41 0.63 44.50 41.24 46.65 50.12
2.26 4.81 1.35 0.62 44.59 41.31 46.83 50.20
2.41 5.17 1.48 0.58 44.31 40.99 46.45 50.45
2.49 5.35 1.55 0.55 44.17 40.84 46.21 50.73
2.64 5.58 1.61 0.71 43.92 40.66 46.07 49.63
2.59 5.53 1.55 0.67 44.00 40.70 46.23 49.84
2.64 5.65 1.54 0.74 43.91 40.61 46.27 49.43
2.45 5.25 1.42 0.68 44.24 40.93 46.61 49.81
2.21 4.69 1.30 0.64 44.69 41.42 46.97 50.10
2.07 4.34 1.27 0.61 44.97 41.75 47.11 50.26
2.04 4.24 1.32 0.58 45.03 41.86 46.95 50.51
1.70 3.56 1.04 0.51 45.82 42.61 47.96 51.06
1.63 3.39 1.00 0.48 46.02 42.83 48.12 51.28
1.53 3.19 0.96 0.45 46.28 43.09 48.31 51.64
1.69 3.55 1.02 0.48 45.86 42.63 48.04 51.27
1.77 3.74 1.12 0.46 45.64 42.40 47.66 51.47
1.85 3.94 1.15 0.47 45.45 42.18 47.52 51.41
1.72 3.61 1.09 0.45 45.79 42.56 47.76 51.61
1.58 3.44 0.99 0.33 46.13 42.77 48.18 52.95
1.49 3.21 0.92 0.34 46.40 43.07 48.49 52.84
1.57 3.38 0.97 0.35 46.18 42.85 48.27 52.62
1.80 3.78 1.14 0.49 45.57 42.36 47.56 51.19
1.76 3.72 1.10 0.46 45.68 42.44 47.71 51.46
1.58 3.31 1.01 0.44 46.13 42.94 48.10 51.72
1.60 3.42 1.01 0.37 46.10 42.80 48.10 52.49
1.56 3.34 1.00 0.36 46.18 42.89 48.13 52.63
1.51 3.22 0.96 0.34 46.35 43.05 48.31 52.77
1.61 3.32 1.04 0.46 46.07 42.92 47.95 51.52
1.52 3.14 0.99 0.43 46.31 43.16 48.19 51.78
1.54 3.23 0.97 0.43 46.25 43.04 48.28 51.82
1.87 3.80 1.28 0.53 45.42 42.34 47.06 50.91
2.13 4.17 1.47 0.75 44.85 41.93 46.45 49.37
2.46 4.57 1.76 1.04 44.23 41.54 45.68 47.94
2.64 4.91 1.69 1.33 43.91 41.22 45.85 46.88
3.01 5.48 1.95 1.60 43.34 40.74 45.24 46.08
3.11 5.52 2.06 1.74 43.21 40.71 44.99 45.72
3.03 5.18 2.05 1.86 43.32 40.99 45.01 45.45
2.96 4.95 2.12 1.82 43.41 41.18 44.87 45.52
2.77 4.57 1.92 1.82 43.71 41.53 45.30 45.53
2.75 4.50 1.98 1.75 43.74 41.60 45.16 45.69
2.60 4.31 1.73 1.75 43.98 41.79 45.74 45.70
2.71 4.30 1.97 1.87 43.80 41.80 45.18 45.42
2.63 4.20 1.85 1.83 43.94 41.91 45.45 45.50
2.48 3.92 1.72 1.79 44.20 42.21 45.77 45.60
2.53 4.12 1.69 1.78 44.10 41.99 45.84 45.63
2.55 4.19 1.61 1.85 44.07 41.91 46.06 45.46
2.90 4.97 1.84 1.87 43.52 41.16 45.48 45.41
2.90 4.72 1.89 2.08 43.51 41.40 45.35 44.94
2.92 4.79 1.94 2.02 43.48 41.33 45.25 45.08
2.64 4.25 1.63 2.05 43.91 41.84 46.01 45.02
2.59 4.28 1.59 1.91 43.99 41.82 46.11 45.33
2.42 3.99 1.43 1.84 44.30 42.12 46.59 45.49
3.07 5.12 2.04 2.04 43.26 41.04 45.04 45.04
3.04 5.08 1.99 2.06 43.30 41.08 45.15 44.99
3.14 5.12 2.17 2.13 43.16 41.04 44.77 44.85
2.88 4.56 2.08 2.01 43.53 41.54 44.95 45.10
3.10 4.95 2.23 2.12 43.22 41.19 44.64 44.87
3.38 5.44 2.45 2.26 42.84 40.78 44.24 44.58
3.46 5.75 2.56 2.06 42.74 40.53 44.04 45.00
3.61 6.14 2.81 1.90 42.55 40.25 43.65 45.34
3.91 6.82 2.81 2.11 42.21 39.79 43.65 44.88
4.16 7.33 2.82 2.33 41.94 39.48 43.63 44.46
4.02 6.88 2.85 2.34 42.08 39.75 43.59 44.43
4.07 7.11 2.80 2.31 42.03 39.61 43.65 44.49
4.83 8.55 3.35 2.59 41.29 38.81 42.88 44.00
4.95 8.70 3.37 2.77 41.19 38.73 42.86 43.70
4.69 8.25 3.08 2.73 41.42 38.96 43.24 43.76
4.66 8.32 3.02 2.64 41.45 38.93 43.34 43.91
4.35 7.94 2.66 2.44 41.75 39.13 43.88 44.25
4.07 7.46 2.47 2.29 42.03 39.40 44.21 44.53
4.02 7.16 2.60 2.30 42.09 39.58 43.98 44.52
3.72 6.77 2.16 2.24 42.42 39.83 44.79 44.63
3.21 5.92 1.86 1.86 43.06 40.41 45.43 45.43
2.82 5.43 1.56 1.45 43.63 40.78 46.19 46.51
3.02 5.89 1.67 1.49 43.34 40.43 45.90 46.41
3.11 6.08 1.73 1.51 43.22 40.31 45.76 46.32
3.37 6.78 1.86 1.48 42.86 39.83 45.45 46.44
3.31 6.72 1.78 1.42 42.95 39.87 45.64 46.61
3.19 6.53 1.73 1.32 43.11 40.00 45.77 46.94
2.84 5.75 1.56 1.21 43.61 40.55 46.20 47.31
2.92 5.84 1.62 1.30 43.48 40.48 46.04 46.98
2.80 5.62 1.55 1.22 43.67 40.65 46.22 47.28
3.13 6.31 1.70 1.37 43.19 40.15 45.82 46.76
3.21 6.50 1.71 1.41 43.07 40.01 45.81 46.63
3.12 6.26 1.69 1.40 43.20 40.17 45.85 46.66
3.10 6.31 1.61 1.38 43.22 40.14 46.06 46.74
3.00 6.16 1.63 1.20 43.37 40.24 46.03 47.36
3.21 6.66 1.76 1.22 43.07 39.91 45.67 47.26
3.44 7.28 1.79 1.26 42.78 39.53 45.62 47.12
3.53 7.46 1.85 1.27 42.66 39.41 45.46 47.10
3.36 7.01 1.79 1.26 42.88 39.68 45.60 47.12
3.75 7.89 2.02 1.35 42.40 39.18 45.09 46.84
4.02 8.60 2.11 1.34 42.10 38.80 44.89 46.85
4.37 9.51 2.27 1.33 41.74 38.36 44.58 46.90
4.36 9.57 2.27 1.23 41.74 38.32 44.56 47.23
4.47 9.86 2.37 1.19 41.64 38.21 44.39 47.38
4.13 9.12 2.14 1.11 41.98 38.53 44.83 47.68
3.66 8.13 1.84 1.00 42.50 39.03 45.49 48.13
3.28 7.24 1.65 0.94 42.98 39.53 45.96 48.40
3.24 7.21 1.63 0.87 43.03 39.55 46.02 48.75
2.81 6.34 1.42 0.67 43.64 40.11 46.60 49.86
2.41 5.47 1.24 0.51 44.31 40.75 47.21 51.02
2.34 5.39 1.19 0.45 44.43 40.82 47.36 51.57
2.35 5.37 1.23 0.45 44.42 40.83 47.24 51.60
2.42 5.58 1.25 0.45 44.28 40.67 47.17 51.57
2.49 5.65 1.34 0.46 44.17 40.61 46.84 51.48
2.54 5.78 1.36 0.47 44.08 40.51 46.81 51.39
2.42 5.51 1.30 0.46 44.29 40.72 47.01 51.51
2.20 5.02 1.21 0.39 44.69 41.12 47.32 52.20
2.15 4.89 1.18 0.40 44.80 41.24 47.42 52.13
2.32 5.37 1.20 0.39 44.48 40.83 47.34 52.26
2.37 5.39 1.24 0.47 44.38 40.81 47.19 51.38
2.38 5.38 1.26 0.50 44.37 40.83 47.14 51.17
2.34 5.34 1.20 0.47 44.45 40.86 47.34 51.41
2.23 5.08 1.15 0.46 44.65 41.07 47.54 51.49
2.13 4.81 1.10 0.47 44.85 41.31 47.70 51.39
2.02 4.51 1.14 0.42 45.07 41.59 47.54 51.85
1.94 4.35 1.12 0.35 45.25 41.74 47.63 52.69
2.13 4.81 1.21 0.38 44.84 41.31 47.30 52.33
2.31 5.20 1.33 0.41 44.49 40.97 46.88 51.99
2.44 5.50 1.37 0.43 44.26 40.73 46.76 51.75
2.61 5.88 1.50 0.44 43.97 40.44 46.37 51.65
2.70 6.08 1.54 0.47 43.82 40.29 46.26 51.43
2.79 6.35 1.55 0.47 43.68 40.10 46.24 51.40
2.96 6.71 1.66 0.51 43.42 39.86 45.94 51.07
2.93 6.58 1.68 0.52 43.47 39.95 45.88 50.96
2.83 6.30 1.66 0.52 43.62 40.13 45.93 50.94
2.41 5.32 1.44 0.46 44.32 40.87 46.55 51.51
2.25 4.93 1.39 0.43 44.61 41.21 46.71 51.80
2.17 4.72 1.35 0.45 44.76 41.40 46.82 51.64
1.99 4.33 1.24 0.41 45.14 41.77 47.19 52.07
1.85 4.08 1.12 0.35 45.46 42.03 47.62 52.66
1.60 3.47 1.06 0.27 46.08 42.72 47.86 53.77
1.62 3.41 1.07 0.37 46.04 42.80 47.82 52.44
1.65 3.40 1.04 0.52 45.95 42.82 47.94 51.00
1.78 3.56 1.17 0.60 45.63 42.62 47.44 50.34
1.85 3.65 1.22 0.68 45.46 42.51 47.28 49.83
1.78 3.49 1.18 0.67 45.63 42.71 47.42 49.89
1.72 3.40 1.12 0.65 45.77 42.82 47.66 49.97
1.74 3.46 1.14 0.62 45.73 42.75 47.57 50.19
1.77 3.56 1.19 0.57 45.65 42.62 47.39 50.59
1.95 3.92 1.30 0.63 45.24 42.20 46.99 50.15
1.94 3.83 1.32 0.67 45.25 42.30 46.92 49.84
1.77 3.55 1.15 0.61 45.65 42.63 47.52 50.25
1.75 3.53 1.12 0.60 45.70 42.65 47.63 50.34
1.72 3.45 1.11 0.59 45.79 42.75 47.69 50.43
1.73 3.52 1.10 0.56 45.76 42.67 47.72 50.63
1.76 3.57 1.14 0.57 45.67 42.60 47.56 50.60
1.78 3.65 1.10 0.59 45.64 42.51 47.73 50.46
1.85 3.70 1.17 0.68 45.46 42.45 47.46 49.79
2.32 4.66 1.55 0.74 44.48 41.45 46.22 49.44
2.21 4.36 1.50 0.78 44.68 41.73 46.36 49.24
2.68 5.14 1.82 1.06 43.86 41.02 45.53 47.88
2.83 5.29 1.94 1.27 43.61 40.90 45.26 47.09
3.03 5.27 2.05 1.78 43.31 40.91 45.02 45.62
3.14 5.31 2.10 1.99 43.17 40.88 44.91 45.14
2.99 4.89 2.13 1.94 43.38 41.24 44.85 45.26
2.47 3.89 1.76 1.77 44.20 42.23 45.68 45.64
2.32 3.60 1.65 1.70 44.48 42.56 45.95 45.83
2.30 3.66 1.61 1.62 44.52 42.50 46.05 46.03
2.46 3.85 1.76 1.77 44.22 42.28 45.66 45.66
2.47 3.96 1.69 1.76 44.20 42.15 45.84 45.69
2.52 4.06 1.68 1.83 44.12 42.05 45.89 45.51
2.90 4.68 2.19 1.84 43.50 41.43 44.73 45.47
3.29 5.35 2.55 1.98 42.95 40.84 44.07 45.17
3.02 4.96 2.26 1.85 43.32 41.17 44.59 45.46
3.25 5.45 2.38 1.92 43.01 40.76 44.36 45.29
3.29 5.62 2.30 1.95 42.96 40.63 44.52 45.22
3.29 5.49 2.34 2.05 42.95 40.74 44.43 45.02
3.55 6.07 2.55 2.03 42.63 40.30 44.06 45.05
3.44 5.86 2.43 2.03 42.76 40.45 44.27 45.06
3.52 6.04 2.52 2.00 42.67 40.32 44.11 45.13
3.65 6.15 2.66 2.13 42.51 40.24 43.89 44.84
3.73 6.24 2.83 2.11 42.42 40.17 43.61 44.89
3.74 6.23 2.76 2.24 42.40 40.19 43.72 44.63
3.47 6.00 2.47 1.93 42.73 40.35 44.20 45.27
3.64 6.22 2.69 2.03 42.52 40.19 43.84 45.07
3.48 5.78 2.62 2.03 42.71 40.51 43.94 45.05
4.02 6.94 2.87 2.26 42.08 39.72 43.55 44.59
4.07 6.86 2.92 2.44 42.03 39.77 43.47 44.25
4.55 7.76 3.32 2.56 41.56 39.24 42.92 44.05
4.31 7.55 2.89 2.51 41.78 39.36 43.53 44.14
4.47 7.59 3.24 2.56 41.64 39.34 43.02 44.04
5.20 9.23 3.58 2.79 40.97 38.48 42.60 43.67
5.39 9.52 3.64 3.02 40.82 38.35 42.52 43.34
5.96 10.59 3.91 3.37 40.38 37.89 42.21 42.85
5.83 10.46 3.70 3.34 40.48 37.95 42.45 42.89
5.54 9.79 3.56 3.28 40.70 38.23 42.62 42.97
4.85 8.73 3.03 2.79 41.28 38.73 43.31 43.67
4.56 8.38 2.90 2.41 41.55 38.92 43.52 44.31
4.36 8.22 2.69 2.15 41.76 39.00 43.85 44.81
4.44 8.36 2.85 2.12 41.67 38.92 43.58 44.89
4.11 7.99 2.46 1.87 42.01 39.12 44.22 45.43
3.84 7.56 2.30 1.68 42.29 39.36 44.53 45.90
3.80 7.52 2.24 1.66 42.33 39.38 44.64 45.94
3.62 7.15 2.22 1.49 42.55 39.59 44.67 46.40
3.71 7.44 2.23 1.46 42.44 39.42 44.66 46.50
3.54 7.01 2.18 1.44 42.65 39.69 44.76 46.55
3.52 7.09 2.18 1.29 42.67 39.63 44.74 47.02
3.29 6.72 1.91 1.22 42.97 39.86 45.32 47.27
3.59 7.30 2.14 1.32 42.59 39.51 44.82 46.93
3.53 7.03 2.15 1.40 42.66 39.67 44.82 46.66
3.58 7.23 2.15 1.35 42.60 39.55 44.82 46.84
3.04 6.14 1.79 1.18 43.31 40.26 45.61 47.42
3.10 6.27 1.83 1.20 43.23 40.17 45.52 47.36
3.19 6.40 1.91 1.28 43.11 40.10 45.35 47.08
3.46 6.99 1.99 1.41 42.75 39.70 45.16 46.65
3.61 7.35 2.10 1.38 42.56 39.48 44.91 46.74
3.52 7.21 2.00 1.33 42.68 39.57 45.12 46.89
3.65 7.54 2.11 1.32 42.51 39.37 44.90 46.95
3.94 8.32 2.17 1.35 42.18 38.94 44.78 46.85
3.71 7.80 2.03 1.30 42.44 39.22 45.06 46.99
4.34 9.19 2.41 1.42 41.76 38.50 44.32 46.63
4.70 10.10 2.53 1.46 41.41 38.09 44.09 46.49
4.63 10.07 2.47 1.35 41.48 38.11 44.20 46.83
4.06 8.76 2.19 1.23 42.05 38.71 44.74 47.23
3.62 7.79 1.95 1.12 42.55 39.22 45.23 47.65
3.34 7.15 1.79 1.07 42.90 39.59 45.59 47.84
2.95 6.38 1.61 0.86 43.44 40.08 46.06 48.81
2.58 5.57 1.47 0.70 44.02 40.68 46.46 49.69
2.35 5.11 1.34 0.60 44.42 41.05 46.87 50.34
2.28 4.99 1.28 0.58 44.55 41.15 47.07 50.50
2.12 4.72 1.21 0.43 44.87 41.39 47.30 51.84
2.06 4.57 1.19 0.43 44.99 41.53 47.40 51.81
2.02 4.43 1.19 0.43 45.08 41.67 47.38 51.80
2.02 4.33 1.19 0.55 45.07 41.76 47.39 50.72
2.21 4.66 1.31 0.66 44.69 41.45 46.97 49.92
2.02 4.27 1.20 0.58 45.08 41.83 47.33 50.50
1.83 3.90 1.08 0.52 45.50 42.22 47.78 50.99
1.79 3.81 1.08 0.48 45.60 42.32 47.79 51.33
1.79 3.84 1.06 0.48 45.60 42.29 47.89 51.33
1.97 4.20 1.15 0.56 45.19 41.90 47.54 50.68
2.08 4.43 1.23 0.57 44.96 41.66 47.23 50.59
1.97 4.20 1.17 0.54 45.19 41.89 47.46 50.84
1.85 3.94 1.06 0.56 45.45 42.17 47.87 50.66
1.85 3.91 1.10 0.56 45.45 42.20 47.72 50.70
1.87 3.96 1.07 0.56 45.42 42.15 47.83 50.63
2.03 4.36 1.14 0.58 45.06 41.74 47.56 50.48
2.44 5.24 1.31 0.76 44.26 40.93 46.96 49.31
2.57 5.45 1.38 0.88 44.03 40.77 46.72 48.71
2.83 5.95 1.49 1.05 43.61 40.38 46.39 47.91
3.46 7.25 1.88 1.26 42.74 39.52 45.39 47.14
3.55 7.24 2.00 1.40 42.63 39.53 45.11 46.69
4.02 8.25 2.25 1.57 42.08 38.97 44.61 46.17
4.60 9.44 2.67 1.70 41.50 38.38 43.87 45.82
4.26 8.71 2.45 1.61 41.84 38.73 44.24 46.06
4.18 8.72 2.37 1.45 41.92 38.73 44.38 46.52
3.53 7.37 2.00 1.22 42.65 39.45 45.12 47.27
3.54 7.25 2.08 1.28 42.64 39.52 44.95 47.05
3.28 6.51 1.98 1.32 42.98 39.99 45.15 46.92
3.05 5.94 1.81 1.40 43.29 40.39 45.55 46.68
3.26 6.33 1.98 1.46 43.00 40.11 45.16 46.48
3.00 5.74 1.83 1.41 43.37 40.54 45.52 46.63
2.58 4.78 1.61 1.34 44.02 41.33 46.06 46.87
2.71 4.90 1.70 1.52 43.80 41.23 45.84 46.30
