5.98 12.72 3.11 2.11 40.36 37.08 43.20 44.89
6.34 13.82 2.98 2.22 40.11 36.73 43.38 44.66
6.54 14.39 3.05 2.17 39.98 36.55 43.29 44.77
6.01 13.08 2.93 2.03 40.34 36.97 43.46 45.06
6.69 14.55 3.30 2.23 39.87 36.50 42.95 44.64
6.93 15.30 3.24 2.26 39.72 36.28 43.02 44.59
7.32 16.06 3.48 2.41 39.49 36.07 42.72 44.31
7.99 17.60 3.83 2.53 39.11 35.67 42.29 44.10
7.28 16.07 3.41 2.37 39.51 36.07 42.80 44.39
7.20 15.61 3.40 2.58 39.56 36.20 42.81 44.01
8.29 17.74 3.83 3.30 38.95 35.64 42.30 42.95
7.27 16.00 3.18 2.63 39.52 36.09 43.11 43.94
7.73 17.26 3.42 2.51 39.25 35.76 42.79 44.13
9.10 20.23 4.24 2.82 38.54 35.07 41.85 43.62
8.70 19.54 3.80 2.76 38.74 35.22 42.33 43.73
8.70 19.69 3.75 2.66 38.74 35.19 42.39 43.89
8.74 20.17 3.80 2.24 38.72 35.08 42.33 44.62
9.39 21.77 4.07 2.33 38.40 34.75 42.03 44.45
9.65 22.20 4.16 2.59 38.28 34.67 41.94 44.00
9.77 22.63 4.02 2.67 38.23 34.58 42.08 43.86
10.00 22.81 4.58 2.60 38.13 34.55 41.53 43.98
8.18 18.90 3.41 2.22 39.01 35.37 42.81 44.67
7.20 17.04 2.96 1.59 39.56 35.82 43.41 46.12
5.80 13.71 2.43 1.25 40.50 36.76 44.27 47.15
5.07 12.23 2.11 0.88 41.08 37.26 44.89 48.68
4.85 11.94 1.86 0.76 41.27 37.36 45.44 49.31
4.59 11.44 1.56 0.76 41.52 37.55 46.20 49.33
4.81 11.81 1.74 0.88 41.31 37.41 45.74 48.70
4.71 11.50 1.78 0.86 41.40 37.52 45.64 48.78
4.74 11.63 1.67 0.91 41.37 37.47 45.91 48.53
2.50 5.28 1.35 0.87 44.15 40.90 46.81 48.75
2.47 5.19 1.35 0.86 44.20 40.98 46.82 48.78
2.51 5.25 1.37 0.91 44.14 40.93 46.76 48.53
2.52 5.34 1.36 0.87 44.11 40.86 46.79 48.76
2.45 5.17 1.36 0.82 44.24 41.00 46.81 48.98
2.47 5.27 1.33 0.80 44.21 40.91 46.91 49.09
2.44 5.27 1.30 0.74 44.27 40.92 47.00 49.42
2.37 5.11 1.28 0.73 44.38 41.05 47.06 49.47
2.20 4.75 1.18 0.69 44.69 41.36 47.41 49.74
2.01 4.48 1.02 0.54 45.09 41.62 48.05 50.82
1.84 4.23 0.90 0.39 45.48 41.87 48.57 52.22
1.75 4.01 0.88 0.36 45.70 42.10 48.70 52.53
1.88 4.10 1.04 0.51 45.38 42.00 47.96 51.04
2.14 4.58 1.23 0.60 44.84 41.52 47.22 50.38
2.30 4.93 1.33 0.63 44.52 41.20 46.88 50.17
2.30 4.87 1.39 0.63 44.52 41.25 46.68 50.16
2.25 4.77 1.35 0.63 44.61 41.34 46.81 50.16
2.40 5.14 1.46 0.58 44.34 41.02 46.47 50.48
2.46 5.30 1.53 0.55 44.22 40.89 46.28 50.75
2.62 5.56 1.60 0.71 43.94 40.68 46.11 49.61
2.60 5.55 1.55 0.69 43.99 40.69 46.22 49.78
2.63 5.61 1.54 0.75 43.93 40.64 46.26 49.38
2.43 5.18 1.43 0.68 44.27 40.99 46.57 49.77
2.22 4.69 1.31 0.65 44.67 41.42 46.94 50.00
2.05 4.28 1.26 0.62 45.01 41.82 47.14 50.22
2.00 4.11 1.32 0.59 45.11 41.99 46.94 50.47
1.68 3.46 1.06 0.51 45.89 42.74 47.88 51.02
1.61 3.32 1.01 0.49 46.07 42.92 48.11 51.20
1.52 3.14 0.97 0.46 46.31 43.16 48.29 51.53
1.67 3.49 1.03 0.50 45.90 42.70 48.02 51.17
1.74 3.63 1.12 0.47 45.73 42.54 47.63 51.43
1.79 3.76 1.14 0.47 45.60 42.38 47.58 51.37
1.65 3.42 1.08 0.45 45.96 42.79 47.81 51.60
1.53 3.28 0.97 0.34 46.28 42.97 48.24 52.79
1.44 3.05 0.92 0.34 46.56 43.30 48.49 52.76
1.52 3.23 0.97 0.36 46.32 43.04 48.29 52.58
1.75 3.62 1.14 0.50 45.70 42.54 47.56 51.18
1.70 3.56 1.08 0.47 45.82 42.62 47.79 51.44
1.53 3.15 1.00 0.45 46.27 43.15 48.11 51.65
1.55 3.28 1.00 0.37 46.23 42.97 48.15 52.47
1.52 3.22 0.99 0.36 46.30 43.05 48.17 52.58
1.46 3.08 0.96 0.34 46.48 43.24 48.33 52.79
1.57 3.22 1.04 0.46 46.15 43.05 47.95 51.46
1.49 3.06 0.98 0.43 46.40 43.28 48.22 51.79
1.53 3.18 0.97 0.43 46.30 43.11 48.28 51.79
1.85 3.73 1.27 0.53 45.47 42.41 47.08 50.93
2.13 4.17 1.44 0.77 44.85 41.93 46.54 49.28
2.43 4.53 1.72 1.05 44.27 41.57 45.77 47.91
2.62 4.87 1.66 1.33 43.95 41.26 45.92 46.89
2.96 5.37 1.93 1.60 43.41 40.83 45.27 46.10
3.07 5.41 2.04 1.74 43.27 40.80 45.04 45.72
2.99 5.08 2.04 1.84 43.38 41.07 45.03 45.48
2.93 4.90 2.09 1.81 43.45 41.23 44.92 45.56
2.72 4.46 1.90 1.80 43.79 41.64 45.35 45.57
2.71 4.40 1.97 1.74 43.81 41.69 45.18 45.72
2.55 4.17 1.72 1.75 44.07 41.93 45.79 45.70
2.68 4.19 1.96 1.88 43.85 41.91 45.20 45.40
2.57 4.10 1.81 1.81 44.02 42.00 45.55 45.56
2.44 3.81 1.73 1.77 44.26 42.32 45.77 45.65
2.44 3.92 1.66 1.75 44.26 42.20 45.94 45.71
2.52 4.11 1.61 1.84 44.12 41.99 46.08 45.49
2.84 4.87 1.83 1.84 43.59 41.26 45.51 45.48
2.86 4.62 1.90 2.08 43.56 41.48 45.36 44.95
2.89 4.75 1.93 1.99 43.51 41.36 45.27 45.13
2.63 4.21 1.64 2.03 43.93 41.89 45.98 45.05
2.55 4.19 1.59 1.89 44.06 41.91 46.13 45.37
2.40 3.92 1.44 1.84 44.33 42.20 46.56 45.49
3.06 5.10 2.05 2.03 43.27 41.05 45.02 45.05
3.04 5.05 2.00 2.06 43.30 41.09 45.13 44.99
3.14 5.09 2.18 2.14 43.17 41.06 44.74 44.83
2.88 4.56 2.07 2.03 43.53 41.54 44.98 45.07
3.09 4.95 2.22 2.11 43.23 41.19 44.67 44.88
3.38 5.41 2.45 2.26 42.85 40.80 44.23 44.58
3.45 5.73 2.57 2.04 42.76 40.55 44.04 45.04
3.60 6.09 2.81 1.87 42.58 40.28 43.64 45.40
3.89 6.77 2.79 2.10 42.24 39.83 43.67 44.92
4.13 7.31 2.81 2.29 41.97 39.49 43.64 44.53
4.01 6.86 2.84 2.34 42.10 39.77 43.60 44.44
4.06 7.07 2.78 2.32 42.05 39.64 43.69 44.47
4.81 8.55 3.33 2.55 41.31 38.81 42.91 44.07
4.93 8.66 3.37 2.76 41.20 38.76 42.86 43.71
4.67 8.22 3.06 2.73 41.44 38.98 43.27 43.77
4.63 8.25 3.00 2.65 41.47 38.97 43.36 43.90
4.32 7.88 2.66 2.42 41.78 39.17 43.89 44.29
4.06 7.44 2.45 2.28 42.05 39.41 44.23 44.55
4.00 7.13 2.59 2.29 42.11 39.60 44.00 44.53
3.69 6.69 2.15 2.23 42.46 39.87 44.81 44.65
3.15 5.74 1.81 1.88 43.15 40.54 45.56 45.38
2.73 5.22 1.54 1.44 43.77 40.95 46.26 46.56
2.88 5.56 1.62 1.47 43.54 40.68 46.03 46.47
2.88 5.55 1.62 1.48 43.53 40.68 46.05 46.43
3.14 6.24 1.75 1.44 43.16 40.18 45.69 46.56
3.05 6.12 1.66 1.38 43.29 40.27 45.94 46.75
2.86 5.73 1.58 1.25 43.57 40.55 46.13 47.15
2.67 5.37 1.48 1.17 43.86 40.83 46.42 47.46
2.73 5.39 1.56 1.24 43.77 40.82 46.20 47.18
2.67 5.30 1.51 1.19 43.87 40.89 46.33 47.37
2.89 5.78 1.59 1.32 43.52 40.51 46.13 46.94
2.98 5.96 1.62 1.35 43.39 40.38 46.03 46.82
2.89 5.72 1.59 1.35 43.53 40.56 46.11 46.82
2.89 5.86 1.51 1.31 43.52 40.46 46.33 46.97
2.79 5.69 1.55 1.15 43.67 40.58 46.24 47.53
3.01 6.20 1.67 1.18 43.34 40.21 45.91 47.42
3.21 6.71 1.71 1.21 43.07 39.86 45.81 47.30
3.32 6.99 1.77 1.21 42.92 39.69 45.66 47.28
3.19 6.62 1.72 1.24 43.09 39.92 45.77 47.22
3.59 7.50 1.95 1.32 42.58 39.38 45.24 46.94
3.87 8.23 2.05 1.32 42.26 38.98 45.02 46.92
4.19 9.08 2.19 1.30 41.91 38.55 44.73 46.99
4.25 9.31 2.22 1.21 41.85 38.44 44.66 47.32
4.27 9.37 2.27 1.17 41.83 38.41 44.56 47.46
3.99 8.81 2.08 1.09 42.12 38.68 44.96 47.75
3.55 7.87 1.80 0.98 42.63 39.17 45.60 48.22
3.17 6.97 1.61 0.92 43.12 39.70 46.05 48.50
3.15 6.99 1.61 0.85 43.15 39.69 46.07 48.82
2.75 6.15 1.41 0.66 43.75 40.24 46.63 49.91
2.35 5.33 1.22 0.50 44.42 40.87 47.28 51.10
2.27 5.20 1.18 0.44 44.56 40.97 47.40 51.67
2.30 5.25 1.20 0.44 44.52 40.93 47.34 51.67
2.36 5.41 1.23 0.45 44.40 40.80 47.24 51.62
2.46 5.58 1.33 0.45 44.23 40.66 46.89 51.57
2.51 5.71 1.34 0.47 44.14 40.57 46.87 51.44
2.39 5.43 1.27 0.45 44.36 40.78 47.11 51.57
2.16 4.92 1.18 0.38 44.78 41.21 47.41 52.29
2.12 4.80 1.15 0.39 44.88 41.32 47.53 52.19
2.29 5.31 1.17 0.38 44.54 40.88 47.43 52.33
2.34 5.32 1.24 0.46 44.44 40.88 47.20 51.49
2.36 5.33 1.25 0.50 44.40 40.86 47.15 51.17
2.30 5.26 1.19 0.46 44.51 40.92 47.37 51.46
2.21 5.04 1.12 0.46 44.69 41.11 47.62 51.53
2.10 4.75 1.08 0.46 44.91 41.36 47.78 51.49
2.00 4.46 1.13 0.41 45.12 41.63 47.62 52.05
1.93 4.35 1.11 0.34 45.27 41.75 47.68 52.85
2.13 4.80 1.21 0.37 44.86 41.32 47.29 52.49
2.32 5.21 1.33 0.41 44.48 40.96 46.89 52.00
2.44 5.50 1.37 0.43 44.27 40.72 46.77 51.76
2.61 5.88 1.51 0.44 43.97 40.44 46.34 51.68
2.69 6.05 1.54 0.47 43.84 40.31 46.25 51.43
2.78 6.34 1.54 0.47 43.69 40.11 46.27 51.44
2.94 6.69 1.65 0.50 43.44 39.88 45.97 51.18
2.91 6.54 1.68 0.51 43.50 39.98 45.89 51.09
2.82 6.28 1.66 0.51 43.64 40.15 45.94 51.02
2.38 5.27 1.43 0.45 44.36 40.91 46.59 51.64
2.21 4.82 1.38 0.42 44.70 41.30 46.75 51.90
2.16 4.69 1.34 0.44 44.79 41.42 46.86 51.72
1.99 4.33 1.23 0.40 45.15 41.77 47.22 52.16
1.84 4.05 1.11 0.35 45.49 42.05 47.66 52.71
1.58 3.43 1.03 0.27 46.15 42.78 47.98 53.87
1.59 3.38 1.03 0.35 46.14 42.85 48.01 52.74
1.59 3.32 1.00 0.45 46.12 42.92 48.14 51.59
1.73 3.50 1.13 0.56 45.76 42.69 47.61 50.68
1.80 3.60 1.18 0.61 45.59 42.57 47.40 50.27
1.72 3.41 1.13 0.62 45.78 42.80 47.59 50.22
1.66 3.28 1.09 0.61 45.94 42.97 47.78 50.31
1.69 3.38 1.10 0.59 45.85 42.84 47.71 50.42
1.75 3.52 1.16 0.56 45.71 42.67 47.47 50.68
1.91 3.86 1.25 0.60 45.33 42.27 47.15 50.31
1.91 3.78 1.32 0.64 45.32 42.36 46.93 50.11
1.74 3.49 1.13 0.59 45.73 42.70 47.59 50.45
1.71 3.47 1.10 0.56 45.80 42.72 47.74 50.67
1.67 3.39 1.08 0.54 45.90 42.83 47.78 50.80
1.67 3.43 1.06 0.53 45.90 42.77 47.89 50.92
1.71 3.49 1.12 0.53 45.79 42.70 47.64 50.87
1.74 3.59 1.07 0.55 45.73 42.58 47.82 50.68
1.80 3.62 1.14 0.64 45.58 42.54 47.57 50.05
2.27 4.57 1.53 0.72 44.57 41.54 46.27 49.58
2.20 4.33 1.50 0.78 44.70 41.77 46.36 49.24
2.66 5.12 1.81 1.06 43.88 41.04 45.56 47.89
2.81 5.24 1.92 1.26 43.65 40.94 45.30 47.13
2.99 5.22 2.01 1.74 43.37 40.96 45.09 45.71
3.11 5.26 2.09 1.99 43.20 40.93 44.93 45.13
2.94 4.82 2.09 1.91 43.45 41.30 44.93 45.32
2.46 3.88 1.75 1.76 44.22 42.25 45.72 45.67
2.28 3.55 1.63 1.66 44.56 42.63 46.02 45.93
2.23 3.53 1.55 1.61 44.65 42.65 46.24 46.07
2.38 3.71 1.71 1.73 44.36 42.44 45.80 45.75
2.44 3.91 1.68 1.74 44.25 42.20 45.88 45.73
2.49 3.99 1.67 1.82 44.17 42.13 45.91 45.53
2.87 4.60 2.18 1.84 43.54 41.50 44.74 45.49
3.25 5.26 2.54 1.95 43.01 40.92 44.08 45.22
3.00 4.92 2.26 1.84 43.35 41.21 44.59 45.50
3.21 5.37 2.35 1.92 43.06 40.84 44.41 45.30
3.23 5.49 2.25 1.95 43.04 40.73 44.61 45.24
3.24 5.38 2.32 2.04 43.02 40.82 44.48 45.04
3.49 5.94 2.51 2.03 42.70 40.39 44.14 45.07
3.39 5.74 2.41 2.02 42.83 40.54 44.31 45.08
3.47 5.94 2.50 1.99 42.72 40.39 44.16 45.15
3.62 6.10 2.65 2.11 42.55 40.28 43.91 44.89
3.65 6.10 2.77 2.09 42.51 40.28 43.71 44.94
3.67 6.09 2.71 2.19 42.49 40.28 43.80 44.73
3.39 5.87 2.42 1.89 42.83 40.45 44.29 45.37
3.57 6.08 2.64 1.98 42.61 40.29 43.91 45.16
3.41 5.63 2.62 2.00 42.80 40.63 43.95 45.13
3.91 6.69 2.82 2.22 42.21 39.88 43.62 44.66
3.98 6.64 2.86 2.42 42.14 39.91 43.56 44.29
4.41 7.46 3.24 2.52 41.69 39.40 43.02 44.12
4.18 7.25 2.82 2.46 41.92 39.52 43.62 44.21
4.28 7.14 3.16 2.54 41.82 39.60 43.13 44.09
5.01 8.75 3.49 2.79 41.13 38.71 42.70 43.67
5.43 9.48 3.70 3.10 40.79 38.36 42.45 43.23
5.85 10.34 3.85 3.36 40.46 37.99 42.28 42.87
5.65 9.98 3.67 3.31 40.61 38.14 42.48 42.93
5.31 9.23 3.45 3.24 40.88 38.48 42.75 43.03
4.83 8.54 3.08 2.88 41.29 38.82 43.24 43.54
4.41 7.95 2.84 2.45 41.68 39.13 43.60 44.24
4.47 8.26 2.81 2.33 41.64 38.97 43.66 44.47
4.25 7.88 2.77 2.11 41.84 39.17 43.70 44.89
3.90 7.47 2.39 1.85 42.22 39.40 44.35 45.47
3.78 7.36 2.29 1.71 42.36 39.47 44.54 45.82
3.53 6.81 2.15 1.64 42.65 39.80 44.80 45.99
3.45 6.74 2.14 1.47 42.75 39.85 44.83 46.45
3.52 6.96 2.13 1.45 42.67 39.70 44.84 46.51
3.34 6.52 2.09 1.42 42.89 39.99 44.94 46.61
3.34 6.63 2.09 1.28 42.90 39.92 44.92 47.06
3.19 6.45 1.88 1.23 43.10 40.03 45.39 47.22
3.42 6.86 2.08 1.32 42.79 39.77 44.96 46.92
3.35 6.58 2.07 1.38 42.89 39.95 44.97 46.72
3.42 6.86 2.08 1.32 42.79 39.77 44.95 46.93
3.02 6.05 1.79 1.22 43.34 40.32 45.60 47.29
2.96 5.87 1.79 1.21 43.42 40.44 45.60 47.30
2.95 5.84 1.77 1.24 43.43 40.46 45.65 47.21
3.27 6.53 1.90 1.37 42.99 39.98 45.35 46.77
3.46 6.99 2.04 1.36 42.74 39.69 45.04 46.81
3.36 6.85 1.92 1.30 42.87 39.77 45.29 46.97
3.53 7.25 2.06 1.28 42.65 39.53 45.00 47.06
3.83 8.05 2.12 1.32 42.30 39.07 44.86 46.92
3.63 7.60 2.01 1.27 42.53 39.32 45.10 47.08
4.24 8.93 2.39 1.39 41.86 38.62 44.35 46.69
4.55 9.71 2.48 1.44 41.55 38.26 44.18 46.55
4.51 9.77 2.44 1.33 41.59 38.24 44.25 46.90
3.94 8.45 2.15 1.21 42.18 38.86 44.81 47.30
3.54 7.56 1.94 1.09 42.65 39.34 45.25 47.74
3.26 6.94 1.77 1.06 43.00 39.71 45.64 47.90
2.90 6.25 1.59 0.84 43.51 40.17 46.11 48.87
2.51 5.38 1.44 0.70 44.14 40.82 46.54 49.70
2.30 4.98 1.33 0.60 44.51 41.16 46.91 50.33
2.21 4.81 1.25 0.58 44.68 41.31 47.17 50.49
2.07 4.60 1.19 0.42 44.97 41.51 47.38 51.87
2.01 4.44 1.16 0.43 45.10 41.65 47.51 51.80
1.97 4.30 1.16 0.43 45.19 41.79 47.47 51.75
2.02 4.31 1.19 0.56 45.07 41.79 47.37 50.61
2.19 4.59 1.30 0.68 44.73 41.51 46.99 49.83
2.01 4.22 1.21 0.58 45.11 41.88 47.30 50.46
1.83 3.87 1.10 0.53 45.50 42.26 47.72 50.91
1.80 3.82 1.09 0.49 45.58 42.32 47.76 51.23
1.78 3.81 1.05 0.50 45.61 42.32 47.93 51.16
1.96 4.18 1.14 0.57 45.20 41.92 47.58 50.56
2.08 4.41 1.23 0.59 44.95 41.69 47.22 50.43
1.95 4.15 1.15 0.56 45.22 41.95 47.51 50.67
1.86 3.95 1.05 0.57 45.44 42.16 47.92 50.60
1.86 3.94 1.09 0.55 45.43 42.18 47.75 50.70
1.88 4.00 1.06 0.57 45.40 42.12 47.87 50.55
2.02 4.33 1.14 0.59 45.08 41.76 47.58 50.42
2.42 5.18 1.30 0.77 44.30 40.99 46.99 49.29
2.57 5.46 1.37 0.89 44.03 40.76 46.78 48.64
2.83 5.94 1.49 1.06 43.61 40.39 46.39 47.89
3.48 7.27 1.89 1.26 42.72 39.51 45.38 47.13
3.55 7.23 2.03 1.40 42.62 39.54 45.06 46.67
3.97 8.15 2.23 1.54 42.14 39.02 44.64 46.26
4.59 9.39 2.66 1.71 41.52 38.41 43.88 45.81
4.25 8.70 2.46 1.60 41.84 38.73 44.23 46.10
4.20 8.72 2.41 1.46 41.90 38.73 44.32 46.47
3.55 7.41 2.02 1.23 42.62 39.43 45.08 47.23
3.55 7.28 2.09 1.28 42.63 39.51 44.93 47.06
3.26 6.48 1.99 1.33 42.99 40.02 45.14 46.89
3.05 5.92 1.84 1.39 43.29 40.41 45.49 46.71
3.25 6.31 2.00 1.46 43.00 40.13 45.13 46.50
2.97 5.69 1.82 1.40 43.40 40.58 45.52 46.66
2.58 4.77 1.62 1.34 44.02 41.35 46.03 46.88
2.68 4.86 1.70 1.49 43.85 41.27 45.83 46.41
