5.98 12.72 3.11 2.11 40.36 37.08 43.20 44.89
6.34 13.82 2.98 2.22 40.11 36.73 43.38 44.66
6.54 14.39 3.05 2.17 39.98 36.55 43.29 44.77
6.01 13.08 2.93 2.03 40.34 36.97 43.46 45.06
6.69 14.55 3.30 2.23 39.87 36.50 42.95 44.64
6.93 15.30 3.24 2.26 39.72 36.28 43.02 44.59
7.32 16.06 3.48 2.41 39.49 36.07 42.72 44.31
7.99 17.60 3.83 2.53 39.11 35.67 42.29 44.10
7.28 16.07 3.41 2.37 39.51 36.07 42.80 44.39
7.20 15.61 3.40 2.58 39.56 36.20 42.81 44.01
8.29 17.74 3.83 3.30 38.95 35.64 42.30 42.95
7.27 16.00 3.18 2.63 39.52 36.09 43.11 43.94
7.73 17.26 3.42 2.51 39.25 35.76 42.79 44.13
9.10 20.23 4.24 2.82 38.54 35.07 41.85 43.62
8.70 19.54 3.80 2.76 38.74 35.22 42.33 43.73
8.70 19.69 3.75 2.66 38.74 35.19 42.39 43.89
8.74 20.17 3.80 2.24 38.72 35.08 42.33 44.62
9.39 21.77 4.07 2.33 38.40 34.75 42.03 44.45
9.65 22.20 4.16 2.59 38.28 34.67 41.94 44.00
9.77 22.63 4.02 2.67 38.23 34.58 42.08 43.86
10.00 22.81 4.58 2.60 38.13 34.55 41.53 43.98
8.18 18.90 3.41 2.22 39.01 35.37 42.81 44.67
7.20 17.04 2.96 1.59 39.56 35.82 43.41 46.12
5.84 13.77 2.48 1.27 40.47 36.74 44.19 47.10
5.09 12.24 2.14 0.89 41.06 37.25 44.83 48.64
4.80 11.77 1.89 0.75 41.32 37.42 45.37 49.35
4.59 11.44 1.60 0.74 41.51 37.55 46.10 49.45
4.82 11.86 1.75 0.85 41.30 37.39 45.72 48.84
4.70 11.45 1.78 0.87 41.41 37.55 45.64 48.74
4.75 11.63 1.71 0.91 41.36 37.47 45.79 48.52
3.34 7.60 1.54 0.90 42.89 39.33 46.27 48.58
3.46 7.89 1.59 0.91 42.74 39.17 46.11 48.53
3.56 8.15 1.60 0.94 42.62 39.03 46.09 48.39
3.64 8.37 1.64 0.91 42.53 38.91 45.98 48.55
3.39 7.76 1.56 0.86 42.83 39.25 46.20 48.77
3.48 8.04 1.55 0.85 42.72 39.09 46.23 48.83
3.49 8.11 1.58 0.79 42.71 39.06 46.16 49.15
3.40 7.92 1.52 0.77 42.83 39.16 46.32 49.29
3.16 7.29 1.46 0.72 43.15 39.52 46.50 49.54
2.92 6.90 1.27 0.58 43.49 39.76 47.10 50.48
2.82 6.85 1.18 0.42 43.65 39.79 47.40 51.92
2.64 6.42 1.11 0.38 43.93 40.07 47.70 52.32
2.79 6.60 1.24 0.52 43.69 39.95 47.21 50.97
3.18 7.36 1.50 0.68 43.12 39.47 46.36 49.81
3.41 7.86 1.69 0.67 42.82 39.20 45.86 49.87
3.35 7.73 1.64 0.68 42.89 39.27 45.99 49.83
3.21 7.37 1.59 0.66 43.08 39.47 46.12 49.97
3.52 8.14 1.81 0.59 42.69 39.04 45.56 50.39
3.49 7.99 1.90 0.57 42.72 39.12 45.35 50.53
3.56 8.04 1.89 0.75 42.63 39.09 45.37 49.37
3.57 7.97 1.98 0.75 42.62 39.13 45.16 49.38
3.52 7.88 1.89 0.78 42.68 39.18 45.36 49.21
3.24 7.30 1.70 0.72 43.03 39.50 45.82 49.57
2.79 6.17 1.53 0.68 43.68 40.23 46.29 49.83
2.39 5.20 1.35 0.60 44.36 40.98 46.83 50.32
2.22 4.74 1.35 0.57 44.67 41.38 46.83 50.59
1.92 4.12 1.13 0.51 45.31 42.00 47.59 51.05
1.80 3.86 1.08 0.48 45.58 42.29 47.80 51.30
1.66 3.53 1.01 0.45 45.93 42.67 48.07 51.61
1.80 3.83 1.06 0.50 45.59 42.30 47.86 51.16
1.97 4.25 1.20 0.47 45.18 41.85 47.34 51.39
2.22 4.83 1.34 0.48 44.67 41.29 46.86 51.31
1.95 4.23 1.15 0.48 45.23 41.87 47.52 51.35
1.80 4.03 1.04 0.33 45.58 42.09 47.95 52.87
1.78 3.97 1.03 0.35 45.63 42.15 48.02 52.70
1.86 4.12 1.09 0.38 45.44 41.99 47.78 52.36
2.08 4.49 1.24 0.51 44.96 41.62 47.22 51.08
2.15 4.70 1.26 0.48 44.83 41.43 47.12 51.36
1.90 4.11 1.14 0.44 45.35 42.00 47.56 51.65
1.93 4.28 1.14 0.37 45.29 41.83 47.56 52.50
1.83 4.04 1.09 0.37 45.51 42.08 47.75 52.51
1.70 3.70 1.04 0.35 45.84 42.45 47.96 52.72
1.86 3.96 1.16 0.46 45.44 42.16 47.48 51.47
1.76 3.76 1.09 0.44 45.68 42.39 47.73 51.71
1.78 3.81 1.07 0.45 45.65 42.33 47.85 51.63
2.31 4.74 1.51 0.67 44.51 41.38 46.34 49.90
2.88 5.64 1.86 1.13 43.56 40.63 45.45 47.63
3.72 7.03 2.31 1.83 42.45 39.69 44.51 45.57
4.34 8.10 2.40 2.50 41.79 39.08 44.34 44.21
5.21 9.49 2.85 3.29 40.99 38.39 43.58 43.02
5.30 9.32 3.08 3.50 40.92 38.46 43.26 42.76
5.55 9.30 3.25 4.11 40.74 38.49 43.04 42.07
5.32 8.99 3.00 3.95 40.93 38.66 43.38 42.23
5.18 8.61 2.79 4.13 41.05 38.84 43.70 42.07
4.66 7.69 2.80 3.48 41.49 39.31 43.67 42.79
5.01 8.14 2.70 4.17 41.19 39.08 43.82 42.04
5.03 7.84 2.89 4.35 41.17 39.24 43.53 41.86
5.16 8.04 2.83 4.61 41.07 39.14 43.63 41.64
4.42 7.12 2.45 3.70 41.71 39.64 44.25 42.53
4.87 7.71 2.74 4.15 41.31 39.31 43.77 42.05
4.44 7.66 2.23 3.43 41.67 39.31 44.66 42.79
4.97 8.45 2.53 3.92 41.18 38.88 44.10 42.23
5.14 8.51 2.73 4.17 41.04 38.85 43.77 41.97
4.99 8.47 2.51 3.99 41.17 38.87 44.14 42.15
4.60 7.81 2.39 3.61 41.52 39.23 44.36 42.58
4.74 8.15 2.29 3.78 41.40 39.04 44.55 42.38
4.73 7.97 2.39 3.84 41.39 39.14 44.34 42.31
5.18 8.89 2.93 3.74 41.00 38.66 43.48 42.42
5.08 8.65 3.13 3.46 41.09 38.78 43.19 42.76
4.89 8.24 2.83 3.61 41.24 38.98 43.62 42.56
5.62 9.31 3.71 3.84 40.66 38.47 42.45 42.31
4.90 8.32 3.02 3.34 41.25 38.94 43.34 42.91
5.31 9.12 3.20 3.61 40.90 38.55 43.08 42.58
5.66 9.82 3.56 3.59 40.63 38.23 42.63 42.61
6.29 11.03 4.38 3.45 40.16 37.71 41.72 42.77
6.63 11.80 4.17 3.92 39.93 37.42 41.94 42.22
6.64 12.66 3.71 3.56 39.91 37.11 42.44 42.62
7.76 14.62 4.30 4.37 39.24 36.49 41.80 41.74
8.58 16.35 4.80 4.61 38.80 36.00 41.32 41.51
10.09 19.46 5.53 5.28 38.10 35.24 40.71 40.92
9.70 18.73 5.25 5.10 38.27 35.41 40.92 41.06
10.13 19.55 5.42 5.41 38.08 35.22 40.79 40.81
10.50 20.40 5.74 5.35 37.92 35.04 40.55 40.85
9.76 18.97 5.03 5.29 38.24 35.35 41.12 40.91
8.60 17.69 3.95 4.16 38.79 35.66 42.17 41.94
8.24 16.12 4.07 4.52 38.97 36.06 42.04 41.58
8.99 18.34 4.12 4.52 38.59 35.50 41.99 41.58
8.14 16.97 3.63 3.82 39.03 35.84 42.54 42.31
6.97 14.62 3.29 3.00 39.70 36.48 42.96 43.36
7.13 14.89 3.45 3.04 39.60 36.40 42.75 43.29
5.96 12.77 2.72 2.39 40.38 37.07 43.78 44.34
6.56 13.99 3.25 2.42 39.96 36.67 43.01 44.29
6.35 13.70 2.87 2.47 40.11 36.76 43.55 44.21
6.45 13.99 3.02 2.33 40.04 36.67 43.33 44.46
6.18 13.52 2.92 2.10 40.22 36.82 43.47 44.91
6.24 13.54 2.87 2.32 40.18 36.81 43.55 44.48
6.08 13.14 2.87 2.23 40.29 36.94 43.55 44.64
6.40 13.96 2.94 2.31 40.07 36.68 43.45 44.50
6.01 13.16 2.78 2.08 40.34 36.94 43.69 44.94
6.08 13.16 2.90 2.18 40.29 36.94 43.50 44.75
6.40 13.90 2.90 2.41 40.07 36.70 43.50 44.31
6.18 13.43 2.88 2.23 40.22 36.85 43.54 44.66
6.83 14.91 3.36 2.21 39.79 36.40 42.86 44.70
7.77 17.32 3.54 2.44 39.23 35.74 42.65 44.25
7.80 17.62 3.42 2.35 39.21 35.67 42.79 44.41
7.41 16.65 3.31 2.28 39.43 35.92 42.94 44.57
8.30 18.78 3.82 2.31 38.94 35.39 42.31 44.49
9.23 21.15 4.09 2.44 38.48 34.88 42.01 44.25
9.76 22.59 4.31 2.37 38.24 34.59 41.79 44.38
9.30 21.87 3.88 2.15 38.45 34.73 42.24 44.80
9.69 22.86 4.05 2.18 38.27 34.54 42.06 44.76
9.70 22.51 4.14 2.44 38.26 34.61 41.97 44.26
7.86 18.65 3.15 1.77 39.18 35.42 43.15 45.64
6.79 16.33 2.59 1.47 39.81 36.00 44.00 46.46
6.39 15.48 2.47 1.21 40.08 36.23 44.20 47.29
5.88 14.56 2.11 0.97 40.44 36.50 44.90 48.24
5.32 13.35 1.91 0.68 40.87 36.88 45.31 49.80
5.51 13.91 2.03 0.60 40.71 36.70 45.05 50.33
5.03 12.58 1.93 0.57 41.12 37.13 45.27 50.58
5.56 14.18 1.96 0.56 40.68 36.62 45.22 50.63
5.21 13.00 2.07 0.57 40.96 36.99 44.97 50.54
5.46 13.66 2.15 0.58 40.76 36.78 44.81 50.47
5.28 13.25 2.02 0.58 40.90 36.91 45.07 50.48
5.38 13.61 2.04 0.49 40.82 36.79 45.02 51.25
5.17 13.05 1.97 0.48 41.00 36.97 45.19 51.30
5.05 12.72 1.94 0.48 41.10 37.09 45.27 51.31
5.09 12.68 1.99 0.59 41.07 37.10 45.13 50.44
5.30 13.14 2.11 0.63 40.89 36.94 44.88 50.16
5.08 12.76 1.92 0.56 41.07 37.07 45.31 50.62
4.70 11.83 1.72 0.56 41.41 37.40 45.79 50.68
4.57 11.44 1.70 0.57 41.53 37.55 45.84 50.53
4.57 11.35 1.84 0.53 41.53 37.58 45.48 50.85
4.33 10.75 1.77 0.48 41.76 37.82 45.65 51.28
4.73 11.73 1.96 0.49 41.38 37.44 45.20 51.20
4.86 11.90 2.17 0.52 41.26 37.38 44.77 50.96
5.20 12.80 2.25 0.55 40.97 37.06 44.62 50.70
5.01 12.25 2.22 0.55 41.14 37.25 44.67 50.70
5.02 12.27 2.21 0.59 41.13 37.25 44.69 50.43
5.27 12.77 2.40 0.63 40.92 37.08 44.34 50.16
5.53 13.43 2.51 0.65 40.71 36.85 44.14 50.02
5.05 12.22 2.31 0.63 41.10 37.26 44.50 50.17
5.06 12.23 2.33 0.61 41.10 37.27 44.45 50.28
4.20 10.09 1.95 0.57 41.90 38.10 45.24 50.61
3.69 8.76 1.82 0.49 42.48 38.73 45.53 51.21
3.43 8.00 1.80 0.50 42.79 39.12 45.58 51.17
3.09 7.10 1.71 0.46 43.26 39.65 45.81 51.55
2.80 6.49 1.53 0.39 43.70 40.07 46.31 52.20
2.46 5.64 1.43 0.31 44.29 40.70 46.61 53.15
2.29 5.15 1.30 0.44 44.59 41.10 47.02 51.73
2.27 4.99 1.28 0.55 44.64 41.26 47.10 50.71
2.19 4.57 1.36 0.65 44.75 41.57 46.82 50.01
2.29 4.74 1.42 0.72 44.56 41.41 46.64 49.55
2.13 4.37 1.32 0.70 44.87 41.76 46.93 49.72
2.04 4.21 1.24 0.67 45.06 41.92 47.22 49.86
2.09 4.36 1.28 0.65 44.94 41.78 47.07 49.99
2.08 4.37 1.28 0.59 44.97 41.76 47.04 50.41
2.27 4.73 1.44 0.65 44.58 41.41 46.54 50.03
2.31 4.80 1.45 0.69 44.51 41.35 46.52 49.74
2.07 4.34 1.25 0.64 44.98 41.79 47.17 50.10
2.16 4.59 1.28 0.62 44.80 41.55 47.07 50.17
2.08 4.38 1.24 0.61 44.98 41.75 47.19 50.31
2.07 4.40 1.24 0.58 44.99 41.73 47.21 50.50
2.18 4.66 1.29 0.57 44.79 41.49 47.02 50.58
2.15 4.62 1.23 0.60 44.84 41.52 47.24 50.37
2.38 4.98 1.35 0.80 44.40 41.20 46.83 49.14
3.13 6.54 1.92 0.96 43.20 40.02 45.33 48.35
3.40 6.76 2.17 1.26 42.84 39.86 44.77 47.16
4.15 7.90 2.53 2.01 41.98 39.19 44.11 45.16
4.93 9.27 2.80 2.73 41.24 38.51 43.70 43.82
5.20 9.27 2.91 3.42 41.02 38.52 43.51 42.86
4.93 8.46 2.84 3.49 41.25 38.90 43.63 42.77
4.96 8.20 2.97 3.71 41.21 39.03 43.42 42.50
4.17 6.70 2.42 3.38 41.96 39.91 44.31 42.89
4.41 6.94 2.52 3.76 41.72 39.75 44.11 42.44
4.59 7.32 3.12 3.34 41.57 39.55 43.25 42.95
5.28 8.33 3.53 3.99 41.00 39.03 42.74 42.21
4.54 7.11 2.62 3.88 41.61 39.67 43.97 42.31
4.64 7.34 2.65 3.95 41.51 39.53 43.93 42.23
5.19 8.37 3.18 4.02 41.03 38.96 43.13 42.17
5.66 9.07 3.64 4.29 40.66 38.62 42.56 41.89
5.10 8.15 3.43 3.72 41.10 39.06 42.81 42.50
5.72 9.24 3.52 4.39 40.62 38.53 42.69 41.81
5.66 9.13 3.55 4.31 40.65 38.57 42.66 41.88
5.60 9.34 3.43 4.01 40.69 38.47 42.79 42.17
5.68 9.42 3.45 4.18 40.63 38.43 42.77 42.01
5.52 9.18 3.21 4.18 40.74 38.54 43.07 41.99
5.98 10.30 3.46 4.19 40.41 38.06 42.76 41.99
5.99 10.03 3.73 4.20 40.40 38.16 42.43 41.97
5.60 9.28 3.80 3.74 40.67 38.49 42.34 42.46
6.01 9.83 4.00 4.20 40.38 38.24 42.13 41.95
5.83 9.72 3.73 4.04 40.51 38.29 42.45 42.13
5.98 10.09 3.97 3.87 40.41 38.14 42.17 42.32
5.67 9.67 3.73 3.61 40.63 38.31 42.43 42.62
6.76 11.54 4.21 4.51 39.87 37.54 41.91 41.64
7.72 13.15 4.80 5.20 39.29 36.98 41.34 41.04
8.79 14.98 5.32 6.07 38.73 36.41 40.89 40.38
8.38 15.06 5.00 5.08 38.92 36.38 41.15 41.11
10.00 17.94 6.34 5.73 38.17 35.63 40.15 40.59
10.91 20.29 6.36 6.09 37.79 35.09 40.12 40.34
11.20 21.08 6.17 6.33 37.67 34.92 40.24 40.16
11.86 22.30 6.75 6.52 37.42 34.67 39.86 40.02
12.42 23.54 6.76 6.96 37.23 34.45 39.86 39.75
12.06 22.34 6.37 7.46 37.34 34.66 40.10 39.47
10.99 21.31 5.64 6.03 37.76 34.89 40.64 40.38
10.02 19.62 5.21 5.22 38.15 35.23 40.98 41.01
9.77 19.92 5.01 4.38 38.26 35.17 41.15 41.75
9.54 19.67 5.03 3.92 38.37 35.23 41.14 42.23
8.65 18.09 4.35 3.51 38.79 35.59 41.77 42.71
8.21 17.47 4.15 3.01 39.02 35.74 41.98 43.37
8.95 19.09 4.50 3.27 38.66 35.38 41.64 43.02
7.77 16.61 3.96 2.73 39.23 35.93 42.15 43.77
8.96 19.42 4.52 2.93 38.61 35.25 41.58 43.47
8.70 18.56 4.48 3.06 38.74 35.45 41.62 43.28
10.34 22.58 4.80 3.65 37.99 34.59 41.32 42.51
8.13 17.90 3.94 2.55 39.03 35.60 42.18 44.07
10.08 21.96 4.74 3.54 38.09 34.71 41.37 42.65
9.03 19.23 4.56 3.31 38.57 35.29 41.54 42.93
8.44 18.36 4.18 2.78 38.87 35.49 41.92 43.69
7.14 15.75 3.41 2.25 39.59 36.16 42.80 44.61
7.99 17.36 3.90 2.70 39.11 35.74 42.22 43.82
9.13 19.65 4.44 3.30 38.53 35.20 41.66 42.94
8.76 18.79 4.28 3.21 38.71 35.39 41.82 43.07
8.55 18.60 4.11 2.93 38.81 35.44 42.00 43.46
8.65 19.16 3.92 2.86 38.76 35.31 42.20 43.57
8.99 20.06 4.02 2.90 38.59 35.11 42.09 43.51
9.47 21.27 4.09 3.06 38.37 34.86 42.02 43.27
9.10 20.56 3.92 2.83 38.54 35.00 42.21 43.61
9.72 22.18 4.21 2.78 38.26 34.67 41.89 43.69
10.85 24.97 4.63 2.94 37.78 34.15 41.48 43.44
10.39 23.89 4.38 2.90 37.97 34.35 41.72 43.50
9.44 21.74 4.07 2.52 38.38 34.76 42.03 44.12
8.65 19.97 3.66 2.31 38.76 35.13 42.50 44.49
7.39 17.51 2.96 1.70 39.44 35.70 43.42 45.82
6.14 14.66 2.49 1.25 40.25 36.47 44.16 47.16
5.46 13.33 2.21 0.85 40.76 36.88 44.69 48.85
4.88 12.09 1.86 0.68 41.25 37.31 45.43 49.79
4.59 11.37 1.73 0.66 41.52 37.58 45.74 49.97
4.51 11.42 1.65 0.47 41.59 37.55 45.95 51.38
4.56 11.45 1.74 0.48 41.54 37.54 45.74 51.32
4.60 11.58 1.73 0.48 41.50 37.49 45.76 51.29
4.38 10.77 1.74 0.63 41.75 37.84 45.73 50.18
4.65 11.35 1.88 0.72 41.49 37.62 45.41 49.57
4.54 11.24 1.75 0.63 41.60 37.67 45.70 50.17
4.28 10.67 1.60 0.56 41.86 37.90 46.10 50.64
4.18 10.38 1.61 0.54 41.96 38.01 46.08 50.83
4.38 11.04 1.57 0.54 41.76 37.75 46.19 50.86
4.44 10.97 1.71 0.64 41.69 37.77 45.81 50.05
4.63 11.42 1.82 0.66 41.51 37.60 45.54 49.93
4.18 10.20 1.69 0.64 41.95 38.08 45.86 50.05
4.11 10.10 1.57 0.66 42.03 38.13 46.18 49.96
4.28 10.49 1.68 0.66 41.86 37.97 45.91 49.93
4.23 10.33 1.67 0.66 41.91 38.03 45.91 49.92
4.70 11.36 1.93 0.80 41.44 37.62 45.29 49.10
5.41 12.75 2.32 1.17 40.81 37.10 44.48 47.45
6.23 14.42 2.66 1.61 40.20 36.56 43.89 46.05
6.51 15.09 2.69 1.75 40.01 36.36 43.84 45.69
7.61 17.36 3.50 1.98 39.33 35.75 42.70 45.15
8.57 19.27 3.91 2.52 38.81 35.29 42.21 44.12
9.61 21.44 4.32 3.08 38.30 34.82 41.78 43.24
10.18 22.53 4.87 3.16 38.05 34.61 41.26 43.14
9.90 22.01 4.67 3.03 38.18 34.71 41.44 43.32
9.56 21.59 4.27 2.83 38.33 34.79 41.83 43.61
8.21 18.65 3.65 2.31 38.99 35.43 42.50 44.49
8.39 18.88 3.81 2.49 38.89 35.38 42.32 44.16
7.09 15.64 3.37 2.27 39.63 36.19 42.86 44.57
6.75 14.61 3.26 2.38 39.84 36.48 43.01 44.36
6.95 14.55 3.63 2.66 39.71 36.50 42.53 43.89
6.84 14.14 3.60 2.79 39.78 36.63 42.56 43.68
6.41 13.28 3.27 2.67 40.06 36.90 42.98 43.86
6.57 13.33 3.47 2.93 39.95 36.89 42.73 43.47
