0.00 0.00 0.00 0.00 0.00 0.00 0.00 0.00
0.00 0.00 0.00 0.00 0.00 0.00 0.00 0.00
0.00 0.00 0.00 0.00 0.00 0.00 0.00 0.00
0.00 0.00 0.00 0.00 0.00 0.00 0.00 0.00
0.00 0.00 0.00 0.00 0.00 0.00 0.00 0.00
0.00 0.00 0.00 0.00 0.00 0.00 0.00 0.00
0.00 0.00 0.00 0.00 0.00 0.00 0.00 0.00
0.00 0.00 0.00 0.00 0.00 0.00 0.00 0.00
0.00 0.00 0.00 0.00 0.00 0.00 0.00 0.00
0.00 0.00 0.00 0.00 0.00 0.00 0.00 0.00
0.00 0.00 0.00 0.00 0.00 0.00 0.00 0.00
0.00 0.00 0.00 0.00 0.00 0.00 0.00 0.00
0.00 0.00 0.00 0.00 0.00 0.00 0.00 0.00
0.00 0.00 0.00 0.00 0.00 0.00 0.00 0.00
0.00 0.00 0.00 0.00 0.00 0.00 0.00 0.00
0.00 0.00 0.00 0.00 0.00 0.00 0.00 0.00
0.00 0.00 0.00 0.00 0.00 0.00 0.00 0.00
0.00 0.00 0.00 0.00 0.00 0.00 0.00 0.00
0.00 0.00 0.00 0.00 0.00 0.00 0.00 0.00
0.00 0.00 0.00 0.00 0.00 0.00 0.00 0.00
0.00 0.00 0.00 0.00 0.00 0.00 0.00 0.00
0.00 0.00 0.00 0.00 0.00 0.00 0.00 0.00
0.00 0.00 0.00 0.00 0.00 0.00 0.00 0.00
0.00 0.00 0.00 0.00 0.00 0.00 0.00 0.00
0.00 0.00 0.00 0.00 0.00 0.00 0.00 0.00
0.00 0.00 0.00 0.00 0.00 0.00 0.00 0.00
0.01 0.01 0.02 0.00 0.01 0.00 0.04 0.01
0.00 0.01 0.00 0.01 0.00 0.00 0.01 0.05
0.03 0.06 0.01 0.01 0.02 0.02 0.02 0.05
0.01 0.02 0.00 0.00 0.01 0.01 0.00 0.00
0.01 0.02 0.02 0.00 0.01 0.00 0.06 0.03
0.00 0.02 0.00 0.01 0.00 0.00 0.02 0.06
0.01 0.03 0.01 0.00 0.01 0.01 0.02 0.00
0.01 0.02 0.01 0.00 0.01 0.00 0.02 0.01
0.00 0.03 0.02 0.00 0.00 0.01 0.05 0.01
0.01 0.00 0.01 0.01 0.01 0.00 0.03 0.05
0.00 0.02 0.00 0.01 0.00 0.00 0.01 0.04
0.02 0.01 0.02 0.01 0.01 0.00 0.05 0.05
0.00 0.00 0.00 0.00 0.00 0.00 0.00 0.02
0.01 0.00 0.01 0.01 0.01 0.00 0.03 0.04
0.02 0.05 0.01 0.00 0.02 0.02 0.03 0.05
0.02 0.04 0.01 0.01 0.02 0.02 0.02 0.05
0.05 0.12 0.01 0.00 0.05 0.05 0.03 0.00
0.06 0.18 0.00 0.00 0.06 0.07 0.00 0.00
0.07 0.17 0.05 0.00 0.06 0.06 0.10 0.02
0.10 0.27 0.03 0.01 0.09 0.10 0.06 0.06
0.14 0.35 0.05 0.00 0.12 0.13 0.12 0.01
0.17 0.44 0.06 0.00 0.14 0.15 0.11 0.03
0.20 0.52 0.07 0.01 0.16 0.17 0.12 0.04
0.25 0.66 0.10 0.01 0.20 0.22 0.18 0.04
0.16 0.43 0.08 0.02 0.13 0.15 0.14 0.08
0.25 0.67 0.06 0.00 0.20 0.23 0.12 0.02
0.21 0.59 0.06 0.02 0.18 0.21 0.12 0.10
0.25 0.72 0.05 0.01 0.25 0.30 0.11 0.05
0.26 0.67 0.09 0.02 0.31 0.34 0.22 0.11
0.32 0.88 0.09 0.00 0.41 0.48 0.22 0.02
0.32 0.87 0.10 0.00 0.47 0.54 0.28 0.03
0.38 1.00 0.14 0.00 0.55 0.62 0.39 0.01
0.36 0.95 0.12 0.01 0.57 0.64 0.37 0.10
0.37 0.94 0.12 0.04 0.56 0.62 0.35 0.32
0.05 0.10 0.05 0.00 0.07 0.06 0.15 0.00
0.02 0.02 0.00 0.02 0.02 0.01 0.01 0.17
0.05 0.10 0.06 0.00 0.07 0.05 0.17 0.02
0.03 0.06 0.02 0.00 0.04 0.03 0.05 0.06
0.04 0.06 0.05 0.01 0.06 0.04 0.17 0.12
0.02 0.03 0.02 0.00 0.02 0.02 0.05 0.03
0.02 0.01 0.04 0.02 0.03 0.01 0.10 0.12
0.05 0.09 0.05 0.01 0.06 0.05 0.11 0.06
0.01 0.01 0.01 0.01 0.01 0.01 0.03 0.04
0.01 0.01 0.01 0.00 0.01 0.00 0.05 0.00
0.01 0.02 0.03 0.01 0.02 0.01 0.08 0.11
0.01 0.00 0.05 0.00 0.02 0.00 0.12 0.05
0.01 0.01 0.02 0.00 0.02 0.00 0.08 0.05
0.00 0.00 0.02 0.01 0.01 0.00 0.07 0.06
0.00 0.00 0.02 0.01 0.00 0.00 0.05 0.07
0.00 0.02 0.02 0.00 0.00 0.01 0.05 0.01
0.02 0.03 0.01 0.03 0.02 0.02 0.02 0.11
0.01 0.02 0.02 0.02 0.01 0.01 0.02 0.03
0.00 0.05 0.05 0.02 0.00 0.02 0.07 0.02
0.01 0.02 0.04 0.01 0.01 0.00 0.05 0.02
0.05 0.12 0.03 0.01 0.03 0.04 0.04 0.01
0.01 0.02 0.01 0.00 0.01 0.01 0.01 0.00
0.01 0.00 0.04 0.00 0.01 0.00 0.05 0.00
0.01 0.03 0.01 0.01 0.01 0.01 0.01 0.01
0.00 0.00 0.01 0.00 0.00 0.00 0.02 0.00
0.01 0.03 0.02 0.03 0.01 0.01 0.02 0.03
0.01 0.04 0.02 0.02 0.01 0.02 0.03 0.01
0.01 0.07 0.02 0.03 0.00 0.03 0.02 0.02
0.00 0.02 0.01 0.01 0.00 0.01 0.02 0.01
0.01 0.02 0.01 0.03 0.01 0.01 0.01 0.03
0.01 0.01 0.00 0.01 0.01 0.00 0.01 0.01
0.02 0.04 0.01 0.00 0.01 0.02 0.02 0.00
0.00 0.03 0.01 0.03 0.00 0.02 0.01 0.02
0.00 0.00 0.01 0.01 0.00 0.00 0.03 0.01
0.01 0.00 0.04 0.00 0.01 0.00 0.06 0.00
0.01 0.01 0.01 0.02 0.01 0.01 0.02 0.03
0.00 0.00 0.00 0.02 0.00 0.00 0.01 0.02
0.01 0.00 0.01 0.03 0.01 0.00 0.01 0.04
0.01 0.02 0.00 0.01 0.01 0.01 0.00 0.01
0.00 0.01 0.00 0.00 0.00 0.00 0.01 0.00
0.01 0.01 0.01 0.03 0.00 0.01 0.01 0.03
0.02 0.02 0.03 0.00 0.01 0.00 0.05 0.01
0.03 0.01 0.05 0.04 0.02 0.00 0.06 0.05
0.00 0.01 0.05 0.02 0.00 0.01 0.07 0.03
0.01 0.02 0.01 0.00 0.01 0.01 0.01 0.00
0.03 0.05 0.02 0.01 0.02 0.02 0.02 0.01
0.02 0.06 0.01 0.00 0.01 0.02 0.01 0.01
0.01 0.02 0.03 0.02 0.00 0.01 0.03 0.02
0.01 0.02 0.02 0.03 0.00 0.00 0.02 0.02
0.00 0.05 0.03 0.02 0.00 0.01 0.02 0.02
0.02 0.02 0.03 0.02 0.01 0.00 0.03 0.02
0.00 0.00 0.00 0.01 0.00 0.00 0.00 0.01
0.03 0.01 0.01 0.05 0.01 0.00 0.01 0.05
0.03 0.06 0.03 0.01 0.01 0.01 0.03 0.01
0.02 0.03 0.05 0.04 0.01 0.01 0.06 0.04
0.05 0.00 0.07 0.09 0.03 0.00 0.07 0.09
0.02 0.00 0.04 0.04 0.01 0.00 0.04 0.04
0.01 0.02 0.01 0.00 0.00 0.00 0.01 0.00
0.01 0.03 0.00 0.01 0.00 0.01 0.00 0.02
0.00 0.03 0.01 0.03 0.00 0.01 0.01 0.04
0.02 0.05 0.01 0.01 0.01 0.02 0.02 0.02
0.00 0.03 0.00 0.04 0.00 0.01 0.00 0.07
0.00 0.00 0.02 0.01 0.00 0.00 0.02 0.01
0.00 0.00 0.01 0.02 0.00 0.00 0.01 0.02
0.01 0.01 0.02 0.01 0.00 0.00 0.03 0.02
0.02 0.06 0.01 0.00 0.02 0.02 0.01 0.00
0.02 0.05 0.02 0.00 0.02 0.02 0.04 0.01
0.03 0.03 0.04 0.02 0.02 0.01 0.05 0.03
0.01 0.07 0.02 0.00 0.01 0.02 0.03 0.01
0.04 0.08 0.00 0.02 0.02 0.03 0.00 0.05
0.00 0.01 0.02 0.02 0.00 0.00 0.02 0.03
0.02 0.02 0.02 0.00 0.01 0.00 0.04 0.01
0.00 0.01 0.00 0.01 0.00 0.00 0.01 0.02
0.00 0.00 0.02 0.00 0.00 0.00 0.02 0.01
0.02 0.00 0.02 0.02 0.01 0.00 0.03 0.03
0.02 0.07 0.00 0.02 0.01 0.02 0.00 0.04
0.00 0.00 0.00 0.01 0.00 0.00 0.00 0.02
0.02 0.03 0.02 0.03 0.01 0.00 0.02 0.05
0.02 0.05 0.01 0.03 0.01 0.01 0.01 0.05
0.02 0.07 0.02 0.02 0.01 0.01 0.03 0.03
0.01 0.02 0.01 0.02 0.00 0.00 0.01 0.04
0.01 0.03 0.02 0.02 0.00 0.01 0.02 0.03
0.02 0.04 0.02 0.01 0.01 0.01 0.03 0.03
0.02 0.05 0.00 0.01 0.01 0.01 0.00 0.02
0.01 0.04 0.01 0.02 0.01 0.01 0.02 0.06
0.02 0.03 0.02 0.01 0.02 0.01 0.05 0.05
0.01 0.03 0.00 0.01 0.01 0.01 0.01 0.05
0.00 0.02 0.01 0.00 0.00 0.00 0.02 0.04
0.01 0.04 0.01 0.00 0.01 0.01 0.02 0.02
0.02 0.05 0.00 0.00 0.01 0.02 0.00 0.01
0.02 0.04 0.00 0.02 0.01 0.01 0.01 0.11
0.00 0.01 0.02 0.02 0.00 0.00 0.03 0.11
0.03 0.05 0.02 0.00 0.02 0.02 0.06 0.02
0.00 0.00 0.01 0.00 0.00 0.00 0.02 0.00
0.00 0.01 0.01 0.00 0.00 0.00 0.01 0.02
0.02 0.05 0.03 0.00 0.02 0.02 0.06 0.01
0.03 0.07 0.00 0.00 0.02 0.02 0.01 0.02
0.01 0.04 0.00 0.01 0.01 0.01 0.01 0.03
0.00 0.00 0.01 0.01 0.00 0.00 0.02 0.05
0.04 0.12 0.00 0.00 0.04 0.04 0.00 0.02
0.02 0.06 0.00 0.00 0.02 0.02 0.02 0.02
0.00 0.00 0.00 0.01 0.00 0.00 0.01 0.07
0.00 0.01 0.03 0.00 0.00 0.00 0.07 0.05
0.01 0.03 0.01 0.01 0.01 0.01 0.03 0.09
0.01 0.00 0.00 0.00 0.00 0.00 0.01 0.03
0.01 0.02 0.01 0.00 0.00 0.00 0.02 0.02
0.02 0.05 0.00 0.00 0.01 0.02 0.00 0.01
0.01 0.03 0.01 0.00 0.01 0.01 0.02 0.01
0.02 0.05 0.00 0.01 0.01 0.01 0.01 0.09
0.02 0.05 0.01 0.00 0.02 0.02 0.02 0.01
0.00 0.00 0.01 0.01 0.00 0.00 0.02 0.09
0.02 0.06 0.02 0.00 0.02 0.02 0.03 0.01
0.01 0.01 0.01 0.00 0.01 0.00 0.02 0.00
0.02 0.02 0.02 0.01 0.02 0.01 0.04 0.09
0.00 0.04 0.02 0.00 0.01 0.02 0.04 0.03
0.02 0.05 0.00 0.00 0.02 0.02 0.01 0.03
0.00 0.01 0.02 0.00 0.00 0.00 0.04 0.03
0.00 0.01 0.00 0.00 0.00 0.00 0.00 0.05
0.00 0.00 0.00 0.00 0.00 0.00 0.01 0.03
0.01 0.04 0.00 0.01 0.01 0.02 0.01 0.08
0.00 0.01 0.00 0.00 0.00 0.00 0.01 0.05
0.01 0.02 0.00 0.01 0.01 0.01 0.00 0.05
0.00 0.00 0.02 0.00 0.01 0.00 0.05 0.00
0.00 0.01 0.01 0.00 0.00 0.00 0.02 0.00
0.00 0.01 0.01 0.00 0.00 0.00 0.02 0.03
0.02 0.03 0.00 0.00 0.02 0.02 0.02 0.05
0.00 0.00 0.01 0.00 0.00 0.00 0.03 0.02
0.00 0.01 0.02 0.00 0.00 0.00 0.03 0.00
0.01 0.03 0.00 0.01 0.02 0.02 0.01 0.07
0.01 0.01 0.01 0.02 0.01 0.00 0.02 0.13
0.02 0.04 0.01 0.00 0.02 0.02 0.03 0.04
0.02 0.04 0.00 0.01 0.02 0.02 0.01 0.07
0.02 0.02 0.01 0.02 0.02 0.01 0.03 0.15
0.02 0.05 0.01 0.01 0.02 0.02 0.02 0.05
0.01 0.01 0.02 0.02 0.01 0.01 0.05 0.11
0.00 0.00 0.01 0.01 0.00 0.00 0.02 0.05
0.01 0.02 0.02 0.00 0.01 0.00 0.02 0.00
0.02 0.01 0.04 0.01 0.02 0.00 0.05 0.02
0.03 0.07 0.03 0.00 0.02 0.02 0.03 0.00
0.00 0.03 0.02 0.03 0.00 0.01 0.02 0.04
0.02 0.05 0.02 0.00 0.02 0.02 0.02 0.00
0.00 0.02 0.03 0.01 0.00 0.01 0.04 0.01
0.01 0.00 0.00 0.02 0.01 0.00 0.00 0.02
0.02 0.05 0.00 0.02 0.02 0.03 0.00 0.03
0.01 0.01 0.01 0.02 0.00 0.00 0.01 0.02
0.01 0.02 0.05 0.01 0.00 0.01 0.06 0.01
0.02 0.03 0.03 0.00 0.02 0.02 0.04 0.00
0.00 0.02 0.01 0.02 0.00 0.01 0.02 0.01
0.00 0.00 0.01 0.02 0.00 0.00 0.02 0.02
0.01 0.02 0.01 0.02 0.01 0.01 0.01 0.02
0.02 0.04 0.02 0.01 0.02 0.02 0.03 0.01
0.00 0.02 0.00 0.01 0.00 0.01 0.01 0.01
0.01 0.00 0.01 0.05 0.01 0.00 0.01 0.05
0.03 0.02 0.06 0.00 0.02 0.01 0.08 0.00
0.02 0.02 0.00 0.03 0.01 0.01 0.00 0.03
0.02 0.04 0.01 0.02 0.02 0.02 0.02 0.01
0.02 0.02 0.00 0.02 0.01 0.01 0.00 0.02
0.02 0.03 0.05 0.02 0.01 0.01 0.06 0.02
0.00 0.02 0.00 0.02 0.00 0.01 0.01 0.02
0.01 0.00 0.00 0.03 0.01 0.00 0.00 0.02
0.01 0.04 0.02 0.01 0.01 0.02 0.02 0.01
0.03 0.04 0.02 0.02 0.02 0.02 0.02 0.02
0.00 0.00 0.02 0.02 0.00 0.00 0.02 0.02
0.02 0.04 0.00 0.02 0.01 0.01 0.00 0.02
0.02 0.07 0.03 0.00 0.01 0.02 0.03 0.00
0.01 0.02 0.03 0.04 0.00 0.01 0.02 0.03
0.00 0.01 0.00 0.03 0.00 0.00 0.01 0.02
0.02 0.06 0.01 0.01 0.01 0.01 0.01 0.00
0.05 0.09 0.02 0.05 0.02 0.02 0.01 0.03
0.03 0.07 0.02 0.05 0.01 0.02 0.01 0.03
0.02 0.01 0.06 0.00 0.01 0.00 0.04 0.00
0.00 0.05 0.03 0.00 0.00 0.01 0.02 0.00
0.02 0.04 0.04 0.02 0.00 0.00 0.02 0.01
0.02 0.01 0.06 0.01 0.00 0.00 0.05 0.01
0.02 0.05 0.01 0.01 0.01 0.01 0.01 0.01
0.01 0.02 0.00 0.02 0.00 0.00 0.00 0.02
0.01 0.01 0.02 0.00 0.00 0.00 0.02 0.00
0.04 0.02 0.06 0.03 0.02 0.00 0.06 0.04
0.01 0.00 0.02 0.00 0.00 0.00 0.02 0.00
0.01 0.01 0.03 0.03 0.01 0.00 0.02 0.03
0.00 0.02 0.00 0.00 0.00 0.00 0.00 0.01
0.02 0.02 0.05 0.01 0.01 0.00 0.04 0.01
0.04 0.02 0.04 0.04 0.02 0.00 0.04 0.06
0.04 0.02 0.06 0.03 0.02 0.00 0.05 0.04
0.03 0.07 0.01 0.01 0.02 0.02 0.02 0.01
0.01 0.04 0.03 0.04 0.00 0.01 0.03 0.05
0.01 0.05 0.02 0.00 0.01 0.01 0.02 0.00
0.00 0.01 0.02 0.00 0.00 0.00 0.02 0.01
0.01 0.02 0.00 0.01 0.01 0.00 0.00 0.02
0.00 0.01 0.01 0.00 0.00 0.00 0.01 0.01
0.00 0.00 0.00 0.00 0.00 0.00 0.00 0.00
0.00 0.00 0.00 0.00 0.00 0.00 0.00 0.00
0.00 0.00 0.00 0.00 0.00 0.00 0.00 0.00
0.00 0.00 0.00 0.00 0.00 0.00 0.00 0.00
0.00 0.00 0.00 0.00 0.00 0.00 0.00 0.00
0.00 0.00 0.00 0.00 0.00 0.00 0.00 0.00
0.00 0.00 0.00 0.00 0.00 0.00 0.00 0.00
0.00 0.00 0.00 0.00 0.00 0.00 0.00 0.00
0.00 0.00 0.00 0.00 0.00 0.00 0.00 0.00
0.00 0.00 0.00 0.00 0.00 0.00 0.00 0.00
0.00 0.00 0.00 0.00 0.00 0.00 0.00 0.00
0.00 0.00 0.00 0.00 0.00 0.00 0.00 0.00
0.00 0.00 0.00 0.00 0.00 0.00 0.00 0.00
0.00 0.00 0.00 0.00 0.00 0.00 0.00 0.00
0.00 0.00 0.00 0.00 0.00 0.00 0.00 0.00
0.00 0.00 0.00 0.00 0.00 0.00 0.00 0.00
0.00 0.00 0.00 0.00 0.00 0.00 0.00 0.00
0.00 0.00 0.00 0.00 0.00 0.00 0.00 0.00
0.00 0.00 0.00 0.00 0.00 0.00 0.00 0.00
0.00 0.00 0.00 0.00 0.00 0.00 0.00 0.00
0.00 0.00 0.00 0.00 0.00 0.00 0.00 0.00
0.00 0.00 0.00 0.00 0.00 0.00 0.00 0.00
0.00 0.00 0.00 0.00 0.00 0.00 0.00 0.00
0.00 0.00 0.00 0.00 0.00 0.00 0.00 0.00
0.00 0.00 0.00 0.00 0.00 0.00 0.00 0.00
0.00 0.00 0.00 0.00 0.00 0.00 0.00 0.00
0.00 0.00 0.00 0.00 0.00 0.00 0.00 0.00
0.00 0.00 0.00 0.00 0.00 0.00 0.00 0.00
0.00 0.00 0.00 0.00 0.00 0.00 0.00 0.00
0.00 0.00 0.00 0.00 0.00 0.00 0.00 0.00
0.00 0.00 0.00 0.00 0.00 0.00 0.00 0.00
0.00 0.00 0.00 0.00 0.00 0.00 0.00 0.00
0.00 0.00 0.00 0.00 0.00 0.00 0.00 0.00
0.00 0.00 0.00 0.00 0.00 0.00 0.00 0.00
0.00 0.00 0.00 0.00 0.00 0.00 0.00 0.00
0.00 0.00 0.00 0.00 0.00 0.00 0.00 0.00
0.00 0.00 0.00 0.00 0.00 0.00 0.00 0.00
0.00 0.00 0.00 0.00 0.00 0.00 0.00 0.00
0.00 0.00 0.00 0.00 0.00 0.00 0.00 0.00
0.00 0.00 0.00 0.00 0.00 0.00 0.00 0.00
0.00 0.00 0.00 0.00 0.00 0.00 0.00 0.00
0.00 0.00 0.00 0.00 0.00 0.00 0.00 0.00
0.00 0.00 0.00 0.00 0.00 0.00 0.00 0.00
0.00 0.00 0.00 0.00 0.00 0.00 0.00 0.00
0.00 0.00 0.00 0.00 0.00 0.00 0.00 0.00
0.00 0.00 0.00 0.00 0.00 0.00 0.00 0.00
0.00 0.00 0.00 0.00 0.00 0.00 0.00 0.00
0.00 0.00 0.00 0.00 0.00 0.00 0.00 0.00
0.00 0.00 0.00 0.00 0.00 0.00 0.00 0.00
0.00 0.00 0.00 0.00 0.00 0.00 0.00 0.00
