0.00 0.00 0.00 0.00 0.00 0.00 0.00 0.00
0.00 0.00 0.00 0.00 0.00 0.00 0.00 0.00
0.00 0.00 0.00 0.00 0.00 0.00 0.00 0.00
0.00 0.00 0.00 0.00 0.00 0.00 0.00 0.00
0.00 0.00 0.00 0.00 0.00 0.00 0.00 0.00
0.00 0.00 0.00 0.00 0.00 0.00 0.00 0.00
0.00 0.00 0.00 0.00 0.00 0.00 0.00 0.00
0.00 0.00 0.00 0.00 0.00 0.00 0.00 0.00
0.00 0.00 0.00 0.00 0.00 0.00 0.00 0.00
0.00 0.00 0.00 0.00 0.00 0.00 0.00 0.00
0.00 0.00 0.00 0.00 0.00 0.00 0.00 0.00
0.00 0.00 0.00 0.00 0.00 0.00 0.00 0.00
0.00 0.00 0.00 0.00 0.00 0.00 0.00 0.00
0.00 0.00 0.00 0.00 0.00 0.00 0.00 0.00
0.00 0.00 0.00 0.00 0.00 0.00 0.00 0.00
0.00 0.00 0.00 0.00 0.00 0.00 0.00 0.00
0.00 0.00 0.00 0.00 0.00 0.00 0.00 0.00
0.00 0.00 0.00 0.00 0.00 0.00 0.00 0.00
0.00 0.00 0.00 0.00 0.00 0.00 0.00 0.00
0.00 0.00 0.00 0.00 0.00 0.00 0.00 0.00
0.00 0.00 0.00 0.00 0.00 0.00 0.00 0.00
0.00 0.00 0.00 0.00 0.00 0.00 0.00 0.00
0.00 0.00 0.00 0.00 0.00 0.00 0.00 0.00
0.00 0.00 0.00 0.00 0.00 0.00 0.00 0.00
0.00 0.00 0.00 0.00 0.00 0.00 0.00 0.00
0.00 0.00 0.00 0.00 0.00 0.00 0.00 0.00
0.00 0.00 0.00 0.00 0.00 0.00 0.00 0.00
0.00 0.00 0.00 0.00 0.00 0.00 0.00 0.00
0.00 0.00 0.00 0.00 0.00 0.00 0.00 0.00
0.00 0.00 0.00 0.00 0.00 0.00 0.00 0.00
0.00 0.00 0.00 0.00 0.00 0.00 0.00 0.00
0.00 0.00 0.00 0.00 0.00 0.00 0.00 0.00
0.00 0.00 0.00 0.00 0.00 0.00 0.00 0.00
0.00 0.00 0.00 0.00 0.00 0.00 0.00 0.00
0.00 0.00 0.00 0.00 0.00 0.00 0.00 0.00
0.00 0.00 0.00 0.00 0.00 0.00 0.00 0.00
0.00 0.00 0.00 0.00 0.00 0.00 0.00 0.00
0.00 0.00 0.00 0.00 0.00 0.00 0.00 0.00
0.00 0.00 0.00 0.00 0.00 0.00 0.00 0.00
0.00 0.00 0.00 0.00 0.00 0.00 0.00 0.00
0.00 0.01 0.00 0.00 0.00 0.00 0.00 0.00
0.00 0.00 0.00 0.00 0.00 0.00 0.01 0.00
0.00 0.00 0.00 0.00 0.00 0.00 0.00 0.00
0.00 0.01 0.00 0.00 0.00 0.00 0.01 0.00
0.00 0.02 0.00 0.00 0.00 0.00 0.01 0.00
0.00 0.01 0.00 0.00 0.00 0.00 0.01 0.00
0.00 0.01 0.00 0.00 0.00 0.00 0.01 0.00
0.01 0.06 0.00 0.00 0.01 0.01 0.01 0.00
0.01 0.05 0.00 0.00 0.01 0.01 0.01 0.01
0.01 0.07 0.00 0.00 0.01 0.01 0.01 0.00
0.03 0.17 0.01 0.00 0.02 0.02 0.04 0.00
0.02 0.10 0.01 0.00 0.02 0.01 0.04 0.00
0.02 0.14 0.00 0.00 0.02 0.02 0.02 0.00
0.01 0.10 0.00 0.00 0.02 0.02 0.01 0.00
0.02 0.11 0.00 0.00 0.03 0.04 0.01 0.00
0.02 0.12 0.00 0.00 0.04 0.05 0.03 0.00
0.02 0.14 0.00 0.00 0.06 0.08 0.02 0.00
0.02 0.14 0.00 0.00 0.06 0.09 0.02 0.01
0.03 0.21 0.00 0.00 0.12 0.17 0.04 0.00
0.02 0.17 0.00 0.00 0.08 0.13 0.01 0.00
0.04 0.33 0.00 0.00 0.10 0.15 0.01 0.01
0.13 0.90 0.01 0.00 0.25 0.33 0.08 0.05
0.20 1.44 0.01 0.00 0.47 0.64 0.11 0.10
0.16 1.20 0.01 0.00 0.44 0.60 0.07 0.07
0.11 0.82 0.00 0.00 0.30 0.42 0.05 0.03
0.27 1.95 0.02 0.00 0.64 0.85 0.15 0.12
0.20 1.31 0.03 0.00 0.43 0.53 0.19 0.10
0.15 1.00 0.01 0.00 0.30 0.39 0.10 0.07
0.16 1.09 0.01 0.00 0.39 0.52 0.11 0.06
0.11 0.80 0.01 0.00 0.33 0.45 0.07 0.06
0.14 0.90 0.02 0.00 0.39 0.47 0.18 0.14
0.09 0.61 0.01 0.00 0.27 0.34 0.10 0.07
0.09 0.55 0.01 0.00 0.26 0.34 0.09 0.12
0.08 0.47 0.01 0.00 0.27 0.33 0.11 0.21
0.08 0.43 0.02 0.00 0.25 0.28 0.19 0.10
0.14 0.85 0.02 0.00 0.27 0.35 0.11 0.07
0.12 0.63 0.02 0.01 0.17 0.22 0.09 0.09
0.19 1.18 0.06 0.00 0.16 0.24 0.15 0.00
0.09 0.52 0.04 0.00 0.06 0.10 0.09 0.00
0.11 0.66 0.02 0.00 0.06 0.10 0.04 0.00
0.06 0.32 0.02 0.00 0.03 0.04 0.02 0.01
0.11 0.62 0.03 0.00 0.05 0.08 0.04 0.00
0.02 0.18 0.00 0.00 0.01 0.03 0.00 0.00
0.00 0.06 0.00 0.01 0.00 0.01 0.00 0.01
0.02 0.15 0.01 0.00 0.01 0.03 0.01 0.00
0.00 0.00 0.00 0.02 0.00 0.00 0.01 0.02
0.00 0.03 0.00 0.00 0.00 0.01 0.00 0.00
0.00 0.00 0.00 0.00 0.00 0.00 0.00 0.00
0.00 0.01 0.00 0.00 0.00 0.00 0.00 0.00
0.00 0.00 0.00 0.00 0.00 0.00 0.00 0.00
0.00 0.00 0.00 0.00 0.00 0.00 0.01 0.00
0.00 0.00 0.00 0.00 0.00 0.00 0.01 0.00
0.00 0.00 0.00 0.00 0.00 0.00 0.00 0.00
0.00 0.00 0.00 0.00 0.00 0.00 0.00 0.00
0.00 0.00 0.00 0.00 0.00 0.00 0.00 0.00
0.00 0.02 0.00 0.00 0.00 0.00 0.00 0.00
0.00 0.00 0.00 0.00 0.00 0.00 0.00 0.00
0.00 0.01 0.00 0.00 0.00 0.00 0.00 0.00
0.00 0.00 0.00 0.00 0.00 0.00 0.00 0.00
0.00 0.00 0.00 0.00 0.00 0.00 0.00 0.00
0.00 0.00 0.00 0.00 0.00 0.00 0.00 0.00
0.00 0.00 0.00 0.00 0.00 0.00 0.00 0.00
0.00 0.00 0.00 0.00 0.00 0.00 0.00 0.00
0.00 0.00 0.00 0.00 0.00 0.00 0.00 0.00
0.00 0.00 0.00 0.00 0.00 0.00 0.00 0.00
0.00 0.00 0.00 0.00 0.00 0.00 0.00 0.00
0.00 0.00 0.00 0.00 0.00 0.00 0.00 0.00
0.00 0.00 0.00 0.00 0.00 0.00 0.00 0.00
0.00 0.01 0.00 0.00 0.00 0.00 0.00 0.00
0.00 0.01 0.00 0.00 0.00 0.00 0.00 0.00
0.00 0.00 0.00 0.00 0.00 0.00 0.00 0.00
0.00 0.00 0.00 0.00 0.00 0.00 0.00 0.00
0.00 0.00 0.00 0.00 0.00 0.00 0.00 0.00
0.00 0.01 0.01 0.00 0.00 0.00 0.00 0.00
0.00 0.00 0.00 0.00 0.00 0.00 0.00 0.00
0.00 0.00 0.00 0.00 0.00 0.00 0.00 0.00
0.00 0.00 0.00 0.00 0.00 0.00 0.01 0.00
0.00 0.01 0.00 0.00 0.00 0.00 0.00 0.00
0.00 0.00 0.00 0.00 0.00 0.00 0.00 0.00
0.00 0.00 0.00 0.00 0.00 0.00 0.00 0.00
0.00 0.00 0.00 0.00 0.00 0.00 0.00 0.00
0.00 0.00 0.00 0.00 0.00 0.00 0.00 0.00
0.00 0.00 0.00 0.00 0.00 0.00 0.00 0.00
0.00 0.00 0.00 0.00 0.00 0.00 0.00 0.00
0.00 0.00 0.00 0.00 0.00 0.00 0.00 0.00
0.00 0.01 0.00 0.00 0.00 0.00 0.00 0.00
0.00 0.00 0.00 0.00 0.00 0.00 0.00 0.00
0.00 0.00 0.00 0.00 0.00 0.00 0.00 0.00
0.00 0.01 0.00 0.00 0.00 0.00 0.00 0.00
0.00 0.00 0.00 0.00 0.00 0.00 0.00 0.00
0.00 0.00 0.00 0.00 0.00 0.00 0.00 0.01
0.00 0.00 0.00 0.00 0.00 0.00 0.00 0.00
0.00 0.01 0.00 0.00 0.00 0.00 0.00 0.00
0.00 0.00 0.00 0.00 0.00 0.00 0.00 0.00
0.00 0.00 0.00 0.00 0.00 0.00 0.00 0.00
0.00 0.00 0.00 0.00 0.00 0.00 0.00 0.00
0.00 0.00 0.00 0.00 0.00 0.00 0.00 0.00
0.00 0.01 0.00 0.00 0.00 0.00 0.00 0.00
0.00 0.01 0.00 0.00 0.00 0.00 0.00 0.00
0.00 0.01 0.00 0.00 0.00 0.00 0.00 0.00
0.00 0.00 0.00 0.00 0.00 0.00 0.00 0.00
0.00 0.00 0.00 0.00 0.00 0.00 0.00 0.00
0.00 0.01 0.00 0.00 0.00 0.00 0.00 0.00
0.00 0.00 0.00 0.00 0.00 0.00 0.00 0.00
0.00 0.00 0.00 0.00 0.00 0.00 0.00 0.00
0.00 0.01 0.00 0.00 0.00 0.00 0.00 0.00
0.00 0.00 0.00 0.00 0.00 0.00 0.00 0.00
0.00 0.00 0.00 0.00 0.00 0.00 0.00 0.01
0.00 0.00 0.00 0.00 0.00 0.00 0.00 0.00
0.00 0.01 0.00 0.00 0.00 0.00 0.00 0.01
0.00 0.00 0.00 0.00 0.00 0.00 0.00 0.01
0.00 0.00 0.00 0.00 0.00 0.00 0.00 0.01
0.00 0.00 0.00 0.00 0.00 0.00 0.00 0.01
0.00 0.01 0.00 0.00 0.00 0.00 0.00 0.01
0.00 0.01 0.00 0.00 0.00 0.00 0.00 0.02
0.00 0.00 0.00 0.00 0.00 0.00 0.01 0.02
0.00 0.00 0.00 0.00 0.00 0.00 0.00 0.01
0.00 0.00 0.00 0.00 0.00 0.00 0.00 0.01
0.00 0.00 0.00 0.00 0.00 0.00 0.00 0.00
0.00 0.00 0.00 0.00 0.00 0.00 0.00 0.01
0.00 0.00 0.00 0.00 0.00 0.00 0.01 0.01
0.00 0.01 0.00 0.00 0.00 0.00 0.01 0.01
0.00 0.00 0.00 0.00 0.00 0.00 0.00 0.01
0.00 0.01 0.00 0.00 0.00 0.00 0.00 0.02
0.00 0.03 0.00 0.00 0.00 0.00 0.00 0.01
0.00 0.03 0.00 0.00 0.00 0.00 0.00 0.02
0.02 0.13 0.00 0.00 0.01 0.01 0.01 0.01
0.05 0.31 0.01 0.00 0.03 0.03 0.02 0.03
0.04 0.25 0.00 0.00 0.02 0.02 0.01 0.03
0.04 0.31 0.01 0.00 0.02 0.03 0.01 0.02
0.04 0.27 0.00 0.00 0.02 0.03 0.01 0.03
0.07 0.51 0.01 0.00 0.05 0.05 0.03 0.01
0.03 0.19 0.00 0.00 0.02 0.03 0.01 0.02
0.08 0.55 0.01 0.00 0.09 0.11 0.04 0.03
0.03 0.25 0.00 0.00 0.04 0.06 0.01 0.01
0.07 0.51 0.01 0.00 0.11 0.14 0.04 0.05
0.10 0.68 0.01 0.00 0.16 0.20 0.06 0.04
0.09 0.61 0.01 0.00 0.17 0.22 0.05 0.08
0.09 0.64 0.01 0.00 0.20 0.27 0.05 0.06
0.08 0.58 0.01 0.00 0.18 0.24 0.05 0.05
0.10 0.71 0.01 0.00 0.21 0.30 0.07 0.02
0.15 1.21 0.00 0.00 0.27 0.44 0.02 0.02
0.25 1.80 0.02 0.00 0.49 0.74 0.11 0.02
0.25 1.65 0.03 0.00 0.53 0.72 0.22 0.06
0.38 2.59 0.04 0.00 0.75 1.02 0.26 0.10
0.22 1.66 0.01 0.00 0.47 0.70 0.07 0.04
0.20 1.42 0.02 0.00 0.39 0.56 0.13 0.01
0.27 1.94 0.02 0.00 0.49 0.69 0.14 0.03
0.20 1.34 0.03 0.00 0.44 0.57 0.23 0.05
0.29 1.99 0.04 0.00 0.59 0.78 0.27 0.05
0.27 1.76 0.03 0.00 0.54 0.69 0.24 0.12
0.24 1.66 0.02 0.00 0.49 0.64 0.16 0.11
0.30 1.97 0.04 0.00 0.59 0.73 0.30 0.10
0.21 1.37 0.03 0.00 0.42 0.53 0.23 0.09
0.16 0.97 0.03 0.00 0.27 0.35 0.18 0.03
0.17 1.12 0.02 0.00 0.19 0.26 0.08 0.03
0.19 1.21 0.03 0.00 0.19 0.28 0.08 0.01
0.36 2.15 0.09 0.00 0.25 0.37 0.19 0.01
0.17 1.10 0.03 0.00 0.10 0.16 0.06 0.00
0.10 0.68 0.01 0.00 0.05 0.10 0.02 0.00
0.11 0.67 0.03 0.00 0.06 0.12 0.05 0.00
0.10 0.53 0.03 0.00 0.06 0.11 0.06 0.00
0.02 0.15 0.00 0.00 0.02 0.05 0.01 0.00
0.01 0.04 0.00 0.00 0.01 0.01 0.01 0.00
0.00 0.02 0.00 0.00 0.00 0.01 0.00 0.00
0.04 0.14 0.01 0.01 0.02 0.03 0.01 0.01
0.00 0.01 0.00 0.00 0.00 0.00 0.00 0.00
0.00 0.00 0.00 0.00 0.00 0.00 0.01 0.00
0.00 0.00 0.00 0.00 0.00 0.00 0.00 0.00
0.00 0.00 0.00 0.00 0.00 0.00 0.00 0.00
0.00 0.00 0.00 0.00 0.00 0.00 0.00 0.00
0.00 0.00 0.00 0.00 0.00 0.00 0.00 0.00
0.00 0.00 0.00 0.00 0.00 0.00 0.00 0.00
0.00 0.01 0.00 0.00 0.00 0.00 0.01 0.00
0.00 0.00 0.00 0.00 0.00 0.00 0.00 0.00
0.00 0.00 0.00 0.00 0.00 0.00 0.00 0.00
0.00 0.00 0.00 0.00 0.00 0.00 0.00 0.00
0.00 0.00 0.00 0.00 0.00 0.00 0.00 0.00
0.00 0.00 0.00 0.00 0.00 0.00 0.00 0.00
0.00 0.00 0.00 0.00 0.00 0.00 0.00 0.00
0.00 0.00 0.00 0.00 0.00 0.00 0.00 0.00
0.00 0.00 0.00 0.00 0.00 0.00 0.00 0.00
0.00 0.00 0.00 0.00 0.00 0.00 0.00 0.00
0.00 0.01 0.00 0.00 0.00 0.00 0.00 0.00
0.00 0.00 0.00 0.00 0.00 0.00 0.00 0.00
0.00 0.00 0.00 0.00 0.00 0.00 0.00 0.00
0.00 0.01 0.00 0.00 0.00 0.00 0.00 0.00
0.00 0.00 0.00 0.00 0.00 0.00 0.00 0.00
0.00 0.00 0.00 0.00 0.00 0.00 0.00 0.00
0.00 0.00 0.01 0.00 0.00 0.00 0.00 0.00
0.00 0.01 0.00 0.01 0.00 0.00 0.00 0.00
0.00 0.01 0.00 0.00 0.00 0.00 0.00 0.00
0.00 0.01 0.00 0.00 0.00 0.00 0.00 0.00
0.00 0.00 0.01 0.00 0.00 0.00 0.00 0.00
0.00 0.00 0.00 0.00 0.00 0.00 0.00 0.00
0.00 0.01 0.00 0.00 0.00 0.00 0.00 0.00
0.00 0.00 0.00 0.00 0.00 0.00 0.00 0.00
0.00 0.00 0.00 0.00 0.00 0.00 0.00 0.00
0.00 0.01 0.00 0.00 0.00 0.00 0.00 0.00
0.00 0.00 0.00 0.00 0.00 0.00 0.00 0.00
0.00 0.00 0.00 0.00 0.00 0.00 0.00 0.00
0.00 0.00 0.00 0.00 0.00 0.00 0.00 0.00
0.00 0.00 0.00 0.00 0.00 0.00 0.00 0.00
0.00 0.00 0.00 0.00 0.00 0.00 0.00 0.00
0.00 0.00 0.00 0.00 0.00 0.00 0.00 0.00
0.00 0.00 0.00 0.00 0.00 0.00 0.00 0.00
0.00 0.01 0.00 0.00 0.00 0.00 0.00 0.00
0.00 0.00 0.00 0.00 0.00 0.00 0.00 0.00
0.00 0.00 0.00 0.00 0.00 0.00 0.00 0.00
0.00 0.00 0.00 0.00 0.00 0.00 0.00 0.00
0.00 0.00 0.00 0.00 0.00 0.00 0.00 0.00
0.00 0.00 0.00 0.00 0.00 0.00 0.00 0.00
0.00 0.00 0.00 0.00 0.00 0.00 0.00 0.00
0.00 0.00 0.00 0.00 0.00 0.00 0.00 0.00
0.00 0.00 0.00 0.00 0.00 0.00 0.00 0.00
0.00 0.00 0.00 0.00 0.00 0.00 0.00 0.00
0.00 0.00 0.00 0.00 0.00 0.00 0.00 0.00
0.00 0.00 0.00 0.00 0.00 0.00 0.00 0.00
0.00 0.00 0.00 0.00 0.00 0.00 0.00 0.00
0.00 0.00 0.00 0.00 0.00 0.00 0.00 0.00
0.00 0.00 0.00 0.00 0.00 0.00 0.00 0.00
0.00 0.00 0.00 0.00 0.00 0.00 0.00 0.00
0.00 0.00 0.00 0.00 0.00 0.00 0.00 0.00
0.00 0.00 0.00 0.00 0.00 0.00 0.00 0.00
0.00 0.00 0.00 0.00 0.00 0.00 0.00 0.00
0.00 0.00 0.00 0.00 0.00 0.00 0.00 0.00
0.00 0.00 0.00 0.00 0.00 0.00 0.00 0.00
0.00 0.00 0.00 0.00 0.00 0.00 0.00 0.00
0.00 0.00 0.00 0.00 0.00 0.00 0.00 0.00
0.00 0.00 0.00 0.00 0.00 0.00 0.00 0.00
0.00 0.00 0.00 0.00 0.00 0.00 0.00 0.00
0.00 0.00 0.00 0.00 0.00 0.00 0.00 0.00
0.00 0.00 0.00 0.00 0.00 0.00 0.00 0.00
0.00 0.00 0.00 0.00 0.00 0.00 0.00 0.00
0.00 0.00 0.00 0.00 0.00 0.00 0.00 0.00
0.00 0.00 0.00 0.00 0.00 0.00 0.00 0.00
0.00 0.00 0.00 0.00 0.00 0.00 0.00 0.00
0.00 0.00 0.00 0.00 0.00 0.00 0.00 0.00
0.00 0.00 0.00 0.00 0.00 0.00 0.00 0.00
0.00 0.00 0.00 0.00 0.00 0.00 0.00 0.00
0.00 0.00 0.00 0.00 0.00 0.00 0.00 0.00
0.00 0.00 0.00 0.00 0.00 0.00 0.00 0.00
0.00 0.01 0.00 0.00 0.00 0.00 0.00 0.00
0.00 0.00 0.00 0.00 0.00 0.00 0.00 0.00
0.00 0.00 0.00 0.00 0.00 0.00 0.00 0.00
0.00 0.00 0.00 0.00 0.00 0.00 0.00 0.00
0.00 0.01 0.00 0.00 0.00 0.00 0.00 0.00
0.01 0.05 0.01 0.00 0.00 0.00 0.01 0.00
0.00 0.00 0.00 0.00 0.00 0.00 0.00 0.00
0.00 0.01 0.00 0.00 0.00 0.00 0.00 0.00
0.00 0.00 0.00 0.00 0.00 0.00 0.00 0.00
0.00 0.01 0.00 0.00 0.00 0.00 0.00 0.00
0.00 0.00 0.00 0.00 0.00 0.00 0.00 0.00
0.00 0.01 0.00 0.00 0.00 0.00 0.00 0.00
0.00 0.00 0.00 0.00 0.00 0.00 0.00 0.00
0.00 0.01 0.00 0.00 0.00 0.00 0.00 0.00
0.00 0.00 0.00 0.00 0.00 0.00 0.00 0.00
0.00 0.00 0.00 0.00 0.00 0.00 0.00 0.00
0.00 0.00 0.00 0.00 0.00 0.00 0.00 0.00
0.00 0.00 0.00 0.00 0.00 0.00 0.00 0.00
