5.98 12.72 3.11 2.11 40.36 37.08 43.20 44.89
6.34 13.82 2.98 2.22 40.11 36.73 43.38 44.66
6.54 14.39 3.05 2.17 39.98 36.55 43.29 44.77
6.01 13.08 2.93 2.03 40.34 36.97 43.46 45.06
6.69 14.55 3.30 2.23 39.87 36.50 42.95 44.64
6.93 15.30 3.24 2.26 39.72 36.28 43.02 44.59
7.32 16.06 3.48 2.41 39.49 36.07 42.72 44.31
7.99 17.60 3.83 2.53 39.11 35.67 42.29 44.10
7.28 16.07 3.41 2.37 39.51 36.07 42.80 44.39
7.20 15.61 3.40 2.58 39.56 36.20 42.81 44.01
8.29 17.74 3.83 3.30 38.95 35.64 42.30 42.95
7.27 16.00 3.18 2.63 39.52 36.09 43.11 43.94
7.73 17.26 3.42 2.51 39.25 35.76 42.79 44.13
9.10 20.23 4.24 2.82 38.54 35.07 41.85 43.62
8.70 19.54 3.80 2.76 38.74 35.22 42.33 43.73
8.70 19.69 3.75 2.66 38.74 35.19 42.39 43.89
8.74 20.17 3.80 2.24 38.72 35.08 42.33 44.62
9.39 21.77 4.07 2.33 38.40 34.75 42.03 44.45
9.65 22.20 4.16 2.59 38.28 34.67 41.94 44.00
9.77 22.63 4.02 2.67 38.23 34.58 42.08 43.86
10.00 22.81 4.58 2.60 38.13 34.55 41.53 43.98
8.18 18.90 3.41 2.22 39.01 35.37 42.81 44.67
7.20 17.04 2.96 1.59 39.56 35.82 43.41 46.12
5.84 13.77 2.48 1.27 40.47 36.74 44.19 47.10
5.09 12.24 2.14 0.89 41.06 37.25 44.82 48.64
4.80 11.76 1.89 0.75 41.32 37.43 45.36 49.35
4.59 11.44 1.60 0.74 41.51 37.55 46.09 49.46
4.82 11.87 1.75 0.85 41.30 37.39 45.71 48.85
4.70 11.43 1.78 0.87 41.41 37.55 45.63 48.74
4.75 11.64 1.71 0.90 41.36 37.47 45.79 48.55
3.42 7.81 1.55 0.90 42.79 39.21 46.23 48.58
3.53 8.09 1.60 0.91 42.65 39.05 46.09 48.53
3.65 8.40 1.62 0.95 42.50 38.89 46.05 48.37
3.74 8.63 1.68 0.92 42.40 38.77 45.87 48.52
3.46 7.96 1.57 0.86 42.74 39.12 46.18 48.77
3.56 8.26 1.57 0.86 42.62 38.96 46.18 48.80
3.58 8.36 1.59 0.79 42.59 38.91 46.11 49.13
3.48 8.12 1.54 0.76 42.72 39.03 46.26 49.32
3.22 7.46 1.47 0.73 43.05 39.40 46.47 49.52
2.97 7.05 1.27 0.59 43.40 39.64 47.09 50.43
2.88 7.03 1.21 0.42 43.53 39.67 47.30 51.89
2.70 6.60 1.11 0.39 43.81 39.93 47.66 52.26
2.89 6.86 1.28 0.54 43.52 39.76 47.07 50.82
3.26 7.56 1.55 0.67 42.99 39.34 46.21 49.90
3.58 8.25 1.80 0.68 42.60 38.97 45.59 49.81
3.48 8.05 1.71 0.67 42.72 39.07 45.80 49.87
3.41 7.88 1.68 0.66 42.80 39.16 45.87 49.91
3.67 8.53 1.89 0.59 42.49 38.82 45.37 50.43
3.67 8.47 1.97 0.57 42.48 38.85 45.18 50.54
3.71 8.39 1.96 0.78 42.44 38.89 45.20 49.22
3.74 8.44 2.04 0.74 42.40 38.87 45.04 49.42
3.70 8.36 1.97 0.77 42.45 38.91 45.19 49.26
3.39 7.68 1.77 0.72 42.83 39.28 45.64 49.53
2.96 6.63 1.58 0.68 43.41 39.92 46.14 49.82
2.56 5.67 1.42 0.59 44.05 40.60 46.62 50.42
2.39 5.24 1.38 0.56 44.34 40.94 46.72 50.69
2.09 4.56 1.19 0.51 44.93 41.54 47.36 51.04
2.03 4.43 1.18 0.48 45.06 41.67 47.42 51.32
1.83 3.94 1.09 0.45 45.51 42.17 47.77 51.62
1.94 4.22 1.12 0.48 45.25 41.88 47.65 51.28
2.31 5.08 1.37 0.48 44.52 41.11 46.76 51.31
2.50 5.54 1.45 0.49 44.17 40.71 46.53 51.20
2.19 4.82 1.25 0.49 44.75 41.32 47.16 51.26
2.06 4.68 1.16 0.34 45.00 41.44 47.48 52.78
2.06 4.68 1.15 0.35 45.02 41.46 47.55 52.65
2.11 4.79 1.18 0.37 44.90 41.36 47.44 52.40
2.36 5.21 1.36 0.50 44.42 40.98 46.82 51.09
2.43 5.47 1.35 0.47 44.28 40.77 46.82 51.38
2.17 4.81 1.25 0.44 44.79 41.33 47.17 51.71
2.08 4.69 1.20 0.36 44.95 41.42 47.35 52.59
2.09 4.71 1.20 0.37 44.94 41.43 47.35 52.49
2.02 4.51 1.19 0.36 45.11 41.63 47.39 52.55
2.07 4.49 1.24 0.48 44.98 41.62 47.19 51.30
1.96 4.27 1.16 0.45 45.22 41.85 47.48 51.57
2.00 4.37 1.16 0.46 45.14 41.75 47.49 51.46
2.58 5.42 1.61 0.69 44.03 40.81 46.05 49.72
3.19 6.32 2.02 1.22 43.10 40.13 45.09 47.25
4.18 8.02 2.46 2.07 41.92 39.09 44.22 44.98
4.83 9.10 2.58 2.81 41.29 38.54 44.02 43.64
5.69 10.43 2.95 3.70 40.58 37.95 43.43 42.45
5.93 10.51 3.32 3.96 40.40 37.92 42.92 42.15
6.29 10.61 3.67 4.60 40.14 37.88 42.48 41.50
5.99 10.31 3.29 4.37 40.36 38.00 42.96 41.73
5.84 9.83 2.98 4.73 40.46 38.21 43.39 41.38
5.18 8.59 3.05 3.89 40.99 38.79 43.28 42.23
5.61 9.14 2.87 4.81 40.64 38.52 43.55 41.31
5.60 8.83 3.06 4.92 40.64 38.67 43.28 41.21
5.81 9.01 3.07 5.36 40.49 38.58 43.27 40.84
4.84 7.76 2.63 4.15 41.28 39.23 43.94 41.94
5.43 8.60 2.97 4.72 40.78 38.79 43.41 41.39
4.62 7.97 2.31 3.59 41.48 39.12 44.51 42.58
5.18 8.80 2.65 4.09 40.99 38.69 43.90 42.01
5.33 8.80 2.83 4.37 40.86 38.68 43.61 41.72
5.14 8.72 2.54 4.16 41.02 38.73 44.08 41.94
4.78 8.12 2.48 3.75 41.33 39.03 44.19 42.39
4.92 8.48 2.36 3.93 41.21 38.85 44.41 42.18
4.90 8.27 2.46 3.97 41.23 38.95 44.23 42.14
5.35 9.17 3.00 3.89 40.85 38.51 43.36 42.24
5.24 8.90 3.22 3.61 40.94 38.64 43.05 42.55
5.01 8.46 2.85 3.73 41.13 38.86 43.58 42.41
5.82 9.66 3.83 3.98 40.48 38.28 42.30 42.13
5.03 8.53 3.06 3.48 41.12 38.82 43.27 42.71
5.44 9.35 3.25 3.72 40.77 38.42 43.02 42.42
5.85 10.17 3.65 3.73 40.46 38.06 42.50 42.41
6.40 11.21 4.46 3.52 40.07 37.63 41.64 42.67
6.79 12.05 4.32 4.00 39.81 37.32 41.78 42.10
6.75 12.86 3.75 3.64 39.84 37.04 42.40 42.52
7.88 14.88 4.32 4.43 39.17 36.40 41.78 41.67
8.72 16.60 4.87 4.69 38.72 35.93 41.26 41.42
10.22 19.66 5.60 5.38 38.04 35.19 40.64 40.82
9.76 18.87 5.25 5.16 38.23 35.37 40.93 41.00
10.27 19.78 5.50 5.53 38.02 35.17 40.73 40.70
10.67 20.71 5.85 5.43 37.85 34.97 40.46 40.78
9.89 19.15 5.13 5.39 38.18 35.31 41.03 40.82
8.67 17.81 4.00 4.20 38.75 35.62 42.11 41.89
8.30 16.21 4.09 4.60 38.94 36.03 42.01 41.50
9.02 18.36 4.11 4.58 38.58 35.49 41.99 41.53
8.19 17.05 3.64 3.87 39.00 35.81 42.52 42.25
6.99 14.64 3.28 3.05 39.69 36.48 42.98 43.29
7.14 14.91 3.46 3.04 39.59 36.40 42.74 43.29
5.99 12.80 2.74 2.44 40.35 37.06 43.76 44.25
6.57 14.00 3.27 2.45 39.95 36.67 42.99 44.24
6.35 13.71 2.86 2.47 40.10 36.76 43.56 44.21
6.50 14.09 3.04 2.37 40.00 36.64 43.30 44.38
6.17 13.54 2.89 2.07 40.23 36.82 43.51 44.97
6.27 13.58 2.89 2.32 40.16 36.80 43.52 44.47
6.09 13.19 2.88 2.22 40.28 36.93 43.54 44.66
6.40 13.96 2.93 2.31 40.07 36.68 43.46 44.49
6.02 13.19 2.79 2.09 40.33 36.93 43.68 44.93
6.11 13.19 2.92 2.21 40.27 36.93 43.48 44.69
6.44 13.94 2.93 2.44 40.05 36.69 43.46 44.27
6.19 13.48 2.86 2.24 40.21 36.83 43.57 44.63
6.82 14.91 3.33 2.20 39.79 36.39 42.90 44.70
7.78 17.33 3.53 2.47 39.22 35.74 42.65 44.20
7.80 17.60 3.43 2.38 39.21 35.68 42.78 44.36
7.40 16.63 3.29 2.29 39.44 35.92 42.95 44.54
8.29 18.78 3.81 2.30 38.94 35.39 42.33 44.52
9.22 21.16 4.08 2.43 38.48 34.87 42.02 44.28
9.74 22.55 4.30 2.36 38.25 34.60 41.80 44.40
9.30 21.88 3.88 2.15 38.45 34.73 42.24 44.81
9.72 22.92 4.06 2.18 38.26 34.53 42.05 44.75
9.71 22.58 4.13 2.43 38.26 34.59 41.97 44.27
7.87 18.67 3.17 1.77 39.17 35.42 43.11 45.66
6.78 16.32 2.58 1.45 39.82 36.01 44.02 46.50
6.38 15.45 2.47 1.21 40.09 36.24 44.21 47.30
5.89 14.57 2.11 0.97 40.43 36.50 44.89 48.25
5.32 13.34 1.93 0.68 40.87 36.88 45.27 49.80
5.52 13.88 2.08 0.59 40.71 36.70 44.96 50.43
5.05 12.61 1.97 0.56 41.10 37.12 45.19 50.61
5.57 14.17 1.98 0.56 40.67 36.62 45.16 50.65
5.24 13.03 2.11 0.57 40.93 36.98 44.88 50.55
5.46 13.64 2.17 0.58 40.76 36.78 44.76 50.48
5.31 13.28 2.08 0.58 40.88 36.90 44.96 50.51
5.41 13.66 2.08 0.48 40.80 36.78 44.94 51.28
5.20 13.09 2.02 0.48 40.97 36.96 45.07 51.29
5.06 12.74 1.96 0.48 41.09 37.08 45.21 51.28
5.09 12.65 2.04 0.59 41.06 37.11 45.02 50.45
5.31 13.14 2.15 0.63 40.88 36.95 44.82 50.15
5.11 12.80 1.95 0.56 41.05 37.06 45.24 50.60
4.71 11.85 1.74 0.55 41.40 37.40 45.73 50.69
4.58 11.45 1.71 0.57 41.52 37.54 45.81 50.56
4.62 11.44 1.88 0.54 41.48 37.55 45.39 50.76
4.42 10.93 1.82 0.51 41.68 37.75 45.54 51.07
4.86 12.06 2.00 0.52 41.27 37.32 45.11 51.02
5.04 12.33 2.25 0.55 41.11 37.22 44.62 50.75
5.43 13.33 2.38 0.59 40.78 36.89 44.36 50.47
5.36 13.11 2.37 0.59 40.85 36.96 44.38 50.44
5.53 13.51 2.43 0.63 40.72 36.83 44.29 50.14
5.80 14.12 2.61 0.67 40.51 36.64 43.97 49.88
5.91 14.45 2.61 0.66 40.42 36.54 43.97 49.92
5.51 13.43 2.43 0.66 40.73 36.86 44.27 49.97
5.64 13.78 2.50 0.65 40.63 36.75 44.16 50.00
4.59 11.17 2.03 0.58 41.52 37.66 45.05 50.48
4.28 10.31 2.02 0.52 41.84 38.03 45.09 50.96
3.86 9.15 1.91 0.53 42.28 38.54 45.32 50.91
3.69 8.69 1.87 0.50 42.50 38.79 45.42 51.14
3.52 8.39 1.74 0.44 42.72 38.96 45.75 51.72
3.19 7.58 1.63 0.36 43.16 39.42 46.03 52.55
3.00 7.03 1.49 0.48 43.43 39.76 46.41 51.32
3.04 7.00 1.49 0.61 43.39 39.78 46.43 50.28
2.73 5.92 1.54 0.72 43.82 40.47 46.27 49.60
2.92 6.31 1.66 0.79 43.53 40.21 45.95 49.16
2.71 5.84 1.54 0.76 43.88 40.58 46.28 49.35
2.62 5.68 1.45 0.73 44.03 40.70 46.56 49.51
2.70 5.92 1.49 0.70 43.91 40.54 46.44 49.69
2.61 5.77 1.45 0.60 44.04 40.62 46.52 50.37
2.76 6.05 1.61 0.63 43.77 40.40 46.08 50.15
2.88 6.30 1.63 0.72 43.60 40.23 46.03 49.59
2.63 5.80 1.42 0.67 44.00 40.59 46.63 49.90
2.72 6.02 1.47 0.65 43.86 40.43 46.47 49.98
2.68 5.95 1.43 0.65 43.94 40.49 46.63 50.02
2.70 6.08 1.41 0.61 43.89 40.40 46.65 50.29
2.76 6.20 1.47 0.61 43.80 40.31 46.48 50.31
2.73 6.12 1.43 0.65 43.83 40.35 46.60 50.01
2.98 6.49 1.59 0.85 43.44 40.07 46.13 48.83
3.78 8.11 2.18 1.05 42.39 39.08 44.77 47.91
3.99 8.23 2.42 1.31 42.15 39.02 44.30 46.96
4.84 9.57 2.83 2.11 41.32 38.37 43.64 44.89
5.53 10.68 3.03 2.90 40.71 37.87 43.33 43.51
5.88 10.81 3.18 3.65 40.45 37.81 43.11 42.51
5.52 9.75 3.11 3.71 40.72 38.26 43.21 42.44
5.37 9.13 3.09 3.89 40.84 38.54 43.24 42.23
4.47 7.35 2.48 3.56 41.63 39.48 44.18 42.61
4.73 7.55 2.63 4.00 41.39 39.36 43.93 42.12
4.90 7.90 3.30 3.51 41.23 39.15 42.95 42.68
5.69 9.09 3.73 4.24 40.58 38.55 42.42 41.85
4.76 7.47 2.71 4.12 41.35 39.40 43.81 41.99
4.88 7.70 2.74 4.20 41.24 39.26 43.75 41.90
5.44 8.78 3.28 4.25 40.78 38.70 42.97 41.85
5.95 9.52 3.78 4.54 40.39 38.34 42.36 41.56
5.37 8.57 3.59 3.94 40.83 38.80 42.58 42.18
6.01 9.70 3.66 4.67 40.34 38.26 42.49 41.44
5.95 9.59 3.69 4.58 40.38 38.31 42.46 41.52
5.84 9.78 3.53 4.22 40.46 38.23 42.65 41.88
5.93 9.85 3.54 4.42 40.40 38.20 42.65 41.68
5.74 9.54 3.29 4.40 40.54 38.34 42.97 41.70
6.24 10.77 3.55 4.42 40.17 37.81 42.63 41.68
6.25 10.49 3.82 4.43 40.17 37.92 42.31 41.67
5.82 9.66 3.89 3.89 40.49 38.28 42.23 42.23
6.28 10.25 4.15 4.43 40.15 38.03 41.95 41.66
6.10 10.13 3.89 4.28 40.27 38.07 42.23 41.81
6.25 10.53 4.12 4.09 40.17 37.91 41.98 42.01
5.91 10.06 3.85 3.81 40.42 38.11 42.28 42.33
7.01 11.99 4.28 4.76 39.67 37.34 41.81 41.36
8.07 13.75 4.98 5.47 39.06 36.75 41.16 40.75
9.17 15.57 5.48 6.45 38.51 36.21 40.74 40.04
8.73 15.67 5.17 5.35 38.72 36.18 41.00 40.85
10.46 18.76 6.59 6.02 37.94 35.40 39.94 40.33
11.38 21.16 6.60 6.39 37.57 34.88 39.94 40.08
11.65 21.91 6.41 6.64 37.47 34.72 40.06 39.91
12.25 23.04 6.91 6.80 37.25 34.51 39.74 39.81
12.94 24.54 7.02 7.26 37.01 34.23 39.67 39.52
12.46 23.05 6.54 7.80 37.17 34.50 39.97 39.21
11.48 22.27 5.85 6.32 37.53 34.65 40.46 40.13
10.42 20.37 5.39 5.50 37.95 35.04 40.82 40.73
10.16 20.71 5.20 4.56 38.06 34.97 40.97 41.54
9.89 20.41 5.21 4.05 38.18 35.03 40.97 42.06
9.00 18.84 4.51 3.65 38.59 35.38 41.59 42.51
8.50 18.09 4.28 3.12 38.84 35.56 41.82 43.19
9.35 19.95 4.66 3.44 38.42 35.13 41.44 42.77
7.81 16.68 3.99 2.78 39.20 35.91 42.13 43.69
8.99 19.45 4.55 2.97 38.59 35.24 41.55 43.40
8.74 18.63 4.48 3.10 38.72 35.43 41.62 43.22
10.39 22.70 4.80 3.66 37.97 34.57 41.32 42.50
8.11 17.85 3.95 2.55 39.04 35.61 42.17 44.07
10.09 22.04 4.74 3.51 38.09 34.70 41.38 42.68
9.05 19.26 4.57 3.32 38.56 35.28 41.53 42.92
8.44 18.37 4.17 2.78 38.87 35.49 41.93 43.70
7.13 15.74 3.41 2.24 39.60 36.16 42.81 44.63
8.04 17.43 3.95 2.73 39.08 35.72 42.17 43.77
9.16 19.70 4.45 3.33 38.51 35.19 41.64 42.91
8.77 18.79 4.25 3.25 38.70 35.39 41.85 43.00
8.56 18.64 4.08 2.95 38.81 35.43 42.03 43.43
8.65 19.17 3.89 2.88 38.76 35.30 42.23 43.53
9.02 20.12 4.04 2.90 38.58 35.09 42.07 43.51
9.47 21.24 4.09 3.08 38.37 34.86 42.02 43.25
9.12 20.58 3.96 2.83 38.53 34.99 42.17 43.61
9.82 22.37 4.30 2.81 38.21 34.64 41.80 43.64
10.78 24.81 4.60 2.94 37.81 34.18 41.50 43.45
10.53 24.17 4.47 2.95 37.91 34.30 41.63 43.43
9.49 21.82 4.12 2.53 38.36 34.74 41.98 44.10
8.52 19.70 3.56 2.31 38.83 35.19 42.61 44.49
7.47 17.63 3.03 1.75 39.40 35.67 43.32 45.68
6.17 14.74 2.51 1.26 40.23 36.44 44.14 47.13
5.53 13.46 2.25 0.87 40.71 36.84 44.62 48.74
4.91 12.14 1.89 0.70 41.22 37.29 45.38 49.71
4.63 11.45 1.75 0.68 41.48 37.54 45.69 49.84
4.56 11.50 1.67 0.49 41.55 37.52 45.90 51.26
4.59 11.53 1.74 0.49 41.51 37.51 45.73 51.27
4.60 11.58 1.72 0.49 41.50 37.49 45.76 51.25
4.56 11.24 1.80 0.64 41.54 37.62 45.58 50.07
4.86 11.88 1.94 0.74 41.27 37.38 45.25 49.45
4.74 11.77 1.80 0.65 41.38 37.42 45.58 50.04
4.49 11.23 1.65 0.58 41.61 37.63 45.95 50.48
4.37 10.89 1.66 0.55 41.73 37.76 45.92 50.73
4.63 11.74 1.61 0.55 41.47 37.44 46.06 50.71
4.64 11.47 1.78 0.68 41.47 37.54 45.63 49.82
4.87 12.04 1.90 0.69 41.25 37.32 45.35 49.73
4.37 10.67 1.75 0.68 41.73 37.84 45.69 49.81
4.31 10.64 1.62 0.69 41.78 37.86 46.05 49.76
4.49 11.04 1.74 0.69 41.61 37.70 45.72 49.73
4.41 10.81 1.73 0.69 41.69 37.79 45.76 49.73
4.92 11.94 2.00 0.83 41.21 37.36 45.13 48.96
5.61 13.24 2.38 1.20 40.64 36.91 44.37 47.33
6.43 14.94 2.72 1.63 40.05 36.39 43.79 46.00
6.71 15.62 2.72 1.80 39.86 36.19 43.78 45.58
7.71 17.62 3.50 2.02 39.26 35.67 42.69 45.08
8.86 19.94 4.07 2.57 38.66 35.13 42.04 44.03
9.73 21.74 4.32 3.11 38.25 34.76 41.77 43.20
10.25 22.71 4.92 3.12 38.02 34.57 41.21 43.19
10.10 22.45 4.76 3.07 38.09 34.62 41.35 43.26
9.79 22.13 4.36 2.88 38.22 34.68 41.74 43.54
8.32 18.98 3.67 2.32 38.93 35.35 42.48 44.48
8.46 19.03 3.84 2.51 38.86 35.34 42.29 44.14
7.15 15.78 3.39 2.28 39.59 36.15 42.83 44.54
6.89 14.91 3.31 2.45 39.75 36.39 42.94 44.24
7.00 14.63 3.68 2.68 39.68 36.48 42.47 43.85
6.90 14.27 3.63 2.80 39.74 36.58 42.53 43.65
6.36 13.20 3.20 2.69 40.09 36.92 43.08 43.85
6.65 13.48 3.48 3.01 39.90 36.84 42.71 43.35
