0.00 0.00 0.00 0.00 0.00 0.00 0.00 0.00
0.00 0.00 0.00 0.00 0.00 0.00 0.00 0.00
0.00 0.00 0.00 0.00 0.00 0.00 0.00 0.00
0.00 0.00 0.00 0.00 0.00 0.00 0.00 0.00
0.00 0.00 0.00 0.00 0.00 0.00 0.00 0.00
0.00 0.00 0.00 0.00 0.00 0.00 0.00 0.00
0.00 0.00 0.00 0.00 0.00 0.00 0.00 0.00
0.00 0.00 0.00 0.00 0.00 0.00 0.00 0.00
0.00 0.00 0.00 0.00 0.00 0.00 0.00 0.00
0.00 0.00 0.00 0.00 0.00 0.00 0.00 0.00
0.00 0.00 0.00 0.00 0.00 0.00 0.00 0.00
0.00 0.00 0.00 0.00 0.00 0.00 0.00 0.00
0.00 0.00 0.00 0.00 0.00 0.00 0.00 0.00
0.00 0.00 0.00 0.00 0.00 0.00 0.00 0.00
0.00 0.00 0.00 0.00 0.00 0.00 0.00 0.00
0.00 0.00 0.00 0.00 0.00 0.00 0.00 0.00
0.00 0.00 0.00 0.00 0.00 0.00 0.00 0.00
0.00 0.00 0.00 0.00 0.00 0.00 0.00 0.00
0.00 0.00 0.00 0.00 0.00 0.00 0.00 0.00
0.00 0.00 0.00 0.00 0.00 0.00 0.00 0.00
0.00 0.00 0.00 0.00 0.00 0.00 0.00 0.00
0.00 0.00 0.00 0.00 0.00 0.00 0.00 0.00
0.00 0.00 0.00 0.00 0.00 0.00 0.00 0.00
0.00 0.00 0.00 0.00 0.00 0.00 0.00 0.00
0.00 0.00 0.00 0.00 0.00 0.00 0.00 0.00
0.00 0.00 0.00 0.00 0.00 0.00 0.00 0.00
0.00 0.00 0.00 0.00 0.00 0.00 0.00 0.00
0.00 0.00 0.00 0.00 0.00 0.00 0.00 0.00
0.00 0.01 0.00 0.00 0.00 0.00 0.00 0.00
0.00 0.01 0.01 0.01 0.00 0.00 0.02 0.05
0.01 0.04 0.00 0.01 0.01 0.02 0.00 0.06
0.00 0.00 0.00 0.00 0.00 0.00 0.01 0.01
0.02 0.04 0.00 0.01 0.02 0.02 0.00 0.06
0.01 0.01 0.01 0.01 0.01 0.01 0.03 0.03
0.00 0.01 0.01 0.00 0.00 0.00 0.02 0.01
0.01 0.02 0.01 0.00 0.02 0.01 0.04 0.01
0.00 0.01 0.00 0.01 0.00 0.01 0.00 0.08
0.01 0.02 0.01 0.00 0.01 0.01 0.01 0.00
0.00 0.00 0.01 0.00 0.00 0.00 0.04 0.00
0.00 0.02 0.02 0.00 0.00 0.01 0.08 0.01
0.00 0.01 0.00 0.00 0.00 0.00 0.02 0.00
0.02 0.05 0.00 0.00 0.02 0.03 0.01 0.02
0.02 0.03 0.00 0.03 0.03 0.02 0.00 0.23
0.03 0.04 0.02 0.02 0.04 0.02 0.05 0.17
0.04 0.07 0.02 0.01 0.04 0.03 0.07 0.09
0.01 0.00 0.04 0.01 0.02 0.00 0.11 0.06
0.01 0.02 0.01 0.00 0.01 0.01 0.02 0.04
0.00 0.00 0.02 0.01 0.00 0.00 0.04 0.08
0.02 0.05 0.02 0.00 0.02 0.03 0.04 0.03
0.02 0.04 0.02 0.01 0.02 0.02 0.04 0.03
0.00 0.01 0.00 0.01 0.00 0.00 0.01 0.05
0.02 0.07 0.01 0.01 0.03 0.04 0.02 0.05
0.01 0.02 0.01 0.01 0.01 0.01 0.02 0.06
0.01 0.04 0.01 0.00 0.02 0.03 0.02 0.03
0.01 0.04 0.01 0.01 0.02 0.03 0.03 0.05
0.01 0.04 0.03 0.01 0.02 0.04 0.08 0.05
0.01 0.03 0.00 0.01 0.02 0.03 0.02 0.06
0.01 0.04 0.01 0.00 0.03 0.04 0.03 0.06
0.00 0.01 0.01 0.01 0.02 0.01 0.04 0.07
0.00 0.03 0.01 0.01 0.01 0.03 0.05 0.11
0.25 0.62 0.11 0.02 0.48 0.54 0.36 0.16
0.18 0.47 0.07 0.01 0.32 0.37 0.21 0.12
0.16 0.39 0.06 0.02 0.32 0.36 0.21 0.16
0.17 0.43 0.08 0.02 0.37 0.40 0.31 0.22
0.20 0.51 0.08 0.02 0.43 0.47 0.33 0.25
0.18 0.49 0.05 0.02 0.38 0.45 0.18 0.22
0.21 0.54 0.08 0.01 0.39 0.46 0.26 0.07
0.20 0.55 0.04 0.01 0.36 0.45 0.13 0.10
0.19 0.49 0.08 0.01 0.38 0.45 0.28 0.09
0.08 0.21 0.03 0.01 0.16 0.19 0.10 0.10
0.17 0.45 0.07 0.01 0.36 0.42 0.26 0.09
0.22 0.56 0.11 0.01 0.49 0.55 0.39 0.13
0.15 0.38 0.06 0.02 0.32 0.37 0.20 0.19
0.14 0.35 0.06 0.01 0.31 0.36 0.22 0.13
0.16 0.40 0.08 0.02 0.36 0.41 0.30 0.19
0.18 0.48 0.06 0.02 0.31 0.39 0.17 0.11
0.13 0.31 0.07 0.01 0.18 0.21 0.15 0.05
0.17 0.43 0.04 0.04 0.17 0.24 0.07 0.08
0.13 0.28 0.04 0.05 0.11 0.14 0.07 0.08
0.07 0.17 0.02 0.05 0.05 0.07 0.04 0.06
0.18 0.44 0.08 0.03 0.13 0.18 0.10 0.03
0.15 0.36 0.10 0.05 0.10 0.15 0.11 0.04
0.10 0.23 0.07 0.03 0.08 0.10 0.09 0.03
0.07 0.18 0.03 0.03 0.05 0.08 0.04 0.02
0.06 0.16 0.03 0.01 0.04 0.08 0.04 0.01
0.03 0.09 0.02 0.04 0.02 0.04 0.03 0.03
0.07 0.13 0.06 0.04 0.05 0.07 0.09 0.03
0.04 0.06 0.04 0.04 0.03 0.03 0.06 0.03
0.03 0.03 0.03 0.07 0.03 0.02 0.05 0.08
0.02 0.04 0.02 0.04 0.01 0.02 0.03 0.04
0.01 0.01 0.02 0.03 0.01 0.01 0.03 0.04
0.02 0.06 0.03 0.06 0.02 0.03 0.05 0.06
0.02 0.03 0.02 0.04 0.01 0.01 0.03 0.04
0.03 0.03 0.03 0.06 0.03 0.02 0.05 0.06
0.02 0.05 0.01 0.03 0.01 0.03 0.03 0.03
0.03 0.06 0.01 0.03 0.02 0.03 0.02 0.04
0.03 0.08 0.02 0.01 0.02 0.04 0.04 0.01
0.04 0.05 0.05 0.06 0.04 0.02 0.06 0.07
0.03 0.03 0.04 0.05 0.03 0.02 0.05 0.06
0.03 0.05 0.03 0.03 0.02 0.02 0.05 0.04
0.02 0.02 0.05 0.04 0.01 0.01 0.06 0.05
0.04 0.02 0.04 0.06 0.03 0.01 0.05 0.07
0.03 0.04 0.04 0.03 0.02 0.01 0.05 0.04
0.04 0.06 0.03 0.04 0.02 0.02 0.04 0.05
0.03 0.02 0.04 0.02 0.02 0.01 0.04 0.02
0.01 0.02 0.04 0.04 0.00 0.01 0.04 0.05
0.03 0.04 0.06 0.01 0.02 0.02 0.07 0.02
0.03 0.10 0.04 0.04 0.02 0.03 0.04 0.04
0.02 0.05 0.04 0.05 0.01 0.01 0.03 0.05
0.02 0.03 0.05 0.03 0.01 0.00 0.04 0.03
0.05 0.13 0.04 0.01 0.02 0.03 0.03 0.01
0.02 0.04 0.04 0.03 0.01 0.01 0.03 0.02
0.05 0.09 0.06 0.04 0.02 0.02 0.05 0.03
0.03 0.04 0.02 0.04 0.01 0.01 0.01 0.04
0.03 0.07 0.07 0.02 0.02 0.02 0.07 0.02
0.03 0.05 0.04 0.04 0.01 0.01 0.04 0.04
0.01 0.04 0.02 0.02 0.01 0.01 0.02 0.02
0.04 0.08 0.04 0.04 0.02 0.02 0.05 0.04
0.02 0.04 0.03 0.03 0.01 0.01 0.04 0.05
0.02 0.07 0.02 0.04 0.01 0.02 0.03 0.05
0.05 0.05 0.05 0.05 0.03 0.02 0.09 0.09
0.03 0.08 0.02 0.02 0.02 0.02 0.04 0.04
0.01 0.01 0.03 0.02 0.01 0.00 0.04 0.04
0.02 0.05 0.03 0.03 0.01 0.02 0.04 0.06
0.03 0.07 0.04 0.01 0.02 0.02 0.06 0.03
0.03 0.06 0.02 0.03 0.02 0.02 0.04 0.06
0.02 0.03 0.04 0.02 0.01 0.01 0.06 0.03
0.02 0.05 0.02 0.04 0.02 0.01 0.03 0.07
0.02 0.05 0.01 0.02 0.02 0.02 0.02 0.04
0.02 0.05 0.05 0.02 0.02 0.02 0.08 0.04
0.05 0.08 0.04 0.04 0.03 0.03 0.06 0.07
0.05 0.11 0.02 0.03 0.03 0.04 0.04 0.06
0.03 0.07 0.02 0.02 0.01 0.02 0.03 0.03
0.02 0.05 0.02 0.02 0.01 0.01 0.03 0.03
0.01 0.05 0.02 0.02 0.00 0.01 0.03 0.04
0.03 0.07 0.03 0.01 0.02 0.02 0.04 0.03
0.04 0.06 0.03 0.02 0.02 0.01 0.03 0.04
0.02 0.04 0.02 0.02 0.01 0.01 0.02 0.03
0.03 0.09 0.02 0.01 0.02 0.02 0.02 0.03
0.02 0.04 0.05 0.03 0.01 0.01 0.05 0.07
0.03 0.05 0.03 0.02 0.01 0.01 0.04 0.03
0.04 0.09 0.04 0.04 0.02 0.02 0.04 0.06
0.02 0.04 0.02 0.02 0.01 0.01 0.02 0.04
0.03 0.07 0.04 0.02 0.02 0.02 0.06 0.07
0.02 0.05 0.03 0.01 0.01 0.02 0.06 0.04
0.02 0.06 0.03 0.01 0.02 0.02 0.06 0.08
0.02 0.07 0.03 0.01 0.02 0.02 0.05 0.09
0.01 0.03 0.02 0.01 0.00 0.01 0.04 0.08
0.02 0.04 0.04 0.01 0.02 0.01 0.09 0.11
0.03 0.07 0.03 0.02 0.02 0.02 0.07 0.12
0.02 0.06 0.03 0.02 0.02 0.02 0.06 0.14
0.02 0.07 0.02 0.02 0.02 0.02 0.03 0.15
0.03 0.05 0.04 0.01 0.02 0.02 0.09 0.11
0.02 0.06 0.02 0.02 0.02 0.02 0.03 0.12
0.02 0.05 0.02 0.01 0.02 0.02 0.05 0.12
0.03 0.08 0.02 0.02 0.03 0.03 0.04 0.15
0.02 0.05 0.02 0.01 0.02 0.02 0.05 0.09
0.01 0.05 0.02 0.02 0.01 0.02 0.05 0.11
0.02 0.04 0.02 0.02 0.02 0.01 0.04 0.14
0.03 0.08 0.04 0.01 0.03 0.03 0.09 0.10
0.02 0.06 0.03 0.01 0.02 0.03 0.08 0.11
0.04 0.10 0.04 0.02 0.04 0.04 0.09 0.18
0.07 0.15 0.03 0.03 0.07 0.06 0.08 0.23
0.10 0.27 0.03 0.02 0.09 0.10 0.07 0.15
0.14 0.34 0.07 0.03 0.12 0.12 0.13 0.21
0.17 0.41 0.09 0.02 0.14 0.14 0.17 0.16
0.23 0.57 0.11 0.02 0.19 0.19 0.21 0.17
0.37 0.92 0.17 0.03 0.30 0.30 0.30 0.19
0.37 0.95 0.15 0.03 0.29 0.31 0.26 0.19
0.30 0.76 0.11 0.03 0.22 0.23 0.19 0.18
0.34 0.89 0.12 0.02 0.28 0.30 0.22 0.14
0.44 1.18 0.15 0.02 0.35 0.39 0.27 0.15
0.28 0.79 0.05 0.03 0.27 0.32 0.12 0.18
0.46 1.22 0.17 0.02 0.50 0.54 0.38 0.17
0.33 0.89 0.09 0.02 0.38 0.44 0.20 0.13
0.46 1.22 0.13 0.03 0.57 0.65 0.32 0.31
0.53 1.40 0.16 0.03 0.70 0.80 0.42 0.30
0.52 1.39 0.15 0.03 0.78 0.88 0.41 0.37
0.52 1.39 0.14 0.03 0.83 0.96 0.44 0.28
0.53 1.42 0.16 0.03 0.85 1.00 0.49 0.24
0.40 1.02 0.13 0.05 0.63 0.74 0.38 0.28
0.46 1.24 0.13 0.03 0.68 0.84 0.36 0.19
0.52 1.38 0.16 0.03 0.79 0.95 0.46 0.17
0.52 1.32 0.19 0.05 0.81 0.95 0.55 0.26
0.60 1.52 0.22 0.04 0.89 1.03 0.61 0.28
0.47 1.27 0.13 0.03 0.74 0.90 0.37 0.17
0.45 1.19 0.18 0.02 0.68 0.81 0.46 0.12
0.52 1.37 0.17 0.03 0.74 0.88 0.44 0.17
0.47 1.23 0.16 0.03 0.75 0.89 0.49 0.16
0.52 1.36 0.17 0.03 0.77 0.91 0.49 0.17
0.53 1.38 0.18 0.04 0.81 0.95 0.51 0.25
0.52 1.38 0.15 0.02 0.79 0.95 0.45 0.16
0.54 1.39 0.18 0.03 0.79 0.92 0.52 0.24
0.47 1.22 0.17 0.03 0.73 0.84 0.50 0.23
0.45 1.14 0.17 0.03 0.64 0.76 0.47 0.15
0.47 1.19 0.18 0.04 0.53 0.62 0.36 0.16
0.45 1.15 0.19 0.04 0.48 0.59 0.33 0.12
0.59 1.48 0.27 0.03 0.50 0.63 0.40 0.06
0.41 1.05 0.17 0.05 0.31 0.41 0.23 0.07
0.36 0.92 0.14 0.04 0.27 0.37 0.20 0.05
0.34 0.83 0.16 0.06 0.27 0.37 0.23 0.07
0.28 0.69 0.14 0.03 0.22 0.31 0.19 0.03
0.16 0.38 0.06 0.04 0.15 0.22 0.10 0.05
0.11 0.24 0.05 0.04 0.10 0.14 0.08 0.04
0.06 0.16 0.03 0.03 0.06 0.09 0.04 0.03
0.15 0.31 0.06 0.08 0.11 0.14 0.08 0.08
0.04 0.06 0.04 0.04 0.03 0.04 0.06 0.05
0.02 0.03 0.03 0.06 0.02 0.02 0.06 0.06
0.04 0.05 0.05 0.02 0.03 0.03 0.07 0.02
0.04 0.08 0.05 0.05 0.03 0.04 0.05 0.05
0.06 0.09 0.07 0.04 0.05 0.04 0.09 0.05
0.03 0.04 0.04 0.03 0.02 0.02 0.05 0.03
0.03 0.06 0.04 0.04 0.02 0.03 0.05 0.04
0.03 0.07 0.05 0.04 0.02 0.03 0.06 0.04
0.02 0.03 0.03 0.03 0.01 0.01 0.04 0.03
0.03 0.04 0.03 0.05 0.02 0.02 0.04 0.05
0.03 0.05 0.04 0.05 0.02 0.02 0.05 0.05
0.04 0.07 0.04 0.08 0.03 0.03 0.04 0.07
0.02 0.04 0.03 0.05 0.02 0.02 0.03 0.05
0.04 0.05 0.03 0.05 0.02 0.02 0.03 0.05
0.01 0.04 0.04 0.03 0.01 0.01 0.05 0.03
0.02 0.06 0.03 0.03 0.02 0.02 0.03 0.03
0.03 0.06 0.04 0.04 0.02 0.02 0.05 0.04
0.03 0.07 0.04 0.05 0.02 0.03 0.04 0.04
0.01 0.04 0.03 0.05 0.01 0.01 0.02 0.04
0.03 0.05 0.05 0.05 0.02 0.01 0.04 0.04
0.04 0.08 0.05 0.03 0.02 0.02 0.04 0.02
0.03 0.04 0.03 0.05 0.01 0.01 0.02 0.04
0.04 0.06 0.06 0.04 0.01 0.01 0.04 0.03
0.04 0.05 0.06 0.04 0.01 0.01 0.04 0.03
0.03 0.07 0.04 0.04 0.01 0.01 0.03 0.03
0.04 0.05 0.05 0.07 0.01 0.01 0.03 0.04
0.04 0.07 0.04 0.05 0.01 0.01 0.02 0.03
0.02 0.07 0.04 0.02 0.01 0.01 0.03 0.01
0.04 0.06 0.06 0.04 0.02 0.01 0.05 0.03
0.02 0.06 0.03 0.02 0.01 0.01 0.03 0.02
0.02 0.05 0.04 0.03 0.01 0.01 0.03 0.03
0.03 0.05 0.03 0.04 0.01 0.01 0.03 0.05
0.04 0.07 0.04 0.04 0.02 0.02 0.04 0.06
0.03 0.06 0.05 0.04 0.01 0.01 0.04 0.05
0.03 0.08 0.04 0.02 0.01 0.02 0.05 0.04
0.03 0.07 0.03 0.04 0.01 0.02 0.03 0.05
0.02 0.04 0.04 0.03 0.01 0.01 0.04 0.04
0.05 0.09 0.06 0.02 0.02 0.02 0.06 0.03
0.02 0.04 0.04 0.02 0.01 0.01 0.04 0.04
0.03 0.08 0.03 0.04 0.01 0.01 0.03 0.05
0.03 0.09 0.04 0.03 0.01 0.02 0.04 0.04
0.06 0.13 0.05 0.02 0.03 0.03 0.05 0.03
0.08 0.15 0.07 0.02 0.05 0.04 0.09 0.04
0.07 0.13 0.06 0.05 0.04 0.03 0.07 0.08
0.03 0.05 0.01 0.02 0.02 0.01 0.02 0.03
0.01 0.01 0.02 0.03 0.00 0.00 0.02 0.04
0.00 0.01 0.01 0.02 0.00 0.00 0.02 0.02
0.00 0.02 0.04 0.02 0.00 0.00 0.04 0.02
0.02 0.03 0.01 0.00 0.00 0.01 0.01 0.00
0.00 0.00 0.01 0.01 0.00 0.00 0.01 0.01
0.02 0.02 0.03 0.00 0.01 0.01 0.03 0.00
0.09 0.15 0.08 0.04 0.04 0.03 0.08 0.06
0.06 0.19 0.00 0.00 0.02 0.03 0.00 0.01
0.14 0.26 0.11 0.05 0.06 0.05 0.11 0.08
0.05 0.09 0.06 0.01 0.02 0.02 0.06 0.02
0.12 0.29 0.06 0.01 0.06 0.06 0.08 0.02
0.06 0.09 0.06 0.03 0.03 0.02 0.09 0.08
0.03 0.07 0.02 0.00 0.02 0.02 0.04 0.02
0.05 0.10 0.04 0.00 0.04 0.03 0.09 0.03
0.02 0.04 0.04 0.01 0.02 0.01 0.09 0.04
0.03 0.06 0.03 0.00 0.03 0.02 0.07 0.03
0.02 0.03 0.03 0.00 0.02 0.01 0.07 0.03
0.01 0.05 0.02 0.01 0.01 0.02 0.05 0.08
0.01 0.03 0.02 0.01 0.01 0.01 0.06 0.05
0.04 0.07 0.05 0.01 0.04 0.03 0.12 0.06
0.03 0.05 0.03 0.02 0.03 0.02 0.07 0.14
0.02 0.05 0.02 0.01 0.01 0.02 0.05 0.11
0.05 0.12 0.04 0.02 0.05 0.04 0.09 0.16
0.04 0.07 0.04 0.01 0.04 0.03 0.10 0.11
0.05 0.12 0.03 0.02 0.05 0.04 0.08 0.13
0.01 0.04 0.03 0.02 0.01 0.01 0.06 0.15
0.04 0.07 0.03 0.02 0.03 0.03 0.05 0.15
0.03 0.03 0.02 0.02 0.02 0.01 0.06 0.17
0.02 0.06 0.01 0.01 0.02 0.02 0.03 0.09
0.03 0.06 0.01 0.01 0.03 0.02 0.03 0.09
0.01 0.03 0.00 0.02 0.01 0.02 0.02 0.12
0.04 0.09 0.02 0.02 0.03 0.03 0.03 0.11
0.02 0.04 0.03 0.01 0.02 0.01 0.05 0.05
0.01 0.03 0.02 0.02 0.01 0.01 0.04 0.04
0.06 0.11 0.04 0.03 0.04 0.03 0.06 0.06
0.08 0.18 0.07 0.01 0.04 0.04 0.08 0.02
0.16 0.32 0.11 0.04 0.08 0.07 0.12 0.08
0.03 0.11 0.01 0.03 0.01 0.02 0.01 0.04
0.07 0.13 0.04 0.05 0.03 0.03 0.04 0.07
0.03 0.08 0.02 0.03 0.01 0.02 0.02 0.04
0.08 0.15 0.04 0.04 0.04 0.03 0.04 0.06
0.01 0.05 0.01 0.02 0.01 0.01 0.02 0.04
0.07 0.15 0.05 0.01 0.03 0.03 0.05 0.02
0.01 0.01 0.02 0.01 0.01 0.00 0.03 0.02
0.08 0.15 0.04 0.05 0.05 0.04 0.05 0.08
0.02 0.06 0.04 0.02 0.01 0.02 0.05 0.04
0.05 0.12 0.03 0.03 0.03 0.04 0.04 0.05
0.03 0.07 0.04 0.02 0.02 0.02 0.05 0.03
0.08 0.14 0.04 0.07 0.05 0.05 0.05 0.10
