5.98 12.72 3.11 2.11 40.36 37.08 43.20 44.89
6.34 13.82 2.98 2.22 40.11 36.73 43.38 44.66
6.54 14.39 3.05 2.17 39.98 36.55 43.29 44.77
6.01 13.08 2.93 2.03 40.34 36.97 43.46 45.06
6.69 14.55 3.30 2.23 39.87 36.50 42.95 44.64
6.93 15.30 3.24 2.26 39.72 36.28 43.02 44.59
7.32 16.06 3.48 2.41 39.49 36.07 42.72 44.31
7.99 17.60 3.83 2.53 39.11 35.67 42.29 44.10
7.28 16.07 3.41 2.37 39.51 36.07 42.80 44.39
7.20 15.61 3.40 2.58 39.56 36.20 42.81 44.01
8.29 17.74 3.83 3.30 38.95 35.64 42.30 42.95
7.27 16.00 3.18 2.63 39.52 36.09 43.11 43.94
7.73 17.26 3.42 2.51 39.25 35.76 42.79 44.13
9.10 20.23 4.24 2.82 38.54 35.07 41.85 43.62
8.70 19.54 3.80 2.76 38.74 35.22 42.33 43.73
8.70 19.69 3.75 2.66 38.74 35.19 42.39 43.89
8.74 20.17 3.80 2.24 38.72 35.08 42.33 44.62
9.39 21.77 4.07 2.33 38.40 34.75 42.03 44.45
9.65 22.20 4.16 2.59 38.28 34.67 41.94 44.00
9.77 22.63 4.02 2.67 38.23 34.58 42.08 43.86
10.00 22.81 4.58 2.60 38.13 34.55 41.53 43.98
8.18 18.90 3.41 2.22 39.01 35.37 42.81 44.67
7.20 17.04 2.96 1.59 39.56 35.82 43.41 46.12
5.82 13.73 2.45 1.26 40.48 36.75 44.23 47.12
5.09 12.25 2.14 0.89 41.06 37.25 44.83 48.63
4.80 11.80 1.86 0.75 41.31 37.41 45.43 49.36
4.58 11.45 1.56 0.74 41.52 37.54 46.20 49.43
4.82 11.82 1.75 0.88 41.30 37.40 45.70 48.70
4.73 11.53 1.77 0.88 41.39 37.51 45.66 48.70
4.72 11.56 1.66 0.92 41.39 37.50 45.92 48.48
4.70 11.43 1.73 0.93 41.41 37.55 45.74 48.43
5.01 12.10 1.93 1.00 41.13 37.30 45.28 48.14
5.11 12.38 1.89 1.07 41.04 37.20 45.36 47.83
5.33 12.95 2.00 1.04 40.86 37.01 45.12 47.96
4.99 12.11 1.92 0.94 41.15 37.30 45.30 48.41
5.03 12.33 1.81 0.93 41.12 37.22 45.55 48.44
4.93 12.04 1.87 0.90 41.20 37.33 45.41 48.60
5.03 12.27 1.92 0.89 41.12 37.24 45.31 48.63
4.76 11.62 1.81 0.85 41.36 37.48 45.55 48.85
4.25 10.56 1.52 0.66 41.85 37.89 46.31 49.95
4.20 10.66 1.42 0.51 41.90 37.85 46.62 51.04
4.40 11.13 1.58 0.50 41.69 37.66 46.15 51.18
4.35 10.78 1.62 0.66 41.75 37.81 46.04 49.97
4.76 11.62 1.90 0.77 41.35 37.48 45.35 49.26
5.21 12.63 2.25 0.76 40.96 37.12 44.62 49.33
5.15 12.47 2.22 0.78 41.01 37.17 44.68 49.19
5.01 12.15 2.17 0.71 41.13 37.29 44.76 49.59
5.49 13.37 2.42 0.69 40.73 36.87 44.29 49.74
5.72 13.91 2.59 0.68 40.55 36.70 44.01 49.81
5.63 13.50 2.55 0.83 40.63 36.83 44.07 48.91
5.52 13.20 2.59 0.77 40.71 36.93 44.00 49.25
5.51 13.37 2.32 0.84 40.72 36.87 44.47 48.89
5.36 13.09 2.25 0.73 40.84 36.96 44.60 49.49
4.70 11.47 1.92 0.70 41.41 37.53 45.29 49.67
4.01 9.49 1.87 0.66 42.10 38.36 45.41 49.95
3.81 9.00 1.83 0.59 42.33 38.59 45.51 50.41
3.42 8.10 1.61 0.55 42.79 39.04 46.05 50.75
3.50 8.29 1.67 0.54 42.69 38.95 45.92 50.84
3.23 7.65 1.54 0.51 43.03 39.30 46.25 51.04
3.33 7.80 1.57 0.62 42.90 39.21 46.16 50.19
3.20 7.37 1.67 0.55 43.08 39.45 45.89 50.76
3.50 8.19 1.78 0.54 42.69 39.00 45.63 50.82
3.39 7.97 1.63 0.57 42.83 39.12 46.00 50.56
3.10 7.40 1.47 0.41 43.22 39.44 46.46 51.95
3.01 7.14 1.47 0.43 43.34 39.59 46.45 51.79
3.41 8.20 1.58 0.46 42.80 38.99 46.15 51.55
3.52 8.07 1.86 0.63 42.66 39.06 45.43 50.12
3.50 8.21 1.72 0.57 42.69 38.99 45.78 50.57
3.17 7.42 1.56 0.53 43.12 39.42 46.19 50.93
2.87 6.77 1.42 0.41 43.56 39.83 46.60 52.05
3.02 7.08 1.56 0.42 43.33 39.63 46.20 51.91
2.85 6.58 1.57 0.41 43.58 39.95 46.17 52.02
2.81 6.33 1.52 0.57 43.65 40.12 46.30 50.59
2.66 5.96 1.47 0.55 43.88 40.38 46.45 50.73
2.71 6.11 1.51 0.52 43.80 40.27 46.33 50.95
3.51 7.69 2.05 0.78 42.68 39.27 45.00 49.20
3.97 8.12 2.42 1.38 42.14 39.04 44.29 46.74
5.28 10.71 3.09 2.06 40.90 37.83 43.24 45.00
5.58 10.97 2.93 2.85 40.66 37.73 43.46 43.59
6.37 12.23 3.19 3.69 40.09 37.26 43.09 42.46
6.51 11.91 3.62 4.01 39.99 37.37 42.55 42.10
7.13 12.60 4.12 4.67 39.60 37.13 41.99 41.44
6.37 11.39 3.32 4.39 40.09 37.56 42.92 41.70
5.96 10.36 3.02 4.50 40.38 37.98 43.33 41.60
5.48 9.44 3.20 3.81 40.74 38.38 43.08 42.32
5.60 9.44 2.83 4.52 40.65 38.38 43.62 41.58
5.78 9.30 3.03 5.00 40.51 38.45 43.31 41.14
5.85 9.26 3.05 5.26 40.46 38.47 43.29 40.92
4.89 7.93 2.61 4.12 41.24 39.14 43.97 41.98
5.46 8.69 3.01 4.66 40.76 38.74 43.34 41.45
4.59 8.00 2.27 3.52 41.51 39.10 44.57 42.67
5.17 8.83 2.61 4.06 41.00 38.67 43.96 42.05
5.37 8.85 2.83 4.42 40.83 38.66 43.61 41.68
5.16 8.76 2.50 4.23 41.00 38.70 44.16 41.86
4.80 8.22 2.40 3.77 41.32 38.98 44.32 42.36
4.93 8.54 2.34 3.91 41.20 38.82 44.44 42.21
4.92 8.35 2.48 3.92 41.21 38.91 44.18 42.20
5.36 9.18 2.97 3.92 40.84 38.50 43.40 42.19
5.25 8.95 3.22 3.59 40.93 38.61 43.06 42.59
5.00 8.44 2.85 3.72 41.14 38.87 43.58 42.43
5.84 9.60 3.90 4.01 40.47 38.31 42.22 42.10
5.02 8.58 3.01 3.47 41.12 38.79 43.35 42.73
5.48 9.48 3.25 3.71 40.74 38.36 43.02 42.44
5.82 10.12 3.70 3.65 40.48 38.08 42.44 42.51
6.42 11.27 4.43 3.55 40.06 37.61 41.67 42.63
6.85 12.19 4.30 4.05 39.78 37.27 41.80 42.06
6.65 12.71 3.62 3.61 39.90 37.09 42.54 42.56
7.88 14.90 4.27 4.48 39.16 36.40 41.83 41.62
8.72 16.65 4.81 4.70 38.73 35.92 41.31 41.41
10.19 19.57 5.57 5.43 38.05 35.21 40.67 40.79
9.78 18.82 5.24 5.27 38.23 35.38 40.93 40.91
10.28 19.77 5.46 5.62 38.01 35.17 40.76 40.63
10.68 20.68 5.82 5.53 37.85 34.98 40.48 40.70
9.91 19.16 5.17 5.40 38.17 35.31 40.99 40.81
8.64 17.70 4.02 4.21 38.76 35.65 42.09 41.89
8.37 16.20 4.22 4.69 38.90 36.03 41.88 41.42
9.04 18.39 4.12 4.61 38.57 35.48 41.99 41.50
8.13 16.94 3.62 3.83 39.03 35.84 42.54 42.30
6.99 14.59 3.29 3.09 39.69 36.49 42.96 43.24
7.19 14.90 3.56 3.11 39.56 36.40 42.62 43.21
6.00 12.78 2.79 2.44 40.35 37.07 43.67 44.26
6.54 13.96 3.27 2.40 39.97 36.68 42.98 44.33
6.38 13.77 2.91 2.47 40.08 36.74 43.50 44.20
6.45 14.00 3.04 2.30 40.04 36.67 43.31 44.51
6.20 13.61 2.92 2.07 40.21 36.79 43.48 44.96
6.20 13.44 2.92 2.26 40.20 36.85 43.48 44.59
6.06 13.14 2.86 2.20 40.30 36.95 43.57 44.72
6.39 13.94 2.91 2.32 40.08 36.69 43.49 44.48
6.03 13.19 2.82 2.07 40.33 36.93 43.62 44.98
6.15 13.35 2.90 2.19 40.24 36.87 43.51 44.72
6.45 13.96 2.94 2.46 40.03 36.68 43.45 44.22
6.24 13.52 2.94 2.26 40.18 36.82 43.44 44.59
6.81 14.87 3.34 2.22 39.80 36.41 42.90 44.68
7.78 17.32 3.56 2.46 39.22 35.75 42.61 44.23
7.85 17.68 3.47 2.40 39.18 35.65 42.73 44.33
7.38 16.56 3.29 2.30 39.45 35.94 42.96 44.51
8.30 18.77 3.81 2.32 38.94 35.40 42.32 44.48
9.25 21.21 4.09 2.46 38.47 34.87 42.01 44.22
9.80 22.64 4.38 2.40 38.22 34.58 41.72 44.34
9.24 21.69 3.87 2.15 38.48 34.77 42.25 44.80
9.71 22.93 4.03 2.17 38.26 34.53 42.08 44.76
9.67 22.52 4.06 2.44 38.28 34.60 42.05 44.27
7.86 18.65 3.14 1.79 39.18 35.42 43.16 45.61
6.76 16.28 2.56 1.45 39.83 36.01 44.05 46.52
6.41 15.57 2.42 1.24 40.06 36.21 44.30 47.19
5.91 14.62 2.12 0.98 40.42 36.48 44.87 48.21
5.34 13.41 1.92 0.69 40.85 36.85 45.30 49.75
5.54 13.99 2.03 0.59 40.70 36.67 45.06 50.39
5.05 12.61 1.96 0.57 41.10 37.12 45.22 50.59
5.60 14.26 1.99 0.56 40.65 36.59 45.15 50.68
5.25 13.06 2.11 0.59 40.93 36.97 44.89 50.43
5.44 13.62 2.11 0.59 40.78 36.79 44.90 50.44
5.34 13.37 2.08 0.56 40.86 36.87 44.94 50.64
5.40 13.66 2.08 0.47 40.80 36.78 44.94 51.41
5.22 13.19 2.01 0.47 40.95 36.93 45.11 51.41
5.04 12.71 1.92 0.48 41.11 37.09 45.29 51.32
5.14 12.79 2.04 0.57 41.03 37.06 45.03 50.54
5.33 13.25 2.14 0.61 40.86 36.91 44.83 50.25
5.10 12.78 1.96 0.55 41.06 37.07 45.21 50.70
4.65 11.67 1.73 0.53 41.46 37.46 45.75 50.85
4.55 11.40 1.69 0.55 41.55 37.56 45.85 50.75
4.65 11.55 1.85 0.55 41.45 37.50 45.46 50.70
4.46 11.06 1.83 0.49 41.64 37.69 45.50 51.27
4.88 12.15 1.99 0.50 41.24 37.29 45.13 51.11
5.10 12.54 2.24 0.54 41.05 37.15 44.63 50.80
5.50 13.52 2.42 0.57 40.72 36.82 44.30 50.55
5.53 13.61 2.40 0.57 40.71 36.79 44.32 50.55
5.75 14.12 2.52 0.61 40.53 36.63 44.12 50.26
6.08 14.87 2.71 0.67 40.29 36.41 43.81 49.85
6.10 14.99 2.68 0.64 40.28 36.37 43.86 50.05
5.78 14.16 2.51 0.67 40.51 36.62 44.14 49.88
5.95 14.52 2.68 0.64 40.39 36.51 43.85 50.04
4.81 11.76 2.10 0.57 41.31 37.43 44.90 50.60
4.59 11.10 2.14 0.52 41.52 37.68 44.82 51.00
4.11 9.85 1.97 0.52 41.99 38.20 45.18 50.99
4.05 9.61 2.00 0.53 42.06 38.31 45.11 50.89
3.89 9.33 1.89 0.45 42.23 38.43 45.36 51.64
3.54 8.50 1.75 0.38 42.64 38.84 45.70 52.38
3.36 7.97 1.62 0.49 42.87 39.12 46.04 51.22
3.43 8.07 1.61 0.62 42.78 39.06 46.06 50.24
3.34 7.56 1.70 0.76 42.89 39.35 45.82 49.35
3.68 8.38 1.84 0.82 42.48 38.90 45.49 49.00
3.60 8.24 1.77 0.79 42.57 38.97 45.66 49.15
3.50 7.98 1.73 0.79 42.69 39.11 45.74 49.17
3.77 8.68 1.85 0.78 42.37 38.74 45.46 49.21
3.41 7.98 1.65 0.62 42.80 39.11 45.97 50.23
3.55 8.12 1.89 0.64 42.63 39.04 45.37 50.04
3.84 8.81 1.96 0.76 42.29 38.68 45.22 49.31
3.45 7.92 1.72 0.72 42.75 39.14 45.77 49.58
3.67 8.47 1.80 0.73 42.49 38.85 45.57 49.49
3.64 8.40 1.76 0.74 42.53 38.89 45.67 49.41
3.61 8.43 1.71 0.70 42.55 38.87 45.80 49.66
3.75 8.65 1.90 0.71 42.39 38.76 45.35 49.60
3.59 8.28 1.78 0.73 42.57 38.95 45.63 49.51
3.72 8.27 1.94 0.96 42.42 38.96 45.25 48.31
4.57 10.08 2.51 1.13 41.53 38.10 44.14 47.60
4.76 10.17 2.75 1.35 41.36 38.06 43.73 46.81
5.90 12.11 3.40 2.18 40.42 37.30 42.82 44.75
6.27 12.58 3.33 2.89 40.16 37.13 42.91 43.52
6.46 12.39 3.40 3.59 40.03 37.20 42.81 42.57
6.18 11.33 3.46 3.75 40.22 37.59 42.74 42.40
5.86 10.28 3.37 3.94 40.45 38.01 42.85 42.18
4.69 7.94 2.59 3.55 41.42 39.13 44.00 42.63
4.82 7.83 2.61 4.01 41.30 39.20 43.96 42.10
5.01 8.19 3.33 3.51 41.13 39.00 42.90 42.68
6.03 9.66 4.06 4.36 40.33 38.28 42.04 41.74
4.88 7.63 2.82 4.18 41.25 39.31 43.63 41.92
4.97 7.82 2.84 4.25 41.17 39.20 43.60 41.85
5.49 8.86 3.38 4.25 40.73 38.66 42.85 41.85
5.99 9.56 3.85 4.56 40.35 38.33 42.28 41.54
5.33 8.51 3.55 3.92 40.87 38.83 42.63 42.20
6.02 9.74 3.70 4.63 40.33 38.25 42.45 41.48
5.94 9.61 3.68 4.53 40.39 38.30 42.48 41.57
5.77 9.67 3.41 4.24 40.52 38.28 42.81 41.85
5.93 9.85 3.56 4.37 40.40 38.20 42.61 41.73
5.72 9.48 3.30 4.39 40.55 38.36 42.95 41.70
6.19 10.73 3.53 4.32 40.21 37.82 42.65 41.78
6.26 10.52 3.88 4.39 40.16 37.91 42.24 41.71
5.87 9.69 3.95 3.96 40.45 38.27 42.16 42.16
6.33 10.32 4.22 4.44 40.12 37.99 41.88 41.65
6.11 10.17 3.90 4.26 40.27 38.06 42.22 41.84
6.23 10.48 4.14 4.08 40.19 37.93 41.96 42.03
5.89 10.03 3.83 3.82 40.43 38.12 42.30 42.31
7.02 11.97 4.36 4.72 39.67 37.35 41.74 41.39
8.04 13.64 5.05 5.45 39.08 36.78 41.10 40.77
9.15 15.57 5.53 6.34 38.52 36.21 40.70 40.11
8.72 15.67 5.15 5.35 38.72 36.18 41.02 40.85
10.39 18.66 6.55 5.98 37.96 35.42 39.97 40.37
11.25 20.94 6.53 6.28 37.62 34.92 39.98 40.15
11.55 21.74 6.38 6.53 37.51 34.76 40.09 39.98
12.13 22.87 6.77 6.75 37.29 34.54 39.83 39.84
12.91 24.62 6.91 7.21 37.02 34.22 39.74 39.55
12.46 23.08 6.57 7.73 37.18 34.50 39.96 39.25
11.44 22.28 5.82 6.23 37.55 34.65 40.48 40.19
10.35 20.23 5.33 5.48 37.98 35.07 40.86 40.74
10.12 20.65 5.18 4.54 38.08 34.98 40.98 41.56
9.87 20.41 5.18 4.03 38.19 35.03 40.98 42.08
9.07 18.93 4.62 3.66 38.55 35.36 41.49 42.49
8.49 18.11 4.23 3.12 38.84 35.55 41.87 43.19
9.35 19.90 4.68 3.48 38.42 35.14 41.43 42.72
7.80 16.69 3.94 2.77 39.21 35.91 42.17 43.70
8.98 19.43 4.56 2.95 38.60 35.25 41.54 43.43
8.79 18.75 4.49 3.11 38.69 35.40 41.61 43.20
10.40 22.70 4.84 3.66 37.96 34.57 41.28 42.50
8.15 17.94 3.97 2.54 39.02 35.59 42.14 44.09
10.13 22.00 4.77 3.61 38.08 34.71 41.35 42.55
8.99 19.15 4.53 3.28 38.60 35.31 41.57 42.98
8.51 18.53 4.18 2.81 38.83 35.45 41.92 43.64
7.08 15.63 3.36 2.24 39.63 36.19 42.87 44.63
8.07 17.48 3.97 2.75 39.06 35.70 42.15 43.73
9.18 19.73 4.46 3.34 38.50 35.18 41.63 42.89
8.77 18.80 4.24 3.27 38.70 35.39 41.86 42.98
8.56 18.64 4.07 2.96 38.81 35.43 42.04 43.42
8.65 19.18 3.87 2.89 38.76 35.30 42.25 43.52
9.03 20.14 4.04 2.90 38.58 35.09 42.06 43.51
9.47 21.24 4.10 3.08 38.37 34.86 42.01 43.25
9.13 20.59 3.97 2.83 38.53 34.99 42.15 43.61
9.87 22.45 4.34 2.83 38.19 34.62 41.76 43.61
10.75 24.71 4.60 2.94 37.82 34.20 41.50 43.45
10.61 24.31 4.53 2.98 37.88 34.27 41.57 43.39
9.52 21.87 4.15 2.53 38.35 34.73 41.95 44.09
8.46 19.54 3.53 2.31 38.86 35.22 42.65 44.50
7.50 17.67 3.06 1.77 39.38 35.66 43.27 45.64
6.19 14.79 2.51 1.26 40.22 36.43 44.13 47.14
5.55 13.50 2.27 0.87 40.69 36.83 44.58 48.73
4.92 12.15 1.91 0.69 41.21 37.29 45.32 49.74
4.64 11.48 1.77 0.68 41.46 37.53 45.65 49.83
4.57 11.52 1.69 0.49 41.54 37.51 45.86 51.26
4.59 11.56 1.73 0.48 41.51 37.50 45.76 51.34
4.60 11.59 1.73 0.48 41.50 37.49 45.74 51.29
4.58 11.27 1.81 0.64 41.53 37.61 45.54 50.06
4.87 11.90 1.96 0.74 41.26 37.37 45.21 49.43
4.75 11.80 1.80 0.65 41.37 37.41 45.59 50.03
4.52 11.31 1.68 0.59 41.58 37.60 45.89 50.43
4.40 10.95 1.69 0.55 41.70 37.73 45.85 50.74
4.67 11.83 1.63 0.56 41.44 37.40 46.01 50.67
4.65 11.47 1.79 0.69 41.46 37.54 45.60 49.75
4.89 12.07 1.91 0.70 41.24 37.31 45.33 49.65
4.38 10.68 1.76 0.69 41.72 37.84 45.68 49.72
4.32 10.67 1.61 0.69 41.77 37.85 46.07 49.74
4.50 11.07 1.74 0.69 41.60 37.69 45.72 49.74
4.42 10.83 1.73 0.69 41.68 37.78 45.75 49.72
4.95 12.00 2.01 0.84 41.19 37.34 45.11 48.89
5.62 13.27 2.39 1.21 40.63 36.90 44.35 47.31
6.43 14.96 2.71 1.62 40.05 36.38 43.80 46.03
6.75 15.68 2.75 1.81 39.84 36.18 43.74 45.55
7.65 17.47 3.45 2.03 39.30 35.71 42.75 45.07
8.98 20.17 4.16 2.60 38.60 35.08 41.94 43.98
9.70 21.65 4.32 3.12 38.26 34.78 41.77 43.18
10.20 22.62 4.91 3.09 38.04 34.59 41.22 43.23
10.11 22.48 4.77 3.06 38.09 34.61 41.34 43.27
9.86 22.25 4.40 2.91 38.19 34.66 41.70 43.49
8.33 19.01 3.68 2.31 38.92 35.34 42.47 44.50
8.43 18.93 3.83 2.51 38.87 35.36 42.30 44.13
7.15 15.77 3.39 2.28 39.59 36.15 42.83 44.55
6.95 15.03 3.34 2.48 39.71 36.36 42.90 44.19
7.01 14.61 3.71 2.69 39.68 36.48 42.43 43.83
6.92 14.35 3.63 2.78 39.73 36.56 42.53 43.68
6.35 13.16 3.21 2.69 40.10 36.94 43.07 43.84
6.69 13.52 3.50 3.06 39.87 36.82 42.69 43.28
