0.00 0.00 0.00 0.00 0.00 0.00 0.00 0.00
0.00 0.00 0.00 0.00 0.00 0.00 0.00 0.00
0.00 0.00 0.00 0.00 0.00 0.00 0.00 0.00
0.00 0.00 0.00 0.00 0.00 0.00 0.00 0.00
0.00 0.00 0.00 0.00 0.00 0.00 0.00 0.00
0.00 0.00 0.00 0.00 0.00 0.00 0.00 0.00
0.00 0.00 0.00 0.00 0.00 0.00 0.00 0.00
0.00 0.00 0.00 0.00 0.00 0.00 0.00 0.00
0.00 0.00 0.00 0.00 0.00 0.00 0.00 0.00
0.00 0.00 0.00 0.00 0.00 0.00 0.00 0.00
0.00 0.00 0.00 0.00 0.00 0.00 0.00 0.00
0.00 0.00 0.00 0.00 0.00 0.00 0.00 0.00
0.00 0.00 0.00 0.00 0.00 0.00 0.00 0.00
0.00 0.00 0.00 0.00 0.00 0.00 0.00 0.00
0.00 0.00 0.00 0.00 0.00 0.00 0.00 0.00
0.00 0.00 0.00 0.00 0.00 0.00 0.00 0.00
0.00 0.00 0.00 0.00 0.00 0.00 0.00 0.00
0.00 0.00 0.00 0.00 0.00 0.00 0.00 0.00
0.00 0.00 0.00 0.00 0.00 0.00 0.00 0.00
0.00 0.00 0.00 0.00 0.00 0.00 0.00 0.00
0.00 0.00 0.00 0.00 0.00 0.00 0.00 0.00
0.00 0.00 0.00 0.00 0.00 0.00 0.00 0.00
0.00 0.00 0.00 0.00 0.00 0.00 0.00 0.00
0.00 0.00 0.00 0.00 0.00 0.00 0.00 0.00
0.00 0.00 0.00 0.00 0.00 0.00 0.00 0.00
0.00 0.00 0.00 0.00 0.00 0.00 0.00 0.00
0.00 0.00 0.00 0.00 0.00 0.00 0.00 0.00
0.00 0.00 0.00 0.00 0.00 0.00 0.00 0.00
0.00 0.00 0.00 0.00 0.00 0.00 0.00 0.00
0.00 0.00 0.00 0.00 0.00 0.00 0.00 0.00
0.03 0.23 0.00 0.00 0.06 0.09 0.00 0.00
0.04 0.30 0.00 0.00 0.08 0.11 0.02 0.00
0.04 0.34 0.00 0.00 0.07 0.12 0.01 0.00
0.05 0.37 0.00 0.00 0.08 0.12 0.02 0.00
0.04 0.30 0.00 0.00 0.07 0.11 0.01 0.00
0.04 0.30 0.00 0.00 0.07 0.11 0.02 0.00
0.05 0.38 0.00 0.00 0.09 0.14 0.03 0.00
0.05 0.38 0.00 0.00 0.10 0.14 0.02 0.00
0.04 0.28 0.00 0.00 0.08 0.12 0.02 0.00
0.03 0.27 0.00 0.00 0.09 0.13 0.02 0.00
0.05 0.35 0.00 0.00 0.14 0.18 0.05 0.00
0.03 0.28 0.00 0.00 0.11 0.16 0.02 0.00
0.04 0.29 0.00 0.00 0.11 0.16 0.02 0.00
0.04 0.30 0.00 0.00 0.08 0.13 0.02 0.02
0.06 0.47 0.01 0.00 0.12 0.19 0.04 0.00
0.05 0.38 0.00 0.00 0.09 0.15 0.01 0.01
0.06 0.43 0.01 0.00 0.13 0.19 0.05 0.01
0.07 0.53 0.01 0.00 0.14 0.19 0.04 0.02
0.07 0.49 0.01 0.00 0.13 0.18 0.05 0.00
0.04 0.29 0.00 0.00 0.07 0.10 0.03 0.01
0.04 0.29 0.00 0.00 0.07 0.10 0.02 0.00
0.04 0.28 0.01 0.00 0.07 0.10 0.04 0.00
0.02 0.16 0.00 0.00 0.04 0.06 0.02 0.00
0.02 0.13 0.00 0.00 0.05 0.07 0.02 0.00
0.02 0.12 0.00 0.00 0.06 0.09 0.03 0.00
0.02 0.12 0.00 0.00 0.06 0.10 0.02 0.00
0.02 0.13 0.00 0.00 0.09 0.13 0.03 0.00
0.03 0.18 0.00 0.00 0.14 0.21 0.07 0.00
0.01 0.09 0.00 0.00 0.08 0.13 0.04 0.01
0.01 0.07 0.00 0.00 0.06 0.09 0.04 0.01
0.00 0.02 0.00 0.00 0.01 0.02 0.02 0.01
0.02 0.09 0.00 0.00 0.07 0.08 0.05 0.01
0.01 0.04 0.00 0.00 0.03 0.05 0.01 0.01
0.01 0.05 0.00 0.00 0.05 0.06 0.02 0.03
0.01 0.08 0.00 0.00 0.08 0.11 0.02 0.08
0.01 0.05 0.00 0.00 0.05 0.06 0.03 0.03
0.01 0.05 0.00 0.00 0.04 0.05 0.03 0.02
0.02 0.13 0.00 0.00 0.09 0.13 0.06 0.01
0.01 0.07 0.00 0.00 0.06 0.08 0.04 0.02
0.01 0.10 0.00 0.00 0.08 0.12 0.04 0.01
0.01 0.08 0.00 0.00 0.07 0.10 0.03 0.01
0.01 0.06 0.00 0.00 0.07 0.09 0.04 0.01
0.01 0.05 0.00 0.00 0.05 0.08 0.03 0.01
0.01 0.05 0.00 0.00 0.05 0.08 0.02 0.01
0.01 0.04 0.00 0.00 0.04 0.05 0.02 0.03
0.02 0.09 0.00 0.00 0.06 0.08 0.02 0.07
0.06 0.22 0.02 0.02 0.15 0.14 0.10 0.32
0.16 0.60 0.02 0.08 0.24 0.26 0.09 0.53
0.31 1.06 0.05 0.18 0.35 0.34 0.16 0.62
0.32 1.13 0.01 0.29 0.25 0.27 0.03 0.58
0.37 1.07 0.04 0.39 0.28 0.26 0.09 0.70
0.66 1.72 0.15 0.56 0.46 0.42 0.29 0.74
0.64 2.01 0.10 0.45 0.48 0.54 0.22 0.62
0.69 2.02 0.06 0.68 0.56 0.60 0.16 0.89
0.40 1.05 0.08 0.35 0.39 0.38 0.20 0.63
0.62 1.61 0.04 0.81 0.53 0.52 0.10 1.07
0.58 1.37 0.04 0.87 0.50 0.48 0.09 1.05
0.79 1.61 0.10 1.15 0.65 0.54 0.27 1.27
0.33 0.78 0.04 0.43 0.36 0.32 0.13 0.69
0.56 1.28 0.09 0.67 0.50 0.46 0.23 0.88
0.13 0.46 0.01 0.09 0.15 0.19 0.04 0.18
0.15 0.36 0.02 0.18 0.14 0.12 0.05 0.30
0.16 0.39 0.01 0.23 0.14 0.12 0.04 0.34
0.18 0.56 0.01 0.18 0.17 0.19 0.03 0.28
0.18 0.58 0.02 0.13 0.20 0.24 0.08 0.25
0.17 0.66 0.01 0.11 0.18 0.25 0.04 0.19
0.15 0.49 0.01 0.14 0.15 0.18 0.02 0.23
0.18 0.60 0.03 0.11 0.16 0.18 0.07 0.19
0.18 0.66 0.04 0.07 0.17 0.21 0.09 0.14
0.08 0.30 0.00 0.08 0.08 0.10 0.01 0.13
0.28 0.86 0.09 0.13 0.22 0.25 0.16 0.21
0.15 0.47 0.03 0.10 0.15 0.16 0.06 0.21
0.16 0.57 0.02 0.10 0.13 0.16 0.04 0.18
0.25 0.81 0.06 0.13 0.19 0.21 0.11 0.24
0.14 0.42 0.05 0.06 0.08 0.08 0.06 0.12
0.19 0.55 0.06 0.10 0.10 0.09 0.07 0.16
0.06 0.25 0.00 0.03 0.03 0.03 0.01 0.05
0.16 0.56 0.02 0.09 0.06 0.06 0.02 0.11
0.16 0.54 0.03 0.09 0.05 0.04 0.03 0.10
0.16 0.47 0.03 0.13 0.03 0.03 0.02 0.10
0.05 0.16 0.00 0.07 0.01 0.01 0.00 0.06
0.17 0.55 0.04 0.10 0.04 0.03 0.03 0.07
0.17 0.57 0.07 0.05 0.03 0.03 0.05 0.04
0.14 0.44 0.03 0.07 0.03 0.03 0.03 0.06
0.04 0.14 0.01 0.02 0.01 0.01 0.01 0.02
0.06 0.15 0.01 0.07 0.02 0.01 0.01 0.07
0.02 0.03 0.01 0.03 0.01 0.00 0.01 0.03
0.01 0.02 0.00 0.01 0.00 0.00 0.01 0.02
0.00 0.01 0.00 0.00 0.00 0.00 0.00 0.00
0.00 0.00 0.00 0.00 0.00 0.00 0.00 0.00
0.00 0.00 0.00 0.00 0.00 0.00 0.00 0.00
0.00 0.00 0.00 0.00 0.00 0.00 0.00 0.00
0.00 0.00 0.00 0.00 0.00 0.00 0.00 0.01
0.00 0.00 0.00 0.00 0.00 0.00 0.00 0.01
0.00 0.00 0.00 0.00 0.00 0.00 0.00 0.01
0.00 0.00 0.00 0.00 0.00 0.00 0.00 0.00
0.00 0.00 0.00 0.00 0.00 0.00 0.01 0.00
0.00 0.00 0.00 0.00 0.00 0.00 0.00 0.00
0.00 0.00 0.00 0.00 0.00 0.00 0.00 0.00
0.00 0.01 0.00 0.00 0.00 0.00 0.00 0.00
0.00 0.00 0.00 0.00 0.00 0.00 0.00 0.00
0.00 0.00 0.00 0.00 0.00 0.00 0.00 0.00
0.00 0.00 0.00 0.00 0.00 0.00 0.00 0.00
0.00 0.00 0.00 0.00 0.00 0.00 0.00 0.00
0.00 0.01 0.00 0.00 0.00 0.00 0.00 0.00
0.00 0.00 0.00 0.00 0.00 0.00 0.00 0.01
0.00 0.00 0.00 0.00 0.00 0.00 0.00 0.00
0.00 0.00 0.00 0.00 0.00 0.00 0.00 0.00
0.00 0.00 0.00 0.00 0.00 0.00 0.00 0.00
0.00 0.00 0.00 0.00 0.00 0.00 0.00 0.00
0.00 0.00 0.00 0.00 0.00 0.00 0.00 0.00
0.00 0.00 0.00 0.00 0.00 0.00 0.00 0.00
0.00 0.00 0.00 0.00 0.00 0.00 0.00 0.00
0.00 0.00 0.00 0.00 0.00 0.00 0.00 0.00
0.00 0.01 0.00 0.00 0.00 0.00 0.00 0.00
0.00 0.00 0.00 0.00 0.00 0.00 0.00 0.00
0.00 0.00 0.00 0.00 0.00 0.00 0.00 0.02
0.00 0.00 0.00 0.00 0.00 0.00 0.00 0.01
0.00 0.00 0.00 0.00 0.00 0.00 0.00 0.02
0.00 0.00 0.00 0.00 0.00 0.00 0.01 0.01
0.00 0.00 0.00 0.00 0.00 0.00 0.00 0.01
0.00 0.00 0.00 0.00 0.00 0.00 0.00 0.00
0.00 0.00 0.00 0.00 0.00 0.00 0.00 0.01
0.00 0.00 0.00 0.00 0.00 0.00 0.00 0.01
0.00 0.01 0.00 0.00 0.00 0.00 0.00 0.01
0.00 0.00 0.00 0.00 0.00 0.00 0.00 0.01
0.00 0.00 0.00 0.00 0.00 0.00 0.01 0.01
0.00 0.00 0.00 0.00 0.00 0.00 0.00 0.02
0.00 0.00 0.00 0.00 0.00 0.00 0.01 0.02
0.00 0.01 0.00 0.00 0.00 0.00 0.00 0.01
0.00 0.01 0.00 0.00 0.00 0.00 0.00 0.01
0.00 0.01 0.00 0.00 0.00 0.00 0.00 0.02
0.00 0.02 0.00 0.00 0.00 0.00 0.01 0.03
0.01 0.05 0.00 0.00 0.01 0.01 0.01 0.03
0.01 0.10 0.00 0.00 0.01 0.01 0.01 0.01
0.03 0.16 0.01 0.00 0.02 0.02 0.02 0.02
0.04 0.24 0.01 0.00 0.03 0.03 0.03 0.02
0.06 0.42 0.01 0.00 0.04 0.05 0.03 0.02
0.12 0.79 0.02 0.00 0.08 0.08 0.06 0.03
0.04 0.31 0.01 0.00 0.02 0.03 0.02 0.01
0.07 0.48 0.01 0.00 0.04 0.06 0.02 0.01
0.12 0.80 0.01 0.00 0.08 0.09 0.05 0.04
0.05 0.37 0.00 0.00 0.05 0.06 0.01 0.01
0.12 0.84 0.01 0.00 0.14 0.17 0.07 0.02
0.07 0.52 0.01 0.00 0.10 0.13 0.04 0.03
0.13 0.92 0.01 0.00 0.21 0.28 0.05 0.05
0.18 1.28 0.02 0.00 0.36 0.46 0.11 0.07
0.21 1.43 0.02 0.00 0.53 0.68 0.18 0.15
0.18 1.26 0.02 0.00 0.52 0.70 0.18 0.07
0.21 1.43 0.03 0.00 0.63 0.85 0.26 0.07
0.06 0.34 0.01 0.00 0.23 0.30 0.12 0.16
0.07 0.39 0.02 0.00 0.26 0.32 0.20 0.13
0.05 0.27 0.01 0.00 0.20 0.27 0.10 0.09
0.04 0.24 0.01 0.00 0.18 0.26 0.08 0.06
0.04 0.29 0.01 0.00 0.21 0.31 0.09 0.04
0.03 0.24 0.00 0.00 0.15 0.23 0.05 0.03
0.04 0.24 0.01 0.00 0.14 0.21 0.08 0.03
0.04 0.29 0.00 0.00 0.16 0.25 0.04 0.03
0.04 0.28 0.00 0.00 0.18 0.28 0.04 0.03
0.05 0.30 0.01 0.00 0.22 0.32 0.08 0.04
0.05 0.32 0.00 0.00 0.22 0.33 0.06 0.07
0.05 0.37 0.01 0.00 0.24 0.35 0.08 0.05
0.05 0.36 0.01 0.00 0.24 0.35 0.07 0.06
0.06 0.35 0.01 0.00 0.24 0.32 0.11 0.09
0.08 0.47 0.01 0.00 0.29 0.39 0.13 0.11
0.12 0.64 0.03 0.01 0.27 0.34 0.14 0.14
0.12 0.56 0.03 0.02 0.23 0.27 0.13 0.27
0.20 0.77 0.05 0.07 0.28 0.30 0.16 0.47
0.40 1.47 0.09 0.15 0.44 0.47 0.28 0.60
0.49 1.74 0.07 0.28 0.49 0.55 0.20 0.73
0.39 1.19 0.07 0.29 0.44 0.44 0.22 0.73
0.36 1.04 0.06 0.28 0.39 0.42 0.17 0.60
0.21 0.57 0.03 0.20 0.31 0.33 0.10 0.49
0.23 0.56 0.02 0.31 0.30 0.30 0.05 0.65
0.42 1.12 0.19 0.20 0.58 0.62 0.57 0.51
0.81 2.15 0.33 0.46 0.96 1.04 0.82 0.94
0.37 0.94 0.07 0.36 0.51 0.53 0.24 0.74
0.39 1.01 0.07 0.35 0.51 0.54 0.25 0.69
0.53 1.41 0.11 0.44 0.57 0.58 0.27 0.86
0.65 1.74 0.16 0.49 0.59 0.62 0.31 0.85
0.43 1.08 0.12 0.35 0.46 0.45 0.25 0.78
0.65 1.66 0.12 0.60 0.58 0.57 0.25 1.05
0.58 1.34 0.14 0.56 0.51 0.45 0.29 1.00
0.47 1.36 0.08 0.38 0.41 0.42 0.15 0.73
0.47 1.23 0.07 0.47 0.39 0.37 0.13 0.85
0.42 1.18 0.04 0.45 0.37 0.37 0.08 0.81
0.61 1.88 0.08 0.47 0.48 0.50 0.15 0.86
0.52 1.46 0.09 0.44 0.39 0.39 0.15 0.77
0.33 0.93 0.07 0.25 0.27 0.28 0.10 0.50
0.50 1.27 0.16 0.36 0.37 0.34 0.24 0.60
0.49 1.24 0.13 0.40 0.39 0.35 0.23 0.75
0.55 1.54 0.14 0.36 0.42 0.41 0.23 0.73
0.39 1.06 0.09 0.29 0.31 0.29 0.16 0.66
0.60 1.73 0.13 0.43 0.35 0.34 0.18 0.63
0.84 2.28 0.19 0.66 0.38 0.35 0.20 0.75
1.04 2.45 0.23 1.04 0.36 0.28 0.20 0.92
0.71 2.21 0.17 0.39 0.25 0.24 0.16 0.41
1.48 4.64 0.54 0.58 0.40 0.39 0.36 0.49
1.56 5.47 0.36 0.66 0.35 0.35 0.21 0.51
1.36 4.98 0.22 0.62 0.27 0.29 0.14 0.43
1.30 4.66 0.33 0.48 0.23 0.23 0.17 0.29
2.11 7.47 0.49 0.86 0.36 0.36 0.27 0.50
1.45 4.12 0.24 1.20 0.25 0.20 0.14 0.64
1.84 7.28 0.33 0.63 0.41 0.44 0.26 0.49
1.14 4.09 0.21 0.54 0.29 0.27 0.18 0.57
1.11 4.89 0.22 0.24 0.30 0.32 0.21 0.33
1.09 5.00 0.24 0.17 0.31 0.34 0.24 0.27
0.96 4.54 0.17 0.15 0.33 0.37 0.23 0.31
0.75 3.65 0.16 0.08 0.28 0.31 0.23 0.21
1.38 6.88 0.28 0.14 0.48 0.54 0.37 0.34
0.03 0.09 0.01 0.01 0.01 0.01 0.01 0.03
0.01 0.05 0.01 0.00 0.00 0.00 0.01 0.01
0.01 0.05 0.01 0.00 0.00 0.00 0.01 0.01
0.00 0.01 0.00 0.00 0.00 0.00 0.00 0.00
0.00 0.00 0.00 0.00 0.00 0.00 0.00 0.00
0.00 0.01 0.00 0.00 0.00 0.00 0.00 0.00
0.00 0.00 0.00 0.00 0.00 0.00 0.00 0.00
0.01 0.03 0.00 0.00 0.00 0.00 0.00 0.00
0.01 0.04 0.01 0.00 0.00 0.00 0.01 0.00
0.01 0.01 0.00 0.00 0.00 0.00 0.00 0.01
0.00 0.00 0.00 0.00 0.00 0.00 0.00 0.00
0.00 0.00 0.00 0.00 0.00 0.00 0.00 0.00
0.00 0.00 0.00 0.00 0.00 0.00 0.00 0.00
0.00 0.00 0.00 0.00 0.00 0.00 0.00 0.00
0.00 0.00 0.00 0.00 0.00 0.00 0.00 0.00
0.00 0.00 0.00 0.00 0.00 0.00 0.00 0.00
0.00 0.00 0.00 0.00 0.00 0.00 0.00 0.00
0.01 0.04 0.01 0.00 0.00 0.00 0.01 0.00
0.00 0.04 0.00 0.00 0.00 0.00 0.00 0.00
0.02 0.09 0.01 0.00 0.00 0.00 0.01 0.01
0.00 0.01 0.00 0.00 0.00 0.00 0.01 0.00
0.02 0.10 0.01 0.00 0.00 0.00 0.01 0.00
0.01 0.02 0.01 0.00 0.00 0.00 0.01 0.02
0.00 0.01 0.00 0.00 0.00 0.00 0.00 0.01
0.01 0.02 0.00 0.00 0.00 0.00 0.01 0.03
0.00 0.00 0.00 0.00 0.00 0.00 0.01 0.03
0.00 0.01 0.00 0.00 0.00 0.00 0.00 0.02
0.00 0.01 0.00 0.00 0.00 0.00 0.01 0.03
0.00 0.01 0.00 0.00 0.00 0.00 0.00 0.04
0.00 0.01 0.00 0.00 0.00 0.00 0.01 0.02
0.19 1.42 0.01 0.00 0.24 0.32 0.07 0.04
0.26 1.92 0.02 0.00 0.31 0.40 0.10 0.05
0.28 2.10 0.01 0.00 0.35 0.46 0.10 0.03
0.26 1.98 0.01 0.00 0.38 0.49 0.08 0.06
0.21 1.60 0.01 0.00 0.31 0.40 0.08 0.03
0.30 2.38 0.01 0.00 0.43 0.56 0.07 0.04
0.24 1.84 0.01 0.00 0.32 0.42 0.08 0.07
0.30 2.21 0.02 0.00 0.37 0.47 0.12 0.06
0.19 1.37 0.01 0.00 0.27 0.35 0.07 0.10
0.24 1.74 0.01 0.00 0.38 0.48 0.12 0.07
0.27 1.88 0.02 0.00 0.40 0.48 0.17 0.10
0.21 1.46 0.02 0.00 0.31 0.36 0.14 0.10
0.27 1.97 0.01 0.00 0.31 0.42 0.09 0.04
0.22 1.62 0.01 0.00 0.18 0.25 0.04 0.02
0.26 1.82 0.02 0.00 0.16 0.21 0.06 0.02
0.16 1.23 0.01 0.00 0.09 0.12 0.02 0.01
0.26 1.76 0.03 0.00 0.10 0.14 0.05 0.01
0.18 1.23 0.02 0.00 0.05 0.07 0.02 0.01
0.12 0.89 0.01 0.00 0.03 0.04 0.01 0.00
0.13 0.99 0.01 0.00 0.03 0.04 0.00 0.01
0.14 0.98 0.02 0.00 0.03 0.04 0.02 0.00
0.10 0.73 0.01 0.00 0.02 0.03 0.01 0.00
0.09 0.69 0.01 0.00 0.03 0.04 0.01 0.00
0.10 0.67 0.01 0.00 0.03 0.04 0.02 0.00
0.02 0.15 0.00 0.00 0.01 0.01 0.00 0.00
0.01 0.09 0.00 0.00 0.01 0.01 0.00 0.00
0.01 0.04 0.00 0.00 0.00 0.00 0.00 0.00
0.01 0.04 0.00 0.00 0.00 0.00 0.00 0.00
0.00 0.01 0.00 0.00 0.00 0.00 0.01 0.00
0.02 0.06 0.02 0.01 0.01 0.01 0.03 0.02
