5.98 12.72 3.11 2.11 40.36 37.08 43.20 44.89
6.34 13.82 2.98 2.22 40.11 36.73 43.38 44.66
6.54 14.39 3.05 2.17 39.98 36.55 43.29 44.77
6.01 13.08 2.93 2.03 40.34 36.97 43.46 45.06
6.69 14.55 3.30 2.23 39.87 36.50 42.95 44.64
6.93 15.30 3.24 2.26 39.72 36.28 43.02 44.59
7.32 16.06 3.48 2.41 39.49 36.07 42.72 44.31
7.99 17.60 3.83 2.53 39.11 35.67 42.29 44.10
7.28 16.07 3.41 2.37 39.51 36.07 42.80 44.39
7.20 15.61 3.40 2.58 39.56 36.20 42.81 44.01
8.29 17.74 3.83 3.30 38.95 35.64 42.30 42.95
7.27 16.00 3.18 2.63 39.52 36.09 43.11 43.94
7.73 17.26 3.42 2.51 39.25 35.76 42.79 44.13
9.10 20.23 4.24 2.82 38.54 35.07 41.85 43.62
8.70 19.54 3.80 2.76 38.74 35.22 42.33 43.73
8.70 19.69 3.75 2.66 38.74 35.19 42.39 43.89
8.74 20.17 3.80 2.24 38.72 35.08 42.33 44.62
9.39 21.77 4.07 2.33 38.40 34.75 42.03 44.45
9.65 22.20 4.16 2.59 38.28 34.67 41.94 44.00
9.77 22.63 4.02 2.67 38.23 34.58 42.08 43.86
10.00 22.81 4.58 2.60 38.13 34.55 41.53 43.98
8.18 18.90 3.41 2.22 39.01 35.37 42.81 44.67
7.20 17.04 2.96 1.59 39.56 35.82 43.41 46.12
5.82 13.73 2.45 1.26 40.48 36.75 44.23 47.12
5.09 12.25 2.14 0.89 41.06 37.25 44.83 48.63
4.80 11.80 1.86 0.75 41.31 37.41 45.43 49.36
4.59 11.45 1.57 0.74 41.52 37.54 46.18 49.43
4.82 11.82 1.75 0.87 41.30 37.40 45.71 48.73
4.71 11.50 1.77 0.87 41.40 37.52 45.67 48.73
4.72 11.55 1.66 0.92 41.39 37.50 45.92 48.48
4.70 11.44 1.74 0.93 41.41 37.55 45.71 48.45
5.01 12.11 1.93 0.99 41.13 37.30 45.27 48.17
5.10 12.36 1.89 1.07 41.05 37.21 45.37 47.83
5.33 12.94 2.00 1.04 40.86 37.01 45.13 47.96
4.99 12.13 1.91 0.94 41.15 37.29 45.33 48.41
5.02 12.33 1.80 0.93 41.12 37.22 45.57 48.46
4.93 12.03 1.87 0.90 41.20 37.33 45.40 48.62
5.02 12.26 1.91 0.89 41.13 37.24 45.33 48.65
4.76 11.62 1.81 0.85 41.36 37.48 45.55 48.86
4.25 10.56 1.51 0.66 41.85 37.89 46.33 49.97
4.21 10.69 1.42 0.51 41.89 37.84 46.60 51.07
4.39 11.11 1.58 0.50 41.70 37.67 46.16 51.21
4.33 10.71 1.61 0.66 41.77 37.84 46.06 49.97
4.73 11.52 1.90 0.77 41.38 37.52 45.35 49.26
5.17 12.54 2.22 0.76 40.99 37.15 44.67 49.32
5.10 12.33 2.20 0.78 41.06 37.22 44.71 49.22
4.94 11.96 2.14 0.71 41.19 37.36 44.82 49.60
5.40 13.13 2.39 0.69 40.80 36.95 44.35 49.76
5.62 13.63 2.55 0.68 40.63 36.79 44.07 49.83
5.49 13.15 2.49 0.83 40.74 36.95 44.17 48.89
5.43 12.97 2.55 0.78 40.78 37.01 44.08 49.21
5.38 13.01 2.29 0.84 40.83 36.99 44.54 48.90
5.25 12.78 2.22 0.74 40.94 37.07 44.67 49.43
4.56 11.09 1.90 0.70 41.54 37.69 45.35 49.64
3.87 9.13 1.82 0.65 42.26 38.54 45.53 50.01
3.64 8.53 1.78 0.59 42.55 38.85 45.63 50.42
3.25 7.64 1.56 0.55 43.04 39.33 46.20 50.77
3.30 7.75 1.60 0.54 42.98 39.28 46.13 50.84
3.04 7.14 1.48 0.50 43.33 39.64 46.45 51.10
3.13 7.30 1.51 0.60 43.20 39.54 46.35 50.36
3.17 7.32 1.64 0.55 43.12 39.48 45.97 50.76
3.51 8.20 1.78 0.55 42.68 38.99 45.63 50.73
3.36 7.92 1.60 0.57 42.87 39.15 46.09 50.57
3.08 7.37 1.46 0.41 43.24 39.46 46.49 51.98
2.99 7.11 1.44 0.42 43.37 39.61 46.54 51.85
3.40 8.18 1.57 0.46 42.81 39.00 46.17 51.57
3.51 8.06 1.84 0.62 42.68 39.06 45.48 50.18
3.48 8.16 1.70 0.57 42.72 39.01 45.84 50.60
3.17 7.41 1.56 0.53 43.13 39.43 46.21 50.95
2.87 6.77 1.41 0.41 43.57 39.83 46.63 52.05
3.01 7.07 1.54 0.43 43.34 39.64 46.24 51.85
2.84 6.58 1.55 0.41 43.59 39.95 46.24 51.99
2.80 6.33 1.51 0.57 43.66 40.12 46.34 50.57
2.66 5.96 1.46 0.55 43.88 40.38 46.49 50.70
2.71 6.11 1.50 0.52 43.80 40.27 46.36 50.91
3.51 7.70 2.04 0.78 42.68 39.27 45.03 49.19
3.98 8.14 2.42 1.40 42.13 39.03 44.30 46.68
5.27 10.70 3.08 2.05 40.91 37.83 43.25 45.02
5.58 10.95 2.96 2.84 40.66 37.74 43.42 43.60
6.38 12.22 3.21 3.70 40.09 37.26 43.06 42.45
6.54 11.97 3.64 4.01 39.97 37.35 42.53 42.10
7.12 12.59 4.11 4.67 39.60 37.13 41.99 41.44
6.38 11.39 3.34 4.39 40.09 37.56 42.89 41.70
5.97 10.38 3.02 4.51 40.38 37.97 43.34 41.59
5.48 9.44 3.21 3.81 40.74 38.38 43.07 42.32
5.61 9.46 2.82 4.54 40.65 38.37 43.63 41.56
5.77 9.28 3.04 4.99 40.51 38.46 43.29 41.15
5.85 9.22 3.06 5.28 40.46 38.49 43.28 40.91
4.89 7.92 2.62 4.13 41.24 39.14 43.96 41.97
5.47 8.70 3.01 4.68 40.76 38.74 43.35 41.43
4.59 8.00 2.27 3.52 41.51 39.10 44.57 42.66
5.16 8.81 2.61 4.06 41.01 38.68 43.97 42.05
5.37 8.87 2.83 4.40 40.83 38.65 43.62 41.69
5.16 8.76 2.51 4.23 41.00 38.70 44.14 41.87
4.80 8.22 2.42 3.77 41.32 38.98 44.29 42.36
4.93 8.55 2.34 3.92 41.20 38.82 44.45 42.19
4.92 8.35 2.48 3.93 41.21 38.91 44.19 42.19
5.35 9.18 2.97 3.90 40.84 38.50 43.40 42.21
5.26 8.96 3.22 3.59 40.93 38.61 43.06 42.58
5.00 8.44 2.85 3.72 41.14 38.87 43.58 42.43
5.84 9.61 3.90 3.99 40.47 38.31 42.22 42.12
5.03 8.59 3.03 3.47 41.11 38.79 43.32 42.73
5.50 9.49 3.27 3.73 40.73 38.36 42.99 42.42
5.82 10.13 3.67 3.66 40.48 38.08 42.48 42.49
6.43 11.28 4.44 3.55 40.06 37.61 41.66 42.63
6.83 12.16 4.29 4.05 39.79 37.28 41.81 42.06
6.66 12.74 3.62 3.61 39.90 37.08 42.55 42.56
7.89 14.91 4.29 4.47 39.16 36.40 41.81 41.63
8.71 16.66 4.80 4.68 38.73 35.92 41.32 41.42
10.19 19.60 5.55 5.42 38.05 35.21 40.68 40.80
9.77 18.81 5.22 5.26 38.23 35.38 40.95 40.92
10.28 19.77 5.46 5.62 38.01 35.17 40.76 40.63
10.66 20.67 5.81 5.50 37.85 34.98 40.49 40.72
9.89 19.13 5.15 5.41 38.18 35.32 41.01 40.81
8.63 17.72 3.99 4.19 38.77 35.65 42.12 41.91
8.34 16.20 4.18 4.64 38.92 36.03 41.92 41.47
9.03 18.39 4.10 4.59 38.58 35.48 42.01 41.52
8.13 16.93 3.62 3.83 39.03 35.84 42.55 42.30
6.99 14.61 3.29 3.08 39.69 36.49 42.96 43.25
7.19 14.92 3.55 3.09 39.56 36.40 42.63 43.23
6.01 12.80 2.79 2.44 40.34 37.06 43.68 44.25
6.54 13.94 3.27 2.42 39.97 36.68 42.98 44.29
6.38 13.77 2.90 2.47 40.08 36.74 43.51 44.20
6.45 14.00 3.04 2.31 40.04 36.67 43.30 44.50
6.20 13.60 2.93 2.08 40.21 36.79 43.46 44.95
6.21 13.47 2.92 2.26 40.19 36.84 43.47 44.59
6.07 13.16 2.87 2.20 40.29 36.94 43.55 44.72
6.41 13.96 2.93 2.33 40.07 36.68 43.46 44.46
6.04 13.23 2.81 2.07 40.33 36.92 43.64 44.98
6.13 13.31 2.90 2.18 40.25 36.89 43.51 44.74
6.45 13.97 2.93 2.45 40.03 36.68 43.46 44.24
6.23 13.51 2.93 2.26 40.19 36.82 43.46 44.59
6.81 14.88 3.34 2.22 39.80 36.41 42.89 44.69
7.78 17.32 3.55 2.46 39.22 35.75 42.62 44.22
7.84 17.68 3.46 2.39 39.18 35.65 42.75 44.35
7.39 16.60 3.29 2.29 39.44 35.93 42.96 44.53
8.30 18.77 3.81 2.31 38.94 35.40 42.32 44.49
9.24 21.19 4.08 2.44 38.48 34.87 42.02 44.25
9.79 22.62 4.38 2.38 38.23 34.58 41.72 44.37
9.25 21.73 3.88 2.14 38.47 34.76 42.23 44.82
9.71 22.92 4.04 2.16 38.26 34.53 42.07 44.78
9.67 22.50 4.07 2.43 38.28 34.60 42.04 44.29
7.87 18.67 3.15 1.78 39.17 35.42 43.14 45.63
6.77 16.31 2.56 1.45 39.82 36.00 44.05 46.51
6.40 15.55 2.43 1.23 40.07 36.21 44.29 47.22
5.90 14.60 2.11 0.97 40.43 36.48 44.89 48.24
5.33 13.39 1.92 0.69 40.86 36.86 45.29 49.77
5.54 13.98 2.03 0.59 40.70 36.67 45.05 50.41
5.06 12.63 1.96 0.57 41.09 37.11 45.21 50.60
5.59 14.23 1.99 0.56 40.66 36.60 45.15 50.69
5.24 13.04 2.11 0.58 40.94 36.98 44.89 50.49
5.44 13.62 2.12 0.58 40.78 36.79 44.88 50.50
5.32 13.34 2.07 0.56 40.87 36.88 44.97 50.65
5.40 13.66 2.08 0.47 40.80 36.78 44.95 51.41
5.22 13.20 2.01 0.47 40.95 36.93 45.11 51.42
5.05 12.73 1.94 0.48 41.10 37.08 45.26 51.33
5.12 12.75 2.04 0.57 41.04 37.07 45.04 50.53
5.32 13.23 2.14 0.61 40.86 36.92 44.83 50.23
5.10 12.78 1.96 0.55 41.06 37.07 45.22 50.68
4.67 11.73 1.73 0.53 41.44 37.44 45.75 50.84
4.56 11.43 1.69 0.55 41.54 37.55 45.86 50.74
4.65 11.55 1.85 0.55 41.45 37.50 45.46 50.74
4.46 11.07 1.81 0.49 41.64 37.69 45.54 51.24
4.89 12.17 1.98 0.51 41.24 37.28 45.15 51.06
5.10 12.54 2.24 0.54 41.05 37.15 44.62 50.78
5.51 13.53 2.42 0.57 40.72 36.82 44.29 50.54
5.52 13.58 2.40 0.57 40.72 36.80 44.32 50.54
5.76 14.14 2.53 0.61 40.53 36.63 44.11 50.26
6.07 14.85 2.71 0.66 40.30 36.42 43.80 49.90
6.11 15.02 2.68 0.64 40.27 36.36 43.85 50.05
5.78 14.16 2.51 0.66 40.51 36.62 44.13 49.93
5.96 14.55 2.69 0.64 40.38 36.50 43.83 50.04
4.81 11.75 2.10 0.57 41.31 37.43 44.91 50.60
4.60 11.11 2.15 0.52 41.51 37.68 44.80 50.95
4.11 9.83 1.98 0.52 41.99 38.21 45.16 50.97
4.04 9.59 2.00 0.53 42.07 38.32 45.11 50.91
3.89 9.34 1.88 0.45 42.23 38.43 45.38 51.66
3.54 8.50 1.75 0.38 42.64 38.84 45.70 52.35
3.36 7.97 1.62 0.49 42.87 39.12 46.04 51.20
3.43 8.05 1.61 0.62 42.78 39.07 46.06 50.20
3.34 7.56 1.70 0.76 42.89 39.35 45.83 49.33
3.68 8.39 1.84 0.82 42.47 38.90 45.49 48.97
3.60 8.24 1.78 0.79 42.57 38.97 45.64 49.15
3.50 7.98 1.73 0.79 42.69 39.11 45.73 49.17
3.77 8.68 1.85 0.78 42.37 38.74 45.47 49.23
3.42 8.00 1.65 0.62 42.79 39.10 45.96 50.21
3.55 8.12 1.88 0.64 42.63 39.04 45.39 50.05
3.84 8.81 1.95 0.76 42.29 38.68 45.24 49.31
3.44 7.90 1.72 0.71 42.76 39.15 45.76 49.62
3.66 8.47 1.80 0.72 42.50 38.85 45.58 49.56
3.63 8.38 1.75 0.74 42.54 38.90 45.69 49.43
3.60 8.41 1.71 0.70 42.56 38.88 45.80 49.70
3.74 8.64 1.89 0.70 42.40 38.77 45.37 49.68
3.58 8.26 1.78 0.73 42.58 38.96 45.64 49.54
3.72 8.28 1.93 0.95 42.43 38.96 45.28 48.37
4.57 10.08 2.52 1.12 41.53 38.10 44.13 47.63
4.75 10.16 2.74 1.35 41.36 38.06 43.74 46.81
5.89 12.11 3.38 2.18 40.43 37.30 42.85 44.76
6.25 12.54 3.31 2.89 40.17 37.14 42.93 43.52
6.46 12.37 3.39 3.61 40.03 37.21 42.82 42.55
6.17 11.31 3.45 3.75 40.23 37.60 42.75 42.40
5.86 10.29 3.35 3.94 40.45 38.01 42.87 42.17
4.69 7.94 2.59 3.56 41.42 39.13 44.00 42.62
4.83 7.85 2.61 4.02 41.29 39.18 43.96 42.08
5.01 8.19 3.34 3.52 41.13 39.00 42.89 42.67
6.03 9.67 4.03 4.37 40.33 38.28 42.07 41.73
4.87 7.61 2.80 4.18 41.26 39.32 43.65 41.92
4.97 7.83 2.83 4.24 41.17 39.20 43.61 41.86
5.49 8.86 3.37 4.26 40.73 38.66 42.86 41.84
5.98 9.55 3.85 4.55 40.36 38.33 42.28 41.55
5.34 8.53 3.56 3.92 40.86 38.82 42.61 42.20
6.02 9.73 3.70 4.63 40.33 38.25 42.45 41.47
5.95 9.61 3.67 4.56 40.39 38.30 42.49 41.55
5.79 9.68 3.44 4.24 40.51 38.28 42.77 41.85
5.94 9.86 3.56 4.39 40.39 38.19 42.61 41.71
5.73 9.50 3.31 4.40 40.54 38.35 42.94 41.69
6.20 10.74 3.53 4.33 40.20 37.82 42.65 41.77
6.25 10.50 3.85 4.40 40.17 37.92 42.27 41.70
5.87 9.70 3.95 3.95 40.45 38.26 42.16 42.17
6.33 10.32 4.22 4.46 40.12 37.99 41.88 41.64
6.12 10.19 3.89 4.27 40.27 38.05 42.23 41.83
6.25 10.50 4.15 4.09 40.18 37.92 41.95 42.02
5.89 10.03 3.84 3.81 40.43 38.12 42.29 42.32
7.03 11.99 4.36 4.73 39.66 37.34 41.74 41.38
8.05 13.68 5.03 5.45 39.08 36.77 41.12 40.77
9.15 15.58 5.51 6.36 38.52 36.21 40.71 40.09
8.72 15.67 5.15 5.33 38.72 36.18 41.02 40.86
10.40 18.69 6.56 5.98 37.96 35.41 39.97 40.37
11.28 20.99 6.54 6.31 37.61 34.91 39.97 40.13
11.57 21.78 6.37 6.56 37.50 34.75 40.10 39.96
12.14 22.88 6.80 6.75 37.29 34.54 39.81 39.84
12.91 24.60 6.93 7.21 37.02 34.22 39.73 39.55
12.45 23.06 6.55 7.74 37.18 34.50 39.97 39.25
11.43 22.28 5.79 6.24 37.55 34.65 40.50 40.18
10.36 20.26 5.33 5.49 37.98 35.07 40.86 40.74
10.13 20.66 5.18 4.55 38.08 34.98 40.98 41.55
9.86 20.40 5.17 4.03 38.19 35.03 40.99 42.08
9.05 18.92 4.59 3.64 38.56 35.36 41.52 42.51
8.49 18.11 4.24 3.12 38.84 35.55 41.86 43.19
9.34 19.91 4.66 3.46 38.42 35.14 41.44 42.74
7.80 16.70 3.94 2.77 39.21 35.91 42.17 43.70
8.97 19.42 4.54 2.95 38.61 35.25 41.56 43.44
8.77 18.74 4.47 3.09 38.70 35.40 41.63 43.23
10.38 22.69 4.81 3.64 37.97 34.57 41.31 42.52
8.13 17.90 3.96 2.54 39.03 35.60 42.15 44.09
10.12 22.02 4.75 3.59 38.08 34.71 41.37 42.58
9.00 19.18 4.52 3.28 38.60 35.30 41.58 42.98
8.51 18.53 4.19 2.81 38.83 35.45 41.91 43.64
7.07 15.62 3.36 2.23 39.63 36.19 42.87 44.64
8.07 17.48 3.97 2.75 39.06 35.70 42.14 43.73
9.18 19.73 4.46 3.34 38.50 35.18 41.63 42.89
8.77 18.80 4.24 3.27 38.70 35.39 41.86 42.98
8.56 18.64 4.07 2.96 38.81 35.43 42.04 43.42
8.65 19.18 3.87 2.89 38.76 35.30 42.25 43.52
9.03 20.14 4.04 2.90 38.58 35.09 42.06 43.51
9.47 21.24 4.10 3.08 38.37 34.86 42.01 43.25
9.13 20.59 3.97 2.83 38.53 34.99 42.15 43.61
9.87 22.45 4.34 2.83 38.19 34.62 41.76 43.61
10.75 24.71 4.60 2.94 37.82 34.20 41.50 43.45
10.61 24.31 4.53 2.98 37.88 34.27 41.57 43.39
9.52 21.87 4.15 2.53 38.35 34.73 41.95 44.09
8.46 19.54 3.53 2.31 38.86 35.22 42.65 44.50
7.50 17.67 3.06 1.77 39.38 35.66 43.27 45.64
6.19 14.79 2.51 1.26 40.22 36.43 44.13 47.14
5.55 13.50 2.27 0.87 40.69 36.83 44.58 48.73
4.92 12.15 1.91 0.69 41.21 37.29 45.32 49.74
4.64 11.48 1.77 0.68 41.46 37.53 45.65 49.83
4.57 11.52 1.69 0.49 41.54 37.51 45.86 51.26
4.59 11.56 1.73 0.48 41.51 37.50 45.76 51.34
4.60 11.59 1.73 0.48 41.50 37.49 45.74 51.29
4.58 11.27 1.81 0.64 41.53 37.61 45.54 50.06
4.87 11.90 1.96 0.74 41.26 37.37 45.21 49.43
4.75 11.80 1.80 0.65 41.37 37.41 45.59 50.03
4.52 11.31 1.68 0.59 41.58 37.60 45.89 50.43
4.40 10.95 1.69 0.55 41.70 37.73 45.85 50.74
4.67 11.83 1.63 0.56 41.44 37.40 46.01 50.67
4.65 11.47 1.79 0.69 41.46 37.54 45.60 49.75
4.89 12.07 1.91 0.70 41.24 37.31 45.33 49.65
4.38 10.68 1.76 0.69 41.72 37.84 45.68 49.72
4.32 10.67 1.61 0.69 41.77 37.85 46.07 49.74
4.50 11.07 1.74 0.69 41.60 37.69 45.72 49.74
4.42 10.83 1.73 0.69 41.68 37.78 45.75 49.72
4.95 12.00 2.01 0.84 41.19 37.34 45.11 48.89
5.62 13.27 2.39 1.21 40.63 36.90 44.35 47.31
6.43 14.96 2.71 1.62 40.05 36.38 43.80 46.03
6.75 15.68 2.75 1.81 39.84 36.18 43.74 45.55
7.65 17.47 3.45 2.03 39.30 35.71 42.75 45.07
8.98 20.17 4.16 2.60 38.60 35.08 41.94 43.98
9.70 21.65 4.32 3.12 38.26 34.78 41.77 43.18
10.20 22.62 4.91 3.09 38.04 34.59 41.22 43.23
10.11 22.48 4.77 3.06 38.09 34.61 41.34 43.27
9.86 22.25 4.40 2.91 38.19 34.66 41.70 43.49
8.33 19.01 3.68 2.31 38.92 35.34 42.47 44.50
8.43 18.93 3.83 2.51 38.87 35.36 42.30 44.13
7.15 15.77 3.39 2.28 39.59 36.15 42.83 44.55
6.95 15.03 3.34 2.48 39.71 36.36 42.90 44.19
7.01 14.61 3.71 2.69 39.68 36.48 42.43 43.83
6.92 14.35 3.63 2.78 39.73 36.56 42.53 43.68
6.35 13.16 3.21 2.69 40.10 36.94 43.07 43.84
6.69 13.52 3.50 3.06 39.87 36.82 42.69 43.28
