5.98 12.72 3.11 2.11 40.36 37.08 43.20 44.89
6.34 13.82 2.98 2.22 40.11 36.73 43.38 44.66
6.54 14.39 3.05 2.17 39.98 36.55 43.29 44.77
6.01 13.08 2.93 2.03 40.34 36.97 43.46 45.06
6.69 14.55 3.30 2.23 39.87 36.50 42.95 44.64
6.93 15.30 3.24 2.26 39.72 36.28 43.02 44.59
7.32 16.06 3.48 2.41 39.49 36.07 42.72 44.31
7.99 17.60 3.83 2.53 39.11 35.67 42.29 44.10
7.28 16.07 3.41 2.37 39.51 36.07 42.80 44.39
7.20 15.61 3.40 2.58 39.56 36.20 42.81 44.01
8.29 17.74 3.83 3.30 38.95 35.64 42.30 42.95
7.27 16.00 3.18 2.63 39.52 36.09 43.11 43.94
7.73 17.26 3.42 2.51 39.25 35.76 42.79 44.13
9.10 20.23 4.24 2.82 38.54 35.07 41.85 43.62
8.70 19.54 3.80 2.76 38.74 35.22 42.33 43.73
8.70 19.69 3.75 2.66 38.74 35.19 42.39 43.89
8.74 20.17 3.80 2.24 38.72 35.08 42.33 44.62
9.39 21.77 4.07 2.33 38.40 34.75 42.03 44.45
9.65 22.20 4.16 2.59 38.28 34.67 41.94 44.00
9.77 22.63 4.02 2.67 38.23 34.58 42.08 43.86
10.00 22.81 4.58 2.60 38.13 34.55 41.53 43.98
8.18 18.90 3.41 2.22 39.01 35.37 42.81 44.67
7.20 17.04 2.96 1.59 39.56 35.82 43.41 46.12
5.82 13.73 2.45 1.26 40.48 36.75 44.23 47.12
5.09 12.25 2.14 0.89 41.06 37.25 44.83 48.63
4.81 11.80 1.86 0.75 41.31 37.41 45.43 49.36
4.60 11.47 1.59 0.74 41.50 37.53 46.12 49.41
4.81 11.84 1.74 0.86 41.31 37.40 45.72 48.79
4.68 11.41 1.75 0.86 41.44 37.56 45.70 48.79
4.70 11.52 1.67 0.92 41.41 37.52 45.91 48.49
4.72 11.46 1.78 0.92 41.39 37.54 45.64 48.51
5.02 12.14 1.93 0.97 41.13 37.29 45.26 48.29
5.07 12.28 1.87 1.07 41.07 37.24 45.42 47.83
5.31 12.88 1.98 1.04 40.88 37.03 45.16 47.93
5.00 12.17 1.88 0.95 41.14 37.28 45.39 48.36
4.99 12.30 1.77 0.91 41.15 37.23 45.64 48.53
4.92 12.00 1.88 0.88 41.21 37.34 45.39 48.68
4.99 12.25 1.87 0.87 41.15 37.25 45.43 48.74
4.75 11.59 1.81 0.84 41.37 37.49 45.55 48.88
4.23 10.54 1.49 0.64 41.87 37.90 46.40 50.02
4.22 10.73 1.44 0.50 41.88 37.82 46.56 51.14
4.37 11.05 1.58 0.48 41.73 37.69 46.16 51.31
4.23 10.46 1.59 0.65 41.87 37.94 46.13 49.99
4.59 11.14 1.87 0.77 41.51 37.67 45.41 49.27
5.01 12.15 2.11 0.77 41.14 37.28 44.90 49.27
4.88 11.77 2.11 0.76 41.25 37.42 44.89 49.35
4.64 11.22 2.00 0.71 41.46 37.63 45.11 49.62
5.04 12.19 2.25 0.68 41.11 37.27 44.61 49.81
5.17 12.47 2.42 0.65 40.99 37.17 44.30 50.02
4.96 11.79 2.27 0.84 41.17 37.42 44.57 48.87
5.03 11.95 2.34 0.79 41.12 37.36 44.44 49.13
4.85 11.61 2.14 0.82 41.27 37.48 44.84 48.98
4.75 11.42 2.07 0.76 41.37 37.56 44.98 49.30
4.04 9.59 1.81 0.71 42.07 38.32 45.56 49.63
3.33 7.70 1.67 0.63 42.91 39.27 45.90 50.17
2.94 6.63 1.59 0.59 43.46 39.92 46.12 50.44
2.56 5.78 1.37 0.54 44.05 40.52 46.76 50.83
2.51 5.67 1.33 0.52 44.15 40.60 46.89 50.98
2.30 5.18 1.24 0.49 44.53 41.01 47.21 51.25
2.37 5.33 1.27 0.52 44.39 40.87 47.08 50.99
2.89 6.61 1.53 0.54 43.53 39.95 46.30 50.81
3.21 7.37 1.70 0.56 43.09 39.49 45.84 50.61
2.88 6.69 1.40 0.54 43.59 39.95 46.66 50.82
2.70 6.34 1.36 0.39 43.87 40.18 46.80 52.20
2.64 6.22 1.29 0.40 43.95 40.24 47.04 52.11
2.89 6.85 1.40 0.42 43.60 39.87 46.69 51.94
3.05 6.99 1.62 0.56 43.33 39.75 46.06 50.67
3.08 7.18 1.53 0.52 43.28 39.62 46.29 50.96
2.80 6.47 1.46 0.49 43.70 40.08 46.52 51.27
2.54 5.93 1.31 0.38 44.11 40.45 46.97 52.26
2.66 6.19 1.38 0.41 43.93 40.27 46.76 52.06
2.57 5.90 1.38 0.40 44.07 40.45 46.72 52.15
2.54 5.67 1.40 0.54 44.12 40.64 46.69 50.80
2.40 5.36 1.33 0.51 44.36 40.88 46.90 51.05
2.46 5.52 1.36 0.51 44.25 40.75 46.81 51.07
3.16 6.86 1.88 0.74 43.16 39.81 45.41 49.44
3.68 7.44 2.27 1.34 42.49 39.44 44.57 46.87
4.86 9.73 2.81 2.05 41.28 38.28 43.66 45.02
5.30 10.25 2.84 2.81 40.89 38.03 43.61 43.64
6.13 11.50 3.16 3.72 40.27 37.53 43.14 42.42
6.36 11.60 3.53 3.94 40.10 37.49 42.65 42.18
6.80 11.82 3.94 4.63 39.82 37.41 42.18 41.47
6.25 10.98 3.39 4.39 40.17 37.73 42.83 41.70
5.94 10.19 3.00 4.61 40.40 38.05 43.35 41.49
5.38 9.11 3.17 3.86 40.83 38.54 43.12 42.27
5.69 9.43 2.88 4.77 40.58 38.39 43.54 41.35
5.73 9.07 3.12 5.00 40.55 38.56 43.19 41.14
5.84 9.09 3.10 5.34 40.46 38.55 43.22 40.86
4.90 7.88 2.66 4.16 41.23 39.17 43.88 41.94
5.47 8.68 2.98 4.73 40.76 38.74 43.39 41.38
4.62 7.99 2.28 3.60 41.49 39.11 44.56 42.57
5.17 8.76 2.64 4.12 40.99 38.71 43.91 41.98
5.31 8.80 2.78 4.35 40.88 38.69 43.69 41.74
5.13 8.69 2.54 4.16 41.03 38.74 44.08 41.94
4.81 8.19 2.47 3.77 41.31 39.00 44.20 42.37
4.93 8.53 2.32 3.95 41.20 38.82 44.48 42.16
4.93 8.35 2.45 3.98 41.20 38.91 44.24 42.13
5.37 9.22 3.00 3.88 40.83 38.48 43.36 42.24
5.26 8.98 3.20 3.58 40.93 38.60 43.08 42.59
5.03 8.48 2.85 3.74 41.12 38.84 43.57 42.40
5.86 9.70 3.85 4.02 40.45 38.26 42.28 42.10
5.03 8.58 3.06 3.47 41.11 38.80 43.28 42.73
5.49 9.45 3.29 3.73 40.73 38.37 42.96 42.41
5.82 10.18 3.60 3.69 40.48 38.05 42.57 42.46
6.42 11.30 4.42 3.53 40.06 37.60 41.67 42.65
6.77 12.06 4.25 3.98 39.83 37.32 41.84 42.13
6.73 12.87 3.71 3.61 39.85 37.03 42.44 42.55
7.91 14.97 4.32 4.45 39.15 36.38 41.78 41.65
8.69 16.56 4.78 4.73 38.74 35.94 41.34 41.38
10.19 19.66 5.57 5.36 38.05 35.20 40.68 40.84
9.72 18.79 5.16 5.20 38.25 35.39 41.01 40.97
10.26 19.75 5.48 5.54 38.02 35.18 40.75 40.70
10.60 20.61 5.78 5.43 37.88 34.99 40.51 40.79
9.88 19.10 5.11 5.42 38.18 35.32 41.04 40.79
8.65 17.81 3.95 4.19 38.76 35.63 42.16 41.91
8.30 16.20 4.11 4.61 38.94 36.04 41.99 41.49
9.06 18.40 4.15 4.64 38.56 35.48 41.96 41.47
8.13 16.96 3.60 3.84 39.03 35.84 42.57 42.29
7.00 14.66 3.31 3.03 39.68 36.47 42.93 43.31
7.15 14.91 3.49 3.04 39.59 36.40 42.70 43.30
6.00 12.80 2.74 2.46 40.35 37.06 43.75 44.22
6.55 13.92 3.28 2.43 39.97 36.69 42.97 44.28
6.36 13.73 2.89 2.46 40.09 36.75 43.51 44.22
6.47 13.98 3.04 2.37 40.03 36.68 43.30 44.38
6.19 13.55 2.93 2.08 40.22 36.81 43.46 44.94
6.23 13.53 2.90 2.28 40.18 36.82 43.51 44.55
6.11 13.18 2.91 2.23 40.27 36.93 43.50 44.65
6.41 13.95 2.96 2.31 40.06 36.69 43.42 44.49
6.06 13.27 2.82 2.08 40.31 36.90 43.63 44.95
6.08 13.16 2.92 2.17 40.29 36.94 43.47 44.77
6.44 13.94 2.94 2.44 40.04 36.69 43.45 44.26
6.20 13.47 2.87 2.25 40.21 36.84 43.55 44.61
6.80 14.84 3.37 2.20 39.80 36.42 42.85 44.71
7.78 17.36 3.53 2.45 39.22 35.73 42.66 44.23
7.80 17.61 3.43 2.36 39.21 35.67 42.79 44.40
7.42 16.66 3.30 2.29 39.43 35.91 42.94 44.54
8.29 18.76 3.83 2.28 38.94 35.40 42.30 44.54
9.24 21.22 4.07 2.42 38.47 34.86 42.04 44.28
9.73 22.52 4.35 2.33 38.25 34.60 41.75 44.45
9.30 21.84 3.92 2.15 38.44 34.74 42.19 44.80
9.70 22.85 4.07 2.16 38.27 34.54 42.04 44.78
9.70 22.50 4.15 2.44 38.26 34.61 41.95 44.26
7.88 18.68 3.19 1.77 39.17 35.42 43.10 45.65
6.78 16.32 2.56 1.47 39.82 36.00 44.05 46.45
6.39 15.47 2.47 1.22 40.08 36.24 44.21 47.26
5.87 14.52 2.11 0.97 40.45 36.51 44.89 48.27
5.31 13.33 1.92 0.68 40.88 36.88 45.30 49.81
5.52 13.91 2.05 0.59 40.71 36.70 45.02 50.40
5.05 12.64 1.95 0.56 41.10 37.12 45.22 50.62
5.58 14.22 1.97 0.55 40.67 36.60 45.19 50.72
5.22 12.98 2.12 0.57 40.95 37.00 44.88 50.56
5.49 13.70 2.20 0.58 40.74 36.76 44.71 50.53
5.31 13.30 2.06 0.58 40.88 36.89 45.00 50.48
5.41 13.64 2.09 0.48 40.80 36.78 44.92 51.30
5.21 13.12 2.02 0.48 40.97 36.95 45.07 51.34
5.08 12.80 1.97 0.48 41.07 37.06 45.19 51.33
5.09 12.66 2.02 0.58 41.07 37.11 45.07 50.49
5.30 13.13 2.14 0.63 40.89 36.95 44.82 50.17
5.10 12.77 1.95 0.57 41.06 37.07 45.23 50.61
4.72 11.85 1.74 0.56 41.39 37.39 45.72 50.66
4.58 11.45 1.72 0.57 41.52 37.54 45.78 50.55
4.63 11.44 1.88 0.55 41.48 37.54 45.38 50.73
4.45 11.02 1.82 0.52 41.64 37.71 45.52 50.98
4.91 12.20 2.01 0.53 41.22 37.27 45.10 50.86
5.09 12.45 2.25 0.56 41.07 37.18 44.60 50.61
5.50 13.49 2.42 0.60 40.73 36.83 44.30 50.36
5.46 13.34 2.44 0.58 40.76 36.88 44.26 50.45
5.69 13.96 2.49 0.63 40.58 36.68 44.16 50.17
5.98 14.58 2.68 0.67 40.37 36.50 43.84 49.90
6.06 14.86 2.65 0.66 40.31 36.41 43.90 49.93
5.66 13.84 2.48 0.66 40.61 36.72 44.19 49.93
5.87 14.33 2.63 0.66 40.45 36.58 43.94 49.94
4.74 11.59 2.06 0.58 41.37 37.49 44.99 50.51
4.50 10.87 2.11 0.53 41.61 37.78 44.90 50.88
4.02 9.56 1.97 0.54 42.09 38.33 45.19 50.83
3.94 9.32 1.97 0.51 42.19 38.45 45.19 51.02
3.78 9.07 1.82 0.45 42.37 38.57 45.54 51.60
3.46 8.27 1.73 0.38 42.76 38.98 45.76 52.31
3.27 7.72 1.58 0.50 43.01 39.28 46.15 51.20
3.29 7.67 1.57 0.63 42.98 39.31 46.18 50.15
3.06 6.80 1.64 0.75 43.29 39.84 46.00 49.38
3.32 7.39 1.76 0.82 42.94 39.49 45.68 48.99
3.15 6.98 1.68 0.79 43.20 39.77 45.90 49.15
3.05 6.82 1.59 0.76 43.34 39.88 46.14 49.31
3.21 7.23 1.67 0.75 43.15 39.66 45.94 49.40
3.03 6.92 1.56 0.63 43.36 39.81 46.21 50.15
3.16 7.10 1.75 0.64 43.17 39.68 45.72 50.07
3.34 7.49 1.78 0.75 42.95 39.46 45.65 49.37
3.05 6.86 1.59 0.69 43.34 39.83 46.15 49.75
3.16 7.19 1.62 0.68 43.20 39.65 46.05 49.83
3.15 7.17 1.59 0.68 43.21 39.66 46.15 49.79
3.13 7.20 1.56 0.64 43.23 39.63 46.22 50.11
3.21 7.35 1.66 0.64 43.13 39.55 45.97 50.10
3.15 7.18 1.59 0.68 43.20 39.63 46.14 49.82
3.36 7.43 1.75 0.89 42.90 39.46 45.72 48.62
4.18 9.12 2.35 1.08 41.94 38.56 44.43 47.81
4.39 9.23 2.58 1.35 41.73 38.51 44.02 46.83
5.33 10.78 3.05 2.15 40.90 37.85 43.31 44.81
5.87 11.56 3.16 2.90 40.46 37.52 43.14 43.51
6.19 11.63 3.28 3.67 40.22 37.49 42.98 42.48
5.81 10.50 3.21 3.74 40.49 37.93 43.08 42.40
5.59 9.65 3.19 3.93 40.66 38.30 43.10 42.19
4.61 7.66 2.58 3.58 41.50 39.29 44.02 42.59
4.82 7.78 2.65 4.02 41.30 39.22 43.91 42.08
4.98 8.08 3.35 3.52 41.16 39.06 42.88 42.67
5.84 9.38 3.85 4.28 40.47 38.41 42.27 41.82
4.80 7.55 2.72 4.13 41.32 39.36 43.78 41.97
4.91 7.76 2.79 4.20 41.22 39.23 43.68 41.90
5.47 8.82 3.33 4.28 40.75 38.68 42.90 41.82
5.95 9.51 3.80 4.54 40.39 38.35 42.34 41.56
5.36 8.56 3.55 3.95 40.84 38.81 42.63 42.16
6.01 9.69 3.67 4.66 40.35 38.26 42.48 41.45
5.95 9.57 3.67 4.61 40.39 38.32 42.49 41.50
5.85 9.78 3.53 4.24 40.46 38.23 42.65 41.85
5.94 9.87 3.53 4.42 40.39 38.19 42.65 41.68
5.77 9.58 3.30 4.43 40.52 38.32 42.95 41.67
6.25 10.76 3.53 4.45 40.17 37.81 42.65 41.65
6.23 10.49 3.80 4.41 40.18 37.92 42.33 41.69
5.83 9.69 3.90 3.91 40.47 38.27 42.23 42.21
6.30 10.27 4.16 4.47 40.14 38.02 41.94 41.63
6.12 10.18 3.89 4.29 40.26 38.05 42.23 41.80
6.27 10.56 4.15 4.10 40.16 37.89 41.95 42.00
5.91 10.08 3.86 3.81 40.41 38.10 42.27 42.33
7.02 11.99 4.32 4.76 39.67 37.34 41.77 41.36
8.06 13.75 4.98 5.46 39.06 36.75 41.16 40.76
9.17 15.57 5.50 6.44 38.51 36.21 40.73 40.04
8.68 15.59 5.16 5.29 38.75 36.20 41.00 40.89
10.45 18.75 6.61 5.98 37.94 35.40 39.93 40.37
11.36 21.14 6.56 6.37 37.58 34.88 39.96 40.09
11.63 21.89 6.40 6.60 37.48 34.73 40.07 39.94
12.27 23.07 6.96 6.77 37.24 34.50 39.70 39.82
12.95 24.57 7.04 7.25 37.01 34.23 39.66 39.53
12.47 23.07 6.54 7.79 37.18 34.50 39.98 39.22
11.46 22.28 5.83 6.28 37.54 34.65 40.47 40.15
10.42 20.37 5.38 5.50 37.95 35.04 40.82 40.73
10.17 20.72 5.21 4.57 38.06 34.96 40.96 41.53
9.89 20.43 5.19 4.05 38.18 35.03 40.98 42.06
9.00 18.85 4.50 3.63 38.59 35.38 41.59 42.53
8.53 18.16 4.29 3.13 38.82 35.54 41.81 43.17
9.35 19.96 4.67 3.42 38.42 35.13 41.43 42.79
7.84 16.73 3.99 2.79 39.19 35.90 42.12 43.67
8.99 19.45 4.53 2.98 38.60 35.24 41.57 43.39
8.72 18.63 4.45 3.09 38.72 35.43 41.64 43.24
10.33 22.60 4.76 3.64 37.99 34.59 41.36 42.51
8.13 17.90 3.95 2.54 39.03 35.60 42.17 44.08
10.10 22.04 4.73 3.52 38.09 34.70 41.38 42.66
9.07 19.32 4.55 3.32 38.56 35.27 41.55 42.91
8.49 18.44 4.22 2.81 38.84 35.47 41.88 43.65
7.06 15.60 3.37 2.23 39.64 36.20 42.86 44.64
8.06 17.47 3.96 2.74 39.07 35.71 42.15 43.75
9.18 19.73 4.46 3.34 38.50 35.18 41.63 42.89
8.77 18.80 4.24 3.27 38.70 35.39 41.86 42.98
8.56 18.64 4.07 2.96 38.81 35.43 42.04 43.42
8.65 19.18 3.87 2.89 38.76 35.30 42.25 43.52
9.03 20.14 4.04 2.90 38.58 35.09 42.06 43.51
9.47 21.24 4.10 3.08 38.37 34.86 42.01 43.25
9.13 20.59 3.97 2.83 38.53 34.99 42.15 43.61
9.87 22.45 4.34 2.83 38.19 34.62 41.76 43.61
10.75 24.71 4.60 2.94 37.82 34.20 41.50 43.45
10.61 24.31 4.53 2.98 37.88 34.27 41.57 43.39
9.52 21.87 4.15 2.53 38.35 34.73 41.95 44.09
8.46 19.54 3.53 2.31 38.86 35.22 42.65 44.50
7.50 17.67 3.06 1.77 39.38 35.66 43.27 45.64
6.19 14.79 2.51 1.26 40.22 36.43 44.13 47.14
5.55 13.50 2.27 0.87 40.69 36.83 44.58 48.73
4.92 12.15 1.91 0.69 41.21 37.29 45.33 49.74
4.64 11.48 1.77 0.68 41.46 37.53 45.65 49.84
4.57 11.52 1.69 0.49 41.54 37.51 45.86 51.26
4.59 11.56 1.73 0.48 41.51 37.50 45.75 51.33
4.60 11.59 1.73 0.48 41.50 37.49 45.74 51.28
4.58 11.27 1.81 0.64 41.53 37.61 45.54 50.06
4.87 11.89 1.96 0.74 41.26 37.37 45.22 49.42
4.75 11.79 1.80 0.65 41.37 37.42 45.58 50.02
4.51 11.29 1.67 0.59 41.59 37.61 45.91 50.42
4.39 10.93 1.68 0.55 41.71 37.74 45.87 50.72
4.66 11.81 1.63 0.56 41.45 37.41 46.02 50.66
4.65 11.46 1.79 0.69 41.46 37.54 45.61 49.74
4.89 12.06 1.91 0.70 41.24 37.31 45.34 49.65
4.38 10.68 1.76 0.69 41.72 37.84 45.68 49.72
4.32 10.67 1.61 0.69 41.77 37.85 46.07 49.73
4.50 11.07 1.74 0.69 41.60 37.69 45.72 49.73
4.42 10.82 1.73 0.69 41.68 37.78 45.75 49.72
4.94 11.97 2.01 0.84 41.20 37.35 45.12 48.89
5.62 13.26 2.39 1.21 40.63 36.90 44.35 47.31
6.43 14.95 2.72 1.62 40.05 36.38 43.79 46.02
6.74 15.66 2.74 1.81 39.85 36.19 43.76 45.55
7.67 17.51 3.47 2.03 39.29 35.70 42.73 45.07
8.94 20.09 4.13 2.59 38.62 35.10 41.97 43.99
9.71 21.67 4.32 3.11 38.26 34.77 41.77 43.19
10.22 22.65 4.92 3.10 38.03 34.58 41.21 43.21
10.10 22.46 4.77 3.06 38.09 34.61 41.34 43.27
9.84 22.21 4.39 2.90 38.20 34.67 41.71 43.50
8.33 19.00 3.68 2.31 38.92 35.34 42.47 44.50
8.44 18.97 3.84 2.51 38.86 35.35 42.29 44.13
7.15 15.77 3.39 2.28 39.59 36.15 42.83 44.55
6.93 14.99 3.33 2.47 39.72 36.37 42.91 44.21
7.01 14.62 3.70 2.69 39.68 36.48 42.44 43.84
6.92 14.34 3.63 2.79 39.73 36.56 42.53 43.67
6.35 13.17 3.21 2.69 40.10 36.94 43.07 43.84
6.69 13.52 3.50 3.05 39.87 36.82 42.69 43.29
