0.00 0.00 0.00 0.00 0.00 0.00 0.00 0.00
0.00 0.00 0.00 0.00 0.00 0.00 0.00 0.00
0.00 0.00 0.00 0.00 0.00 0.00 0.00 0.00
0.00 0.00 0.00 0.00 0.00 0.00 0.00 0.00
0.00 0.00 0.00 0.00 0.00 0.00 0.00 0.00
0.00 0.00 0.00 0.00 0.00 0.00 0.00 0.00
0.00 0.00 0.00 0.00 0.00 0.00 0.00 0.00
0.00 0.00 0.00 0.00 0.00 0.00 0.00 0.00
0.00 0.00 0.00 0.00 0.00 0.00 0.00 0.00
0.00 0.00 0.00 0.00 0.00 0.00 0.00 0.00
0.00 0.00 0.00 0.00 0.00 0.00 0.00 0.00
0.00 0.00 0.00 0.00 0.00 0.00 0.00 0.00
0.00 0.00 0.00 0.00 0.00 0.00 0.00 0.00
0.00 0.00 0.00 0.00 0.00 0.00 0.00 0.00
0.00 0.00 0.00 0.00 0.00 0.00 0.00 0.00
0.00 0.00 0.00 0.00 0.00 0.00 0.00 0.00
0.00 0.00 0.00 0.00 0.00 0.00 0.00 0.00
0.00 0.00 0.00 0.00 0.00 0.00 0.00 0.00
0.00 0.00 0.00 0.00 0.00 0.00 0.00 0.00
0.00 0.00 0.00 0.00 0.00 0.00 0.00 0.00
0.00 0.00 0.00 0.00 0.00 0.00 0.00 0.00
0.00 0.00 0.00 0.00 0.00 0.00 0.00 0.00
0.00 0.00 0.00 0.00 0.00 0.00 0.00 0.00
0.00 0.01 0.00 0.00 0.00 0.00 0.01 0.01
0.01 0.00 0.01 0.00 0.01 0.00 0.02 0.01
0.01 0.04 0.01 0.00 0.01 0.02 0.03 0.00
0.01 0.01 0.01 0.01 0.01 0.00 0.04 0.04
0.01 0.02 0.01 0.00 0.01 0.00 0.02 0.02
0.00 0.02 0.01 0.00 0.00 0.01 0.02 0.01
0.00 0.00 0.02 0.00 0.00 0.00 0.04 0.01
0.17 0.48 0.02 0.01 0.24 0.30 0.07 0.04
0.20 0.55 0.05 0.01 0.28 0.33 0.15 0.05
0.21 0.59 0.03 0.01 0.27 0.35 0.07 0.03
0.22 0.61 0.05 0.00 0.28 0.35 0.15 0.00
0.19 0.55 0.03 0.01 0.26 0.34 0.09 0.04
0.19 0.55 0.04 0.01 0.26 0.32 0.12 0.05
0.22 0.62 0.06 0.01 0.30 0.37 0.16 0.03
0.22 0.62 0.05 0.00 0.31 0.38 0.15 0.02
0.19 0.53 0.05 0.00 0.29 0.35 0.15 0.02
0.19 0.52 0.04 0.00 0.30 0.36 0.15 0.05
0.22 0.59 0.06 0.00 0.37 0.42 0.23 0.03
0.19 0.52 0.03 0.00 0.34 0.40 0.13 0.04
0.19 0.54 0.04 0.00 0.33 0.40 0.14 0.02
0.19 0.54 0.04 0.02 0.29 0.36 0.13 0.15
0.25 0.69 0.08 0.01 0.35 0.43 0.19 0.04
0.21 0.62 0.03 0.02 0.30 0.39 0.08 0.10
0.25 0.66 0.08 0.01 0.36 0.43 0.22 0.09
0.27 0.73 0.08 0.02 0.37 0.44 0.21 0.13
0.26 0.70 0.09 0.01 0.36 0.42 0.23 0.05
0.20 0.54 0.07 0.02 0.27 0.32 0.16 0.09
0.20 0.53 0.07 0.01 0.26 0.31 0.16 0.04
0.20 0.53 0.08 0.00 0.27 0.31 0.19 0.01
0.15 0.40 0.05 0.01 0.21 0.24 0.13 0.07
0.13 0.36 0.05 0.01 0.21 0.26 0.14 0.04
0.13 0.35 0.06 0.01 0.24 0.29 0.18 0.06
0.13 0.34 0.05 0.00 0.25 0.31 0.14 0.04
0.13 0.36 0.04 0.00 0.30 0.37 0.17 0.05
0.16 0.42 0.07 0.01 0.38 0.46 0.27 0.07
0.11 0.29 0.05 0.01 0.29 0.35 0.19 0.09
0.10 0.27 0.05 0.01 0.24 0.30 0.19 0.09
0.05 0.13 0.04 0.01 0.11 0.13 0.13 0.09
0.12 0.30 0.06 0.01 0.26 0.29 0.21 0.09
0.08 0.21 0.03 0.01 0.19 0.23 0.12 0.09
0.09 0.23 0.03 0.01 0.21 0.25 0.12 0.18
0.11 0.28 0.04 0.02 0.27 0.33 0.15 0.28
0.09 0.22 0.05 0.02 0.22 0.25 0.18 0.18
0.09 0.22 0.05 0.02 0.21 0.23 0.18 0.13
0.14 0.36 0.07 0.01 0.30 0.36 0.24 0.09
0.10 0.26 0.05 0.01 0.25 0.29 0.19 0.14
0.12 0.32 0.05 0.01 0.29 0.35 0.21 0.10
0.11 0.28 0.04 0.01 0.27 0.32 0.16 0.09
0.10 0.24 0.04 0.01 0.26 0.30 0.19 0.10
0.09 0.23 0.04 0.01 0.23 0.28 0.17 0.10
0.09 0.23 0.04 0.01 0.23 0.28 0.16 0.09
0.08 0.19 0.03 0.02 0.20 0.23 0.14 0.16
0.13 0.30 0.05 0.04 0.25 0.28 0.15 0.26
0.25 0.47 0.14 0.14 0.38 0.37 0.32 0.56
0.40 0.77 0.15 0.29 0.49 0.51 0.29 0.73
0.55 1.03 0.21 0.42 0.59 0.59 0.40 0.79
0.57 1.06 0.11 0.54 0.50 0.52 0.17 0.76
0.61 1.04 0.20 0.62 0.53 0.51 0.29 0.83
0.81 1.31 0.39 0.75 0.68 0.65 0.54 0.86
0.80 1.42 0.31 0.67 0.69 0.73 0.47 0.79
0.83 1.42 0.25 0.82 0.75 0.77 0.40 0.95
0.63 1.03 0.28 0.59 0.62 0.61 0.44 0.80
0.79 1.27 0.20 0.90 0.73 0.72 0.32 1.04
0.76 1.17 0.20 0.93 0.71 0.69 0.30 1.03
0.89 1.27 0.32 1.07 0.80 0.73 0.52 1.13
0.58 0.88 0.20 0.65 0.60 0.56 0.37 0.83
0.75 1.13 0.29 0.82 0.71 0.68 0.48 0.94
0.35 0.68 0.10 0.30 0.38 0.43 0.19 0.43
0.39 0.60 0.12 0.43 0.37 0.34 0.23 0.55
0.40 0.62 0.12 0.48 0.38 0.35 0.20 0.58
0.42 0.75 0.10 0.42 0.41 0.44 0.17 0.53
0.42 0.76 0.15 0.36 0.45 0.49 0.29 0.50
0.41 0.81 0.10 0.33 0.43 0.50 0.20 0.43
0.38 0.70 0.08 0.37 0.39 0.43 0.15 0.48
0.42 0.78 0.17 0.33 0.40 0.43 0.27 0.43
0.43 0.81 0.20 0.27 0.41 0.46 0.29 0.38
0.29 0.54 0.07 0.28 0.28 0.31 0.10 0.37
0.53 0.93 0.31 0.36 0.47 0.50 0.40 0.46
0.39 0.69 0.16 0.31 0.38 0.40 0.25 0.46
0.40 0.76 0.14 0.31 0.37 0.40 0.20 0.43
0.50 0.90 0.24 0.35 0.43 0.45 0.33 0.49
0.38 0.65 0.23 0.25 0.28 0.27 0.25 0.35
0.43 0.74 0.24 0.32 0.31 0.30 0.27 0.40
0.24 0.50 0.07 0.17 0.17 0.18 0.08 0.23
0.39 0.75 0.14 0.30 0.23 0.24 0.14 0.32
0.40 0.74 0.18 0.31 0.22 0.21 0.17 0.31
0.40 0.68 0.19 0.35 0.18 0.16 0.15 0.32
0.23 0.40 0.04 0.26 0.11 0.10 0.04 0.24
0.41 0.74 0.19 0.31 0.19 0.17 0.16 0.27
0.41 0.75 0.27 0.22 0.18 0.17 0.21 0.19
0.37 0.66 0.19 0.27 0.17 0.16 0.17 0.24
0.20 0.37 0.10 0.14 0.10 0.09 0.11 0.15
0.25 0.39 0.11 0.26 0.14 0.11 0.12 0.26
0.15 0.18 0.09 0.18 0.07 0.04 0.09 0.19
0.11 0.15 0.06 0.12 0.06 0.04 0.08 0.13
0.05 0.08 0.03 0.04 0.03 0.02 0.04 0.06
0.03 0.07 0.02 0.03 0.02 0.02 0.03 0.05
0.03 0.06 0.03 0.04 0.02 0.02 0.05 0.06
0.03 0.04 0.04 0.03 0.02 0.01 0.06 0.05
0.04 0.07 0.03 0.05 0.03 0.02 0.05 0.08
0.04 0.07 0.03 0.05 0.03 0.02 0.04 0.09
0.03 0.06 0.03 0.03 0.02 0.02 0.04 0.07
0.02 0.06 0.03 0.03 0.02 0.02 0.04 0.06
0.03 0.05 0.05 0.02 0.02 0.02 0.07 0.05
0.02 0.03 0.02 0.02 0.01 0.01 0.03 0.03
0.03 0.05 0.03 0.02 0.02 0.02 0.04 0.04
0.04 0.08 0.03 0.03 0.03 0.03 0.05 0.07
0.04 0.06 0.04 0.04 0.02 0.02 0.05 0.07
0.03 0.06 0.02 0.03 0.02 0.02 0.04 0.06
0.03 0.06 0.03 0.03 0.02 0.02 0.04 0.05
0.02 0.02 0.03 0.02 0.01 0.00 0.04 0.04
0.04 0.10 0.02 0.02 0.02 0.02 0.02 0.04
0.03 0.04 0.03 0.05 0.02 0.01 0.04 0.09
0.03 0.05 0.03 0.03 0.01 0.01 0.04 0.05
0.03 0.06 0.03 0.02 0.02 0.01 0.03 0.04
0.03 0.07 0.03 0.02 0.01 0.01 0.03 0.03
0.03 0.05 0.05 0.02 0.02 0.01 0.06 0.05
0.03 0.05 0.04 0.01 0.01 0.01 0.05 0.03
0.02 0.04 0.04 0.03 0.01 0.01 0.04 0.04
0.03 0.04 0.04 0.03 0.02 0.01 0.06 0.06
0.03 0.05 0.03 0.02 0.02 0.01 0.05 0.07
0.03 0.08 0.02 0.01 0.02 0.02 0.04 0.04
0.01 0.03 0.03 0.01 0.01 0.01 0.05 0.05
0.02 0.06 0.03 0.03 0.02 0.02 0.07 0.15
0.01 0.05 0.03 0.01 0.00 0.01 0.07 0.11
0.02 0.04 0.02 0.02 0.02 0.02 0.04 0.14
0.02 0.05 0.03 0.01 0.01 0.02 0.08 0.08
0.03 0.06 0.03 0.01 0.02 0.02 0.06 0.08
0.03 0.07 0.03 0.01 0.02 0.02 0.06 0.07
0.01 0.04 0.02 0.01 0.01 0.01 0.04 0.11
0.02 0.05 0.02 0.01 0.02 0.02 0.04 0.12
0.03 0.07 0.02 0.01 0.02 0.03 0.05 0.10
0.03 0.06 0.03 0.01 0.02 0.02 0.06 0.10
0.03 0.06 0.04 0.01 0.02 0.02 0.09 0.11
0.03 0.07 0.02 0.02 0.02 0.02 0.04 0.14
0.02 0.05 0.03 0.02 0.02 0.02 0.07 0.14
0.02 0.07 0.02 0.02 0.02 0.02 0.06 0.12
0.02 0.08 0.03 0.02 0.02 0.03 0.07 0.10
0.04 0.09 0.02 0.02 0.04 0.04 0.06 0.14
0.05 0.13 0.04 0.02 0.05 0.05 0.10 0.18
0.09 0.22 0.05 0.02 0.08 0.08 0.11 0.17
0.12 0.31 0.06 0.01 0.10 0.11 0.11 0.12
0.16 0.40 0.08 0.02 0.14 0.14 0.16 0.13
0.20 0.49 0.09 0.02 0.17 0.17 0.18 0.15
0.25 0.65 0.09 0.02 0.21 0.22 0.17 0.13
0.35 0.89 0.14 0.03 0.28 0.29 0.24 0.17
0.20 0.55 0.07 0.01 0.16 0.17 0.12 0.08
0.26 0.70 0.08 0.01 0.21 0.24 0.14 0.09
0.35 0.89 0.12 0.03 0.28 0.30 0.22 0.21
0.22 0.61 0.05 0.02 0.21 0.25 0.11 0.12
0.35 0.91 0.12 0.02 0.38 0.41 0.27 0.16
0.27 0.72 0.08 0.02 0.32 0.37 0.19 0.18
0.36 0.96 0.09 0.02 0.46 0.53 0.23 0.21
0.43 1.13 0.13 0.03 0.60 0.68 0.33 0.27
0.46 1.20 0.14 0.03 0.73 0.82 0.42 0.39
0.43 1.12 0.13 0.03 0.72 0.84 0.42 0.27
0.46 1.20 0.16 0.04 0.80 0.92 0.51 0.27
0.24 0.58 0.11 0.06 0.48 0.55 0.34 0.40
0.27 0.62 0.15 0.06 0.51 0.56 0.45 0.36
0.22 0.52 0.10 0.04 0.45 0.52 0.32 0.30
0.20 0.49 0.08 0.04 0.43 0.51 0.29 0.24
0.21 0.54 0.08 0.03 0.46 0.56 0.29 0.21
0.19 0.49 0.07 0.03 0.39 0.48 0.23 0.18
0.19 0.49 0.09 0.03 0.38 0.46 0.28 0.18
0.20 0.54 0.07 0.03 0.40 0.50 0.20 0.16
0.20 0.53 0.06 0.03 0.42 0.53 0.20 0.18
0.22 0.55 0.08 0.03 0.47 0.56 0.28 0.21
0.22 0.56 0.07 0.04 0.47 0.58 0.25 0.27
0.23 0.61 0.08 0.03 0.49 0.59 0.29 0.23
0.23 0.60 0.08 0.03 0.49 0.59 0.27 0.25
0.24 0.59 0.09 0.04 0.49 0.57 0.33 0.30
0.28 0.68 0.11 0.06 0.54 0.62 0.36 0.34
0.35 0.80 0.16 0.08 0.52 0.59 0.38 0.38
0.34 0.75 0.17 0.13 0.48 0.52 0.36 0.52
0.45 0.88 0.21 0.26 0.53 0.54 0.40 0.69
0.63 1.21 0.29 0.39 0.67 0.68 0.53 0.77
0.70 1.32 0.27 0.53 0.70 0.74 0.44 0.85
0.63 1.09 0.27 0.54 0.66 0.67 0.47 0.86
0.60 1.02 0.25 0.53 0.62 0.65 0.41 0.77
0.45 0.76 0.16 0.45 0.55 0.58 0.32 0.70
0.48 0.75 0.13 0.56 0.55 0.54 0.23 0.81
0.65 1.06 0.44 0.45 0.76 0.79 0.76 0.71
0.90 1.47 0.57 0.68 0.98 1.02 0.91 0.97
0.61 0.97 0.26 0.60 0.71 0.73 0.49 0.86
0.62 1.01 0.26 0.59 0.71 0.73 0.50 0.83
0.73 1.19 0.33 0.66 0.75 0.76 0.52 0.93
0.80 1.32 0.40 0.70 0.77 0.79 0.56 0.92
0.66 1.04 0.35 0.59 0.68 0.67 0.50 0.88
0.81 1.29 0.35 0.77 0.76 0.75 0.50 1.03
0.76 1.16 0.38 0.75 0.72 0.67 0.54 1.00
0.69 1.17 0.28 0.62 0.64 0.65 0.39 0.86
0.68 1.11 0.26 0.68 0.62 0.61 0.36 0.92
0.65 1.08 0.19 0.67 0.61 0.61 0.28 0.90
0.78 1.37 0.28 0.69 0.69 0.71 0.39 0.93
0.72 1.21 0.30 0.66 0.62 0.62 0.39 0.88
0.57 0.96 0.26 0.50 0.52 0.53 0.32 0.71
0.70 1.13 0.40 0.60 0.61 0.59 0.49 0.77
0.70 1.12 0.36 0.63 0.63 0.59 0.48 0.87
0.74 1.24 0.38 0.60 0.64 0.64 0.48 0.86
0.62 1.03 0.31 0.54 0.56 0.54 0.40 0.82
0.78 1.32 0.36 0.66 0.59 0.59 0.42 0.79
0.92 1.51 0.43 0.81 0.61 0.59 0.45 0.87
1.02 1.56 0.48 1.02 0.60 0.53 0.44 0.96
0.84 1.49 0.42 0.62 0.50 0.49 0.41 0.64
1.21 2.15 0.73 0.76 0.63 0.62 0.60 0.70
1.25 2.34 0.60 0.81 0.59 0.59 0.46 0.71
1.17 2.23 0.47 0.79 0.52 0.54 0.37 0.65
1.14 2.16 0.57 0.69 0.48 0.48 0.41 0.54
1.45 2.73 0.70 0.93 0.60 0.60 0.52 0.71
1.21 2.03 0.49 1.10 0.50 0.45 0.37 0.80
1.35 2.70 0.57 0.79 0.64 0.67 0.51 0.70
1.07 2.02 0.46 0.73 0.54 0.52 0.43 0.76
1.05 2.21 0.46 0.49 0.55 0.57 0.46 0.57
1.04 2.24 0.49 0.41 0.56 0.58 0.49 0.52
0.98 2.13 0.42 0.38 0.58 0.61 0.48 0.56
0.86 1.91 0.40 0.28 0.53 0.56 0.48 0.46
1.17 2.62 0.53 0.37 0.70 0.74 0.61 0.59
0.16 0.30 0.09 0.09 0.09 0.08 0.10 0.16
0.11 0.21 0.08 0.06 0.05 0.05 0.08 0.09
0.12 0.22 0.08 0.06 0.06 0.05 0.08 0.08
0.06 0.10 0.05 0.04 0.02 0.02 0.05 0.04
0.04 0.06 0.05 0.03 0.02 0.02 0.05 0.05
0.05 0.12 0.05 0.03 0.02 0.02 0.04 0.04
0.04 0.07 0.04 0.03 0.02 0.02 0.04 0.04
0.08 0.17 0.06 0.04 0.04 0.04 0.06 0.06
0.09 0.21 0.08 0.02 0.06 0.06 0.10 0.03
0.08 0.12 0.06 0.06 0.04 0.03 0.07 0.10
0.03 0.06 0.02 0.03 0.02 0.01 0.02 0.04
0.01 0.02 0.03 0.05 0.00 0.01 0.03 0.07
0.01 0.04 0.03 0.03 0.00 0.01 0.04 0.04
0.00 0.02 0.04 0.03 0.00 0.01 0.04 0.04
0.03 0.07 0.02 0.01 0.01 0.01 0.02 0.02
0.01 0.03 0.01 0.02 0.00 0.01 0.01 0.02
0.02 0.03 0.04 0.01 0.01 0.01 0.05 0.01
0.11 0.19 0.10 0.04 0.05 0.04 0.10 0.06
0.07 0.19 0.04 0.01 0.03 0.03 0.04 0.02
0.15 0.30 0.12 0.06 0.06 0.05 0.11 0.08
0.06 0.10 0.07 0.02 0.03 0.02 0.07 0.03
0.13 0.32 0.09 0.02 0.07 0.07 0.11 0.04
0.08 0.13 0.07 0.06 0.05 0.03 0.11 0.15
0.05 0.10 0.04 0.02 0.03 0.03 0.07 0.08
0.07 0.15 0.05 0.03 0.06 0.05 0.09 0.17
0.04 0.07 0.04 0.03 0.03 0.02 0.11 0.18
0.04 0.10 0.02 0.02 0.04 0.04 0.06 0.14
0.05 0.10 0.03 0.02 0.04 0.04 0.07 0.18
0.03 0.08 0.02 0.02 0.03 0.03 0.06 0.20
0.04 0.11 0.03 0.02 0.03 0.04 0.07 0.15
0.44 1.19 0.10 0.03 0.49 0.57 0.27 0.20
0.51 1.39 0.13 0.04 0.56 0.64 0.32 0.22
0.53 1.45 0.12 0.03 0.59 0.68 0.31 0.18
0.51 1.41 0.10 0.03 0.61 0.70 0.29 0.25
0.46 1.26 0.10 0.02 0.56 0.63 0.29 0.17
0.55 1.54 0.09 0.03 0.66 0.75 0.27 0.21
0.49 1.36 0.10 0.04 0.57 0.65 0.28 0.26
0.55 1.49 0.14 0.03 0.61 0.69 0.35 0.24
0.44 1.17 0.10 0.04 0.52 0.59 0.27 0.31
0.49 1.32 0.11 0.04 0.62 0.69 0.34 0.27
0.52 1.37 0.14 0.04 0.63 0.69 0.42 0.31
0.46 1.21 0.13 0.05 0.55 0.60 0.37 0.32
0.52 1.40 0.12 0.04 0.56 0.64 0.30 0.19
0.47 1.27 0.11 0.04 0.42 0.50 0.21 0.14
0.51 1.35 0.14 0.05 0.40 0.46 0.24 0.14
0.40 1.11 0.08 0.04 0.29 0.35 0.13 0.10
0.51 1.33 0.17 0.04 0.32 0.37 0.22 0.09
0.42 1.11 0.13 0.04 0.23 0.27 0.15 0.07
0.34 0.94 0.08 0.02 0.16 0.20 0.08 0.04
0.36 1.00 0.08 0.06 0.16 0.20 0.07 0.09
0.37 0.99 0.13 0.04 0.17 0.21 0.13 0.06
0.31 0.85 0.09 0.04 0.15 0.18 0.09 0.06
0.30 0.83 0.07 0.01 0.17 0.20 0.09 0.02
0.32 0.82 0.12 0.04 0.17 0.20 0.14 0.06
0.14 0.39 0.04 0.02 0.09 0.11 0.05 0.03
0.12 0.30 0.05 0.04 0.08 0.09 0.06 0.06
0.08 0.21 0.05 0.02 0.05 0.06 0.06 0.04
0.08 0.19 0.03 0.03 0.05 0.06 0.04 0.05
0.05 0.09 0.06 0.02 0.03 0.03 0.08 0.04
0.15 0.24 0.13 0.09 0.10 0.08 0.16 0.13
