4.28 8.57 2.55 1.73 41.81 38.80 44.06 45.76
4.10 8.19 2.43 1.66 42.01 39.00 44.27 45.92
4.27 8.64 2.52 1.66 41.82 38.77 44.11 45.93
4.15 8.25 2.54 1.67 41.95 38.97 44.09 45.90
4.32 8.68 2.63 1.63 41.78 38.74 43.93 46.00
4.28 8.77 2.47 1.60 41.81 38.70 44.20 46.08
4.40 9.10 2.46 1.64 41.70 38.54 44.22 45.98
4.48 9.24 2.48 1.73 41.62 38.47 44.19 45.75
4.61 9.47 2.55 1.80 41.49 38.37 44.06 45.57
4.34 8.77 2.51 1.74 41.76 38.70 44.14 45.71
4.79 10.03 2.53 1.81 41.33 38.12 44.10 45.56
4.47 9.38 2.41 1.64 41.62 38.41 44.31 45.98
4.93 10.50 2.66 1.63 41.20 37.92 43.88 46.00
5.51 11.84 3.00 1.70 40.72 37.40 43.35 45.82
5.88 12.68 3.09 1.86 40.44 37.10 43.23 45.44
5.71 12.48 2.96 1.69 40.56 37.17 43.41 45.86
6.50 14.55 3.38 1.56 40.00 36.50 42.84 46.19
7.20 16.29 3.57 1.74 39.56 36.01 42.60 45.72
7.90 17.65 4.16 1.88 39.16 35.66 41.94 45.40
7.49 16.71 3.78 1.96 39.39 35.90 42.36 45.20
7.27 16.20 3.74 1.86 39.52 36.04 42.40 45.44
6.32 14.32 3.13 1.50 40.13 36.57 43.17 46.38
4.97 11.31 2.42 1.19 41.16 37.60 44.30 47.38
4.42 9.95 2.23 1.07 41.68 38.15 44.64 47.84
3.80 8.69 1.90 0.80 42.34 38.74 45.35 49.09
3.72 8.69 1.76 0.70 42.43 38.74 45.69 49.66
3.30 7.73 1.50 0.69 42.94 39.25 46.38 49.75
3.51 8.18 1.62 0.74 42.68 39.00 46.05 49.44
3.52 8.22 1.59 0.76 42.66 38.98 46.11 49.31
3.44 7.97 1.56 0.77 42.77 39.11 46.20 49.25
3.55 8.23 1.58 0.82 42.64 38.99 46.14 48.96
3.59 8.16 1.69 0.92 42.59 39.02 45.86 48.51
3.72 8.48 1.74 0.93 42.44 38.87 45.73 48.44
3.70 8.51 1.73 0.85 42.46 38.84 45.76 48.82
3.58 8.23 1.70 0.83 42.59 38.99 45.84 48.95
3.48 8.06 1.56 0.81 42.73 39.07 46.22 49.06
3.48 8.01 1.64 0.78 42.73 39.11 45.99 49.19
3.45 7.97 1.61 0.77 42.76 39.13 46.07 49.28
3.39 7.87 1.57 0.72 42.85 39.19 46.18 49.55
3.04 7.20 1.33 0.59 43.32 39.58 46.89 50.38
3.00 7.28 1.27 0.46 43.37 39.53 47.10 51.53
2.89 6.99 1.27 0.41 43.53 39.70 47.09 52.03
3.12 7.40 1.38 0.57 43.20 39.45 46.73 50.62
3.43 7.87 1.73 0.69 42.79 39.18 45.76 49.75
3.65 8.32 1.88 0.76 42.52 38.95 45.40 49.33
4.22 9.55 2.32 0.79 41.90 38.35 44.50 49.17
3.60 8.16 1.90 0.73 42.58 39.03 45.35 49.50
4.05 9.29 2.20 0.68 42.06 38.47 44.72 49.77
4.13 9.42 2.27 0.68 42.00 38.41 44.58 49.79
4.09 9.30 2.17 0.81 42.03 38.46 44.77 49.06
4.22 9.52 2.35 0.80 41.89 38.36 44.44 49.10
4.24 9.67 2.23 0.82 41.87 38.29 44.65 48.96
3.70 8.42 1.92 0.76 42.45 38.88 45.30 49.31
3.14 7.03 1.66 0.71 43.18 39.68 45.94 49.61
2.92 6.49 1.61 0.68 43.48 40.03 46.06 49.83
2.68 5.91 1.52 0.62 43.85 40.43 46.32 50.18
2.35 5.12 1.37 0.56 44.44 41.06 46.78 50.67
2.24 4.90 1.29 0.53 44.64 41.24 47.02 50.92
2.05 4.43 1.22 0.49 45.03 41.68 47.25 51.21
2.08 4.46 1.24 0.54 44.96 41.65 47.19 50.83
2.57 5.68 1.48 0.55 44.03 40.59 46.42 50.70
2.85 6.32 1.68 0.56 43.58 40.13 45.90 50.67
2.47 5.43 1.47 0.52 44.20 40.78 46.47 50.97
2.38 5.39 1.37 0.38 44.37 40.81 46.77 52.35
2.25 5.08 1.29 0.39 44.60 41.08 47.03 52.20
2.30 5.19 1.32 0.40 44.51 40.98 46.92 52.12
2.60 5.67 1.53 0.60 43.99 40.60 46.30 50.36
2.74 6.09 1.57 0.57 43.75 40.29 46.18 50.61
2.48 5.46 1.48 0.51 44.18 40.76 46.44 51.01
2.39 5.30 1.42 0.44 44.35 40.89 46.61 51.74
2.32 5.16 1.41 0.40 44.47 41.01 46.64 52.10
2.25 5.04 1.31 0.40 44.61 41.11 46.94 52.08
2.54 5.51 1.59 0.51 44.08 40.71 46.10 51.08
2.29 4.90 1.50 0.47 44.54 41.23 46.38 51.46
2.20 4.78 1.35 0.48 44.70 41.34 46.84 51.34
2.81 5.95 1.81 0.67 43.65 40.39 45.56 49.87
3.64 7.28 2.49 1.13 42.52 39.51 44.17 47.59
4.07 7.91 2.75 1.55 42.03 39.15 43.74 46.23
4.53 8.77 2.87 1.97 41.57 38.70 43.56 45.20
5.12 9.64 3.33 2.38 41.05 38.29 42.90 44.37
5.20 9.72 3.37 2.52 40.97 38.26 42.86 44.11
4.79 8.48 3.14 2.76 41.33 38.85 43.16 43.73
4.58 8.03 3.10 2.63 41.52 39.09 43.22 43.94
4.38 7.54 2.99 2.61 41.73 39.36 43.39 43.97
4.06 6.70 2.88 2.59 42.05 39.87 43.53 43.99
3.86 6.30 2.54 2.75 42.27 40.14 44.09 43.75
3.97 6.44 2.82 2.67 42.14 40.05 43.63 43.87
3.90 6.36 2.60 2.74 42.22 40.11 43.98 43.76
3.43 5.46 2.24 2.57 42.79 40.76 44.63 44.03
3.63 5.93 2.31 2.64 42.54 40.41 44.50 43.92
3.66 6.22 2.11 2.66 42.50 40.20 44.89 43.89
3.82 6.48 2.35 2.63 42.31 40.02 44.42 43.94
3.61 5.81 2.32 2.70 42.56 40.49 44.48 43.82
3.53 5.76 2.33 2.51 42.66 40.54 44.45 44.14
3.33 5.45 1.99 2.56 42.91 40.77 45.16 44.05
3.37 5.52 2.11 2.48 42.86 40.71 44.90 44.19
3.45 5.73 2.13 2.49 42.77 40.56 44.87 44.18
3.90 6.57 2.62 2.52 42.23 39.96 43.96 44.13
3.92 6.51 2.65 2.60 42.20 40.00 43.91 43.98
4.15 6.97 2.83 2.63 41.97 39.71 43.62 43.94
3.97 6.44 2.88 2.57 42.16 40.06 43.54 44.03
3.84 6.35 2.74 2.43 42.29 40.11 43.75 44.27
4.33 7.25 3.07 2.66 41.77 39.53 43.25 43.88
4.84 8.33 3.58 2.62 41.29 38.94 42.60 43.95
4.81 8.18 3.72 2.53 41.31 39.01 42.43 44.10
5.31 9.47 3.68 2.78 40.89 38.38 42.48 43.69
5.73 10.47 3.79 2.95 40.55 37.94 42.35 43.43
5.78 10.39 3.91 3.04 40.51 37.97 42.20 43.31
6.07 10.94 4.07 3.21 40.30 37.74 42.04 43.07
7.62 14.16 5.11 3.60 39.31 36.62 41.05 42.57
7.70 14.21 5.14 3.74 39.27 36.61 41.02 42.40
7.30 13.66 4.61 3.62 39.50 36.78 41.50 42.55
7.22 13.38 4.55 3.72 39.55 36.87 41.55 42.43
6.41 12.21 3.76 3.27 40.06 37.27 42.38 42.98
5.91 11.33 3.40 2.99 40.41 37.59 42.81 43.38
5.71 10.73 3.46 2.95 40.56 37.83 42.74 43.44
5.47 10.43 3.08 2.90 40.75 37.95 43.24 43.51
4.60 9.10 2.40 2.31 41.50 38.54 44.32 44.49
4.53 9.16 2.33 2.10 41.57 38.51 44.46 44.91
4.33 8.83 2.23 1.93 41.77 38.67 44.66 45.28
4.48 9.37 2.28 1.79 41.62 38.42 44.55 45.60
4.30 8.96 2.31 1.62 41.79 38.61 44.49 46.03
4.33 9.13 2.25 1.60 41.77 38.53 44.60 46.08
4.13 8.65 2.23 1.53 41.97 38.76 44.66 46.28
4.23 8.98 2.19 1.53 41.87 38.60 44.73 46.29
4.10 8.55 2.20 1.55 42.00 38.81 44.71 46.23
4.16 8.73 2.23 1.52 41.94 38.72 44.64 46.31
4.19 8.74 2.20 1.62 41.91 38.72 44.70 46.02
4.24 8.89 2.25 1.58 41.86 38.64 44.61 46.14
4.01 8.34 2.18 1.52 42.09 38.92 44.74 46.31
4.21 8.89 2.19 1.55 41.89 38.64 44.73 46.23
4.26 9.07 2.31 1.41 41.84 38.56 44.49 46.65
4.79 10.50 2.40 1.48 41.33 37.92 44.33 46.43
5.26 11.46 2.73 1.60 40.92 37.54 43.77 46.09
5.15 11.17 2.66 1.61 41.01 37.65 43.88 46.05
5.36 11.68 2.75 1.64 40.84 37.46 43.73 45.98
5.80 12.75 2.92 1.75 40.50 37.08 43.48 45.71
6.99 15.69 3.42 1.88 39.68 36.18 42.79 45.40
7.30 16.55 3.56 1.77 39.50 35.94 42.62 45.66
7.12 16.34 3.48 1.53 39.61 36.00 42.71 46.28
7.32 16.77 3.58 1.61 39.49 35.89 42.59 46.07
6.89 15.73 3.46 1.49 39.75 36.16 42.74 46.40
6.08 13.96 2.94 1.34 40.29 36.68 43.45 46.85
5.16 11.98 2.38 1.12 41.00 37.34 44.37 47.63
4.73 11.11 2.11 0.96 41.38 37.68 44.89 48.31
4.16 9.80 1.91 0.77 41.94 38.22 45.33 49.27
3.79 9.19 1.64 0.56 42.34 38.50 45.98 50.66
3.81 9.23 1.69 0.50 42.33 38.48 45.86 51.16
3.81 9.23 1.71 0.50 42.32 38.48 45.79 51.14
3.98 9.57 1.85 0.51 42.13 38.32 45.45 51.06
3.98 9.49 1.87 0.56 42.14 38.36 45.40 50.66
4.02 9.63 1.89 0.53 42.09 38.29 45.37 50.89
3.76 9.01 1.76 0.50 42.38 38.58 45.69 51.14
3.44 8.26 1.65 0.41 42.77 38.96 45.97 52.01
3.47 8.35 1.63 0.41 42.73 38.91 46.02 51.95
3.75 9.18 1.67 0.41 42.39 38.51 45.90 51.97
3.71 8.89 1.76 0.49 42.43 38.64 45.69 51.24
3.65 8.78 1.68 0.51 42.50 38.69 45.89 51.05
3.52 8.41 1.65 0.50 42.67 38.88 45.96 51.15
3.30 7.89 1.53 0.49 42.94 39.16 46.29 51.19
3.40 8.06 1.61 0.53 42.82 39.06 46.06 50.93
3.46 8.18 1.73 0.47 42.74 39.01 45.76 51.41
3.30 7.83 1.64 0.44 42.94 39.19 45.99 51.72
3.68 8.69 1.86 0.50 42.47 38.74 45.44 51.13
3.95 9.21 2.13 0.50 42.17 38.49 44.85 51.09
3.96 9.28 2.08 0.54 42.15 38.46 44.96 50.83
4.55 10.61 2.45 0.58 41.56 37.88 44.23 50.53
4.79 11.20 2.60 0.57 41.34 37.65 44.00 50.55
4.61 10.81 2.44 0.59 41.49 37.80 44.27 50.38
4.79 11.18 2.54 0.66 41.33 37.65 44.09 49.96
5.17 12.24 2.67 0.61 41.00 37.26 43.87 50.27
4.48 10.41 2.42 0.59 41.63 37.96 44.30 50.43
3.72 8.50 2.08 0.59 42.43 38.84 44.96 50.46
3.19 7.24 1.81 0.51 43.10 39.53 45.55 51.06
3.10 6.95 1.83 0.51 43.23 39.72 45.52 51.09
2.87 6.43 1.70 0.48 43.56 40.06 45.83 51.32
2.66 5.93 1.61 0.45 43.90 40.42 46.07 51.59
2.39 5.36 1.46 0.35 44.37 40.87 46.51 52.72
2.29 5.03 1.38 0.45 44.57 41.14 46.75 51.62
2.31 4.93 1.37 0.61 44.52 41.22 46.76 50.28
2.74 5.85 1.66 0.71 43.76 40.46 45.94 49.61
2.70 5.74 1.60 0.75 43.82 40.54 46.10 49.36
2.59 5.55 1.54 0.69 43.99 40.69 46.25 49.73
2.54 5.40 1.53 0.71 44.08 40.81 46.28 49.64
2.75 5.97 1.60 0.67 43.74 40.37 46.07 49.87
2.82 6.13 1.66 0.69 43.62 40.26 45.92 49.75
2.96 6.49 1.72 0.66 43.42 40.01 45.78 49.92
2.83 6.12 1.70 0.68 43.61 40.26 45.83 49.78
2.65 5.67 1.59 0.70 43.89 40.59 46.11 49.72
2.83 6.28 1.57 0.65 43.61 40.15 46.16 50.01
2.79 6.14 1.60 0.63 43.68 40.25 46.10 50.14
2.75 5.99 1.63 0.62 43.75 40.36 46.01 50.22
2.88 6.32 1.70 0.62 43.54 40.12 45.84 50.22
2.77 6.02 1.67 0.62 43.70 40.33 45.89 50.18
2.86 6.16 1.64 0.79 43.56 40.24 45.99 49.15
3.80 7.93 2.48 0.98 42.34 39.14 44.19 48.21
3.85 7.88 2.59 1.07 42.29 39.17 44.01 47.87
4.63 9.38 3.02 1.50 41.48 38.42 43.34 46.39
4.69 9.24 2.97 1.85 41.43 38.48 43.42 45.46
5.06 9.43 3.36 2.40 41.09 38.39 42.87 44.35
4.81 8.71 3.23 2.49 41.32 38.74 43.05 44.18
4.48 7.81 3.09 2.55 41.64 39.23 43.26 44.08
3.99 6.59 2.86 2.51 42.13 39.94 43.57 44.14
3.41 5.54 2.31 2.39 42.81 40.70 44.50 44.36
3.41 5.70 2.20 2.34 42.81 40.59 44.71 44.45
3.51 5.53 2.48 2.51 42.71 40.74 44.21 44.16
3.52 5.72 2.37 2.46 42.68 40.57 44.38 44.24
3.52 5.60 2.29 2.66 42.68 40.66 44.54 43.90
3.89 6.26 2.83 2.58 42.25 40.18 43.61 44.03
4.47 7.39 3.37 2.64 41.65 39.47 42.87 43.93
4.06 6.59 2.96 2.63 42.05 39.94 43.43 43.94
4.18 6.96 2.98 2.61 41.92 39.71 43.40 43.98
4.44 7.47 3.15 2.72 41.66 39.40 43.16 43.80
4.39 7.41 3.14 2.63 41.71 39.44 43.17 43.95
4.55 7.68 3.20 2.76 41.56 39.28 43.08 43.73
4.58 7.59 3.37 2.77 41.54 39.34 42.86 43.71
4.56 7.68 3.39 2.61 41.55 39.29 42.84 43.97
4.70 8.02 3.46 2.61 41.42 39.09 42.75 43.97
4.43 7.48 3.33 2.49 41.67 39.40 42.91 44.18
4.51 7.43 3.41 2.68 41.60 39.43 42.81 43.86
4.36 7.39 3.14 2.56 41.74 39.45 43.18 44.06
4.99 8.73 3.68 2.57 41.15 38.72 42.47 44.03
4.93 8.38 3.69 2.73 41.21 38.91 42.47 43.78
5.28 9.13 3.80 2.92 40.90 38.52 42.34 43.48
6.04 10.18 4.50 3.43 40.33 38.06 41.61 42.78
6.76 11.59 5.08 3.60 39.84 37.50 41.08 42.57
6.63 11.76 4.35 3.77 39.92 37.43 41.75 42.38
7.38 12.91 5.28 3.94 39.45 37.03 40.91 42.18
7.93 14.32 5.31 4.17 39.14 36.57 40.88 41.94
8.45 15.43 5.69 4.21 38.87 36.25 40.58 41.90
8.63 15.74 5.67 4.49 38.77 36.16 40.60 41.61
9.25 17.10 6.13 4.54 38.47 35.80 40.26 41.57
7.98 14.71 5.08 4.14 39.11 36.45 41.07 41.96
7.43 13.95 4.57 3.76 39.42 36.68 41.53 42.38
6.74 12.90 4.09 3.24 39.84 37.03 42.01 43.03
6.77 13.23 4.05 3.03 39.82 36.91 42.06 43.31
6.33 12.38 3.94 2.68 40.11 37.20 42.17 43.85
5.67 11.39 3.36 2.26 40.59 37.57 42.87 44.59
5.46 11.15 3.11 2.11 40.76 37.66 43.20 44.88
5.28 10.80 2.99 2.06 40.90 37.80 43.38 45.00
5.33 11.06 2.95 1.97 40.86 37.69 43.44 45.18
5.44 11.28 3.07 1.98 40.77 37.61 43.26 45.16
5.74 11.88 3.38 1.96 40.54 37.38 42.85 45.21
5.14 10.72 2.94 1.75 41.02 37.83 43.44 45.71
4.77 9.95 2.78 1.58 41.34 38.15 43.70 46.14
5.58 11.72 3.11 1.92 40.66 37.44 43.20 45.30
5.38 11.15 3.05 1.93 40.82 37.66 43.29 45.27
5.46 11.38 3.18 1.82 40.75 37.57 43.10 45.52
4.91 10.27 2.72 1.74 41.22 38.02 43.78 45.74
4.98 10.49 2.74 1.70 41.16 37.92 43.75 45.83
5.55 11.67 3.07 1.90 40.69 37.47 43.25 45.34
5.71 11.89 3.17 2.08 40.56 37.38 43.12 44.96
6.08 12.82 3.32 2.11 40.29 37.05 42.92 44.90
5.79 12.30 3.12 1.93 40.51 37.24 43.18 45.28
6.08 13.13 3.17 1.95 40.29 36.95 43.12 45.24
6.51 14.24 3.31 1.97 39.99 36.60 42.93 45.19
6.39 14.04 3.23 1.88 40.08 36.66 43.04 45.39
6.51 14.35 3.41 1.77 39.99 36.57 42.81 45.66
7.73 17.36 3.89 1.93 39.25 35.74 42.23 45.28
7.89 17.88 3.94 1.85 39.17 35.61 42.18 45.48
6.79 15.31 3.41 1.64 39.82 36.29 42.80 45.97
6.02 13.50 3.07 1.47 40.34 36.84 43.25 46.48
5.41 12.28 2.60 1.34 40.80 37.24 43.98 46.87
4.72 10.83 2.35 0.99 41.40 37.80 44.42 48.14
4.06 9.39 2.01 0.79 42.05 38.42 45.11 49.17
3.63 8.43 1.80 0.65 42.54 38.89 45.58 50.02
3.55 8.30 1.71 0.63 42.64 38.96 45.80 50.13
3.24 7.68 1.57 0.47 43.04 39.30 46.18 51.37
3.42 8.13 1.65 0.47 42.81 39.05 45.96 51.38
3.24 7.70 1.56 0.46 43.04 39.28 46.20 51.45
3.18 7.41 1.55 0.59 43.11 39.44 46.23 50.41
3.41 7.94 1.66 0.65 42.81 39.15 45.94 50.04
3.29 7.68 1.60 0.58 42.98 39.30 46.11 50.49
2.98 6.96 1.47 0.52 43.40 39.72 46.46 51.01
3.07 7.26 1.46 0.50 43.27 39.55 46.48 51.19
2.95 6.98 1.38 0.49 43.46 39.71 46.76 51.26
3.13 7.35 1.49 0.56 43.19 39.48 46.41 50.70
3.15 7.33 1.56 0.56 43.16 39.50 46.20 50.68
3.11 7.29 1.48 0.54 43.22 39.53 46.43 50.77
3.03 7.07 1.43 0.58 43.35 39.66 46.59 50.56
3.07 7.15 1.50 0.59 43.26 39.61 46.38 50.44
3.01 7.03 1.42 0.58 43.36 39.68 46.63 50.48
3.40 8.02 1.56 0.62 42.83 39.11 46.20 50.18
3.98 9.16 1.88 0.88 42.15 38.52 45.39 48.70
4.21 9.52 1.99 1.10 41.90 38.36 45.14 47.71
4.82 10.72 2.36 1.36 41.31 37.83 44.43 46.81
5.50 12.23 2.78 1.51 40.73 37.26 43.69 46.33
6.20 13.47 3.38 1.75 40.21 36.84 42.86 45.72
6.63 14.34 3.61 1.97 39.91 36.58 42.55 45.20
7.29 15.65 4.06 2.14 39.50 36.19 42.05 44.83
7.14 15.53 3.88 2.00 39.60 36.23 42.25 45.11
6.85 15.11 3.54 1.92 39.77 36.34 42.64 45.31
5.83 12.96 2.93 1.60 40.47 37.00 43.46 46.10
5.65 12.36 2.96 1.65 40.60 37.21 43.41 45.96
5.10 10.86 2.74 1.72 41.05 37.77 43.75 45.79
5.01 10.33 2.88 1.82 41.14 38.00 43.54 45.55
4.68 9.48 2.75 1.80 41.43 38.36 43.74 45.58
4.16 8.20 2.44 1.85 41.94 38.99 44.26 45.46
4.33 8.45 2.60 1.96 41.76 38.86 43.98 45.21
4.23 8.17 2.68 1.86 41.86 39.01 43.85 45.43
