0.00 0.00 0.00 0.00 0.00 0.00 0.00 0.00
0.00 0.00 0.00 0.00 0.00 0.00 0.00 0.00
0.00 0.00 0.00 0.00 0.00 0.00 0.00 0.00
0.00 0.00 0.00 0.00 0.00 0.00 0.00 0.00
0.00 0.00 0.00 0.00 0.00 0.00 0.00 0.00
0.00 0.00 0.00 0.00 0.00 0.00 0.00 0.00
0.00 0.00 0.00 0.00 0.00 0.00 0.00 0.00
0.00 0.00 0.00 0.00 0.00 0.00 0.00 0.00
0.00 0.00 0.00 0.00 0.00 0.00 0.00 0.00
0.00 0.00 0.00 0.00 0.00 0.00 0.00 0.00
0.00 0.00 0.00 0.00 0.00 0.00 0.00 0.00
0.00 0.00 0.00 0.00 0.00 0.00 0.00 0.00
0.00 0.00 0.00 0.00 0.00 0.00 0.00 0.00
0.00 0.00 0.00 0.00 0.00 0.00 0.00 0.00
0.00 0.00 0.00 0.00 0.00 0.00 0.00 0.00
0.00 0.00 0.00 0.00 0.00 0.00 0.00 0.00
0.00 0.00 0.00 0.00 0.00 0.00 0.00 0.00
0.00 0.00 0.00 0.00 0.00 0.00 0.00 0.00
0.00 0.00 0.00 0.00 0.00 0.00 0.00 0.00
0.00 0.00 0.00 0.00 0.00 0.00 0.00 0.00
0.00 0.00 0.00 0.00 0.00 0.00 0.00 0.00
0.00 0.00 0.00 0.00 0.00 0.00 0.00 0.00
0.00 0.00 0.00 0.00 0.00 0.00 0.00 0.00
0.00 0.00 0.00 0.00 0.00 0.00 0.00 0.00
0.00 0.00 0.00 0.00 0.00 0.00 0.00 0.00
0.00 0.01 0.00 0.00 0.00 0.00 0.00 0.00
0.00 0.00 0.00 0.00 0.00 0.00 0.00 0.01
0.00 0.01 0.00 0.00 0.00 0.01 0.01 0.02
0.01 0.01 0.00 0.00 0.01 0.01 0.01 0.01
0.00 0.01 0.01 0.00 0.01 0.00 0.02 0.01
0.00 0.01 0.01 0.00 0.00 0.01 0.01 0.01
0.02 0.04 0.02 0.01 0.02 0.02 0.06 0.03
0.01 0.02 0.01 0.00 0.02 0.02 0.03 0.02
0.01 0.01 0.03 0.01 0.02 0.01 0.07 0.04
0.00 0.02 0.01 0.01 0.00 0.01 0.04 0.06
0.01 0.00 0.01 0.01 0.01 0.00 0.03 0.06
0.01 0.03 0.00 0.01 0.01 0.02 0.01 0.03
0.01 0.02 0.01 0.00 0.01 0.02 0.04 0.04
0.01 0.01 0.02 0.01 0.01 0.01 0.04 0.07
0.01 0.03 0.02 0.01 0.02 0.02 0.07 0.07
0.01 0.02 0.01 0.00 0.02 0.02 0.05 0.07
0.01 0.02 0.01 0.01 0.01 0.02 0.02 0.10
0.00 0.02 0.02 0.01 0.01 0.01 0.06 0.03
0.02 0.02 0.02 0.03 0.03 0.02 0.06 0.15
0.03 0.06 0.03 0.01 0.04 0.03 0.09 0.05
0.04 0.08 0.05 0.00 0.06 0.05 0.12 0.03
0.03 0.06 0.03 0.03 0.05 0.04 0.07 0.16
0.00 0.01 0.02 0.02 0.00 0.01 0.04 0.12
0.02 0.06 0.01 0.01 0.02 0.03 0.02 0.09
0.01 0.06 0.01 0.02 0.01 0.03 0.03 0.11
0.02 0.02 0.02 0.01 0.02 0.01 0.04 0.06
0.02 0.03 0.01 0.01 0.02 0.02 0.03 0.07
0.01 0.05 0.03 0.02 0.01 0.03 0.08 0.12
0.02 0.04 0.04 0.01 0.02 0.03 0.10 0.09
0.00 0.04 0.03 0.02 0.00 0.03 0.09 0.11
0.01 0.03 0.01 0.01 0.01 0.02 0.03 0.07
0.01 0.03 0.01 0.01 0.01 0.03 0.04 0.06
0.01 0.05 0.00 0.01 0.03 0.05 0.02 0.10
0.02 0.05 0.02 0.01 0.04 0.05 0.05 0.09
0.02 0.05 0.01 0.01 0.05 0.06 0.03 0.08
0.01 0.02 0.02 0.01 0.01 0.02 0.06 0.07
0.02 0.03 0.01 0.01 0.03 0.02 0.05 0.10
0.02 0.05 0.01 0.02 0.04 0.05 0.03 0.13
0.01 0.02 0.01 0.02 0.02 0.01 0.04 0.18
0.01 0.03 0.02 0.01 0.03 0.03 0.06 0.14
0.01 0.02 0.01 0.02 0.02 0.02 0.03 0.18
0.01 0.03 0.02 0.01 0.02 0.02 0.04 0.11
0.01 0.02 0.01 0.01 0.01 0.02 0.05 0.08
0.01 0.04 0.02 0.01 0.01 0.04 0.07 0.10
0.01 0.01 0.02 0.01 0.02 0.01 0.08 0.07
0.01 0.02 0.02 0.01 0.02 0.02 0.06 0.08
0.00 0.02 0.02 0.01 0.01 0.02 0.09 0.09
0.01 0.02 0.02 0.01 0.02 0.02 0.06 0.06
0.00 0.02 0.01 0.01 0.01 0.02 0.03 0.09
0.01 0.02 0.02 0.02 0.02 0.02 0.07 0.14
0.02 0.03 0.03 0.01 0.03 0.02 0.08 0.11
0.01 0.03 0.03 0.01 0.02 0.02 0.07 0.03
0.01 0.04 0.01 0.01 0.01 0.02 0.02 0.02
0.01 0.04 0.01 0.02 0.01 0.02 0.02 0.05
0.01 0.01 0.02 0.01 0.01 0.01 0.04 0.03
0.01 0.02 0.02 0.01 0.01 0.01 0.02 0.03
0.02 0.06 0.03 0.01 0.03 0.04 0.04 0.02
0.01 0.02 0.02 0.02 0.01 0.01 0.03 0.04
0.01 0.05 0.01 0.03 0.01 0.04 0.01 0.05
0.02 0.02 0.02 0.04 0.03 0.02 0.03 0.07
0.02 0.03 0.02 0.03 0.03 0.03 0.04 0.05
0.03 0.06 0.03 0.03 0.04 0.05 0.06 0.06
0.01 0.03 0.02 0.01 0.02 0.03 0.04 0.02
0.02 0.02 0.03 0.04 0.03 0.02 0.05 0.08
0.01 0.03 0.01 0.02 0.02 0.02 0.02 0.03
0.01 0.02 0.02 0.03 0.02 0.02 0.05 0.06
0.01 0.04 0.02 0.02 0.01 0.03 0.04 0.05
0.02 0.03 0.04 0.04 0.03 0.03 0.09 0.08
0.02 0.04 0.02 0.02 0.03 0.04 0.05 0.04
0.02 0.06 0.02 0.01 0.04 0.06 0.05 0.02
0.02 0.05 0.04 0.01 0.03 0.04 0.08 0.03
0.01 0.03 0.03 0.03 0.02 0.03 0.07 0.05
0.01 0.05 0.03 0.01 0.02 0.04 0.06 0.03
0.01 0.04 0.02 0.03 0.01 0.03 0.04 0.05
0.03 0.05 0.04 0.02 0.03 0.04 0.08 0.03
0.02 0.04 0.01 0.02 0.02 0.03 0.03 0.04
0.02 0.04 0.01 0.02 0.02 0.03 0.02 0.05
0.02 0.04 0.03 0.02 0.03 0.03 0.05 0.04
0.01 0.04 0.01 0.03 0.02 0.03 0.02 0.06
0.01 0.04 0.02 0.02 0.02 0.02 0.02 0.04
0.02 0.06 0.03 0.02 0.02 0.03 0.04 0.04
0.01 0.04 0.02 0.04 0.01 0.02 0.03 0.06
0.02 0.03 0.04 0.02 0.02 0.01 0.05 0.03
0.01 0.04 0.04 0.02 0.01 0.02 0.05 0.03
0.03 0.05 0.04 0.03 0.02 0.02 0.05 0.04
0.04 0.07 0.03 0.04 0.03 0.03 0.03 0.05
0.03 0.06 0.04 0.03 0.02 0.02 0.04 0.04
0.02 0.06 0.06 0.03 0.02 0.03 0.06 0.05
0.02 0.05 0.03 0.02 0.02 0.02 0.04 0.04
0.02 0.05 0.04 0.02 0.02 0.02 0.06 0.03
0.02 0.03 0.03 0.02 0.02 0.02 0.05 0.03
0.02 0.05 0.02 0.03 0.02 0.03 0.04 0.06
0.04 0.06 0.04 0.03 0.04 0.04 0.08 0.06
0.02 0.03 0.02 0.02 0.02 0.02 0.04 0.04
0.02 0.04 0.03 0.02 0.03 0.03 0.07 0.05
0.02 0.05 0.02 0.02 0.02 0.03 0.05 0.06
0.03 0.05 0.03 0.03 0.03 0.03 0.06 0.11
0.01 0.04 0.02 0.01 0.02 0.02 0.06 0.03
0.02 0.03 0.03 0.02 0.02 0.02 0.06 0.06
0.02 0.06 0.01 0.01 0.02 0.04 0.03 0.03
0.02 0.06 0.03 0.02 0.03 0.04 0.06 0.06
0.03 0.06 0.02 0.02 0.04 0.04 0.05 0.05
0.02 0.05 0.02 0.02 0.03 0.03 0.05 0.05
0.02 0.06 0.02 0.02 0.02 0.04 0.05 0.07
0.02 0.04 0.01 0.03 0.03 0.03 0.02 0.09
0.03 0.07 0.02 0.03 0.04 0.04 0.04 0.08
0.02 0.07 0.01 0.02 0.03 0.04 0.03 0.07
0.02 0.03 0.02 0.02 0.02 0.02 0.04 0.06
0.01 0.03 0.01 0.01 0.01 0.02 0.03 0.04
0.01 0.04 0.02 0.01 0.01 0.02 0.03 0.04
0.01 0.03 0.02 0.01 0.02 0.02 0.04 0.04
0.02 0.05 0.03 0.02 0.02 0.02 0.05 0.07
0.02 0.06 0.04 0.04 0.02 0.02 0.06 0.10
0.02 0.06 0.03 0.02 0.01 0.02 0.04 0.07
0.02 0.06 0.02 0.03 0.02 0.02 0.03 0.09
0.01 0.04 0.05 0.02 0.01 0.01 0.08 0.08
0.03 0.07 0.04 0.03 0.03 0.03 0.06 0.10
0.03 0.06 0.02 0.03 0.02 0.02 0.05 0.10
0.02 0.03 0.03 0.04 0.02 0.01 0.06 0.14
0.02 0.06 0.03 0.03 0.02 0.03 0.08 0.14
0.01 0.04 0.01 0.03 0.02 0.02 0.03 0.15
0.02 0.03 0.02 0.02 0.02 0.02 0.05 0.12
0.01 0.03 0.02 0.02 0.02 0.02 0.08 0.18
0.02 0.05 0.02 0.02 0.02 0.03 0.06 0.15
0.01 0.04 0.03 0.02 0.02 0.03 0.08 0.19
0.02 0.05 0.02 0.03 0.03 0.03 0.05 0.21
0.03 0.08 0.03 0.02 0.05 0.04 0.08 0.16
0.04 0.08 0.03 0.02 0.06 0.05 0.08 0.18
0.03 0.06 0.03 0.02 0.05 0.04 0.09 0.19
0.04 0.07 0.03 0.02 0.06 0.05 0.09 0.20
0.03 0.09 0.02 0.01 0.05 0.06 0.07 0.14
0.02 0.06 0.02 0.01 0.04 0.04 0.05 0.12
0.03 0.06 0.02 0.01 0.04 0.04 0.06 0.14
0.02 0.05 0.02 0.02 0.03 0.03 0.06 0.16
0.02 0.03 0.02 0.02 0.03 0.02 0.05 0.15
0.02 0.05 0.02 0.01 0.04 0.03 0.06 0.13
0.02 0.05 0.02 0.01 0.04 0.03 0.07 0.08
0.02 0.05 0.02 0.01 0.03 0.03 0.07 0.07
0.02 0.06 0.03 0.01 0.03 0.04 0.07 0.09
0.03 0.06 0.02 0.01 0.04 0.04 0.06 0.05
0.02 0.06 0.02 0.01 0.02 0.04 0.05 0.09
0.01 0.03 0.03 0.01 0.02 0.02 0.06 0.08
0.02 0.06 0.02 0.01 0.02 0.03 0.05 0.11
0.03 0.08 0.04 0.01 0.04 0.04 0.09 0.06
0.03 0.06 0.03 0.01 0.03 0.03 0.05 0.09
0.03 0.06 0.02 0.01 0.03 0.03 0.04 0.07
0.02 0.04 0.03 0.01 0.03 0.03 0.07 0.10
0.01 0.02 0.01 0.01 0.01 0.01 0.03 0.09
0.02 0.04 0.02 0.02 0.03 0.03 0.06 0.12
0.01 0.03 0.03 0.01 0.02 0.02 0.08 0.05
0.02 0.04 0.02 0.01 0.03 0.03 0.07 0.07
0.01 0.01 0.02 0.01 0.02 0.01 0.07 0.11
0.01 0.04 0.02 0.01 0.03 0.04 0.06 0.13
0.01 0.03 0.02 0.01 0.03 0.03 0.07 0.11
0.01 0.02 0.01 0.01 0.02 0.02 0.04 0.10
0.04 0.08 0.04 0.03 0.08 0.07 0.12 0.18
0.05 0.07 0.05 0.04 0.10 0.07 0.15 0.26
0.07 0.11 0.07 0.03 0.14 0.11 0.23 0.20
0.06 0.08 0.06 0.04 0.12 0.08 0.20 0.25
0.05 0.08 0.04 0.03 0.09 0.07 0.15 0.17
0.10 0.16 0.10 0.06 0.19 0.14 0.29 0.38
0.02 0.04 0.03 0.02 0.04 0.03 0.09 0.11
0.02 0.03 0.03 0.02 0.04 0.03 0.08 0.12
0.02 0.03 0.02 0.02 0.03 0.03 0.08 0.10
0.01 0.04 0.02 0.01 0.03 0.04 0.08 0.08
0.02 0.04 0.02 0.01 0.04 0.04 0.06 0.09
0.02 0.04 0.03 0.01 0.04 0.04 0.08 0.13
0.02 0.04 0.02 0.02 0.03 0.03 0.07 0.14
0.03 0.05 0.03 0.02 0.05 0.05 0.08 0.14
0.02 0.04 0.02 0.02 0.04 0.03 0.07 0.11
0.02 0.03 0.02 0.02 0.02 0.02 0.05 0.07
0.02 0.04 0.03 0.02 0.02 0.03 0.06 0.08
0.01 0.03 0.02 0.01 0.02 0.02 0.04 0.05
0.02 0.03 0.04 0.03 0.03 0.02 0.08 0.08
0.03 0.04 0.03 0.04 0.03 0.02 0.05 0.08
0.02 0.05 0.02 0.02 0.02 0.03 0.04 0.03
0.02 0.05 0.03 0.02 0.02 0.03 0.05 0.04
0.02 0.06 0.02 0.02 0.03 0.05 0.04 0.05
0.02 0.05 0.03 0.03 0.04 0.04 0.07 0.05
0.02 0.05 0.02 0.02 0.03 0.04 0.05 0.05
0.02 0.05 0.02 0.03 0.02 0.05 0.05 0.05
0.02 0.05 0.03 0.02 0.03 0.04 0.06 0.04
0.02 0.02 0.02 0.03 0.02 0.02 0.04 0.06
0.02 0.04 0.03 0.03 0.02 0.03 0.06 0.06
0.02 0.04 0.03 0.03 0.02 0.03 0.04 0.06
0.03 0.04 0.04 0.03 0.04 0.03 0.08 0.05
0.04 0.06 0.05 0.03 0.05 0.05 0.07 0.07
0.02 0.05 0.02 0.02 0.03 0.03 0.04 0.04
0.02 0.06 0.03 0.03 0.03 0.04 0.04 0.05
0.03 0.05 0.03 0.02 0.03 0.03 0.04 0.04
0.01 0.04 0.03 0.02 0.02 0.03 0.05 0.05
0.02 0.05 0.03 0.02 0.02 0.04 0.05 0.03
0.03 0.06 0.03 0.05 0.03 0.04 0.04 0.08
0.03 0.06 0.04 0.03 0.03 0.04 0.07 0.05
0.02 0.02 0.04 0.03 0.02 0.01 0.05 0.05
0.03 0.06 0.03 0.03 0.03 0.04 0.05 0.05
0.02 0.03 0.04 0.03 0.02 0.02 0.05 0.06
0.02 0.02 0.04 0.02 0.02 0.02 0.05 0.04
0.03 0.06 0.04 0.05 0.03 0.03 0.06 0.07
0.01 0.03 0.02 0.02 0.01 0.02 0.03 0.03
0.01 0.04 0.02 0.02 0.01 0.02 0.02 0.03
0.03 0.07 0.04 0.03 0.03 0.03 0.04 0.04
0.02 0.04 0.04 0.03 0.02 0.01 0.04 0.03
0.03 0.07 0.03 0.05 0.02 0.03 0.04 0.06
0.04 0.07 0.05 0.04 0.03 0.03 0.05 0.05
0.03 0.05 0.04 0.02 0.02 0.02 0.04 0.02
0.03 0.08 0.05 0.03 0.02 0.03 0.05 0.03
0.03 0.07 0.03 0.03 0.02 0.03 0.03 0.03
0.02 0.06 0.04 0.03 0.01 0.02 0.05 0.04
0.02 0.04 0.03 0.02 0.01 0.01 0.04 0.03
0.02 0.05 0.04 0.03 0.01 0.02 0.05 0.05
0.03 0.06 0.04 0.02 0.02 0.02 0.05 0.04
0.03 0.07 0.03 0.03 0.03 0.03 0.05 0.06
0.02 0.02 0.04 0.02 0.02 0.01 0.06 0.06
0.03 0.05 0.04 0.03 0.03 0.03 0.06 0.07
0.33 0.78 0.17 0.04 0.30 0.35 0.27 0.11
0.31 0.73 0.13 0.07 0.28 0.32 0.20 0.18
0.57 1.26 0.34 0.12 0.49 0.53 0.49 0.28
0.38 0.89 0.17 0.08 0.35 0.40 0.27 0.22
0.30 0.61 0.21 0.08 0.29 0.29 0.36 0.24
0.56 1.29 0.21 0.17 0.49 0.55 0.32 0.42
0.41 0.93 0.19 0.12 0.36 0.40 0.28 0.30
0.58 1.27 0.30 0.16 0.51 0.55 0.46 0.42
0.61 1.33 0.30 0.20 0.62 0.65 0.53 0.58
0.57 1.26 0.30 0.15 0.58 0.61 0.54 0.45
0.58 1.34 0.24 0.16 0.53 0.59 0.39 0.40
0.56 1.35 0.23 0.10 0.49 0.58 0.36 0.22
0.53 1.25 0.23 0.12 0.44 0.50 0.34 0.29
0.53 1.24 0.23 0.12 0.46 0.51 0.35 0.30
0.60 1.35 0.26 0.20 0.48 0.51 0.38 0.49
0.57 1.34 0.23 0.13 0.45 0.50 0.36 0.32
0.58 1.42 0.20 0.13 0.47 0.52 0.31 0.33
0.44 1.08 0.14 0.11 0.35 0.39 0.20 0.30
0.43 1.05 0.16 0.10 0.29 0.31 0.21 0.24
0.56 1.29 0.27 0.11 0.38 0.40 0.36 0.28
0.44 0.99 0.22 0.10 0.32 0.33 0.31 0.28
0.28 0.63 0.14 0.05 0.26 0.27 0.26 0.21
0.28 0.60 0.13 0.09 0.26 0.26 0.25 0.30
0.16 0.35 0.10 0.03 0.18 0.18 0.21 0.17
0.07 0.16 0.05 0.03 0.10 0.09 0.11 0.20
0.02 0.05 0.01 0.02 0.04 0.03 0.02 0.17
0.00 0.02 0.01 0.01 0.00 0.01 0.04 0.10
0.02 0.03 0.02 0.01 0.03 0.02 0.07 0.11
0.01 0.04 0.03 0.01 0.01 0.03 0.08 0.13
0.01 0.02 0.01 0.01 0.02 0.01 0.03 0.14
0.01 0.01 0.01 0.02 0.02 0.01 0.04 0.16
0.02 0.05 0.02 0.01 0.03 0.04 0.06 0.08
0.02 0.03 0.02 0.01 0.03 0.03 0.07 0.07
0.01 0.02 0.02 0.01 0.02 0.02 0.05 0.08
0.02 0.03 0.02 0.01 0.03 0.03 0.06 0.10
0.03 0.06 0.03 0.01 0.05 0.05 0.09 0.09
0.02 0.05 0.02 0.01 0.04 0.03 0.08 0.08
0.02 0.03 0.02 0.01 0.03 0.02 0.07 0.11
0.02 0.04 0.01 0.01 0.03 0.03 0.05 0.13
0.02 0.05 0.02 0.02 0.04 0.05 0.06 0.20
0.01 0.04 0.01 0.03 0.02 0.03 0.04 0.25
0.01 0.02 0.01 0.02 0.02 0.02 0.05 0.19
0.01 0.03 0.02 0.02 0.02 0.02 0.07 0.14
0.02 0.04 0.02 0.02 0.02 0.02 0.06 0.11
0.02 0.03 0.01 0.03 0.02 0.02 0.02 0.12
0.03 0.07 0.03 0.02 0.04 0.03 0.06 0.06
0.02 0.01 0.03 0.03 0.02 0.01 0.06 0.09
0.02 0.05 0.02 0.01 0.02 0.02 0.04 0.04
0.04 0.09 0.03 0.03 0.03 0.04 0.06 0.06
0.03 0.05 0.04 0.02 0.02 0.02 0.05 0.04
0.02 0.05 0.02 0.03 0.02 0.02 0.03 0.06
0.02 0.04 0.03 0.02 0.02 0.02 0.04 0.06
0.02 0.02 0.06 0.03 0.02 0.01 0.10 0.07
0.02 0.04 0.04 0.02 0.02 0.02 0.07 0.07
0.03 0.05 0.04 0.02 0.03 0.03 0.07 0.06
0.02 0.04 0.03 0.02 0.03 0.02 0.05 0.05
0.02 0.03 0.04 0.03 0.03 0.02 0.07 0.07
0.02 0.03 0.03 0.01 0.02 0.02 0.07 0.04
0.03 0.04 0.03 0.02 0.03 0.03 0.07 0.06
0.01 0.04 0.02 0.03 0.02 0.03 0.03 0.09
