4.28 8.57 2.55 1.73 41.81 38.80 44.06 45.76
4.10 8.19 2.43 1.66 42.01 39.00 44.27 45.92
4.27 8.64 2.52 1.66 41.82 38.77 44.11 45.93
4.15 8.25 2.54 1.67 41.95 38.97 44.09 45.90
4.32 8.68 2.63 1.63 41.78 38.74 43.93 46.00
4.28 8.77 2.47 1.60 41.81 38.70 44.20 46.08
4.40 9.10 2.46 1.64 41.70 38.54 44.22 45.98
4.48 9.24 2.48 1.73 41.62 38.47 44.19 45.75
4.61 9.47 2.55 1.80 41.49 38.37 44.06 45.57
4.34 8.77 2.51 1.74 41.76 38.70 44.14 45.71
4.79 10.03 2.53 1.81 41.33 38.12 44.10 45.56
4.47 9.38 2.41 1.64 41.62 38.41 44.31 45.98
4.93 10.50 2.66 1.63 41.20 37.92 43.88 46.00
5.51 11.84 3.00 1.70 40.72 37.40 43.35 45.82
5.88 12.68 3.09 1.86 40.44 37.10 43.23 45.44
5.71 12.48 2.96 1.69 40.56 37.17 43.41 45.86
6.50 14.55 3.38 1.56 40.00 36.50 42.84 46.19
7.20 16.29 3.57 1.74 39.56 36.01 42.60 45.72
7.90 17.65 4.16 1.88 39.16 35.66 41.94 45.40
7.49 16.71 3.78 1.96 39.39 35.90 42.36 45.20
7.27 16.20 3.74 1.86 39.52 36.04 42.40 45.44
6.32 14.32 3.13 1.50 40.13 36.57 43.17 46.38
4.97 11.31 2.42 1.19 41.16 37.60 44.30 47.38
4.42 9.95 2.23 1.07 41.68 38.15 44.64 47.84
3.81 8.72 1.91 0.80 42.32 38.73 45.33 49.09
3.71 8.67 1.76 0.69 42.44 38.75 45.69 49.74
3.29 7.72 1.47 0.69 42.96 39.26 46.47 49.73
3.47 8.10 1.59 0.74 42.72 39.04 46.12 49.49
3.53 8.22 1.59 0.78 42.65 38.98 46.12 49.20
3.41 7.91 1.52 0.80 42.80 39.15 46.31 49.11
3.03 6.74 1.50 0.85 43.32 39.85 46.38 48.83
2.96 6.50 1.54 0.84 43.42 40.00 46.26 48.86
2.97 6.54 1.50 0.87 43.40 39.97 46.38 48.74
3.04 6.76 1.52 0.84 43.30 39.83 46.30 48.89
3.03 6.69 1.54 0.84 43.32 39.88 46.25 48.87
2.94 6.55 1.43 0.81 43.46 39.97 46.57 49.04
2.83 6.32 1.43 0.74 43.61 40.12 46.58 49.44
2.84 6.38 1.42 0.74 43.59 40.08 46.63 49.45
2.76 6.20 1.38 0.70 43.73 40.21 46.75 49.69
2.47 5.66 1.17 0.57 44.21 40.60 47.45 50.60
2.32 5.46 1.07 0.42 44.49 40.76 47.87 51.91
2.33 5.50 1.09 0.40 44.46 40.72 47.77 52.12
2.57 5.92 1.23 0.55 44.03 40.41 47.21 50.69
2.82 6.28 1.50 0.68 43.63 40.16 46.35 49.80
2.98 6.57 1.61 0.74 43.40 39.95 46.08 49.43
3.34 7.35 1.89 0.76 42.90 39.46 45.38 49.32
3.06 6.73 1.71 0.74 43.27 39.85 45.80 49.47
3.30 7.32 1.90 0.68 42.95 39.49 45.34 49.83
3.50 7.75 2.05 0.70 42.69 39.24 45.00 49.68
3.45 7.64 1.92 0.79 42.75 39.30 45.29 49.15
3.28 7.25 1.86 0.73 42.97 39.53 45.42 49.48
3.52 7.79 1.95 0.81 42.67 39.21 45.23 49.01
3.15 6.96 1.71 0.76 43.16 39.70 45.78 49.36
2.69 5.89 1.48 0.71 43.83 40.43 46.44 49.63
2.57 5.57 1.47 0.67 44.03 40.67 46.45 49.88
2.36 5.09 1.40 0.62 44.39 41.07 46.70 50.24
2.08 4.48 1.23 0.55 44.94 41.62 47.24 50.75
2.05 4.39 1.22 0.52 45.04 41.71 47.28 50.97
1.89 4.06 1.14 0.48 45.36 42.05 47.55 51.31
1.92 4.08 1.17 0.51 45.30 42.03 47.45 51.07
2.17 4.70 1.30 0.51 44.77 41.41 47.00 51.06
2.31 4.99 1.44 0.49 44.50 41.15 46.54 51.24
2.09 4.51 1.27 0.48 44.94 41.59 47.12 51.32
2.07 4.61 1.23 0.37 44.97 41.50 47.24 52.43
1.92 4.22 1.18 0.38 45.29 41.88 47.43 52.34
2.00 4.41 1.22 0.39 45.10 41.69 47.26 52.24
2.24 4.73 1.43 0.56 44.63 41.38 46.57 50.66
2.24 4.81 1.39 0.54 44.61 41.31 46.69 50.81
2.05 4.40 1.27 0.47 45.02 41.70 47.07 51.45
1.92 4.19 1.19 0.37 45.30 41.91 47.36 52.44
1.95 4.28 1.21 0.36 45.23 41.82 47.32 52.49
1.78 3.86 1.12 0.36 45.63 42.26 47.65 52.60
1.96 4.17 1.26 0.45 45.22 41.93 47.14 51.65
1.81 3.84 1.18 0.43 45.54 42.29 47.40 51.82
1.90 4.11 1.15 0.44 45.34 41.99 47.52 51.72
2.29 4.78 1.51 0.57 44.54 41.34 46.35 50.53
2.76 5.40 1.86 1.02 43.72 40.81 45.43 48.03
3.32 6.38 2.24 1.35 42.91 40.09 44.62 46.83
3.58 6.76 2.27 1.71 42.59 39.83 44.57 45.79
3.93 7.28 2.57 1.95 42.18 39.51 44.02 45.24
4.14 7.35 2.80 2.25 41.96 39.46 43.66 44.60
3.92 6.74 2.67 2.37 42.19 39.85 43.87 44.38
3.81 6.50 2.63 2.30 42.32 40.00 43.93 44.51
3.38 5.69 2.31 2.14 42.84 40.58 44.49 44.82
3.40 5.61 2.49 2.10 42.81 40.64 44.17 44.90
3.21 5.23 2.17 2.22 43.07 40.95 44.77 44.67
3.26 5.19 2.35 2.23 43.00 40.98 44.42 44.64
3.14 5.02 2.23 2.15 43.17 41.12 44.64 44.80
2.86 4.44 1.97 2.17 43.57 41.66 45.18 44.76
2.95 4.82 1.96 2.07 43.43 41.30 45.22 44.97
2.92 4.86 1.72 2.18 43.48 41.26 45.78 44.75
3.10 5.27 1.96 2.07 43.21 40.91 45.22 44.97
3.13 5.00 2.07 2.33 43.17 41.14 44.98 44.45
2.95 4.82 1.98 2.06 43.43 41.30 45.17 44.99
2.82 4.60 1.72 2.14 43.63 41.51 45.78 44.83
2.89 4.67 1.83 2.16 43.52 41.44 45.51 44.78
2.85 4.64 1.73 2.16 43.59 41.47 45.74 44.78
3.23 5.37 2.25 2.06 43.04 40.83 44.61 44.99
3.30 5.46 2.22 2.21 42.95 40.76 44.66 44.69
3.44 5.67 2.38 2.27 42.77 40.59 44.37 44.57
3.22 5.19 2.32 2.14 43.06 40.98 44.47 44.83
3.40 5.48 2.43 2.31 42.81 40.75 44.28 44.51
3.79 6.24 2.77 2.38 42.34 40.18 43.71 44.37
3.84 6.44 2.81 2.26 42.29 40.04 43.64 44.60
4.15 7.11 3.22 2.13 41.95 39.61 43.06 44.84
4.53 8.05 3.18 2.37 41.57 39.07 43.11 44.38
4.90 8.90 3.21 2.61 41.23 38.64 43.07 43.97
4.98 8.92 3.41 2.61 41.16 38.63 42.81 43.96
5.06 9.07 3.45 2.66 41.09 38.55 42.76 43.88
6.06 11.09 4.12 2.99 40.31 37.68 41.99 43.38
6.17 11.18 4.18 3.15 40.23 37.64 41.92 43.15
5.79 10.50 3.78 3.09 40.50 37.92 42.36 43.23
5.91 10.71 3.87 3.15 40.41 37.83 42.25 43.14
5.33 9.94 3.24 2.81 40.86 38.16 43.03 43.64
5.17 9.89 3.08 2.54 40.99 38.18 43.24 44.08
4.60 8.35 2.92 2.52 41.50 38.91 43.47 44.12
4.46 8.21 2.64 2.53 41.64 38.99 43.91 44.10
3.82 7.24 2.13 2.10 42.31 39.54 44.85 44.91
3.59 6.95 1.99 1.83 42.58 39.71 45.14 45.51
3.64 7.25 1.96 1.70 42.52 39.53 45.21 45.83
3.60 7.30 1.91 1.59 42.56 39.50 45.31 46.10
3.53 7.18 1.99 1.41 42.66 39.57 45.15 46.65
3.63 7.45 1.98 1.46 42.53 39.41 45.16 46.49
3.50 7.23 1.89 1.38 42.69 39.54 45.37 46.73
3.51 7.29 1.88 1.35 42.68 39.50 45.39 46.84
3.43 7.00 1.88 1.42 42.78 39.68 45.38 46.62
3.39 6.89 1.90 1.37 42.83 39.75 45.33 46.76
3.46 7.05 1.87 1.46 42.74 39.65 45.41 46.48
3.41 6.93 1.88 1.43 42.80 39.73 45.39 46.58
3.34 6.80 1.87 1.35 42.89 39.81 45.41 46.82
3.48 7.24 1.84 1.37 42.71 39.54 45.48 46.75
3.48 7.28 1.91 1.25 42.71 39.51 45.33 47.15
3.66 7.72 1.96 1.30 42.49 39.25 45.21 46.98
3.79 8.07 2.01 1.28 42.35 39.06 45.09 47.06
4.23 9.08 2.22 1.38 41.87 38.55 44.66 46.75
4.26 9.02 2.26 1.49 41.84 38.58 44.59 46.40
4.54 9.67 2.41 1.55 41.56 38.28 44.30 46.24
5.28 11.59 2.68 1.58 40.90 37.49 43.85 46.15
5.56 12.38 2.84 1.45 40.68 37.20 43.60 46.52
5.48 12.30 2.79 1.36 40.74 37.23 43.68 46.81
5.61 12.69 2.80 1.35 40.64 37.10 43.66 46.84
5.25 11.85 2.63 1.27 40.93 37.39 43.93 47.09
4.62 10.43 2.26 1.17 41.49 37.95 44.59 47.47
4.19 9.42 2.07 1.07 41.91 38.39 44.98 47.84
3.72 8.40 1.84 0.91 42.43 38.89 45.48 48.54
3.33 7.68 1.60 0.72 42.90 39.28 46.08 49.56
2.98 6.96 1.45 0.53 43.39 39.71 46.52 50.86
2.98 7.03 1.42 0.48 43.39 39.66 46.62 51.30
2.92 6.83 1.45 0.47 43.48 39.78 46.52 51.40
3.06 7.19 1.50 0.48 43.27 39.56 46.36 51.32
3.02 6.99 1.57 0.49 43.33 39.69 46.16 51.20
3.15 7.33 1.62 0.49 43.15 39.48 46.02 51.27
2.91 6.75 1.49 0.47 43.50 39.84 46.39 51.39
2.67 6.20 1.42 0.39 43.87 40.21 46.62 52.21
2.69 6.29 1.39 0.40 43.83 40.14 46.69 52.16
2.89 6.89 1.40 0.39 43.52 39.75 46.67 52.29
2.78 6.49 1.40 0.45 43.70 40.01 46.68 51.66
2.86 6.67 1.44 0.48 43.56 39.89 46.56 51.29
2.79 6.54 1.37 0.47 43.67 39.98 46.76 51.41
2.58 6.02 1.27 0.45 44.01 40.34 47.10 51.57
2.63 6.12 1.31 0.46 43.93 40.26 46.97 51.52
2.65 6.14 1.40 0.43 43.89 40.25 46.67 51.86
2.66 6.13 1.46 0.40 43.88 40.26 46.50 52.11
2.89 6.58 1.60 0.49 43.52 39.95 46.08 51.27
3.09 7.03 1.73 0.51 43.23 39.66 45.76 51.07
3.27 7.48 1.80 0.52 42.99 39.39 45.59 50.97
3.32 7.60 1.85 0.52 42.92 39.32 45.46 51.00
3.54 8.14 1.95 0.54 42.64 39.02 45.24 50.79
3.61 8.29 1.97 0.55 42.56 38.95 45.18 50.69
3.83 8.70 2.17 0.62 42.30 38.74 44.77 50.21
3.80 8.78 2.02 0.57 42.34 38.69 45.07 50.55
3.31 7.54 1.85 0.54 42.93 39.36 45.45 50.83
2.90 6.54 1.67 0.50 43.50 39.97 45.90 51.19
2.92 6.49 1.75 0.52 43.48 40.01 45.71 50.97
2.69 5.96 1.62 0.49 43.84 40.38 46.04 51.25
2.54 5.62 1.54 0.46 44.09 40.63 46.27 51.51
2.24 4.97 1.37 0.39 44.62 41.17 46.76 52.19
2.01 4.45 1.26 0.32 45.10 41.65 47.13 53.13
1.92 4.19 1.19 0.38 45.29 41.91 47.38 52.29
1.93 4.06 1.21 0.53 45.27 42.05 47.29 50.92
2.26 4.72 1.39 0.68 44.58 41.40 46.71 49.77
2.29 4.67 1.44 0.75 44.54 41.44 46.55 49.39
2.23 4.52 1.43 0.73 44.66 41.58 46.59 49.48
2.13 4.37 1.34 0.69 44.85 41.72 46.87 49.76
2.14 4.41 1.36 0.66 44.83 41.69 46.80 49.95
2.31 4.82 1.45 0.65 44.50 41.30 46.53 50.00
2.42 5.03 1.52 0.70 44.30 41.12 46.31 49.68
2.30 4.69 1.50 0.70 44.52 41.42 46.36 49.69
2.17 4.54 1.33 0.64 44.77 41.56 46.89 50.07
2.13 4.52 1.28 0.60 44.84 41.58 47.05 50.36
2.15 4.53 1.33 0.59 44.81 41.57 46.91 50.46
2.10 4.45 1.29 0.56 44.91 41.65 47.04 50.63
2.18 4.59 1.39 0.55 44.75 41.51 46.71 50.72
2.22 4.69 1.35 0.61 44.68 41.42 46.85 50.25
2.33 4.85 1.38 0.76 44.45 41.27 46.72 49.32
3.03 6.19 2.03 0.86 43.32 40.21 45.06 48.79
3.00 6.06 2.03 0.91 43.36 40.31 45.06 48.54
3.57 6.98 2.46 1.26 42.61 39.69 44.22 47.14
3.71 7.13 2.38 1.63 42.43 39.60 44.36 46.02
3.94 7.02 2.67 2.12 42.18 39.67 43.86 44.88
3.91 6.78 2.70 2.25 42.21 39.82 43.83 44.61
3.67 6.18 2.57 2.26 42.48 40.22 44.03 44.59
3.39 5.59 2.43 2.14 42.83 40.66 44.27 44.82
2.90 4.60 1.98 2.12 43.51 41.51 45.16 44.86
2.96 4.84 2.01 2.03 43.42 41.29 45.10 45.06
2.96 4.57 2.11 2.18 43.42 41.53 44.88 44.73
3.11 4.94 2.10 2.29 43.20 41.19 44.91 44.53
3.12 4.92 2.11 2.31 43.20 41.21 44.88 44.49
3.35 5.32 2.54 2.19 42.88 40.87 44.08 44.72
3.76 6.11 2.94 2.24 42.38 40.27 43.45 44.63
3.45 5.64 2.57 2.16 42.75 40.62 44.03 44.79
3.66 6.07 2.71 2.19 42.50 40.30 43.81 44.73
3.76 6.32 2.71 2.25 42.38 40.12 43.80 44.61
3.78 6.33 2.72 2.30 42.36 40.12 43.79 44.51
3.96 6.65 2.94 2.28 42.16 39.90 43.45 44.55
3.70 6.19 2.72 2.20 42.45 40.21 43.79 44.71
3.81 6.42 2.83 2.18 42.32 40.05 43.61 44.75
4.05 6.93 3.00 2.23 42.05 39.73 43.37 44.64
3.91 6.48 2.97 2.28 42.21 40.02 43.41 44.55
3.94 6.53 2.99 2.30 42.17 39.98 43.37 44.52
3.68 6.16 2.66 2.21 42.48 40.23 43.88 44.68
4.23 7.18 3.24 2.27 41.87 39.57 43.03 44.57
4.06 6.76 3.12 2.30 42.05 39.83 43.18 44.51
4.60 7.85 3.32 2.62 41.51 39.18 42.92 43.95
4.89 8.20 3.55 2.90 41.24 38.99 42.62 43.51
5.30 9.12 3.91 2.87 40.89 38.53 42.21 43.56
5.50 9.65 3.70 3.14 40.73 38.29 42.44 43.16
5.73 9.81 4.24 3.15 40.55 38.21 41.86 43.15
6.22 10.95 4.32 3.38 40.19 37.74 41.77 42.84
6.94 12.48 4.74 3.61 39.72 37.17 41.37 42.56
7.11 12.75 4.71 3.86 39.61 37.07 41.41 42.27
7.33 13.16 4.95 3.88 39.48 36.94 41.18 42.24
6.67 11.96 4.37 3.66 39.89 37.35 41.72 42.50
5.80 10.41 3.70 3.30 40.49 37.96 42.44 42.95
5.52 10.31 3.46 2.80 40.71 38.00 42.74 43.66
5.73 10.94 3.55 2.68 40.55 37.74 42.63 43.85
5.32 10.14 3.49 2.34 40.87 38.07 42.71 44.45
4.68 9.10 2.89 2.03 41.43 38.54 43.52 45.06
4.61 9.22 2.73 1.90 41.49 38.48 43.78 45.35
4.31 8.58 2.55 1.79 41.79 38.79 44.07 45.60
4.69 9.68 2.65 1.73 41.43 38.29 43.91 45.74
4.85 9.98 2.79 1.77 41.28 38.15 43.68 45.66
5.02 10.31 2.99 1.78 41.15 38.03 43.40 45.63
4.67 9.65 2.74 1.62 41.45 38.30 43.77 46.05
4.38 9.18 2.51 1.46 41.72 38.51 44.15 46.49
4.91 10.20 2.83 1.69 41.25 38.08 43.63 45.87
4.89 10.07 2.84 1.77 41.25 38.12 43.61 45.67
4.80 9.98 2.81 1.63 41.35 38.17 43.68 46.04
4.21 8.74 2.42 1.48 41.93 38.77 44.33 46.47
4.29 8.97 2.42 1.48 41.85 38.65 44.33 46.46
4.74 9.83 2.68 1.71 41.40 38.25 43.87 45.81
4.96 10.20 2.82 1.86 41.20 38.08 43.64 45.43
5.16 10.73 2.90 1.86 41.03 37.85 43.51 45.46
4.93 10.35 2.75 1.71 41.23 38.01 43.76 45.82
5.37 11.44 2.95 1.72 40.86 37.58 43.45 45.81
5.37 11.56 2.83 1.72 40.86 37.53 43.63 45.79
5.40 11.66 2.84 1.70 40.83 37.49 43.61 45.84
5.51 11.94 2.99 1.61 40.73 37.38 43.38 46.07
6.56 14.58 3.39 1.73 39.97 36.50 42.84 45.76
6.34 14.14 3.25 1.63 40.13 36.64 43.03 46.02
5.85 12.97 3.10 1.49 40.47 37.01 43.22 46.41
4.65 10.26 2.47 1.22 41.46 38.03 44.21 47.27
4.50 10.02 2.25 1.23 41.60 38.13 44.61 47.24
3.85 8.65 1.98 0.91 42.28 38.77 45.17 48.52
3.32 7.50 1.75 0.71 42.92 39.39 45.71 49.61
3.01 6.83 1.62 0.59 43.34 39.79 46.04 50.45
2.84 6.43 1.51 0.56 43.60 40.05 46.34 50.61
2.41 5.53 1.31 0.39 44.31 40.70 46.97 52.18
2.63 6.10 1.41 0.39 43.92 40.28 46.65 52.20
2.61 6.03 1.39 0.40 43.97 40.33 46.69 52.13
2.65 6.00 1.40 0.55 43.90 40.36 46.68 50.74
2.71 6.01 1.51 0.60 43.80 40.34 46.33 50.32
2.53 5.67 1.38 0.53 44.10 40.60 46.72 50.86
2.28 5.15 1.23 0.48 44.55 41.01 47.25 51.35
2.34 5.28 1.27 0.46 44.44 40.90 47.09 51.48
2.34 5.34 1.24 0.45 44.43 40.85 47.20 51.57
2.52 5.69 1.34 0.53 44.12 40.58 46.87 50.93
2.57 5.76 1.41 0.53 44.04 40.53 46.64 50.88
2.51 5.65 1.35 0.52 44.14 40.61 46.85 50.97
2.28 5.09 1.24 0.52 44.55 41.06 47.21 50.97
2.31 5.17 1.26 0.49 44.50 41.00 47.14 51.17
2.37 5.36 1.22 0.53 44.38 40.83 47.25 50.94
2.55 5.73 1.32 0.61 44.06 40.54 46.94 50.30
3.06 6.80 1.57 0.80 43.28 39.81 46.19 49.09
3.30 7.30 1.62 0.97 42.95 39.50 46.03 48.27
3.69 8.04 1.82 1.21 42.46 39.07 45.55 47.30
4.16 8.96 2.20 1.32 41.94 38.61 44.72 46.91
4.41 9.35 2.40 1.47 41.69 38.42 44.33 46.45
5.05 10.71 2.75 1.69 41.10 37.84 43.73 45.86
5.86 12.38 3.35 1.85 40.45 37.20 42.87 45.46
5.56 11.72 3.16 1.81 40.68 37.44 43.13 45.57
5.17 11.03 2.84 1.64 41.00 37.70 43.60 45.97
4.76 10.14 2.63 1.52 41.35 38.07 43.94 46.32
4.50 9.57 2.50 1.44 41.59 38.32 44.15 46.53
3.96 8.11 2.26 1.50 42.16 39.04 44.60 46.36
3.98 7.95 2.35 1.65 42.13 39.12 44.43 45.97
3.87 7.60 2.41 1.61 42.25 39.32 44.31 46.07
3.50 6.87 2.12 1.53 42.68 39.77 44.87 46.29
3.27 6.21 1.99 1.61 42.98 40.20 45.14 46.05
3.47 6.53 2.13 1.74 42.73 39.98 44.84 45.73
