4.28 8.57 2.55 1.73 41.81 38.80 44.06 45.76
4.10 8.19 2.43 1.66 42.01 39.00 44.27 45.92
4.27 8.64 2.52 1.66 41.82 38.77 44.11 45.93
4.15 8.25 2.54 1.67 41.95 38.97 44.09 45.90
4.32 8.68 2.63 1.63 41.78 38.74 43.93 46.00
4.28 8.77 2.47 1.60 41.81 38.70 44.20 46.08
4.40 9.10 2.46 1.64 41.70 38.54 44.22 45.98
4.48 9.24 2.48 1.73 41.62 38.47 44.19 45.75
4.61 9.47 2.55 1.80 41.49 38.37 44.06 45.57
4.34 8.77 2.51 1.74 41.76 38.70 44.14 45.71
4.79 10.03 2.53 1.81 41.33 38.12 44.10 45.56
4.47 9.38 2.41 1.64 41.62 38.41 44.31 45.98
4.93 10.50 2.66 1.63 41.20 37.92 43.88 46.00
5.51 11.84 3.00 1.70 40.72 37.40 43.35 45.82
5.88 12.68 3.09 1.86 40.44 37.10 43.23 45.44
5.71 12.48 2.96 1.69 40.56 37.17 43.41 45.86
6.50 14.55 3.38 1.56 40.00 36.50 42.84 46.19
7.20 16.29 3.57 1.74 39.56 36.01 42.60 45.72
7.90 17.65 4.16 1.88 39.16 35.66 41.94 45.40
7.49 16.71 3.78 1.96 39.39 35.90 42.36 45.20
7.27 16.20 3.74 1.86 39.52 36.04 42.40 45.44
6.32 14.32 3.13 1.50 40.13 36.57 43.17 46.38
4.97 11.31 2.42 1.19 41.16 37.60 44.30 47.38
4.42 9.95 2.23 1.07 41.68 38.15 44.64 47.84
3.81 8.72 1.91 0.80 42.32 38.73 45.33 49.09
3.70 8.65 1.76 0.70 42.45 38.76 45.69 49.71
3.29 7.72 1.47 0.69 42.95 39.25 46.46 49.73
3.48 8.11 1.59 0.73 42.72 39.04 46.10 49.50
3.53 8.22 1.59 0.78 42.65 38.99 46.12 49.22
3.44 7.98 1.56 0.80 42.76 39.11 46.22 49.08
2.84 6.24 1.45 0.83 43.60 40.18 46.52 48.94
2.74 5.94 1.45 0.83 43.76 40.40 46.52 48.94
2.76 5.99 1.43 0.84 43.74 40.37 46.59 48.89
2.80 6.15 1.44 0.83 43.66 40.26 46.56 48.96
2.77 6.04 1.45 0.82 43.72 40.34 46.53 48.99
2.72 6.02 1.36 0.78 43.80 40.35 46.80 49.20
2.63 5.79 1.34 0.74 43.94 40.51 46.85 49.44
2.64 5.85 1.34 0.72 43.93 40.47 46.86 49.57
2.53 5.62 1.29 0.69 44.11 40.65 47.05 49.74
2.28 5.19 1.12 0.55 44.55 40.99 47.66 50.70
2.16 5.05 1.01 0.41 44.81 41.12 48.10 51.98
2.13 4.98 1.02 0.39 44.87 41.19 48.06 52.21
2.38 5.42 1.18 0.55 44.38 40.81 47.42 50.75
2.63 5.81 1.41 0.66 43.95 40.51 46.64 49.92
2.77 6.08 1.55 0.68 43.73 40.31 46.25 49.80
2.93 6.46 1.68 0.67 43.47 40.05 45.90 49.85
2.79 6.12 1.59 0.67 43.69 40.29 46.14 49.86
3.04 6.67 1.82 0.64 43.32 39.91 45.55 50.08
3.13 6.86 1.90 0.63 43.20 39.79 45.34 50.15
3.17 6.89 1.86 0.75 43.14 39.77 45.44 49.37
3.09 6.73 1.83 0.72 43.23 39.86 45.50 49.58
3.22 7.06 1.85 0.75 43.06 39.66 45.47 49.36
2.90 6.31 1.69 0.71 43.51 40.13 45.87 49.65
2.48 5.33 1.45 0.66 44.19 40.87 46.51 49.95
2.34 4.98 1.42 0.63 44.44 41.17 46.60 50.15
2.22 4.66 1.41 0.59 44.67 41.45 46.63 50.41
1.90 3.98 1.20 0.52 45.35 42.14 47.35 50.99
1.79 3.76 1.13 0.50 45.60 42.39 47.62 51.18
1.70 3.57 1.06 0.47 45.83 42.61 47.89 51.39
1.76 3.68 1.11 0.50 45.67 42.48 47.68 51.11
1.93 4.05 1.24 0.49 45.29 42.07 47.20 51.20
1.98 4.17 1.29 0.47 45.17 41.93 47.04 51.37
1.75 3.67 1.13 0.45 45.70 42.49 47.60 51.62
1.70 3.71 1.07 0.34 45.81 42.45 47.82 52.84
1.55 3.29 1.00 0.34 46.24 42.96 48.13 52.74
1.67 3.61 1.05 0.36 45.89 42.56 47.91 52.57
1.88 3.95 1.21 0.49 45.39 42.17 47.32 51.26
1.82 3.81 1.18 0.47 45.54 42.34 47.42 51.38
1.76 3.69 1.14 0.45 45.68 42.47 47.55 51.60
1.77 3.81 1.11 0.39 45.65 42.32 47.67 52.27
1.69 3.64 1.07 0.37 45.85 42.53 47.84 52.40
1.60 3.42 1.03 0.36 46.08 42.79 48.01 52.60
1.67 3.45 1.12 0.46 45.90 42.76 47.66 51.54
1.67 3.41 1.13 0.45 45.91 42.80 47.59 51.59
1.68 3.50 1.08 0.45 45.88 42.69 47.80 51.61
1.98 4.05 1.35 0.56 45.16 42.06 46.85 50.67
2.39 4.63 1.62 0.94 44.34 41.48 46.04 48.38
2.81 5.30 1.94 1.21 43.64 40.89 45.27 47.30
2.95 5.44 1.97 1.44 43.44 40.78 45.19 46.56
3.31 6.02 2.23 1.68 42.94 40.34 44.66 45.87
3.40 6.04 2.30 1.86 42.82 40.32 44.52 45.44
3.26 5.57 2.24 1.96 43.00 40.68 44.62 45.21
3.11 5.22 2.21 1.92 43.20 40.96 44.70 45.29
2.89 4.76 2.02 1.88 43.53 41.36 45.09 45.39
2.94 4.78 2.18 1.85 43.45 41.34 44.74 45.45
2.85 4.58 1.96 2.01 43.58 41.52 45.22 45.10
2.81 4.38 2.08 1.98 43.64 41.72 44.96 45.16
2.81 4.41 2.02 1.99 43.65 41.69 45.09 45.15
2.57 4.00 1.83 1.89 44.03 42.11 45.51 45.36
2.58 4.12 1.78 1.84 44.02 41.98 45.62 45.50
2.74 4.53 1.68 2.02 43.76 41.58 45.89 45.08
2.93 4.94 1.91 1.95 43.46 41.20 45.31 45.24
2.96 4.64 2.01 2.24 43.41 41.47 45.09 44.63
2.81 4.49 1.92 2.00 43.65 41.61 45.30 45.12
2.67 4.30 1.67 2.05 43.86 41.80 45.90 45.01
2.70 4.32 1.74 2.04 43.82 41.78 45.73 45.04
2.64 4.24 1.65 2.03 43.92 41.87 45.95 45.06
3.08 5.06 2.18 1.99 43.26 41.09 44.76 45.15
3.10 5.03 2.13 2.14 43.23 41.13 44.86 44.83
3.25 5.24 2.32 2.20 43.02 40.95 44.48 44.72
3.09 4.95 2.23 2.08 43.24 41.19 44.64 44.95
3.21 5.10 2.34 2.18 43.08 41.07 44.44 44.77
3.62 5.94 2.65 2.28 42.55 40.40 43.91 44.57
3.65 6.08 2.71 2.16 42.52 40.30 43.81 44.79
3.94 6.67 3.12 2.03 42.18 39.90 43.19 45.06
4.21 7.34 3.03 2.26 41.90 39.48 43.33 44.60
4.61 8.22 3.10 2.52 41.49 38.98 43.22 44.12
4.65 8.14 3.29 2.53 41.46 39.03 42.97 44.11
4.75 8.37 3.29 2.58 41.37 38.90 42.96 44.02
5.61 10.09 3.88 2.84 40.64 38.09 42.24 43.59
5.69 10.16 3.89 3.03 40.58 38.06 42.24 43.31
5.44 9.79 3.55 2.97 40.78 38.22 42.62 43.41
5.42 9.68 3.63 2.96 40.79 38.28 42.54 43.41
4.91 8.99 3.05 2.69 41.23 38.60 43.29 43.84
4.66 8.70 2.83 2.45 41.46 38.75 43.62 44.25
4.33 7.77 2.78 2.45 41.76 39.23 43.69 44.23
4.01 7.26 2.39 2.38 42.10 39.53 44.35 44.36
3.40 6.33 1.92 1.94 42.83 40.13 45.30 45.25
3.07 5.88 1.73 1.61 43.28 40.46 45.77 46.09
3.20 6.26 1.79 1.55 43.10 40.18 45.61 46.25
3.35 6.78 1.75 1.53 42.88 39.82 45.70 46.28
3.54 7.22 1.96 1.45 42.64 39.55 45.22 46.51
3.52 7.24 1.88 1.44 42.66 39.53 45.38 46.54
3.39 6.98 1.84 1.36 42.83 39.69 45.49 46.80
3.22 6.69 1.71 1.25 43.06 39.88 45.80 47.17
3.26 6.67 1.78 1.34 43.00 39.89 45.63 46.87
3.06 6.18 1.73 1.27 43.28 40.22 45.75 47.10
3.31 6.74 1.78 1.41 42.93 39.85 45.63 46.63
3.22 6.51 1.76 1.40 43.05 40.00 45.67 46.67
3.35 6.82 1.81 1.42 42.88 39.80 45.55 46.63
3.40 7.03 1.77 1.38 42.82 39.66 45.65 46.72
3.44 7.15 1.89 1.27 42.77 39.59 45.37 47.10
3.47 7.26 1.88 1.27 42.73 39.52 45.39 47.09
3.58 7.54 1.92 1.27 42.60 39.36 45.29 47.08
4.02 8.57 2.11 1.37 42.09 38.80 44.90 46.77
4.01 8.40 2.17 1.48 42.10 38.89 44.78 46.43
4.24 8.94 2.28 1.50 41.86 38.62 44.55 46.38
4.84 10.43 2.55 1.55 41.28 37.95 44.07 46.24
5.12 11.22 2.69 1.45 41.05 37.63 43.85 46.53
5.09 11.36 2.59 1.33 41.06 37.58 44.00 46.89
5.13 11.43 2.62 1.33 41.03 37.55 43.95 46.89
4.90 10.95 2.50 1.27 41.22 37.74 44.14 47.11
4.26 9.47 2.14 1.17 41.84 38.37 44.83 47.46
3.68 8.21 1.84 1.01 42.47 38.99 45.48 48.10
3.43 7.68 1.70 0.92 42.78 39.28 45.84 48.50
2.98 6.76 1.48 0.70 43.39 39.84 46.41 49.68
2.55 5.86 1.27 0.53 44.06 40.45 47.11 50.86
2.50 5.78 1.24 0.47 44.17 40.52 47.22 51.40
2.56 5.90 1.30 0.47 44.06 40.42 46.98 51.44
2.56 5.92 1.30 0.46 44.05 40.42 46.98 51.48
2.69 6.19 1.41 0.48 43.84 40.22 46.65 51.36
2.74 6.32 1.42 0.46 43.77 40.14 46.60 51.50
2.56 5.90 1.35 0.44 44.05 40.43 46.84 51.66
2.32 5.32 1.25 0.37 44.50 40.89 47.18 52.40
2.36 5.46 1.23 0.37 44.43 40.78 47.23 52.41
2.52 5.96 1.23 0.37 44.13 40.39 47.25 52.49
2.47 5.72 1.26 0.44 44.20 40.57 47.12 51.72
2.52 5.76 1.30 0.48 44.14 40.54 46.99 51.31
2.50 5.77 1.26 0.47 44.16 40.53 47.14 51.43
2.33 5.35 1.18 0.45 44.47 40.86 47.42 51.63
2.31 5.32 1.18 0.44 44.51 40.90 47.41 51.69
2.34 5.39 1.23 0.40 44.46 40.84 47.26 52.10
2.29 5.23 1.27 0.37 44.56 40.98 47.09 52.49
2.44 5.54 1.38 0.42 44.28 40.73 46.77 51.97
2.67 6.03 1.53 0.44 43.89 40.35 46.29 51.68
2.77 6.30 1.54 0.46 43.72 40.16 46.26 51.53
2.95 6.67 1.67 0.49 43.45 39.90 45.90 51.24
3.09 7.02 1.74 0.51 43.24 39.68 45.73 51.10
3.23 7.40 1.75 0.53 43.05 39.45 45.71 50.88
3.44 7.80 1.92 0.59 42.78 39.22 45.30 50.42
3.15 7.13 1.78 0.55 43.15 39.61 45.63 50.75
2.94 6.62 1.68 0.52 43.45 39.93 45.88 50.99
2.60 5.81 1.51 0.47 43.99 40.49 46.34 51.38
2.50 5.52 1.51 0.47 44.16 40.72 46.36 51.41
2.40 5.25 1.49 0.46 44.33 40.93 46.40 51.52
2.20 4.80 1.39 0.43 44.70 41.32 46.70 51.81
1.98 4.33 1.24 0.37 45.17 41.77 47.18 52.50
1.68 3.64 1.11 0.29 45.88 42.52 47.66 53.59
1.66 3.49 1.11 0.36 45.94 42.70 47.68 52.56
1.62 3.34 1.06 0.47 46.03 42.89 47.89 51.44
1.95 4.04 1.24 0.57 45.24 42.08 47.21 50.60
1.96 4.02 1.26 0.61 45.21 42.10 47.12 50.30
1.88 3.82 1.21 0.60 45.40 42.31 47.30 50.36
1.84 3.74 1.17 0.59 45.50 42.41 47.43 50.44
1.83 3.74 1.19 0.57 45.50 42.41 47.40 50.57
1.93 4.01 1.25 0.53 45.28 42.12 47.16 50.85
1.97 4.10 1.26 0.55 45.20 42.03 47.12 50.69
2.05 4.19 1.34 0.62 45.02 41.92 46.85 50.19
1.94 4.02 1.21 0.58 45.27 42.10 47.32 50.47
1.91 4.03 1.16 0.55 45.32 42.09 47.50 50.70
1.92 4.03 1.19 0.53 45.32 42.10 47.40 50.87
1.88 3.95 1.17 0.52 45.40 42.19 47.45 50.98
1.98 4.15 1.27 0.52 45.17 41.96 47.09 50.98
1.99 4.16 1.23 0.56 45.16 41.96 47.22 50.64
2.13 4.38 1.30 0.70 44.86 41.72 46.98 49.71
2.67 5.49 1.76 0.76 43.87 40.74 45.68 49.30
2.64 5.34 1.78 0.79 43.93 40.87 45.63 49.15
3.10 6.13 2.09 1.08 43.22 40.26 44.92 47.80
3.26 6.26 2.19 1.31 43.01 40.17 44.72 46.94
3.35 5.91 2.29 1.83 42.89 40.42 44.53 45.51
3.45 5.92 2.35 2.08 42.75 40.41 44.42 44.96
3.22 5.38 2.25 2.03 43.05 40.82 44.61 45.05
2.88 4.65 2.04 1.96 43.54 41.46 45.03 45.22
2.47 3.91 1.72 1.77 44.21 42.21 45.76 45.64
2.41 3.87 1.68 1.69 44.31 42.26 45.88 45.86
2.50 3.83 1.82 1.85 44.16 42.30 45.54 45.47
2.50 3.91 1.79 1.80 44.15 42.21 45.61 45.58
2.45 3.82 1.70 1.82 44.24 42.31 45.83 45.52
2.89 4.49 2.27 1.91 43.52 41.60 44.58 45.32
3.23 5.21 2.55 1.94 43.03 40.96 44.06 45.25
3.06 4.92 2.32 1.93 43.28 41.22 44.47 45.28
3.22 5.28 2.44 1.93 43.06 40.91 44.25 45.27
3.23 5.37 2.37 1.96 43.04 40.83 44.39 45.22
3.35 5.52 2.43 2.12 42.88 40.72 44.28 44.88
3.50 5.79 2.59 2.11 42.70 40.51 44.00 44.89
3.29 5.40 2.46 2.01 42.96 40.81 44.22 45.09
3.40 5.58 2.62 2.02 42.81 40.67 43.95 45.08
3.64 6.10 2.75 2.08 42.52 40.28 43.74 44.95
3.57 5.86 2.78 2.06 42.61 40.45 43.69 44.99
3.50 5.70 2.70 2.10 42.70 40.58 43.82 44.92
3.25 5.44 2.38 1.91 43.02 40.78 44.36 45.33
3.68 6.16 2.89 1.98 42.48 40.24 43.52 45.16
3.57 5.89 2.75 2.07 42.61 40.43 43.73 44.98
4.07 7.01 2.93 2.28 42.03 39.68 43.46 44.55
4.25 7.11 3.11 2.54 41.85 39.62 43.21 44.09
4.75 8.20 3.47 2.57 41.37 39.00 42.72 44.03
4.98 8.77 3.28 2.90 41.16 38.70 42.98 43.51
5.21 8.92 3.79 2.93 40.96 38.63 42.35 43.46
5.80 10.36 3.96 3.07 40.50 37.98 42.16 43.26
6.57 11.93 4.31 3.48 39.95 37.37 41.79 42.72
6.66 11.94 4.38 3.67 39.90 37.36 41.73 42.49
6.69 12.05 4.37 3.65 39.88 37.33 41.73 42.51
6.23 11.20 4.00 3.49 40.19 37.65 42.12 42.71
5.68 10.18 3.58 3.29 40.59 38.06 42.59 42.96
5.28 9.81 3.32 2.71 40.91 38.22 42.92 43.79
5.20 9.90 3.23 2.46 40.98 38.18 43.04 44.24
5.11 9.67 3.32 2.33 41.05 38.28 42.92 44.46
4.64 8.97 2.86 2.09 41.47 38.61 43.57 44.93
4.22 8.36 2.50 1.81 41.88 38.91 44.15 45.55
4.13 8.19 2.42 1.77 41.98 39.00 44.29 45.65
4.41 8.89 2.58 1.77 41.68 38.64 44.02 45.64
4.41 8.90 2.63 1.69 41.69 38.64 43.93 45.85
4.38 8.83 2.65 1.67 41.71 38.67 43.90 45.90
4.14 8.39 2.53 1.52 41.96 38.89 44.11 46.32
3.99 8.32 2.28 1.38 42.12 38.93 44.54 46.74
4.25 8.64 2.57 1.52 41.85 38.76 44.03 46.31
4.33 8.79 2.59 1.62 41.76 38.69 43.99 46.05
4.23 8.62 2.54 1.53 41.87 38.78 44.09 46.27
3.61 7.42 2.11 1.31 42.55 39.42 44.89 46.96
3.79 7.82 2.15 1.40 42.34 39.20 44.80 46.68
4.06 8.25 2.39 1.53 42.05 38.97 44.34 46.28
4.34 8.69 2.54 1.77 41.76 38.74 44.08 45.67
4.48 9.15 2.60 1.70 41.62 38.52 43.99 45.83
4.29 8.85 2.46 1.56 41.80 38.66 44.23 46.20
4.72 9.87 2.69 1.61 41.39 38.19 43.83 46.06
4.84 10.23 2.66 1.63 41.28 38.03 43.87 46.03
4.63 9.79 2.56 1.54 41.48 38.22 44.05 46.27
5.06 10.77 2.83 1.59 41.09 37.81 43.61 46.13
5.74 12.54 3.06 1.62 40.54 37.15 43.29 46.04
5.44 11.97 2.89 1.46 40.78 37.35 43.52 46.48
4.88 10.74 2.58 1.34 41.25 37.83 44.04 46.87
3.95 8.60 2.12 1.12 42.17 38.79 44.87 47.66
3.82 8.35 1.98 1.11 42.32 38.92 45.16 47.68
3.27 7.22 1.73 0.86 42.99 39.56 45.77 48.78
2.84 6.29 1.56 0.69 43.59 40.15 46.20 49.76
2.64 5.90 1.43 0.59 43.92 40.43 46.59 50.44
2.50 5.56 1.37 0.58 44.15 40.69 46.78 50.51
2.36 5.37 1.29 0.42 44.41 40.84 47.02 51.89
2.32 5.25 1.28 0.42 44.49 40.95 47.05 51.88
2.20 4.95 1.24 0.41 44.72 41.20 47.21 52.02
2.42 5.42 1.30 0.54 44.30 40.80 46.99 50.85
2.51 5.52 1.42 0.59 44.14 40.72 46.63 50.39
2.34 5.19 1.29 0.53 44.45 40.99 47.04 50.91
2.13 4.73 1.16 0.48 44.87 41.39 47.47 51.33
2.14 4.76 1.18 0.47 44.85 41.37 47.41 51.43
2.18 4.90 1.16 0.46 44.77 41.24 47.49 51.45
2.34 5.24 1.26 0.53 44.45 40.96 47.14 50.92
2.38 5.28 1.34 0.53 44.37 40.92 46.85 50.91
2.34 5.21 1.28 0.52 44.46 40.99 47.06 51.00
2.12 4.70 1.16 0.51 44.87 41.43 47.48 51.03
2.17 4.80 1.19 0.50 44.78 41.33 47.36 51.13
2.22 4.97 1.18 0.52 44.67 41.18 47.41 51.00
2.36 5.27 1.23 0.57 44.41 40.93 47.22 50.54
2.75 6.08 1.43 0.75 43.74 40.30 46.59 49.40
3.08 6.74 1.54 0.94 43.25 39.85 46.24 48.38
3.46 7.46 1.78 1.12 42.75 39.41 45.64 47.63
3.95 8.43 2.12 1.29 42.17 38.87 44.87 47.04
4.21 8.82 2.36 1.44 41.90 38.69 44.42 46.54
4.72 9.95 2.58 1.63 41.39 38.16 44.02 46.01
5.37 11.26 3.09 1.76 40.83 37.62 43.24 45.68
5.12 10.69 2.93 1.74 41.04 37.85 43.47 45.73
4.87 10.33 2.71 1.58 41.26 37.99 43.80 46.15
4.49 9.47 2.50 1.49 41.61 38.37 44.15 46.41
4.20 8.78 2.39 1.41 41.91 38.70 44.35 46.64
3.72 7.55 2.16 1.45 42.43 39.36 44.79 46.51
3.71 7.36 2.21 1.56 42.44 39.47 44.69 46.21
3.61 7.06 2.25 1.53 42.56 39.65 44.63 46.28
3.20 6.19 1.96 1.45 43.09 40.22 45.20 46.53
2.91 5.49 1.79 1.46 43.50 40.75 45.60 46.50
3.09 5.76 1.93 1.58 43.25 40.55 45.28 46.16
