4.28 8.57 2.55 1.73 41.81 38.80 44.06 45.76
4.10 8.19 2.43 1.66 42.01 39.00 44.27 45.92
4.27 8.64 2.52 1.66 41.82 38.77 44.11 45.93
4.15 8.25 2.54 1.67 41.95 38.97 44.09 45.90
4.32 8.68 2.63 1.63 41.78 38.74 43.93 46.00
4.28 8.77 2.47 1.60 41.81 38.70 44.20 46.08
4.40 9.10 2.46 1.64 41.70 38.54 44.22 45.98
4.48 9.24 2.48 1.73 41.62 38.47 44.19 45.75
4.61 9.47 2.55 1.80 41.49 38.37 44.06 45.57
4.34 8.77 2.51 1.74 41.76 38.70 44.14 45.71
4.79 10.03 2.53 1.81 41.33 38.12 44.10 45.56
4.47 9.38 2.41 1.64 41.62 38.41 44.31 45.98
4.93 10.50 2.66 1.63 41.20 37.92 43.88 46.00
5.51 11.84 3.00 1.70 40.72 37.40 43.35 45.82
5.88 12.68 3.09 1.86 40.44 37.10 43.23 45.44
5.71 12.48 2.96 1.69 40.56 37.17 43.41 45.86
6.50 14.55 3.38 1.56 40.00 36.50 42.84 46.19
7.20 16.29 3.57 1.74 39.56 36.01 42.60 45.72
7.90 17.65 4.16 1.88 39.16 35.66 41.94 45.40
7.49 16.71 3.78 1.96 39.39 35.90 42.36 45.20
7.27 16.20 3.74 1.86 39.52 36.04 42.40 45.44
6.32 14.32 3.13 1.50 40.13 36.57 43.17 46.38
4.97 11.31 2.42 1.19 41.16 37.60 44.30 47.38
4.42 9.95 2.23 1.07 41.68 38.15 44.64 47.84
3.81 8.72 1.91 0.80 42.32 38.73 45.33 49.09
3.71 8.68 1.76 0.69 42.44 38.75 45.69 49.74
3.29 7.72 1.47 0.69 42.96 39.26 46.47 49.72
3.47 8.10 1.59 0.74 42.72 39.04 46.12 49.48
3.54 8.23 1.59 0.78 42.65 38.97 46.12 49.20
3.42 7.93 1.53 0.79 42.79 39.14 46.28 49.14
3.00 6.65 1.51 0.84 43.36 39.90 46.35 48.88
2.93 6.43 1.51 0.86 43.46 40.05 46.34 48.79
2.93 6.44 1.49 0.87 43.46 40.04 46.38 48.75
3.00 6.67 1.49 0.83 43.37 39.89 46.39 48.97
2.97 6.57 1.52 0.83 43.40 39.96 46.31 48.94
2.90 6.48 1.42 0.79 43.51 40.02 46.61 49.14
2.80 6.23 1.44 0.74 43.66 40.19 46.56 49.44
2.82 6.30 1.41 0.74 43.64 40.13 46.64 49.47
2.72 6.08 1.37 0.70 43.79 40.29 46.76 49.68
2.44 5.58 1.17 0.56 44.26 40.66 47.43 50.60
2.31 5.44 1.06 0.43 44.50 40.78 47.88 51.80
2.33 5.50 1.08 0.41 44.46 40.73 47.80 52.04
2.59 5.95 1.25 0.57 44.00 40.38 47.15 50.60
2.83 6.28 1.52 0.69 43.61 40.15 46.30 49.76
2.99 6.58 1.65 0.73 43.38 39.95 45.96 49.53
3.32 7.29 1.92 0.75 42.93 39.51 45.31 49.38
3.02 6.65 1.70 0.72 43.32 39.91 45.83 49.53
3.29 7.29 1.91 0.66 42.96 39.50 45.32 49.94
3.52 7.80 2.07 0.68 42.67 39.21 44.96 49.82
3.44 7.58 1.96 0.79 42.76 39.34 45.21 49.14
3.31 7.28 1.91 0.74 42.94 39.51 45.33 49.47
3.49 7.75 1.93 0.81 42.70 39.24 45.28 49.08
3.13 6.90 1.73 0.75 43.18 39.74 45.74 49.41
2.70 5.87 1.52 0.71 43.83 40.45 46.32 49.64
2.56 5.51 1.51 0.67 44.04 40.72 46.35 49.89
2.34 5.03 1.38 0.60 44.44 41.12 46.73 50.32
2.05 4.40 1.21 0.53 45.02 41.70 47.31 50.86
1.99 4.28 1.17 0.51 45.15 41.82 47.44 51.08
1.85 3.98 1.09 0.47 45.47 42.13 47.75 51.44
1.86 3.95 1.13 0.49 45.44 42.17 47.58 51.21
2.14 4.62 1.30 0.49 44.84 41.48 47.01 51.24
2.23 4.81 1.40 0.49 44.64 41.31 46.65 51.26
1.99 4.26 1.23 0.48 45.14 41.84 47.22 51.34
1.96 4.33 1.20 0.37 45.20 41.76 47.35 52.49
1.83 4.00 1.11 0.37 45.51 42.12 47.67 52.39
1.93 4.24 1.17 0.38 45.28 41.86 47.44 52.33
2.17 4.58 1.37 0.55 44.77 41.53 46.77 50.71
2.17 4.62 1.35 0.53 44.78 41.49 46.84 50.88
1.97 4.21 1.23 0.47 45.19 41.89 47.25 51.42
1.84 3.99 1.16 0.37 45.49 42.13 47.48 52.49
1.89 4.14 1.17 0.36 45.36 41.96 47.45 52.56
1.76 3.83 1.09 0.35 45.68 42.30 47.74 52.65
1.91 4.08 1.23 0.45 45.31 42.03 47.25 51.62
1.77 3.72 1.16 0.42 45.66 42.42 47.48 51.88
1.86 3.99 1.14 0.43 45.45 42.12 47.55 51.79
2.28 4.76 1.51 0.57 44.55 41.35 46.33 50.58
2.76 5.43 1.84 1.02 43.72 40.78 45.48 48.04
3.33 6.39 2.24 1.35 42.91 40.08 44.62 46.84
3.60 6.79 2.30 1.72 42.56 39.81 44.50 45.78
3.91 7.24 2.53 1.95 42.21 39.53 44.09 45.24
4.10 7.34 2.74 2.22 42.00 39.47 43.75 44.68
3.93 6.75 2.64 2.40 42.18 39.83 43.92 44.32
3.79 6.46 2.60 2.31 42.34 40.03 43.99 44.48
3.36 5.63 2.30 2.16 42.87 40.63 44.51 44.80
3.39 5.57 2.47 2.12 42.83 40.67 44.20 44.87
3.21 5.22 2.16 2.22 43.07 40.95 44.78 44.66
3.22 5.13 2.30 2.24 43.05 41.03 44.52 44.63
3.16 5.08 2.24 2.16 43.14 41.08 44.63 44.78
2.84 4.40 1.93 2.18 43.60 41.69 45.27 44.76
2.98 4.87 1.98 2.09 43.39 41.26 45.17 44.93
2.91 4.84 1.74 2.15 43.49 41.28 45.73 44.81
3.09 5.25 1.97 2.06 43.23 40.93 45.20 44.99
3.12 4.95 2.07 2.33 43.19 41.18 44.98 44.45
2.93 4.75 1.97 2.09 43.46 41.36 45.19 44.94
2.78 4.52 1.71 2.12 43.68 41.58 45.79 44.87
2.85 4.61 1.80 2.14 43.58 41.50 45.57 44.83
2.79 4.51 1.72 2.15 43.67 41.59 45.78 44.80
3.21 5.31 2.28 2.05 43.06 40.88 44.55 45.01
3.28 5.38 2.22 2.23 42.98 40.82 44.68 44.64
3.43 5.60 2.41 2.29 42.78 40.65 44.31 44.54
3.21 5.15 2.33 2.14 43.07 41.01 44.46 44.82
3.39 5.40 2.45 2.31 42.83 40.81 44.23 44.50
3.80 6.27 2.76 2.37 42.33 40.16 43.72 44.39
3.82 6.39 2.83 2.23 42.31 40.08 43.61 44.66
4.13 7.04 3.24 2.10 41.97 39.66 43.03 44.90
4.50 7.97 3.18 2.35 41.60 39.11 43.10 44.42
4.91 8.86 3.26 2.60 41.22 38.65 43.00 43.98
4.99 8.90 3.45 2.62 41.15 38.64 42.75 43.95
5.06 9.04 3.46 2.67 41.09 38.57 42.74 43.86
6.04 11.01 4.12 2.99 40.32 37.71 41.98 43.37
6.11 11.06 4.12 3.17 40.27 37.69 41.99 43.12
5.77 10.47 3.77 3.08 40.52 37.93 42.37 43.25
5.85 10.59 3.82 3.14 40.46 37.88 42.31 43.16
5.32 9.90 3.26 2.80 40.87 38.17 43.00 43.65
5.17 9.88 3.10 2.53 40.99 38.18 43.22 44.10
4.59 8.32 2.92 2.53 41.51 38.93 43.48 44.10
4.42 8.14 2.62 2.52 41.67 39.03 43.94 44.13
3.76 7.12 2.10 2.08 42.38 39.61 44.92 44.95
3.53 6.82 1.95 1.82 42.66 39.79 45.24 45.53
3.61 7.19 1.93 1.70 42.56 39.57 45.27 45.83
3.51 7.08 1.86 1.58 42.68 39.63 45.44 46.14
3.42 6.95 1.94 1.39 42.78 39.71 45.25 46.72
3.60 7.37 1.95 1.48 42.57 39.46 45.22 46.42
3.43 7.06 1.84 1.39 42.78 39.65 45.47 46.71
3.45 7.14 1.85 1.35 42.75 39.60 45.46 46.81
3.36 6.86 1.82 1.40 42.86 39.76 45.54 46.66
3.32 6.72 1.87 1.37 42.92 39.86 45.43 46.75
3.43 6.96 1.85 1.47 42.78 39.70 45.46 46.47
3.34 6.75 1.84 1.44 42.89 39.83 45.47 46.56
3.29 6.71 1.83 1.35 42.95 39.86 45.51 46.85
3.42 7.10 1.80 1.34 42.79 39.61 45.57 46.84
3.46 7.22 1.89 1.25 42.75 39.55 45.36 47.18
3.64 7.64 1.98 1.30 42.52 39.30 45.17 47.01
3.81 8.12 2.01 1.30 42.32 39.04 45.09 46.98
4.25 9.10 2.25 1.39 41.85 38.54 44.61 46.71
3.99 8.46 2.14 1.38 42.12 38.86 44.82 46.75
4.50 9.59 2.41 1.49 41.60 38.32 44.30 46.41
5.20 11.44 2.61 1.54 40.98 37.55 43.97 46.24
5.66 12.56 2.91 1.51 40.60 37.14 43.49 46.34
5.46 12.28 2.75 1.36 40.76 37.24 43.74 46.81
5.61 12.68 2.80 1.36 40.64 37.10 43.66 46.81
5.24 11.81 2.64 1.26 40.94 37.41 43.91 47.11
4.58 10.37 2.22 1.16 41.52 37.97 44.66 47.49
4.14 9.33 2.04 1.07 41.96 38.43 45.04 47.86
3.70 8.38 1.81 0.90 42.45 38.90 45.56 48.57
3.31 7.62 1.58 0.71 42.94 39.31 46.15 49.59
2.94 6.85 1.42 0.55 43.45 39.78 46.62 50.73
2.96 6.99 1.41 0.49 43.41 39.69 46.65 51.22
2.88 6.76 1.41 0.48 43.54 39.83 46.65 51.34
3.00 7.07 1.45 0.48 43.36 39.64 46.52 51.32
2.95 6.86 1.51 0.49 43.43 39.77 46.34 51.22
3.07 7.17 1.56 0.48 43.26 39.58 46.21 51.30
2.82 6.58 1.43 0.46 43.63 39.95 46.59 51.50
2.61 6.07 1.35 0.39 43.97 40.30 46.82 52.21
2.62 6.13 1.33 0.39 43.96 40.26 46.89 52.25
2.81 6.71 1.34 0.38 43.65 39.86 46.87 52.36
2.70 6.30 1.35 0.45 43.82 40.13 46.84 51.58
2.79 6.49 1.40 0.48 43.67 40.01 46.67 51.30
2.73 6.39 1.35 0.47 43.76 40.08 46.83 51.43
2.56 5.97 1.26 0.45 44.05 40.37 47.14 51.57
2.58 6.01 1.29 0.45 44.01 40.34 47.02 51.57
2.63 6.09 1.38 0.43 43.93 40.29 46.74 51.78
2.65 6.10 1.45 0.41 43.89 40.28 46.51 52.04
2.87 6.55 1.59 0.48 43.55 39.97 46.12 51.32
3.08 7.02 1.73 0.50 43.24 39.67 45.76 51.11
3.24 7.41 1.80 0.52 43.03 39.43 45.58 50.99
3.32 7.60 1.85 0.51 42.92 39.33 45.46 51.05
3.55 8.16 1.95 0.53 42.63 39.01 45.23 50.84
3.63 8.36 1.96 0.56 42.54 38.91 45.20 50.67
3.82 8.68 2.15 0.63 42.31 38.74 44.80 50.16
3.78 8.75 2.01 0.58 42.36 38.71 45.11 50.50
3.31 7.53 1.85 0.55 42.93 39.36 45.46 50.76
2.94 6.62 1.68 0.50 43.45 39.92 45.88 51.11
2.90 6.44 1.74 0.51 43.51 40.04 45.72 51.02
2.69 5.93 1.64 0.49 43.84 40.40 45.99 51.26
2.54 5.61 1.55 0.45 44.09 40.64 46.22 51.62
2.23 4.93 1.37 0.38 44.65 41.20 46.75 52.37
1.99 4.41 1.25 0.31 45.15 41.69 47.15 53.32
1.90 4.17 1.16 0.38 45.33 41.94 47.48 52.29
1.88 3.97 1.15 0.50 45.40 42.14 47.50 51.14
2.23 4.61 1.39 0.68 44.65 41.50 46.69 49.78
2.26 4.62 1.44 0.73 44.58 41.49 46.55 49.49
2.21 4.45 1.43 0.73 44.70 41.65 46.57 49.49
2.05 4.17 1.31 0.67 45.02 41.93 46.97 49.89
2.02 4.13 1.31 0.63 45.07 41.98 46.96 50.15
2.12 4.42 1.36 0.58 44.87 41.67 46.81 50.53
2.27 4.74 1.43 0.64 44.58 41.38 46.58 50.09
2.24 4.58 1.46 0.67 44.64 41.53 46.49 49.85
2.10 4.37 1.30 0.62 44.91 41.72 47.00 50.19
2.08 4.42 1.25 0.58 44.94 41.68 47.17 50.46
2.10 4.45 1.28 0.57 44.91 41.65 47.06 50.58
2.04 4.32 1.25 0.56 45.03 41.77 47.17 50.66
2.15 4.54 1.37 0.54 44.81 41.56 46.77 50.80
2.18 4.61 1.33 0.60 44.75 41.49 46.90 50.36
2.30 4.80 1.35 0.76 44.51 41.32 46.83 49.32
3.00 6.14 2.00 0.85 43.36 40.25 45.11 48.84
2.97 6.00 2.01 0.91 43.40 40.35 45.10 48.55
3.55 6.95 2.45 1.25 42.63 39.71 44.24 47.17
3.72 7.15 2.40 1.62 42.42 39.59 44.33 46.03
3.93 7.01 2.65 2.13 42.19 39.67 43.90 44.86
3.90 6.76 2.68 2.26 42.22 39.83 43.86 44.59
3.68 6.21 2.57 2.26 42.47 40.20 44.02 44.58
3.38 5.54 2.41 2.18 42.85 40.70 44.31 44.74
2.90 4.60 1.98 2.11 43.51 41.51 45.16 44.88
2.95 4.80 2.00 2.05 43.44 41.32 45.13 45.01
2.95 4.56 2.11 2.18 43.44 41.54 44.90 44.75
3.09 4.86 2.11 2.30 43.23 41.27 44.89 44.52
3.04 4.76 2.07 2.28 43.31 41.36 44.98 44.55
3.28 5.18 2.50 2.18 42.96 40.99 44.15 44.75
3.69 5.98 2.87 2.22 42.46 40.37 43.56 44.67
3.40 5.54 2.52 2.15 42.81 40.69 44.11 44.81
3.62 6.01 2.68 2.17 42.54 40.35 43.84 44.76
3.73 6.28 2.68 2.23 42.41 40.15 43.85 44.65
3.76 6.29 2.70 2.29 42.38 40.15 43.82 44.53
3.92 6.59 2.91 2.27 42.20 39.94 43.49 44.58
3.69 6.14 2.71 2.21 42.46 40.25 43.80 44.70
3.80 6.38 2.84 2.17 42.34 40.08 43.60 44.77
4.03 6.88 3.00 2.22 42.08 39.76 43.36 44.68
3.91 6.47 3.00 2.26 42.21 40.02 43.36 44.58
3.91 6.46 2.97 2.28 42.21 40.03 43.40 44.55
3.66 6.15 2.66 2.18 42.49 40.24 43.88 44.75
4.21 7.18 3.21 2.26 41.88 39.57 43.06 44.60
4.04 6.69 3.10 2.32 42.07 39.88 43.21 44.49
4.58 7.82 3.32 2.61 41.52 39.20 42.93 43.96
4.86 8.15 3.53 2.88 41.27 39.02 42.65 43.54
5.28 9.07 3.88 2.89 40.91 38.55 42.24 43.52
5.46 9.59 3.67 3.13 40.76 38.32 42.48 43.18
5.71 9.76 4.20 3.16 40.56 38.24 41.89 43.13
6.21 10.93 4.32 3.39 40.20 37.74 41.77 42.83
6.91 12.41 4.73 3.60 39.74 37.19 41.39 42.57
7.12 12.78 4.70 3.87 39.61 37.06 41.41 42.25
7.30 13.09 4.92 3.88 39.50 36.96 41.21 42.24
6.64 11.90 4.35 3.68 39.91 37.38 41.74 42.47
5.82 10.44 3.69 3.31 40.48 37.94 42.46 42.93
5.53 10.34 3.45 2.79 40.71 37.98 42.76 43.67
5.72 10.91 3.55 2.69 40.56 37.75 42.63 43.84
5.29 10.07 3.47 2.34 40.89 38.10 42.73 44.43
4.65 9.04 2.86 2.03 41.46 38.57 43.56 45.05
4.57 9.06 2.71 1.92 41.54 38.56 43.80 45.29
4.22 8.36 2.50 1.80 41.88 38.91 44.15 45.57
4.35 8.82 2.50 1.72 41.75 38.67 44.15 45.76
4.53 9.21 2.68 1.71 41.57 38.49 43.86 45.79
4.46 9.03 2.68 1.69 41.63 38.58 43.85 45.85
4.27 8.71 2.59 1.52 41.83 38.73 44.00 46.30
4.06 8.49 2.31 1.38 42.04 38.84 44.50 46.75
4.32 8.82 2.59 1.54 41.78 38.67 44.00 46.25
4.44 9.05 2.62 1.64 41.66 38.56 43.94 45.99
4.24 8.73 2.52 1.48 41.86 38.72 44.12 46.43
3.62 7.43 2.13 1.29 42.55 39.42 44.85 47.02
3.75 7.75 2.14 1.34 42.40 39.24 44.82 46.86
4.19 8.55 2.47 1.55 41.91 38.81 44.20 46.22
4.41 8.86 2.59 1.76 41.69 38.65 43.99 45.66
4.66 9.55 2.68 1.74 41.45 38.33 43.85 45.73
4.43 9.22 2.49 1.57 41.67 38.48 44.16 46.18
4.82 10.21 2.71 1.53 41.30 38.04 43.80 46.27
4.89 10.42 2.65 1.59 41.24 37.95 43.90 46.12
4.88 10.39 2.68 1.58 41.24 37.96 43.86 46.15
5.03 10.78 2.80 1.50 41.12 37.81 43.66 46.38
6.13 13.55 3.20 1.63 40.26 36.81 43.07 46.01
5.79 12.84 3.01 1.52 40.50 37.04 43.35 46.32
5.46 12.12 2.89 1.38 40.75 37.30 43.51 46.73
4.38 9.69 2.32 1.14 41.71 38.27 44.48 47.59
4.25 9.46 2.16 1.14 41.85 38.37 44.80 47.55
3.67 8.26 1.90 0.86 42.48 38.96 45.35 48.77
3.19 7.21 1.66 0.69 43.10 39.55 45.93 49.75
2.98 6.79 1.56 0.59 43.38 39.81 46.20 50.41
2.80 6.39 1.45 0.57 43.66 40.08 46.51 50.61
2.40 5.53 1.31 0.38 44.33 40.71 46.98 52.37
2.59 6.00 1.38 0.38 44.00 40.35 46.71 52.28
2.57 5.96 1.36 0.39 44.03 40.38 46.78 52.28
2.61 5.93 1.38 0.53 43.96 40.40 46.74 50.87
2.70 6.02 1.50 0.59 43.81 40.33 46.36 50.42
2.51 5.62 1.38 0.53 44.14 40.63 46.75 50.89
2.26 5.11 1.22 0.47 44.58 41.05 47.26 51.43
2.30 5.19 1.26 0.45 44.51 40.98 47.10 51.57
2.32 5.30 1.23 0.45 44.47 40.89 47.24 51.63
2.50 5.66 1.33 0.52 44.15 40.60 46.91 50.99
2.54 5.69 1.41 0.51 44.08 40.58 46.63 51.00
2.50 5.64 1.35 0.50 44.15 40.62 46.81 51.11
2.26 5.03 1.25 0.52 44.58 41.11 47.17 50.99
2.33 5.22 1.26 0.50 44.46 40.96 47.12 51.15
2.37 5.38 1.24 0.51 44.37 40.82 47.19 51.07
2.55 5.74 1.32 0.59 44.07 40.54 46.92 50.45
3.01 6.71 1.55 0.78 43.34 39.86 46.21 49.21
3.28 7.29 1.63 0.93 42.96 39.51 46.00 48.43
3.68 8.01 1.84 1.18 42.47 39.09 45.49 47.40
4.12 8.86 2.20 1.31 41.98 38.66 44.70 46.96
4.42 9.38 2.42 1.47 41.68 38.41 44.30 46.47
5.03 10.66 2.74 1.69 41.11 37.86 43.75 45.84
5.83 12.32 3.33 1.85 40.47 37.22 42.91 45.47
5.54 11.65 3.16 1.80 40.69 37.46 43.13 45.57
5.21 11.15 2.87 1.62 40.97 37.66 43.56 46.03
4.69 9.96 2.60 1.50 41.42 38.15 43.98 46.38
4.52 9.56 2.54 1.45 41.58 38.32 44.09 46.52
3.94 8.03 2.26 1.53 42.17 39.08 44.58 46.29
3.89 7.74 2.32 1.61 42.24 39.25 44.48 46.07
3.89 7.64 2.42 1.60 42.23 39.30 44.30 46.08
3.46 6.77 2.10 1.52 42.74 39.82 44.91 46.32
3.25 6.16 1.99 1.61 43.01 40.23 45.15 46.06
3.44 6.48 2.13 1.72 42.76 40.01 44.85 45.77
