0.00 0.00 0.00 0.00 0.00 0.00 0.00 0.00
0.00 0.00 0.00 0.00 0.00 0.00 0.00 0.00
0.00 0.00 0.00 0.00 0.00 0.00 0.00 0.00
0.00 0.00 0.00 0.00 0.00 0.00 0.00 0.00
0.00 0.00 0.00 0.00 0.00 0.00 0.00 0.00
0.00 0.00 0.00 0.00 0.00 0.00 0.00 0.00
0.00 0.00 0.00 0.00 0.00 0.00 0.00 0.00
0.00 0.00 0.00 0.00 0.00 0.00 0.00 0.00
0.00 0.00 0.00 0.00 0.00 0.00 0.00 0.00
0.00 0.00 0.00 0.00 0.00 0.00 0.00 0.00
0.00 0.00 0.00 0.00 0.00 0.00 0.00 0.00
0.00 0.00 0.00 0.00 0.00 0.00 0.00 0.00
0.00 0.00 0.00 0.00 0.00 0.00 0.00 0.00
0.00 0.00 0.00 0.00 0.00 0.00 0.00 0.00
0.00 0.00 0.00 0.00 0.00 0.00 0.00 0.00
0.00 0.00 0.00 0.00 0.00 0.00 0.00 0.00
0.00 0.00 0.00 0.00 0.00 0.00 0.00 0.00
0.00 0.00 0.00 0.00 0.00 0.00 0.00 0.00
0.00 0.00 0.00 0.00 0.00 0.00 0.00 0.00
0.00 0.00 0.00 0.00 0.00 0.00 0.00 0.00
0.00 0.00 0.00 0.00 0.00 0.00 0.00 0.00
0.00 0.00 0.00 0.00 0.00 0.00 0.00 0.00
0.00 0.00 0.00 0.00 0.00 0.00 0.00 0.00
0.00 0.00 0.00 0.00 0.00 0.00 0.00 0.00
0.00 0.00 0.00 0.00 0.00 0.00 0.00 0.00
0.00 0.00 0.00 0.00 0.00 0.00 0.00 0.00
0.00 0.00 0.00 0.00 0.00 0.00 0.00 0.00
0.00 0.00 0.00 0.00 0.00 0.00 0.00 0.00
0.00 0.00 0.00 0.00 0.00 0.00 0.00 0.00
0.00 0.00 0.00 0.00 0.00 0.00 0.00 0.00
0.03 0.28 0.00 0.00 0.06 0.09 0.01 0.00
0.05 0.34 0.00 0.00 0.08 0.12 0.02 0.02
0.07 0.46 0.01 0.00 0.11 0.15 0.05 0.01
0.05 0.38 0.00 0.00 0.09 0.12 0.03 0.00
0.04 0.30 0.00 0.00 0.07 0.10 0.02 0.00
0.04 0.29 0.00 0.00 0.07 0.10 0.01 0.00
0.05 0.37 0.01 0.00 0.10 0.13 0.04 0.01
0.05 0.32 0.00 0.00 0.09 0.12 0.04 0.00
0.05 0.35 0.00 0.00 0.09 0.13 0.04 0.00
0.04 0.31 0.00 0.00 0.11 0.14 0.05 0.01
0.06 0.42 0.01 0.00 0.16 0.19 0.08 0.02
0.04 0.27 0.00 0.00 0.10 0.13 0.06 0.00
0.04 0.28 0.00 0.00 0.09 0.11 0.04 0.01
0.05 0.32 0.01 0.00 0.09 0.12 0.06 0.00
0.06 0.41 0.01 0.00 0.11 0.14 0.09 0.00
0.10 0.61 0.03 0.00 0.13 0.15 0.11 0.00
0.05 0.36 0.01 0.00 0.08 0.11 0.05 0.00
0.08 0.54 0.01 0.00 0.11 0.14 0.06 0.00
0.13 0.75 0.03 0.00 0.14 0.16 0.13 0.04
0.10 0.63 0.02 0.00 0.11 0.15 0.07 0.01
0.11 0.64 0.04 0.00 0.15 0.17 0.15 0.06
0.10 0.69 0.02 0.00 0.12 0.15 0.08 0.00
0.06 0.39 0.01 0.00 0.08 0.11 0.04 0.01
0.04 0.26 0.01 0.00 0.08 0.11 0.05 0.01
0.06 0.39 0.01 0.00 0.12 0.17 0.06 0.00
0.03 0.22 0.01 0.00 0.08 0.12 0.05 0.02
0.03 0.25 0.01 0.00 0.12 0.18 0.06 0.03
0.03 0.20 0.00 0.00 0.10 0.15 0.03 0.01
0.02 0.15 0.00 0.00 0.09 0.14 0.05 0.01
0.02 0.17 0.00 0.00 0.10 0.15 0.02 0.00
0.00 0.03 0.00 0.00 0.01 0.01 0.01 0.01
0.00 0.00 0.00 0.00 0.00 0.00 0.01 0.05
0.00 0.00 0.00 0.00 0.00 0.00 0.00 0.01
0.00 0.00 0.00 0.00 0.00 0.00 0.00 0.01
0.00 0.00 0.00 0.00 0.00 0.00 0.00 0.03
0.00 0.01 0.00 0.00 0.00 0.00 0.00 0.04
0.00 0.00 0.00 0.00 0.00 0.00 0.00 0.00
0.00 0.00 0.00 0.00 0.00 0.00 0.00 0.02
0.00 0.01 0.00 0.00 0.01 0.01 0.02 0.05
0.00 0.02 0.00 0.00 0.02 0.01 0.02 0.08
0.00 0.00 0.00 0.00 0.00 0.00 0.00 0.02
0.00 0.00 0.00 0.00 0.00 0.00 0.01 0.00
0.00 0.00 0.00 0.00 0.00 0.00 0.00 0.01
0.00 0.00 0.00 0.00 0.00 0.00 0.00 0.01
0.00 0.00 0.00 0.00 0.00 0.00 0.00 0.01
0.00 0.01 0.00 0.00 0.00 0.00 0.01 0.01
0.01 0.03 0.01 0.00 0.02 0.01 0.04 0.05
0.01 0.03 0.01 0.00 0.01 0.01 0.02 0.02
0.02 0.08 0.01 0.01 0.02 0.02 0.02 0.03
0.05 0.14 0.02 0.02 0.04 0.03 0.04 0.07
0.05 0.16 0.02 0.01 0.04 0.04 0.04 0.04
0.03 0.11 0.01 0.01 0.03 0.03 0.02 0.04
0.03 0.06 0.01 0.01 0.03 0.02 0.03 0.04
0.08 0.25 0.04 0.03 0.10 0.10 0.09 0.09
0.03 0.07 0.01 0.01 0.03 0.03 0.03 0.04
0.03 0.06 0.01 0.03 0.04 0.03 0.04 0.07
0.02 0.05 0.01 0.01 0.03 0.03 0.04 0.03
0.04 0.14 0.01 0.02 0.06 0.08 0.03 0.05
0.02 0.04 0.01 0.01 0.03 0.03 0.03 0.03
0.04 0.11 0.01 0.02 0.06 0.07 0.05 0.06
0.03 0.09 0.00 0.02 0.05 0.05 0.02 0.06
0.04 0.12 0.01 0.02 0.05 0.06 0.04 0.05
0.02 0.07 0.00 0.01 0.04 0.04 0.02 0.04
0.03 0.07 0.01 0.01 0.05 0.05 0.04 0.05
0.03 0.08 0.01 0.02 0.06 0.06 0.04 0.08
0.03 0.08 0.01 0.01 0.05 0.06 0.04 0.05
0.05 0.15 0.02 0.01 0.08 0.10 0.10 0.05
0.06 0.17 0.02 0.03 0.08 0.09 0.05 0.11
0.05 0.13 0.03 0.02 0.07 0.07 0.08 0.06
0.06 0.23 0.03 0.02 0.08 0.11 0.07 0.05
0.07 0.19 0.05 0.02 0.09 0.10 0.13 0.06
0.03 0.11 0.01 0.00 0.04 0.06 0.04 0.01
0.03 0.10 0.01 0.01 0.04 0.04 0.02 0.04
0.13 0.47 0.07 0.02 0.13 0.16 0.13 0.06
0.05 0.16 0.03 0.02 0.05 0.05 0.04 0.08
0.05 0.15 0.02 0.02 0.04 0.03 0.03 0.06
0.04 0.15 0.01 0.01 0.03 0.03 0.02 0.03
0.03 0.08 0.01 0.01 0.02 0.02 0.02 0.01
0.00 0.01 0.01 0.00 0.00 0.00 0.01 0.00
0.08 0.25 0.04 0.02 0.03 0.03 0.03 0.03
0.07 0.21 0.05 0.01 0.02 0.02 0.04 0.02
0.03 0.08 0.01 0.01 0.01 0.01 0.01 0.02
0.04 0.13 0.01 0.02 0.02 0.01 0.01 0.04
0.02 0.06 0.01 0.01 0.01 0.01 0.01 0.03
0.01 0.02 0.01 0.01 0.01 0.00 0.01 0.03
0.01 0.02 0.01 0.01 0.01 0.00 0.01 0.01
0.00 0.01 0.00 0.00 0.00 0.00 0.00 0.01
0.00 0.00 0.00 0.00 0.00 0.00 0.00 0.00
0.00 0.00 0.00 0.00 0.00 0.00 0.00 0.01
0.00 0.00 0.00 0.00 0.00 0.00 0.00 0.01
0.00 0.00 0.00 0.00 0.00 0.00 0.00 0.00
0.00 0.00 0.00 0.00 0.00 0.00 0.00 0.01
0.00 0.00 0.00 0.00 0.00 0.00 0.00 0.00
0.00 0.00 0.00 0.00 0.00 0.00 0.00 0.00
0.00 0.00 0.00 0.00 0.00 0.00 0.00 0.00
0.00 0.00 0.00 0.00 0.00 0.00 0.00 0.01
0.00 0.00 0.00 0.00 0.00 0.00 0.00 0.00
0.00 0.00 0.00 0.00 0.00 0.00 0.00 0.00
0.00 0.00 0.00 0.00 0.00 0.00 0.00 0.00
0.00 0.00 0.00 0.00 0.00 0.00 0.00 0.01
0.00 0.00 0.00 0.00 0.00 0.00 0.01 0.01
0.00 0.00 0.00 0.00 0.00 0.00 0.00 0.00
0.00 0.01 0.00 0.00 0.00 0.00 0.00 0.00
0.00 0.00 0.00 0.00 0.00 0.00 0.00 0.00
0.00 0.00 0.00 0.00 0.00 0.00 0.00 0.00
0.00 0.00 0.00 0.00 0.00 0.00 0.00 0.00
0.00 0.00 0.00 0.00 0.00 0.00 0.00 0.00
0.00 0.00 0.00 0.00 0.00 0.00 0.00 0.00
0.00 0.00 0.00 0.00 0.00 0.00 0.00 0.00
0.00 0.01 0.00 0.00 0.00 0.00 0.00 0.00
0.00 0.00 0.00 0.00 0.00 0.00 0.00 0.00
0.00 0.00 0.00 0.00 0.00 0.00 0.00 0.00
0.00 0.00 0.00 0.00 0.00 0.00 0.00 0.00
0.00 0.00 0.00 0.00 0.00 0.00 0.00 0.01
0.00 0.00 0.00 0.00 0.00 0.00 0.00 0.01
0.00 0.00 0.00 0.00 0.00 0.00 0.00 0.00
0.00 0.00 0.00 0.00 0.00 0.00 0.00 0.02
0.00 0.00 0.00 0.00 0.00 0.00 0.00 0.01
0.00 0.01 0.00 0.00 0.00 0.00 0.00 0.00
0.00 0.00 0.00 0.00 0.00 0.00 0.01 0.01
0.00 0.00 0.00 0.00 0.00 0.00 0.00 0.01
0.00 0.00 0.00 0.00 0.00 0.00 0.00 0.00
0.00 0.00 0.00 0.00 0.00 0.00 0.00 0.01
0.00 0.00 0.00 0.00 0.00 0.00 0.00 0.02
0.00 0.00 0.00 0.00 0.00 0.00 0.00 0.01
0.00 0.00 0.00 0.00 0.00 0.00 0.00 0.02
0.00 0.00 0.00 0.00 0.00 0.00 0.00 0.01
0.00 0.00 0.00 0.00 0.00 0.00 0.00 0.01
0.00 0.00 0.00 0.00 0.00 0.00 0.00 0.03
0.00 0.00 0.00 0.00 0.00 0.00 0.00 0.01
0.00 0.00 0.00 0.00 0.00 0.00 0.00 0.01
0.00 0.01 0.00 0.00 0.01 0.00 0.02 0.04
0.00 0.00 0.00 0.00 0.00 0.00 0.01 0.06
0.01 0.04 0.01 0.00 0.02 0.01 0.04 0.07
0.01 0.04 0.01 0.00 0.01 0.01 0.06 0.04
0.02 0.08 0.02 0.00 0.02 0.02 0.08 0.03
0.04 0.18 0.02 0.00 0.04 0.03 0.06 0.02
0.07 0.30 0.04 0.00 0.06 0.05 0.13 0.03
0.04 0.24 0.02 0.00 0.04 0.04 0.05 0.04
0.05 0.28 0.01 0.00 0.04 0.04 0.04 0.02
0.11 0.63 0.03 0.00 0.08 0.08 0.09 0.01
0.07 0.39 0.02 0.00 0.06 0.07 0.06 0.02
0.03 0.16 0.01 0.00 0.04 0.04 0.04 0.01
0.01 0.04 0.00 0.00 0.01 0.01 0.01 0.02
0.03 0.14 0.01 0.00 0.05 0.05 0.05 0.03
0.01 0.09 0.00 0.00 0.03 0.04 0.01 0.01
0.06 0.31 0.02 0.00 0.17 0.18 0.15 0.15
0.06 0.31 0.01 0.00 0.20 0.23 0.14 0.11
0.06 0.33 0.02 0.00 0.23 0.27 0.17 0.13
0.04 0.27 0.01 0.00 0.16 0.23 0.07 0.02
0.01 0.03 0.00 0.00 0.02 0.02 0.03 0.01
0.00 0.00 0.00 0.00 0.00 0.00 0.00 0.01
0.00 0.00 0.00 0.00 0.00 0.00 0.00 0.01
0.00 0.00 0.00 0.00 0.00 0.00 0.01 0.01
0.00 0.00 0.00 0.00 0.00 0.00 0.00 0.00
0.00 0.00 0.00 0.00 0.00 0.00 0.00 0.01
0.00 0.00 0.00 0.00 0.00 0.00 0.00 0.01
0.00 0.00 0.00 0.00 0.00 0.00 0.00 0.02
0.00 0.00 0.00 0.00 0.00 0.00 0.01 0.01
0.00 0.00 0.00 0.00 0.00 0.00 0.01 0.01
0.00 0.00 0.00 0.00 0.00 0.00 0.01 0.02
0.00 0.00 0.00 0.00 0.00 0.00 0.01 0.01
0.00 0.00 0.00 0.00 0.00 0.00 0.01 0.01
0.00 0.00 0.00 0.00 0.00 0.00 0.00 0.01
0.00 0.00 0.00 0.00 0.00 0.00 0.01 0.02
0.01 0.03 0.01 0.00 0.02 0.01 0.03 0.05
0.06 0.17 0.06 0.01 0.08 0.05 0.17 0.09
0.05 0.16 0.04 0.01 0.04 0.04 0.08 0.05
0.05 0.16 0.03 0.01 0.04 0.04 0.07 0.06
0.07 0.21 0.03 0.04 0.06 0.05 0.04 0.14
0.11 0.37 0.05 0.03 0.10 0.10 0.09 0.09
0.21 0.74 0.10 0.04 0.21 0.25 0.21 0.11
0.03 0.05 0.02 0.02 0.04 0.02 0.04 0.08
0.04 0.11 0.01 0.04 0.07 0.07 0.05 0.12
0.05 0.20 0.01 0.02 0.09 0.12 0.05 0.08
0.16 0.46 0.05 0.08 0.27 0.32 0.18 0.26
0.06 0.19 0.02 0.03 0.09 0.11 0.06 0.09
0.07 0.21 0.02 0.05 0.12 0.13 0.09 0.13
0.09 0.30 0.02 0.05 0.13 0.16 0.06 0.15
0.23 0.72 0.11 0.07 0.23 0.27 0.20 0.19
0.05 0.11 0.02 0.03 0.06 0.05 0.06 0.10
0.03 0.09 0.01 0.03 0.04 0.04 0.02 0.09
0.05 0.14 0.02 0.03 0.05 0.05 0.03 0.09
0.04 0.13 0.02 0.01 0.04 0.05 0.03 0.04
0.05 0.16 0.02 0.03 0.06 0.06 0.03 0.08
0.11 0.26 0.07 0.05 0.11 0.10 0.13 0.14
0.07 0.19 0.05 0.02 0.08 0.07 0.10 0.08
0.06 0.16 0.04 0.02 0.06 0.05 0.07 0.06
0.04 0.14 0.02 0.00 0.04 0.05 0.04 0.02
0.05 0.12 0.03 0.02 0.05 0.05 0.06 0.05
0.07 0.21 0.04 0.02 0.08 0.08 0.08 0.06
0.05 0.19 0.02 0.01 0.04 0.05 0.04 0.03
0.06 0.16 0.04 0.02 0.05 0.05 0.06 0.06
0.03 0.08 0.01 0.02 0.02 0.02 0.01 0.04
0.10 0.26 0.07 0.04 0.06 0.05 0.08 0.06
0.16 0.39 0.12 0.05 0.07 0.06 0.10 0.08
0.06 0.14 0.03 0.04 0.03 0.02 0.03 0.06
0.09 0.26 0.05 0.04 0.04 0.03 0.03 0.06
0.09 0.22 0.06 0.05 0.03 0.02 0.04 0.06
0.07 0.20 0.05 0.02 0.02 0.02 0.03 0.03
0.07 0.15 0.05 0.04 0.02 0.01 0.03 0.04
0.05 0.11 0.04 0.02 0.01 0.01 0.02 0.02
0.02 0.05 0.02 0.01 0.01 0.00 0.01 0.01
0.03 0.07 0.02 0.01 0.01 0.01 0.02 0.01
0.01 0.02 0.01 0.01 0.00 0.00 0.01 0.01
0.00 0.00 0.00 0.00 0.00 0.00 0.00 0.01
0.00 0.01 0.00 0.00 0.00 0.00 0.00 0.01
0.00 0.01 0.00 0.00 0.00 0.00 0.01 0.00
0.00 0.00 0.00 0.00 0.00 0.00 0.00 0.00
0.00 0.00 0.00 0.00 0.00 0.00 0.00 0.00
0.00 0.00 0.00 0.00 0.00 0.00 0.00 0.00
0.00 0.00 0.00 0.00 0.00 0.00 0.00 0.00
0.00 0.00 0.00 0.00 0.00 0.00 0.00 0.01
0.00 0.00 0.00 0.00 0.00 0.00 0.01 0.00
0.00 0.00 0.00 0.00 0.00 0.00 0.00 0.00
0.00 0.00 0.00 0.00 0.00 0.00 0.00 0.00
0.00 0.01 0.00 0.00 0.00 0.00 0.00 0.00
0.00 0.00 0.00 0.00 0.00 0.00 0.00 0.00
0.00 0.00 0.00 0.00 0.00 0.00 0.00 0.00
0.00 0.00 0.00 0.00 0.00 0.00 0.00 0.00
0.00 0.01 0.00 0.00 0.00 0.00 0.00 0.00
0.00 0.00 0.00 0.00 0.00 0.00 0.00 0.01
0.01 0.06 0.00 0.00 0.01 0.01 0.01 0.01
0.01 0.04 0.00 0.00 0.01 0.01 0.00 0.01
0.00 0.00 0.00 0.00 0.00 0.00 0.00 0.00
0.03 0.17 0.01 0.00 0.02 0.02 0.01 0.01
0.01 0.08 0.00 0.00 0.01 0.01 0.01 0.00
0.03 0.18 0.01 0.00 0.02 0.02 0.01 0.00
0.06 0.32 0.01 0.00 0.02 0.02 0.02 0.01
0.11 0.66 0.02 0.00 0.04 0.04 0.03 0.01
0.03 0.19 0.00 0.00 0.01 0.02 0.00 0.00
0.14 0.80 0.02 0.00 0.09 0.10 0.06 0.04
0.04 0.31 0.01 0.00 0.03 0.04 0.02 0.00
0.06 0.40 0.01 0.00 0.06 0.07 0.03 0.00
0.05 0.38 0.00 0.00 0.07 0.09 0.03 0.01
0.04 0.30 0.00 0.00 0.07 0.09 0.02 0.01
0.06 0.45 0.00 0.00 0.12 0.15 0.03 0.02
0.08 0.57 0.01 0.00 0.19 0.24 0.06 0.06
0.08 0.54 0.00 0.00 0.15 0.20 0.04 0.06
0.05 0.35 0.00 0.00 0.11 0.14 0.03 0.04
0.03 0.25 0.00 0.00 0.07 0.10 0.02 0.00
0.06 0.47 0.00 0.00 0.12 0.18 0.02 0.00
0.07 0.49 0.00 0.00 0.15 0.20 0.04 0.01
0.06 0.41 0.01 0.00 0.16 0.21 0.06 0.01
0.06 0.47 0.00 0.00 0.16 0.22 0.03 0.01
0.04 0.32 0.00 0.00 0.11 0.16 0.02 0.00
0.04 0.31 0.00 0.00 0.09 0.13 0.02 0.00
0.04 0.30 0.00 0.00 0.09 0.13 0.02 0.00
0.04 0.33 0.00 0.00 0.10 0.15 0.02 0.00
0.07 0.48 0.00 0.00 0.17 0.24 0.04 0.01
0.07 0.49 0.01 0.00 0.19 0.24 0.07 0.03
0.05 0.33 0.00 0.00 0.12 0.16 0.05 0.02
0.08 0.55 0.01 0.00 0.15 0.21 0.07 0.00
0.08 0.56 0.01 0.00 0.12 0.16 0.08 0.00
0.06 0.37 0.01 0.00 0.07 0.09 0.04 0.00
0.09 0.53 0.02 0.00 0.08 0.10 0.09 0.00
0.07 0.47 0.01 0.00 0.05 0.07 0.03 0.00
0.12 0.70 0.03 0.00 0.07 0.09 0.06 0.01
0.09 0.57 0.02 0.00 0.04 0.06 0.03 0.00
0.04 0.23 0.01 0.00 0.02 0.02 0.01 0.00
0.09 0.52 0.02 0.00 0.04 0.05 0.02 0.00
0.03 0.23 0.01 0.00 0.02 0.02 0.01 0.00
0.02 0.19 0.00 0.00 0.02 0.02 0.01 0.00
0.02 0.17 0.00 0.00 0.02 0.02 0.01 0.00
0.01 0.06 0.00 0.00 0.00 0.01 0.00 0.00
0.03 0.14 0.01 0.00 0.03 0.03 0.03 0.03
0.00 0.00 0.00 0.00 0.00 0.00 0.00 0.00
0.00 0.00 0.00 0.00 0.00 0.00 0.00 0.00
0.01 0.02 0.00 0.00 0.01 0.00 0.00 0.01
0.00 0.00 0.00 0.00 0.00 0.00 0.00 0.00
