4.28 8.57 2.55 1.73 41.81 38.80 44.06 45.76
4.10 8.19 2.43 1.66 42.01 39.00 44.27 45.92
4.27 8.64 2.52 1.66 41.82 38.77 44.11 45.93
4.15 8.25 2.54 1.67 41.95 38.97 44.09 45.90
4.32 8.68 2.63 1.63 41.78 38.74 43.93 46.00
4.28 8.77 2.47 1.60 41.81 38.70 44.20 46.08
4.40 9.10 2.46 1.64 41.70 38.54 44.22 45.98
4.48 9.24 2.48 1.73 41.62 38.47 44.19 45.75
4.61 9.47 2.55 1.80 41.49 38.37 44.06 45.57
4.34 8.77 2.51 1.74 41.76 38.70 44.14 45.71
4.79 10.03 2.53 1.81 41.33 38.12 44.10 45.56
4.47 9.38 2.41 1.64 41.62 38.41 44.31 45.98
4.93 10.50 2.66 1.63 41.20 37.92 43.88 46.00
5.51 11.84 3.00 1.70 40.72 37.40 43.35 45.82
5.88 12.68 3.09 1.86 40.44 37.10 43.23 45.44
5.71 12.48 2.96 1.69 40.56 37.17 43.41 45.86
6.50 14.55 3.38 1.56 40.00 36.50 42.84 46.19
7.20 16.29 3.57 1.74 39.56 36.01 42.60 45.72
7.90 17.65 4.16 1.88 39.16 35.66 41.94 45.40
7.49 16.71 3.78 1.96 39.39 35.90 42.36 45.20
7.27 16.20 3.74 1.86 39.52 36.04 42.40 45.44
6.32 14.32 3.13 1.50 40.13 36.57 43.17 46.38
4.97 11.31 2.42 1.19 41.16 37.60 44.30 47.38
4.42 9.95 2.23 1.07 41.68 38.15 44.64 47.84
3.81 8.72 1.91 0.80 42.32 38.73 45.33 49.09
3.71 8.67 1.76 0.69 42.44 38.75 45.69 49.74
3.29 7.72 1.47 0.69 42.96 39.26 46.47 49.73
3.47 8.09 1.59 0.74 42.73 39.05 46.12 49.49
3.53 8.22 1.59 0.78 42.65 38.98 46.13 49.21
3.43 7.94 1.55 0.80 42.78 39.14 46.23 49.10
2.95 6.54 1.49 0.82 43.43 39.98 46.39 48.97
2.88 6.30 1.49 0.85 43.54 40.14 46.40 48.86
2.88 6.31 1.47 0.85 43.54 40.14 46.45 48.83
2.97 6.58 1.50 0.82 43.41 39.95 46.36 48.98
2.92 6.43 1.50 0.82 43.48 40.05 46.37 48.97
2.85 6.38 1.39 0.78 43.58 40.08 46.70 49.20
2.74 6.08 1.39 0.74 43.76 40.29 46.71 49.41
2.76 6.18 1.39 0.71 43.72 40.22 46.69 49.62
2.65 5.94 1.33 0.68 43.90 40.39 46.90 49.78
2.40 5.47 1.17 0.56 44.33 40.75 47.46 50.66
2.28 5.37 1.05 0.42 44.56 40.83 47.93 51.92
2.30 5.41 1.08 0.40 44.52 40.80 47.80 52.09
2.57 5.90 1.27 0.55 44.02 40.42 47.09 50.69
2.82 6.26 1.52 0.68 43.63 40.16 46.31 49.79
2.97 6.54 1.65 0.72 43.41 39.98 45.95 49.59
3.25 7.16 1.85 0.73 43.02 39.58 45.47 49.49
3.05 6.71 1.71 0.73 43.29 39.86 45.81 49.49
3.29 7.29 1.91 0.67 42.96 39.50 45.32 49.85
3.50 7.75 2.06 0.68 42.70 39.24 44.99 49.82
3.40 7.49 1.93 0.79 42.81 39.38 45.27 49.18
3.27 7.20 1.89 0.73 42.98 39.56 45.37 49.49
3.48 7.71 1.93 0.79 42.72 39.26 45.27 49.16
3.12 6.87 1.74 0.74 43.19 39.76 45.71 49.45
2.65 5.75 1.49 0.70 43.90 40.53 46.40 49.67
2.51 5.38 1.49 0.67 44.12 40.82 46.38 49.89
2.30 4.93 1.38 0.60 44.51 41.20 46.73 50.35
2.01 4.30 1.21 0.53 45.09 41.80 47.29 50.89
1.94 4.14 1.18 0.51 45.25 41.96 47.41 51.09
1.84 3.92 1.11 0.49 45.48 42.20 47.67 51.25
1.90 3.99 1.18 0.53 45.34 42.12 47.40 50.92
2.18 4.63 1.36 0.53 44.77 41.48 46.80 50.89
2.20 4.68 1.39 0.51 44.72 41.43 46.69 51.08
1.89 4.00 1.18 0.48 45.38 42.12 47.40 51.34
1.85 4.04 1.15 0.36 45.46 42.07 47.52 52.54
1.71 3.68 1.09 0.37 45.81 42.48 47.78 52.50
1.84 4.00 1.14 0.39 45.48 42.12 47.57 52.27
2.12 4.47 1.35 0.56 44.86 41.64 46.84 50.68
2.12 4.49 1.34 0.54 44.87 41.62 46.88 50.81
1.92 4.06 1.21 0.48 45.30 42.05 47.31 51.28
1.81 3.91 1.15 0.38 45.55 42.22 47.51 52.40
1.85 4.02 1.16 0.38 45.45 42.09 47.49 52.37
1.74 3.75 1.11 0.36 45.73 42.39 47.69 52.56
1.86 3.91 1.20 0.46 45.45 42.22 47.34 51.47
1.74 3.62 1.15 0.44 45.74 42.54 47.54 51.75
1.81 3.89 1.11 0.44 45.55 42.24 47.67 51.68
2.23 4.64 1.48 0.57 44.65 41.47 46.44 50.55
2.73 5.35 1.82 1.03 43.77 40.85 45.53 48.02
3.22 6.14 2.19 1.33 43.06 40.25 44.74 46.92
3.49 6.56 2.24 1.66 42.71 39.97 44.63 45.92
3.80 7.01 2.49 1.90 42.34 39.68 44.18 45.34
3.99 7.12 2.69 2.14 42.13 39.61 43.84 44.83
3.84 6.57 2.60 2.34 42.30 39.96 43.98 44.44
3.71 6.29 2.57 2.27 42.44 40.15 44.04 44.57
3.31 5.53 2.29 2.11 42.93 40.70 44.53 44.89
3.32 5.43 2.45 2.08 42.92 40.78 44.24 44.94
3.14 5.11 2.13 2.19 43.16 41.05 44.84 44.74
3.14 4.97 2.27 2.19 43.16 41.17 44.57 44.73
3.08 4.93 2.19 2.12 43.25 41.21 44.73 44.88
2.78 4.31 1.94 2.09 43.69 41.79 45.26 44.93
2.88 4.68 1.94 2.02 43.54 41.43 45.25 45.09
2.82 4.64 1.71 2.11 43.64 41.47 45.80 44.91
2.98 5.02 1.92 1.99 43.40 41.13 45.30 45.14
2.98 4.70 2.01 2.24 43.38 41.41 45.10 44.63
2.83 4.53 1.94 2.02 43.61 41.57 45.26 45.07
2.71 4.34 1.70 2.09 43.80 41.76 45.82 44.94
2.72 4.33 1.75 2.06 43.80 41.78 45.71 44.99
2.66 4.28 1.67 2.05 43.89 41.84 45.92 45.03
3.09 5.07 2.19 1.99 43.24 41.09 44.73 45.14
3.13 5.10 2.14 2.14 43.19 41.07 44.83 44.82
3.28 5.29 2.34 2.20 42.98 40.90 44.45 44.72
3.11 4.96 2.29 2.08 43.21 41.18 44.54 44.95
3.22 5.11 2.37 2.19 43.06 41.06 44.40 44.75
3.65 6.00 2.67 2.28 42.52 40.36 43.87 44.57
3.66 6.09 2.72 2.17 42.50 40.29 43.78 44.76
3.99 6.76 3.14 2.06 42.13 39.83 43.17 45.00
4.35 7.66 3.09 2.29 41.76 39.29 43.23 44.55
4.79 8.67 3.17 2.53 41.33 38.75 43.12 44.10
4.83 8.61 3.33 2.56 41.29 38.78 42.91 44.05
4.96 8.87 3.40 2.61 41.18 38.65 42.82 43.96
5.93 10.81 4.06 2.92 40.40 37.79 42.05 43.48
6.02 10.90 4.03 3.13 40.34 37.76 42.08 43.18
5.63 10.21 3.67 3.01 40.63 38.04 42.49 43.35
5.74 10.38 3.75 3.08 40.55 37.97 42.39 43.25
5.24 9.76 3.18 2.77 40.94 38.24 43.10 43.71
5.10 9.79 3.02 2.49 41.06 38.22 43.34 44.16
4.52 8.20 2.86 2.49 41.58 38.99 43.56 44.16
4.41 8.12 2.60 2.50 41.69 39.04 43.98 44.15
3.73 7.05 2.10 2.06 42.41 39.65 44.92 44.99
3.51 6.77 1.95 1.80 42.68 39.82 45.24 45.58
3.57 7.09 1.94 1.69 42.60 39.62 45.26 45.85
3.46 6.98 1.83 1.57 42.74 39.70 45.49 46.16
3.39 6.87 1.92 1.39 42.83 39.76 45.30 46.72
3.56 7.26 1.94 1.47 42.62 39.52 45.25 46.47
3.38 6.95 1.84 1.36 42.84 39.71 45.49 46.79
3.42 7.09 1.84 1.35 42.79 39.63 45.50 46.84
3.34 6.77 1.82 1.41 42.90 39.82 45.52 46.63
3.29 6.64 1.85 1.36 42.97 39.90 45.46 46.78
3.38 6.86 1.82 1.45 42.85 39.77 45.54 46.50
3.29 6.63 1.83 1.42 42.96 39.91 45.52 46.62
3.26 6.62 1.83 1.33 43.00 39.92 45.51 46.88
3.38 7.03 1.78 1.34 42.84 39.66 45.63 46.86
3.44 7.20 1.89 1.24 42.76 39.56 45.36 47.20
3.58 7.51 1.93 1.28 42.60 39.38 45.26 47.06
3.80 8.07 2.01 1.32 42.34 39.06 45.10 46.93
4.24 9.07 2.26 1.38 41.86 38.55 44.59 46.75
3.88 8.22 2.08 1.34 42.24 38.98 44.94 46.88
4.44 9.47 2.39 1.46 41.65 38.37 44.34 46.48
5.14 11.36 2.55 1.51 41.02 37.58 44.07 46.35
5.66 12.56 2.90 1.51 40.60 37.14 43.50 46.34
5.43 12.22 2.74 1.34 40.78 37.26 43.75 46.86
5.60 12.63 2.81 1.34 40.65 37.11 43.64 46.86
5.21 11.75 2.63 1.26 40.96 37.43 43.94 47.13
4.57 10.35 2.21 1.15 41.53 37.98 44.68 47.51
4.12 9.27 2.02 1.08 41.98 38.46 45.08 47.81
3.65 8.26 1.78 0.90 42.51 38.96 45.62 48.57
3.27 7.55 1.56 0.71 42.98 39.35 46.21 49.60
2.89 6.73 1.40 0.55 43.52 39.85 46.66 50.74
2.91 6.85 1.38 0.49 43.50 39.77 46.72 51.26
2.85 6.68 1.40 0.48 43.58 39.88 46.67 51.34
2.92 6.85 1.42 0.48 43.48 39.77 46.61 51.34
2.92 6.78 1.50 0.48 43.48 39.82 46.38 51.31
3.04 7.10 1.53 0.48 43.31 39.62 46.29 51.35
2.77 6.45 1.42 0.45 43.70 40.04 46.62 51.56
2.56 5.97 1.35 0.38 44.04 40.37 46.83 52.35
2.58 6.05 1.31 0.38 44.01 40.32 46.97 52.28
2.75 6.56 1.32 0.37 43.73 39.96 46.93 52.39
2.64 6.17 1.32 0.45 43.91 40.23 46.92 51.62
2.74 6.38 1.36 0.48 43.75 40.08 46.78 51.30
2.70 6.31 1.33 0.47 43.81 40.13 46.91 51.41
2.53 5.89 1.24 0.45 44.10 40.43 47.19 51.59
2.55 5.93 1.27 0.45 44.06 40.40 47.09 51.57
2.61 6.02 1.36 0.43 43.97 40.33 46.79 51.80
2.62 6.02 1.44 0.40 43.95 40.34 46.55 52.11
2.80 6.37 1.55 0.47 43.66 40.09 46.21 51.40
3.02 6.87 1.70 0.48 43.34 39.76 45.83 51.31
3.14 7.20 1.74 0.50 43.16 39.56 45.74 51.18
3.26 7.45 1.84 0.51 42.99 39.41 45.49 51.07
3.44 7.89 1.91 0.52 42.77 39.16 45.33 50.92
3.54 8.14 1.93 0.54 42.64 39.02 45.27 50.77
3.77 8.57 2.13 0.61 42.37 38.80 44.84 50.27
3.65 8.39 1.98 0.57 42.52 38.90 45.17 50.58
3.24 7.36 1.82 0.54 43.03 39.47 45.53 50.83
2.86 6.41 1.67 0.51 43.57 40.07 45.92 51.10
2.82 6.25 1.71 0.51 43.62 40.18 45.80 51.06
2.58 5.66 1.60 0.48 44.02 40.61 46.07 51.31
2.43 5.35 1.51 0.44 44.27 40.86 46.34 51.66
2.14 4.71 1.33 0.38 44.83 41.41 46.88 52.36
1.84 4.03 1.20 0.29 45.48 42.08 47.34 53.49
1.80 3.88 1.16 0.37 45.57 42.25 47.47 52.49
1.77 3.69 1.14 0.49 45.65 42.47 47.58 51.24
2.09 4.34 1.32 0.61 44.93 41.77 46.93 50.26
2.09 4.26 1.34 0.66 44.94 41.84 46.86 49.93
2.02 4.10 1.31 0.65 45.09 42.01 46.98 50.02
1.92 3.91 1.22 0.62 45.31 42.22 47.26 50.23
1.90 3.86 1.23 0.59 45.36 42.27 47.22 50.43
2.00 4.17 1.29 0.54 45.13 41.95 47.02 50.79
2.04 4.26 1.31 0.56 45.04 41.85 46.97 50.64
2.12 4.35 1.39 0.64 44.86 41.75 46.72 50.08
2.00 4.15 1.26 0.60 45.12 41.95 47.12 50.38
1.99 4.20 1.21 0.56 45.15 41.91 47.30 50.65
2.00 4.20 1.24 0.54 45.14 41.91 47.21 50.80
1.95 4.12 1.21 0.52 45.24 42.00 47.33 50.96
2.04 4.30 1.31 0.52 45.04 41.81 46.97 50.97
2.06 4.34 1.27 0.58 44.99 41.76 47.09 50.53
2.21 4.56 1.32 0.74 44.70 41.55 46.93 49.46
2.87 5.87 1.93 0.82 43.55 40.45 45.28 48.99
2.87 5.79 1.95 0.89 43.55 40.50 45.24 48.66
3.43 6.71 2.35 1.22 42.78 39.87 44.41 47.25
3.59 6.85 2.34 1.59 42.58 39.78 44.45 46.12
3.79 6.70 2.59 2.08 42.35 39.87 44.01 44.96
3.83 6.60 2.64 2.25 42.30 39.94 43.91 44.62
3.59 6.01 2.52 2.23 42.58 40.34 44.12 44.65
3.26 5.32 2.37 2.11 43.00 40.88 44.39 44.90
2.79 4.47 1.94 1.97 43.67 41.63 45.25 45.19
2.81 4.49 1.91 2.04 43.64 41.62 45.33 45.03
2.76 4.23 2.01 2.04 43.73 41.87 45.11 45.03
2.91 4.63 2.02 2.10 43.49 41.48 45.09 44.92
2.92 4.53 1.99 2.25 43.48 41.57 45.14 44.63
3.26 5.09 2.51 2.19 43.00 41.07 44.15 44.74
3.60 5.79 2.81 2.20 42.57 40.51 43.65 44.71
3.35 5.40 2.51 2.15 42.88 40.81 44.14 44.80
3.53 5.77 2.67 2.15 42.66 40.52 43.87 44.82
3.64 6.07 2.62 2.22 42.52 40.30 43.95 44.67
3.72 6.18 2.67 2.31 42.43 40.22 43.86 44.50
3.84 6.38 2.87 2.28 42.29 40.09 43.55 44.56
3.60 5.91 2.69 2.19 42.57 40.41 43.84 44.72
3.73 6.18 2.82 2.17 42.42 40.22 43.62 44.76
3.97 6.70 2.99 2.23 42.14 39.87 43.38 44.65
3.87 6.35 2.98 2.26 42.26 40.10 43.39 44.59
3.85 6.32 2.96 2.29 42.27 40.12 43.42 44.54
3.62 6.02 2.65 2.20 42.54 40.34 43.90 44.71
4.12 6.90 3.19 2.25 41.98 39.74 43.09 44.60
3.99 6.58 3.10 2.30 42.12 39.95 43.21 44.52
4.51 7.69 3.27 2.58 41.59 39.27 42.98 44.01
4.82 8.08 3.53 2.86 41.30 39.06 42.66 43.57
5.24 8.98 3.87 2.86 40.94 38.60 42.25 43.57
5.45 9.52 3.68 3.14 40.77 38.34 42.47 43.17
5.71 9.76 4.20 3.15 40.57 38.23 41.90 43.14
6.19 10.89 4.31 3.37 40.21 37.76 41.79 42.85
6.94 12.44 4.77 3.61 39.72 37.18 41.35 42.55
7.11 12.72 4.72 3.88 39.61 37.09 41.39 42.24
7.30 13.06 4.96 3.89 39.50 36.97 41.18 42.23
6.63 11.86 4.36 3.66 39.92 37.39 41.73 42.50
5.80 10.36 3.72 3.32 40.50 37.97 42.43 42.91
5.49 10.25 3.45 2.78 40.73 38.02 42.76 43.68
5.67 10.79 3.53 2.69 40.59 37.80 42.65 43.83
5.24 9.94 3.45 2.34 40.94 38.16 42.75 44.45
4.61 8.94 2.86 2.03 41.50 38.62 43.57 45.07
4.52 8.98 2.69 1.90 41.58 38.60 43.84 45.35
4.15 8.19 2.47 1.78 41.95 39.00 44.21 45.61
4.31 8.75 2.48 1.70 41.78 38.71 44.18 45.83
4.46 9.04 2.64 1.70 41.64 38.57 43.91 45.83
4.40 8.89 2.65 1.66 41.69 38.64 43.90 45.92
4.18 8.49 2.53 1.53 41.92 38.84 44.09 46.29
4.01 8.35 2.29 1.38 42.11 38.92 44.53 46.72
4.27 8.71 2.56 1.54 41.83 38.73 44.05 46.26
4.35 8.82 2.60 1.63 41.74 38.68 43.98 46.00
4.22 8.63 2.53 1.52 41.87 38.77 44.11 46.31
3.62 7.43 2.12 1.31 42.54 39.42 44.86 46.96
3.77 7.77 2.16 1.39 42.37 39.23 44.79 46.70
4.11 8.39 2.40 1.55 41.99 38.89 44.33 46.22
4.38 8.81 2.54 1.78 41.72 38.68 44.09 45.63
4.59 9.45 2.60 1.72 41.51 38.37 43.97 45.77
4.38 9.09 2.48 1.57 41.72 38.54 44.19 46.19
4.76 10.13 2.66 1.52 41.35 38.07 43.89 46.33
4.81 10.26 2.59 1.57 41.31 38.02 44.00 46.17
4.84 10.33 2.63 1.57 41.28 37.99 43.93 46.16
4.99 10.70 2.75 1.50 41.16 37.84 43.73 46.37
6.07 13.41 3.15 1.64 40.30 36.86 43.14 45.97
5.77 12.81 2.97 1.51 40.52 37.05 43.40 46.34
5.42 12.01 2.86 1.40 40.79 37.34 43.56 46.68
4.34 9.60 2.29 1.12 41.75 38.31 44.53 47.64
4.20 9.33 2.13 1.13 41.90 38.43 44.84 47.60
3.62 8.14 1.87 0.86 42.54 39.03 45.41 48.78
3.15 7.11 1.67 0.68 43.14 39.61 45.91 49.81
2.97 6.76 1.58 0.57 43.40 39.83 46.15 50.60
2.81 6.36 1.50 0.57 43.64 40.10 46.37 50.56
2.57 5.90 1.40 0.40 44.04 40.42 46.69 52.07
2.61 6.00 1.41 0.41 43.96 40.35 46.63 52.03
2.56 5.90 1.37 0.40 44.06 40.43 46.77 52.12
2.58 5.82 1.38 0.54 44.02 40.48 46.74 50.85
2.63 5.82 1.49 0.59 43.93 40.48 46.41 50.43
2.47 5.51 1.37 0.52 44.21 40.72 46.78 50.95
2.23 5.01 1.21 0.46 44.65 41.13 47.29 51.48
2.27 5.12 1.23 0.46 44.57 41.03 47.24 51.53
2.28 5.18 1.21 0.45 44.55 40.98 47.30 51.63
2.46 5.55 1.30 0.52 44.22 40.68 46.98 50.99
2.52 5.63 1.41 0.52 44.12 40.62 46.66 51.02
2.47 5.54 1.34 0.51 44.21 40.69 46.86 51.08
2.24 4.99 1.21 0.50 44.64 41.15 47.29 51.16
2.29 5.10 1.25 0.49 44.55 41.05 47.16 51.20
2.36 5.32 1.24 0.51 44.41 40.87 47.19 51.04
2.51 5.65 1.30 0.59 44.13 40.61 46.99 50.46
2.99 6.66 1.53 0.79 43.38 39.90 46.29 49.17
3.25 7.20 1.61 0.95 43.01 39.56 46.07 48.34
3.64 7.93 1.82 1.17 42.52 39.14 45.53 47.43
4.16 8.85 2.26 1.36 41.94 38.66 44.59 46.80
4.60 9.67 2.57 1.57 41.50 38.27 44.04 46.18
5.07 10.68 2.80 1.73 41.08 37.84 43.66 45.76
5.83 12.30 3.34 1.84 40.48 37.23 42.90 45.48
5.52 11.61 3.17 1.78 40.71 37.48 43.12 45.63
5.19 11.04 2.89 1.65 40.97 37.70 43.53 45.95
4.72 10.03 2.62 1.50 41.39 38.12 43.94 46.36
4.53 9.60 2.54 1.44 41.57 38.31 44.09 46.54
3.95 8.07 2.27 1.50 42.17 39.06 44.58 46.37
3.92 7.79 2.36 1.60 42.21 39.22 44.40 46.11
3.86 7.53 2.45 1.58 42.27 39.36 44.23 46.14
3.43 6.69 2.09 1.50 42.78 39.88 44.93 46.36
3.22 6.10 1.99 1.58 43.04 40.27 45.14 46.16
3.40 6.42 2.11 1.69 42.81 40.05 44.89 45.86
