5.98 12.72 3.11 2.11 40.36 37.08 43.20 44.89
6.34 13.82 2.98 2.22 40.11 36.73 43.38 44.66
6.54 14.39 3.05 2.17 39.98 36.55 43.29 44.77
6.01 13.08 2.93 2.03 40.34 36.97 43.46 45.06
6.69 14.55 3.30 2.23 39.87 36.50 42.95 44.64
6.93 15.30 3.24 2.26 39.72 36.28 43.02 44.59
7.32 16.06 3.48 2.41 39.49 36.07 42.72 44.31
7.99 17.60 3.83 2.53 39.11 35.67 42.29 44.10
7.28 16.07 3.41 2.37 39.51 36.07 42.80 44.39
7.20 15.61 3.40 2.58 39.56 36.20 42.81 44.01
8.29 17.74 3.83 3.30 38.95 35.64 42.30 42.95
7.27 16.00 3.18 2.63 39.52 36.09 43.11 43.94
7.73 17.26 3.42 2.51 39.25 35.76 42.79 44.13
9.10 20.23 4.24 2.82 38.54 35.07 41.85 43.62
8.70 19.54 3.80 2.76 38.74 35.22 42.33 43.73
8.70 19.69 3.75 2.66 38.74 35.19 42.39 43.89
8.74 20.17 3.80 2.24 38.72 35.08 42.33 44.62
9.39 21.77 4.07 2.33 38.40 34.75 42.03 44.45
9.65 22.20 4.16 2.59 38.28 34.67 41.94 44.00
9.77 22.63 4.02 2.67 38.23 34.58 42.08 43.86
10.00 22.81 4.58 2.60 38.13 34.55 41.53 43.98
8.18 18.90 3.41 2.22 39.01 35.37 42.81 44.67
7.20 17.04 2.96 1.59 39.56 35.82 43.41 46.12
5.80 13.71 2.43 1.25 40.50 36.76 44.27 47.15
5.07 12.23 2.11 0.88 41.08 37.26 44.89 48.68
4.85 11.94 1.86 0.76 41.27 37.36 45.44 49.31
4.59 11.45 1.56 0.76 41.51 37.54 46.21 49.30
4.79 11.76 1.74 0.87 41.33 37.43 45.73 48.73
4.71 11.52 1.76 0.87 41.40 37.52 45.68 48.76
4.73 11.62 1.67 0.90 41.38 37.48 45.91 48.58
2.44 5.11 1.36 0.85 44.26 41.05 46.80 48.85
2.36 4.92 1.32 0.84 44.40 41.22 46.92 48.90
2.31 4.80 1.29 0.84 44.49 41.32 47.02 48.89
2.34 4.94 1.28 0.81 44.44 41.19 47.06 49.09
2.31 4.87 1.28 0.78 44.50 41.26 47.06 49.19
2.28 4.82 1.25 0.76 44.56 41.30 47.16 49.33
2.26 4.86 1.23 0.70 44.58 41.26 47.22 49.67
2.21 4.69 1.23 0.70 44.69 41.42 47.23 49.64
2.08 4.47 1.14 0.66 44.94 41.63 47.58 49.95
1.88 4.16 0.98 0.51 45.38 41.94 48.20 51.09
1.72 3.92 0.86 0.39 45.77 42.20 48.80 52.29
1.68 3.82 0.85 0.36 45.89 42.31 48.84 52.55
1.81 3.92 1.01 0.48 45.57 42.19 48.09 51.31
2.06 4.43 1.20 0.57 44.98 41.67 47.35 50.63
2.17 4.67 1.28 0.58 44.76 41.44 47.06 50.52
2.23 4.76 1.35 0.59 44.65 41.36 46.82 50.48
2.21 4.71 1.32 0.60 44.68 41.40 46.91 50.33
2.35 5.02 1.45 0.56 44.43 41.12 46.53 50.63
2.43 5.25 1.49 0.54 44.28 40.92 46.39 50.84
2.54 5.40 1.56 0.66 44.08 40.81 46.22 49.91
2.49 5.31 1.51 0.65 44.17 40.88 46.33 50.01
2.52 5.38 1.51 0.68 44.11 40.83 46.34 49.80
2.34 5.02 1.38 0.65 44.42 41.12 46.74 50.05
2.13 4.49 1.27 0.61 44.86 41.61 47.11 50.26
2.00 4.18 1.23 0.58 45.14 41.92 47.25 50.49
1.94 3.98 1.28 0.54 45.27 42.14 47.06 50.78
1.59 3.29 1.01 0.48 46.11 42.96 48.08 51.33
1.55 3.21 0.99 0.46 46.22 43.07 48.17 51.51
1.45 3.01 0.92 0.43 46.51 43.34 48.49 51.83
1.56 3.23 0.97 0.48 46.20 43.03 48.27 51.34
1.71 3.55 1.12 0.46 45.80 42.63 47.62 51.52
1.75 3.65 1.14 0.47 45.70 42.51 47.56 51.45
1.58 3.26 1.06 0.43 46.13 43.00 47.87 51.80
1.49 3.18 0.97 0.33 46.39 43.11 48.29 52.97
1.41 2.98 0.91 0.34 46.65 43.40 48.56 52.82
1.46 3.10 0.94 0.35 46.49 43.22 48.40 52.71
1.68 3.48 1.09 0.46 45.89 42.72 47.74 51.50
1.65 3.46 1.05 0.44 45.96 42.75 47.93 51.70
1.49 3.08 0.98 0.42 46.39 43.25 48.23 51.89
1.54 3.27 0.98 0.37 46.25 42.98 48.22 52.51
1.50 3.17 0.96 0.36 46.39 43.13 48.30 52.64
1.43 3.01 0.94 0.34 46.58 43.35 48.39 52.90
1.49 3.08 0.98 0.42 46.39 43.26 48.22 51.87
1.43 2.93 0.96 0.40 46.59 43.47 48.31 52.19
1.45 3.02 0.95 0.39 46.50 43.34 48.36 52.15
1.77 3.55 1.23 0.52 45.66 42.63 47.22 50.98
2.08 4.03 1.44 0.74 44.97 42.07 46.54 49.41
2.36 4.35 1.69 1.04 44.41 41.74 45.87 47.98
2.53 4.67 1.62 1.30 44.10 41.44 46.03 46.99
2.86 5.16 1.86 1.58 43.56 41.00 45.44 46.14
3.02 5.32 2.03 1.72 43.32 40.87 45.06 45.78
2.94 4.99 2.00 1.82 43.45 41.15 45.12 45.52
2.83 4.67 2.03 1.78 43.62 41.43 45.06 45.64
2.63 4.27 1.85 1.76 43.93 41.83 45.46 45.67
2.64 4.27 1.93 1.70 43.92 41.82 45.27 45.82
2.41 3.87 1.65 1.72 44.31 42.26 45.94 45.78
2.57 3.94 1.92 1.84 44.03 42.17 45.30 45.47
2.44 3.80 1.74 1.76 44.27 42.33 45.73 45.67
2.33 3.63 1.64 1.72 44.46 42.53 45.99 45.78
2.28 3.57 1.57 1.69 44.56 42.60 46.18 45.85
2.40 3.85 1.54 1.81 44.33 42.28 46.25 45.57
2.60 4.31 1.73 1.76 43.98 41.78 45.76 45.67
2.58 4.02 1.76 1.97 44.01 42.09 45.67 45.17
2.57 4.11 1.74 1.87 44.03 41.99 45.74 45.41
2.33 3.62 1.48 1.89 44.45 42.54 46.41 45.36
2.25 3.55 1.44 1.76 44.61 42.62 46.53 45.68
2.14 3.38 1.32 1.72 44.82 42.83 46.91 45.77
2.86 4.65 1.95 1.97 43.57 41.45 45.23 45.18
2.86 4.65 1.93 2.00 43.57 41.46 45.28 45.12
2.90 4.56 2.11 2.04 43.50 41.55 44.90 45.03
2.79 4.33 2.06 1.99 43.67 41.77 44.99 45.13
2.82 4.42 2.07 1.97 43.62 41.67 44.97 45.19
3.17 4.98 2.36 2.17 43.12 41.15 44.41 44.76
3.24 5.21 2.48 2.03 43.03 40.96 44.19 45.05
3.42 5.67 2.73 1.86 42.79 40.59 43.77 45.44
3.67 6.25 2.72 2.05 42.48 40.17 43.79 45.02
4.01 6.93 2.80 2.32 42.10 39.72 43.67 44.48
3.87 6.52 2.80 2.29 42.25 39.99 43.66 44.54
3.96 6.83 2.78 2.28 42.15 39.79 43.70 44.56
4.66 8.19 3.27 2.53 41.45 39.00 42.98 44.11
4.82 8.44 3.31 2.72 41.30 38.87 42.94 43.78
4.57 7.98 3.03 2.70 41.53 39.11 43.32 43.82
4.47 7.89 2.94 2.57 41.63 39.16 43.44 44.04
4.16 7.50 2.60 2.39 41.94 39.38 43.99 44.35
3.93 7.13 2.43 2.23 42.19 39.60 44.27 44.65
3.87 6.77 2.54 2.28 42.26 39.82 44.08 44.56
3.49 6.19 2.10 2.19 42.70 40.21 44.90 44.74
2.95 5.28 1.72 1.83 43.44 40.90 45.78 45.50
2.56 4.83 1.45 1.39 44.05 41.29 46.51 46.71
2.71 5.15 1.55 1.42 43.81 41.02 46.22 46.60
2.79 5.37 1.58 1.43 43.67 40.83 46.15 46.57
3.00 5.88 1.70 1.43 43.36 40.44 45.84 46.59
2.94 5.80 1.65 1.36 43.45 40.50 45.96 46.80
2.71 5.31 1.56 1.26 43.80 40.88 46.21 47.12
2.68 5.35 1.49 1.20 43.85 40.85 46.39 47.33
2.68 5.24 1.54 1.26 43.85 40.94 46.26 47.12
2.71 5.33 1.58 1.22 43.80 40.86 46.14 47.25
2.73 5.30 1.59 1.31 43.77 40.89 46.13 46.96
2.79 5.48 1.58 1.31 43.68 40.75 46.14 46.95
2.76 5.38 1.56 1.33 43.73 40.82 46.19 46.90
2.76 5.49 1.50 1.28 43.73 40.73 46.37 47.07
2.64 5.30 1.51 1.11 43.91 40.89 46.33 47.69
2.80 5.68 1.58 1.12 43.67 40.58 46.15 47.64
2.90 5.95 1.62 1.13 43.51 40.38 46.03 47.61
3.04 6.29 1.69 1.15 43.30 40.15 45.85 47.51
3.02 6.18 1.69 1.19 43.33 40.22 45.84 47.38
3.42 7.07 1.91 1.27 42.79 39.64 45.32 47.10
3.72 7.88 1.99 1.28 42.43 39.16 45.14 47.06
4.03 8.69 2.14 1.25 42.08 38.74 44.83 47.15
4.09 8.98 2.12 1.16 42.01 38.60 44.86 47.48
4.15 9.11 2.22 1.14 41.95 38.54 44.67 47.55
3.84 8.45 2.00 1.07 42.29 38.86 45.13 47.85
3.46 7.66 1.75 0.96 42.74 39.29 45.70 48.30
3.04 6.67 1.57 0.90 43.30 39.89 46.18 48.58
2.99 6.60 1.54 0.83 43.38 39.94 46.27 48.95
2.59 5.78 1.35 0.64 44.00 40.51 46.82 50.07
2.22 4.99 1.18 0.50 44.66 41.15 47.40 51.19
2.15 4.88 1.14 0.43 44.81 41.25 47.56 51.79
2.18 4.95 1.17 0.43 44.74 41.19 47.44 51.83
2.20 4.99 1.19 0.43 44.70 41.15 47.37 51.81
2.27 5.09 1.28 0.44 44.57 41.07 47.06 51.73
2.33 5.27 1.28 0.44 44.46 40.92 47.07 51.71
2.20 4.99 1.19 0.42 44.71 41.15 47.36 51.93
1.95 4.39 1.11 0.35 45.23 41.70 47.68 52.74
1.92 4.32 1.08 0.35 45.30 41.77 47.80 52.66
2.10 4.84 1.10 0.35 44.91 41.28 47.72 52.74
2.16 4.86 1.17 0.43 44.79 41.26 47.44 51.77
2.14 4.78 1.17 0.47 44.82 41.34 47.45 51.39
2.12 4.80 1.12 0.44 44.86 41.32 47.63 51.65
1.99 4.50 1.06 0.42 45.13 41.60 47.88 51.87
1.97 4.45 1.06 0.42 45.18 41.65 47.89 51.95
1.89 4.21 1.09 0.37 45.36 41.88 47.75 52.40
1.86 4.15 1.09 0.32 45.44 41.95 47.74 53.03
2.02 4.53 1.18 0.35 45.08 41.57 47.43 52.72
2.18 4.89 1.28 0.39 44.74 41.24 47.06 52.22
2.32 5.21 1.33 0.43 44.47 40.96 46.89 51.82
2.49 5.56 1.46 0.44 44.17 40.68 46.48 51.67
2.58 5.78 1.49 0.46 44.02 40.51 46.39 51.53
2.68 6.07 1.50 0.46 43.85 40.30 46.37 51.51
2.89 6.56 1.62 0.50 43.52 39.96 46.04 51.19
2.75 6.15 1.61 0.51 43.73 40.24 46.08 51.08
2.58 5.74 1.51 0.48 44.02 40.54 46.35 51.37
2.32 5.14 1.38 0.44 44.48 41.02 46.74 51.66
2.20 4.82 1.35 0.44 44.69 41.30 46.82 51.72
2.06 4.44 1.30 0.45 44.99 41.66 47.01 51.62
1.90 4.11 1.19 0.40 45.35 42.00 47.36 52.15
1.73 3.77 1.07 0.34 45.77 42.36 47.86 52.82
1.49 3.20 1.00 0.26 46.40 43.08 48.12 53.88
1.47 3.08 0.99 0.34 46.46 43.25 48.16 52.80
1.46 3.01 0.95 0.43 46.48 43.34 48.35 51.80
1.63 3.26 1.08 0.53 46.02 42.99 47.80 50.86
1.70 3.39 1.14 0.58 45.82 42.83 47.56 50.48
1.64 3.22 1.11 0.58 46.00 43.05 47.70 50.50
1.58 3.10 1.06 0.58 46.15 43.22 47.87 50.53
1.58 3.11 1.08 0.55 46.14 43.21 47.78 50.69
1.66 3.30 1.13 0.54 45.94 42.94 47.61 50.79
1.83 3.65 1.23 0.60 45.51 42.50 47.23 50.32
1.82 3.55 1.29 0.62 45.53 42.63 47.02 50.18
1.65 3.27 1.11 0.57 45.95 42.98 47.68 50.56
1.61 3.22 1.07 0.54 46.07 43.06 47.86 50.77
1.57 3.15 1.05 0.52 46.16 43.15 47.92 50.96
1.59 3.21 1.05 0.50 46.12 43.06 47.92 51.16
1.61 3.25 1.09 0.50 46.06 43.01 47.77 51.12
1.63 3.31 1.05 0.52 46.01 42.93 47.93 50.93
1.72 3.42 1.11 0.63 45.78 42.79 47.68 50.17
2.18 4.37 1.50 0.68 44.74 41.73 46.37 49.83
2.17 4.23 1.50 0.76 44.77 41.87 46.36 49.30
2.62 5.04 1.79 1.03 43.95 41.11 45.60 47.99
2.74 5.08 1.90 1.24 43.75 41.07 45.33 47.19
2.89 4.97 1.98 1.72 43.52 41.17 45.15 45.78
3.07 5.17 2.08 1.97 43.26 41.00 44.96 45.20
2.88 4.67 2.06 1.90 43.54 41.43 45.00 45.36
2.41 3.78 1.72 1.74 44.31 42.36 45.78 45.73
2.24 3.45 1.61 1.65 44.63 42.75 46.06 45.95
2.16 3.41 1.51 1.56 44.79 42.81 46.33 46.21
2.29 3.49 1.65 1.71 44.54 42.70 45.95 45.79
2.27 3.53 1.59 1.69 44.57 42.65 46.11 45.86
2.28 3.53 1.57 1.75 44.54 42.65 46.17 45.70
2.67 4.14 2.09 1.77 43.87 41.96 44.94 45.64
3.02 4.73 2.43 1.90 43.33 41.38 44.28 45.35
2.81 4.47 2.15 1.80 43.65 41.63 44.81 45.58
2.96 4.80 2.24 1.83 43.42 41.32 44.63 45.50
2.95 4.86 2.16 1.85 43.43 41.27 44.79 45.47
3.07 4.98 2.24 1.98 43.26 41.16 44.62 45.16
3.25 5.39 2.42 1.95 43.01 40.82 44.29 45.22
3.10 5.11 2.29 1.91 43.21 41.05 44.54 45.31
3.14 5.16 2.39 1.88 43.16 41.00 44.35 45.39
3.31 5.45 2.51 1.95 42.94 40.77 44.13 45.22
3.30 5.33 2.60 1.97 42.95 40.86 43.98 45.20
3.25 5.29 2.47 1.99 43.01 40.90 44.20 45.14
3.08 5.15 2.33 1.78 43.24 41.01 44.47 45.63
3.37 5.65 2.57 1.88 42.86 40.61 44.03 45.39
3.26 5.29 2.51 1.97 43.00 40.90 44.14 45.17
3.75 6.34 2.75 2.17 42.39 40.11 43.74 44.77
3.77 6.24 2.77 2.31 42.36 40.18 43.72 44.49
4.24 7.12 3.19 2.43 41.85 39.61 43.10 44.28
4.31 7.35 2.89 2.69 41.79 39.46 43.53 43.85
4.37 7.23 3.23 2.66 41.72 39.54 43.04 43.88
4.95 8.61 3.46 2.78 41.18 38.78 42.74 43.68
5.38 9.35 3.71 3.08 40.82 38.42 42.43 43.25
5.72 10.07 3.79 3.28 40.56 38.10 42.34 42.97
5.50 9.57 3.65 3.28 40.73 38.32 42.51 42.97
5.07 8.71 3.34 3.15 41.08 38.73 42.89 43.15
4.68 8.17 3.03 2.83 41.43 39.01 43.31 43.62
4.31 7.71 2.80 2.42 41.79 39.26 43.67 44.29
4.42 8.10 2.83 2.32 41.69 39.05 43.62 44.48
4.14 7.58 2.77 2.08 41.96 39.34 43.71 44.95
3.79 7.23 2.34 1.81 42.34 39.54 44.43 45.55
3.66 7.07 2.24 1.68 42.50 39.64 44.64 45.90
3.39 6.50 2.09 1.59 42.82 40.00 44.93 46.11
3.33 6.47 2.09 1.43 42.91 40.02 44.92 46.57
3.32 6.53 2.05 1.39 42.91 39.98 45.00 46.69
3.21 6.22 2.02 1.37 43.07 40.19 45.07 46.76
3.17 6.22 2.06 1.24 43.12 40.19 45.00 47.20
3.12 6.31 1.84 1.22 43.18 40.13 45.49 47.26
3.27 6.53 2.01 1.26 42.98 39.98 45.09 47.11
3.20 6.27 2.00 1.32 43.08 40.16 45.11 46.93
3.24 6.46 1.99 1.26 43.03 40.03 45.13 47.15
3.00 6.00 1.79 1.20 43.36 40.35 45.60 47.32
2.92 5.80 1.78 1.17 43.48 40.50 45.62 47.44
2.86 5.68 1.74 1.16 43.57 40.59 45.73 47.48
3.10 6.21 1.82 1.28 43.22 40.20 45.54 47.06
3.33 6.74 1.96 1.27 42.91 39.85 45.20 47.07
3.23 6.58 1.84 1.27 43.03 39.95 45.48 47.09
3.41 6.97 2.00 1.26 42.80 39.70 45.12 47.14
3.72 7.80 2.09 1.28 42.42 39.21 44.93 47.06
3.52 7.34 1.97 1.26 42.66 39.48 45.19 47.14
4.17 8.79 2.33 1.39 41.93 38.69 44.45 46.72
4.46 9.55 2.43 1.41 41.64 38.33 44.28 46.65
4.44 9.62 2.40 1.30 41.66 38.30 44.33 46.99
3.79 8.16 2.06 1.15 42.35 39.02 44.99 47.52
3.47 7.49 1.86 1.06 42.73 39.39 45.44 47.85
3.19 6.83 1.73 1.02 43.09 39.79 45.75 48.05
2.75 5.96 1.53 0.78 43.73 40.37 46.30 49.21
2.38 5.08 1.41 0.65 44.37 41.08 46.64 49.99
2.21 4.78 1.28 0.56 44.69 41.34 47.06 50.67
2.10 4.55 1.21 0.54 44.91 41.56 47.30 50.79
2.00 4.46 1.13 0.41 45.13 41.64 47.62 51.98
1.94 4.29 1.13 0.41 45.25 41.80 47.61 51.97
1.90 4.16 1.13 0.41 45.35 41.94 47.60 52.00
1.93 4.12 1.15 0.53 45.27 41.98 47.55 50.89
2.04 4.28 1.25 0.59 45.04 41.82 47.17 50.46
1.87 3.97 1.12 0.52 45.42 42.15 47.62 51.03
1.73 3.71 1.03 0.46 45.75 42.44 48.02 51.47
1.71 3.66 1.02 0.45 45.81 42.51 48.05 51.59
1.72 3.69 1.01 0.45 45.79 42.46 48.06 51.66
1.84 3.91 1.10 0.51 45.50 42.21 47.74 51.11
1.94 4.14 1.16 0.51 45.25 41.96 47.47 51.07
1.84 3.90 1.10 0.50 45.50 42.22 47.72 51.13
1.76 3.78 1.03 0.49 45.66 42.36 47.99 51.26
1.76 3.73 1.06 0.48 45.68 42.41 47.87 51.34
1.77 3.79 1.03 0.48 45.66 42.35 47.99 51.32
1.90 4.07 1.08 0.53 45.36 42.03 47.80 50.90
2.26 4.85 1.23 0.69 44.60 41.27 47.22 49.76
2.42 5.10 1.33 0.82 44.30 41.06 46.89 49.00
2.68 5.63 1.43 0.97 43.85 40.62 46.55 48.29
3.34 7.00 1.84 1.20 42.89 39.68 45.50 47.34
3.45 7.03 1.97 1.35 42.76 39.67 45.18 46.84
3.72 7.65 2.11 1.41 42.42 39.29 44.89 46.65
4.37 8.88 2.60 1.63 41.72 38.65 43.98 46.01
4.20 8.56 2.45 1.59 41.90 38.81 44.24 46.13
4.14 8.58 2.42 1.43 41.96 38.80 44.30 46.57
3.49 7.19 2.04 1.25 42.70 39.56 45.03 47.18
3.48 7.07 2.11 1.27 42.71 39.63 44.87 47.09
3.25 6.43 1.94 1.38 43.01 40.05 45.24 46.74
3.25 6.33 1.95 1.48 43.01 40.12 45.24 46.44
3.11 6.00 1.91 1.42 43.20 40.35 45.33 46.62
2.78 5.25 1.73 1.36 43.69 40.93 45.74 46.81
2.46 4.54 1.55 1.29 44.22 41.56 46.23 47.02
2.60 4.72 1.65 1.42 43.98 41.39 45.96 46.60
