5.98 12.72 3.11 2.11 40.36 37.08 43.20 44.89
6.34 13.82 2.98 2.22 40.11 36.73 43.38 44.66
6.54 14.39 3.05 2.17 39.98 36.55 43.29 44.77
6.01 13.08 2.93 2.03 40.34 36.97 43.46 45.06
6.69 14.55 3.30 2.23 39.87 36.50 42.95 44.64
6.93 15.30 3.24 2.26 39.72 36.28 43.02 44.59
7.32 16.06 3.48 2.41 39.49 36.07 42.72 44.31
7.99 17.60 3.83 2.53 39.11 35.67 42.29 44.10
7.28 16.07 3.41 2.37 39.51 36.07 42.80 44.39
7.20 15.61 3.40 2.58 39.56 36.20 42.81 44.01
8.29 17.74 3.83 3.30 38.95 35.64 42.30 42.95
7.27 16.00 3.18 2.63 39.52 36.09 43.11 43.94
7.73 17.26 3.42 2.51 39.25 35.76 42.79 44.13
9.10 20.23 4.24 2.82 38.54 35.07 41.85 43.62
8.70 19.54 3.80 2.76 38.74 35.22 42.33 43.73
8.70 19.69 3.75 2.66 38.74 35.19 42.39 43.89
8.74 20.17 3.80 2.24 38.72 35.08 42.33 44.62
9.39 21.77 4.07 2.33 38.40 34.75 42.03 44.45
9.65 22.20 4.16 2.59 38.28 34.67 41.94 44.00
9.77 22.63 4.02 2.67 38.23 34.58 42.08 43.86
10.00 22.81 4.58 2.60 38.13 34.55 41.53 43.98
8.18 18.90 3.41 2.22 39.01 35.37 42.81 44.67
7.20 17.04 2.96 1.59 39.56 35.82 43.41 46.12
5.80 13.71 2.43 1.25 40.50 36.76 44.27 47.15
5.07 12.23 2.11 0.88 41.08 37.26 44.89 48.68
4.85 11.94 1.86 0.76 41.27 37.36 45.45 49.31
4.58 11.43 1.56 0.76 41.52 37.55 46.20 49.33
4.80 11.80 1.73 0.88 41.32 37.41 45.75 48.69
4.70 11.48 1.77 0.86 41.41 37.53 45.64 48.77
4.75 11.65 1.68 0.90 41.37 37.47 45.87 48.59
2.56 5.44 1.39 0.86 44.04 40.77 46.70 48.81
2.54 5.37 1.39 0.87 44.07 40.83 46.68 48.75
2.60 5.50 1.39 0.91 43.98 40.73 46.70 48.52
2.63 5.59 1.42 0.90 43.93 40.66 46.62 48.60
2.52 5.34 1.36 0.85 44.12 40.85 46.81 48.82
2.53 5.43 1.33 0.82 44.11 40.78 46.91 49.01
2.51 5.44 1.33 0.77 44.13 40.78 46.90 49.29
2.46 5.33 1.31 0.75 44.21 40.86 46.93 49.41
2.26 4.90 1.19 0.70 44.59 41.23 47.38 49.69
2.08 4.65 1.05 0.55 44.95 41.46 47.94 50.73
1.88 4.32 0.92 0.39 45.40 41.77 48.50 52.26
1.79 4.11 0.90 0.36 45.61 41.99 48.61 52.64
1.92 4.19 1.03 0.52 45.31 41.90 47.98 50.96
2.20 4.72 1.26 0.61 44.72 41.39 47.15 50.28
2.36 5.08 1.36 0.63 44.41 41.07 46.80 50.12
2.33 4.95 1.39 0.64 44.47 41.19 46.69 50.09
2.28 4.86 1.35 0.64 44.55 41.27 46.82 50.10
2.45 5.27 1.49 0.59 44.24 40.91 46.41 50.39
2.51 5.41 1.56 0.55 44.14 40.80 46.19 50.72
2.67 5.66 1.63 0.71 43.87 40.60 46.01 49.57
2.59 5.52 1.55 0.70 44.00 40.71 46.23 49.67
2.66 5.68 1.54 0.78 43.87 40.59 46.25 49.22
2.47 5.28 1.42 0.69 44.22 40.91 46.61 49.73
2.21 4.70 1.29 0.66 44.67 41.41 47.04 49.94
2.08 4.38 1.26 0.62 44.94 41.72 47.14 50.25
2.08 4.32 1.34 0.59 44.95 41.78 46.87 50.47
1.75 3.65 1.08 0.52 45.71 42.51 47.81 50.94
1.67 3.48 1.04 0.50 45.89 42.71 47.96 51.14
1.59 3.31 1.00 0.47 46.11 42.94 48.13 51.41
1.77 3.76 1.07 0.50 45.64 42.38 47.86 51.14
1.95 4.16 1.22 0.47 45.23 41.95 47.27 51.37
2.13 4.57 1.33 0.49 44.85 41.54 46.90 51.20
1.87 4.00 1.13 0.47 45.42 42.12 47.58 51.43
1.73 3.81 1.04 0.34 45.76 42.32 47.96 52.86
1.70 3.74 1.01 0.34 45.85 42.42 48.10 52.79
1.80 3.95 1.06 0.36 45.60 42.17 47.87 52.51
2.01 4.33 1.21 0.50 45.09 41.77 47.32 51.11
2.06 4.47 1.23 0.48 45.01 41.65 47.24 51.33
1.81 3.88 1.10 0.46 45.56 42.25 47.71 51.54
1.84 4.03 1.10 0.38 45.50 42.09 47.72 52.36
1.76 3.82 1.10 0.37 45.67 42.31 47.73 52.49
1.64 3.53 1.02 0.35 46.00 42.66 48.04 52.67
1.81 3.78 1.16 0.46 45.57 42.36 47.49 51.44
1.71 3.58 1.10 0.44 45.82 42.60 47.73 51.71
1.73 3.68 1.07 0.44 45.76 42.49 47.83 51.68
2.12 4.29 1.47 0.59 44.87 41.81 46.45 50.37
2.41 4.74 1.66 0.84 44.31 41.38 45.94 48.89
2.78 5.29 1.90 1.17 43.69 40.90 45.35 47.47
3.06 5.78 1.89 1.51 43.28 40.52 45.37 46.35
3.72 6.84 2.30 2.02 42.44 39.79 44.52 45.09
3.75 6.71 2.45 2.09 42.40 39.88 44.26 44.94
3.71 6.39 2.54 2.21 42.44 40.09 44.10 44.69
3.37 5.74 2.22 2.16 42.85 40.55 44.66 44.79
3.20 5.37 2.10 2.13 43.08 40.84 44.91 44.86
3.12 5.19 2.14 2.03 43.20 40.99 44.83 45.07
3.22 5.28 2.10 2.27 43.06 40.91 44.91 44.58
3.21 5.17 2.22 2.22 43.07 41.00 44.66 44.67
3.24 5.26 2.13 2.32 43.04 40.93 44.85 44.49
2.96 4.76 1.95 2.17 43.43 41.36 45.25 44.77
3.16 5.29 2.04 2.14 43.15 40.91 45.04 44.83
2.86 4.73 1.79 2.08 43.56 41.38 45.61 44.96
3.31 5.81 1.96 2.19 42.93 40.49 45.22 44.73
3.47 5.82 2.19 2.39 42.73 40.48 44.73 44.34
3.19 5.24 2.01 2.33 43.08 40.94 45.09 44.46
3.12 5.12 1.96 2.29 43.19 41.04 45.21 44.53
2.94 4.89 1.70 2.22 43.45 41.23 45.83 44.67
2.88 4.74 1.77 2.13 43.54 41.37 45.66 44.85
3.43 5.78 2.24 2.27 42.78 40.51 44.62 44.58
3.33 5.53 2.22 2.23 42.91 40.71 44.66 44.64
3.42 5.64 2.35 2.27 42.79 40.62 44.42 44.56
3.29 5.29 2.42 2.15 42.96 40.90 44.29 44.80
3.34 5.45 2.38 2.19 42.90 40.77 44.36 44.74
3.65 5.93 2.59 2.41 42.51 40.40 43.99 44.31
3.97 6.82 2.82 2.26 42.15 39.80 43.63 44.58
4.11 7.10 3.16 2.08 41.99 39.62 43.13 44.95
4.37 7.74 3.02 2.35 41.72 39.24 43.32 44.43
4.40 7.88 2.99 2.32 41.70 39.16 43.37 44.47
4.61 8.13 3.18 2.50 41.50 39.03 43.10 44.15
5.11 9.18 3.38 2.75 41.05 38.50 42.84 43.74
5.81 10.55 3.85 3.04 40.48 37.89 42.27 43.31
5.73 10.38 3.75 3.07 40.55 37.97 42.40 43.26
5.53 10.04 3.48 3.06 40.71 38.11 42.72 43.27
5.71 10.43 3.61 3.08 40.57 37.95 42.56 43.24
5.21 9.64 3.07 2.90 40.96 38.29 43.26 43.51
4.75 8.85 2.79 2.60 41.37 38.66 43.68 43.98
4.57 8.37 2.80 2.54 41.53 38.90 43.67 44.08
4.63 8.71 2.55 2.63 41.48 38.73 44.07 43.94
3.99 7.62 2.14 2.22 42.12 39.31 44.82 44.67
3.65 7.12 2.05 1.76 42.51 39.60 45.00 45.68
3.79 7.52 2.05 1.82 42.34 39.37 45.01 45.54
4.37 9.00 2.17 1.93 41.73 38.59 44.76 45.28
5.02 10.54 2.63 1.89 41.12 37.90 43.94 45.37
4.57 9.71 2.26 1.75 41.53 38.26 44.59 45.70
4.56 9.70 2.31 1.68 41.54 38.26 44.50 45.87
4.21 9.00 2.16 1.46 41.89 38.59 44.79 46.49
4.49 9.62 2.25 1.59 41.61 38.30 44.61 46.12
4.13 8.79 2.08 1.53 41.97 38.69 44.94 46.30
4.64 9.94 2.27 1.70 41.47 38.16 44.57 45.83
4.37 9.12 2.26 1.73 41.72 38.53 44.58 45.76
4.43 9.31 2.26 1.73 41.67 38.44 44.59 45.76
4.34 9.19 2.09 1.74 41.76 38.50 44.93 45.72
4.59 9.83 2.30 1.63 41.52 38.21 44.51 46.02
4.47 9.57 2.27 1.57 41.62 38.32 44.56 46.16
4.84 10.55 2.30 1.66 41.29 37.90 44.50 45.93
5.09 11.19 2.35 1.73 41.06 37.64 44.41 45.76
4.68 10.09 2.27 1.69 41.42 38.09 44.56 45.85
5.23 11.31 2.60 1.76 40.95 37.60 43.98 45.66
5.43 11.93 2.65 1.74 40.78 37.36 43.91 45.73
5.75 12.65 2.89 1.71 40.53 37.11 43.52 45.81
5.36 11.86 2.71 1.50 40.84 37.39 43.81 46.38
5.57 12.38 2.84 1.50 40.67 37.20 43.59 46.38
5.10 11.32 2.54 1.43 41.06 37.59 44.08 46.59
4.37 9.76 2.09 1.24 41.73 38.24 44.92 47.18
3.89 8.65 1.91 1.11 42.23 38.76 45.31 47.68
3.57 8.00 1.74 0.97 42.60 39.10 45.74 48.25
2.99 6.75 1.48 0.74 43.38 39.84 46.43 49.44
2.48 5.63 1.27 0.54 44.19 40.63 47.10 50.81
2.34 5.34 1.21 0.46 44.45 40.86 47.31 51.54
2.34 5.34 1.23 0.46 44.43 40.85 47.22 51.55
2.41 5.52 1.25 0.46 44.32 40.72 47.16 51.54
2.94 6.87 1.49 0.46 43.45 39.76 46.41 51.49
3.08 7.24 1.51 0.47 43.25 39.53 46.34 51.37
2.98 7.04 1.43 0.46 43.39 39.65 46.58 51.46
2.84 6.76 1.36 0.40 43.60 39.83 46.79 52.16
2.60 6.11 1.30 0.40 43.98 40.27 46.98 52.11
2.79 6.63 1.34 0.39 43.68 39.91 46.85 52.23
2.84 6.65 1.41 0.47 43.59 39.91 46.63 51.42
2.94 6.90 1.42 0.50 43.45 39.75 46.63 51.16
2.77 6.49 1.35 0.47 43.71 40.01 46.82 51.40
2.63 6.15 1.28 0.46 43.93 40.24 47.07 51.47
2.57 5.96 1.27 0.47 44.04 40.37 47.10 51.39
2.52 5.82 1.33 0.42 44.11 40.48 46.90 51.86
2.40 5.59 1.26 0.35 44.33 40.66 47.14 52.65
2.50 5.80 1.31 0.39 44.15 40.49 46.96 52.20
2.66 6.12 1.44 0.42 43.88 40.26 46.55 51.88
2.81 6.53 1.45 0.45 43.64 39.98 46.52 51.59
2.88 6.67 1.53 0.45 43.53 39.89 46.28 51.58
3.01 6.97 1.59 0.47 43.34 39.70 46.11 51.41
3.01 6.98 1.58 0.48 43.34 39.69 46.14 51.33
3.17 7.31 1.69 0.51 43.12 39.49 45.86 51.03
3.14 7.18 1.72 0.52 43.16 39.57 45.77 50.94
3.04 6.89 1.71 0.53 43.30 39.75 45.80 50.89
2.59 5.80 1.49 0.47 44.01 40.49 46.40 51.44
2.47 5.48 1.47 0.46 44.21 40.74 46.46 51.55
2.30 5.05 1.39 0.47 44.52 41.10 46.72 51.47
2.09 4.57 1.28 0.41 44.94 41.53 47.06 52.02
1.92 4.25 1.16 0.35 45.29 41.84 47.49 52.67
1.65 3.59 1.09 0.26 45.97 42.58 47.77 53.94
1.62 3.46 1.04 0.36 46.04 42.74 47.95 52.62
1.64 3.40 1.04 0.47 46.00 42.81 47.96 51.46
1.78 3.62 1.16 0.56 45.63 42.54 47.50 50.66
1.87 3.77 1.22 0.63 45.41 42.37 47.27 50.15
1.82 3.66 1.18 0.63 45.52 42.50 47.40 50.15
1.75 3.51 1.12 0.62 45.71 42.68 47.65 50.22
1.78 3.61 1.14 0.60 45.62 42.56 47.58 50.32
1.79 3.64 1.19 0.56 45.59 42.52 47.40 50.64
1.95 3.96 1.28 0.61 45.24 42.16 47.06 50.30
1.97 3.94 1.34 0.64 45.18 42.18 46.86 50.07
1.78 3.58 1.16 0.59 45.63 42.59 47.49 50.44
1.75 3.57 1.10 0.57 45.71 42.61 47.69 50.59
1.72 3.51 1.11 0.56 45.76 42.68 47.69 50.69
1.73 3.56 1.08 0.54 45.76 42.61 47.80 50.82
1.79 3.66 1.15 0.55 45.61 42.50 47.54 50.72
1.79 3.70 1.11 0.57 45.60 42.45 47.70 50.59
1.85 3.71 1.17 0.67 45.46 42.44 47.46 49.85
2.33 4.67 1.56 0.75 44.47 41.44 46.21 49.40
2.34 4.57 1.61 0.82 44.46 41.54 46.08 48.97
2.77 5.30 1.89 1.13 43.71 40.89 45.38 47.61
2.97 5.53 1.99 1.39 43.42 40.71 45.15 46.75
3.14 5.50 2.08 1.83 43.17 40.74 44.95 45.51
3.18 5.43 2.13 1.99 43.11 40.79 44.85 45.14
3.09 5.06 2.16 2.04 43.24 41.10 44.79 45.05
2.61 4.14 1.81 1.88 43.98 41.98 45.56 45.41
2.54 3.98 1.78 1.86 44.13 42.19 45.68 45.47
2.44 3.88 1.66 1.79 44.29 42.28 45.95 45.65
2.56 4.00 1.81 1.86 44.06 42.12 45.56 45.44
2.62 4.18 1.76 1.92 43.96 41.93 45.68 45.33
2.69 4.33 1.76 1.98 43.85 41.78 45.71 45.18
3.04 4.92 2.22 1.98 43.31 41.22 44.67 45.18
3.40 5.53 2.56 2.10 42.83 40.71 44.06 44.92
3.31 5.46 2.49 1.98 42.93 40.76 44.17 45.17
3.54 5.94 2.53 2.16 42.64 40.39 44.11 44.79
3.69 6.29 2.56 2.21 42.47 40.15 44.05 44.68
3.84 6.43 2.78 2.30 42.29 40.04 43.69 44.52
3.89 6.67 2.76 2.25 42.23 39.89 43.72 44.62
3.88 6.63 2.70 2.30 42.24 39.92 43.82 44.50
4.01 7.00 2.76 2.27 42.10 39.68 43.73 44.57
4.12 7.08 2.91 2.37 41.98 39.63 43.49 44.39
4.07 6.81 3.07 2.33 42.03 39.80 43.26 44.46
4.19 7.03 2.96 2.59 41.91 39.66 43.42 44.00
4.05 7.03 2.81 2.32 42.05 39.66 43.65 44.47
4.09 7.02 3.04 2.20 42.01 39.67 43.30 44.70
4.08 7.14 2.97 2.13 42.02 39.59 43.41 44.83
4.64 8.00 3.24 2.68 41.46 39.10 43.02 43.85
5.29 9.30 3.61 2.97 40.89 38.45 42.56 43.41
6.08 10.90 4.09 3.26 40.29 37.76 42.02 43.00
6.03 11.09 3.78 3.23 40.33 37.68 42.35 43.04
6.46 11.87 4.19 3.31 40.03 37.38 41.91 42.92
7.24 13.50 4.59 3.63 39.53 36.83 41.51 42.53
7.94 14.99 4.81 4.03 39.13 36.37 41.31 42.08
8.77 16.52 5.17 4.61 38.70 35.95 41.00 41.50
8.35 16.01 4.74 4.31 38.91 36.09 41.37 41.79
8.70 16.78 4.97 4.35 38.74 35.88 41.17 41.75
7.30 14.13 4.03 3.75 39.50 36.63 42.08 42.40
7.04 14.07 3.91 3.13 39.66 36.65 42.21 43.18
6.96 14.21 3.70 2.97 39.70 36.60 42.45 43.41
6.74 13.73 3.72 2.77 39.85 36.76 42.43 43.70
6.10 12.55 3.30 2.44 40.28 37.14 42.94 44.26
5.69 12.01 2.97 2.08 40.58 37.34 43.40 44.95
5.97 12.42 3.22 2.27 40.37 37.19 43.06 44.57
5.33 11.06 2.99 1.93 40.86 37.69 43.37 45.27
5.62 11.71 3.16 1.99 40.63 37.44 43.13 45.14
5.76 12.07 3.23 1.98 40.53 37.31 43.03 45.17
5.32 11.39 2.82 1.74 40.87 37.57 43.63 45.73
5.52 12.05 2.88 1.64 40.71 37.32 43.54 45.98
5.66 12.12 2.93 1.93 40.60 37.30 43.46 45.27
5.57 11.75 2.94 2.02 40.67 37.43 43.45 45.08
5.74 12.28 3.05 1.89 40.54 37.24 43.29 45.36
5.08 11.02 2.61 1.59 41.08 37.71 43.96 46.13
5.40 11.65 2.75 1.80 40.81 37.47 43.74 45.58
5.95 12.58 3.09 2.18 40.39 37.14 43.23 44.75
5.91 12.32 3.12 2.28 40.42 37.23 43.19 44.55
5.67 11.93 3.01 2.08 40.59 37.37 43.35 44.95
5.59 11.88 2.81 2.08 40.66 37.38 43.65 44.96
5.65 12.17 2.78 2.00 40.61 37.28 43.70 45.13
5.89 12.69 2.96 2.01 40.43 37.10 43.42 45.10
5.87 12.66 2.97 1.97 40.45 37.11 43.40 45.19
6.14 13.24 3.16 2.01 40.25 36.91 43.13 45.10
6.51 14.22 3.19 2.12 40.00 36.60 43.10 44.87
6.37 13.92 3.15 2.06 40.09 36.69 43.15 44.98
5.64 12.28 2.89 1.75 40.62 37.24 43.51 45.70
4.99 10.65 2.56 1.74 41.15 37.86 44.05 45.71
4.03 8.73 2.07 1.28 42.08 38.72 44.95 47.06
3.29 7.16 1.77 0.95 42.95 39.58 45.64 48.36
2.73 5.94 1.54 0.72 43.77 40.39 46.26 49.60
2.40 5.26 1.37 0.59 44.32 40.92 46.77 50.45
2.28 5.01 1.27 0.56 44.55 41.13 47.09 50.62
2.14 4.79 1.21 0.41 44.83 41.32 47.28 52.04
2.08 4.63 1.21 0.41 44.95 41.47 47.31 52.04
2.04 4.49 1.22 0.41 45.03 41.61 47.26 51.97
2.32 5.09 1.32 0.54 44.49 41.06 46.93 50.82
2.46 5.30 1.41 0.67 44.23 40.89 46.63 49.87
2.42 5.38 1.31 0.58 44.29 40.84 46.96 50.55
2.13 4.68 1.18 0.52 44.86 41.43 47.44 50.95
2.09 4.63 1.16 0.49 44.92 41.48 47.47 51.29
2.18 4.90 1.18 0.48 44.74 41.24 47.43 51.32
2.36 5.30 1.25 0.55 44.40 40.90 47.17 50.69
2.54 5.65 1.37 0.58 44.10 40.62 46.76 50.49
2.36 5.29 1.27 0.55 44.40 40.91 47.11 50.74
2.19 4.87 1.15 0.56 44.72 41.26 47.53 50.63
2.25 4.99 1.23 0.56 44.61 41.16 47.25 50.68
2.22 4.88 1.20 0.58 44.67 41.25 47.35 50.44
2.59 5.69 1.37 0.69 44.02 40.58 46.76 49.75
3.24 6.91 1.74 1.09 43.03 39.74 45.73 47.79
3.72 8.10 1.87 1.21 42.43 39.05 45.42 47.32
4.18 8.96 2.13 1.45 41.92 38.61 44.85 46.53
4.68 9.86 2.49 1.71 41.42 38.19 44.17 45.81
5.41 11.42 2.80 1.99 40.81 37.55 43.66 45.14
6.11 12.91 3.17 2.25 40.27 37.02 43.12 44.60
6.53 13.91 3.46 2.22 39.98 36.70 42.74 44.66
5.88 12.36 3.21 2.08 40.44 37.21 43.07 44.97
6.38 13.76 3.28 2.08 40.08 36.75 42.96 44.94
5.38 11.63 2.78 1.72 40.83 37.47 43.69 45.77
5.38 11.64 2.71 1.79 40.82 37.47 43.79 45.59
4.90 10.40 2.54 1.76 41.23 37.96 44.09 45.68
4.67 9.71 2.49 1.82 41.43 38.26 44.16 45.54
5.13 10.44 2.85 2.09 41.03 37.94 43.59 44.91
4.86 9.88 2.76 1.94 41.26 38.19 43.73 45.25
4.48 8.94 2.49 2.00 41.62 38.62 44.17 45.12
4.88 9.68 2.78 2.17 41.25 38.27 43.69 44.77
