5.98 12.72 3.11 2.11 40.36 37.08 43.20 44.89
6.34 13.82 2.98 2.22 40.11 36.73 43.38 44.66
6.54 14.39 3.05 2.17 39.98 36.55 43.29 44.77
6.01 13.08 2.93 2.03 40.34 36.97 43.46 45.06
6.69 14.55 3.30 2.23 39.87 36.50 42.95 44.64
6.93 15.30 3.24 2.26 39.72 36.28 43.02 44.59
7.32 16.06 3.48 2.41 39.49 36.07 42.72 44.31
7.99 17.60 3.83 2.53 39.11 35.67 42.29 44.10
7.28 16.07 3.41 2.37 39.51 36.07 42.80 44.39
7.20 15.61 3.40 2.58 39.56 36.20 42.81 44.01
8.29 17.74 3.83 3.30 38.95 35.64 42.30 42.95
7.27 16.00 3.18 2.63 39.52 36.09 43.11 43.94
7.73 17.26 3.42 2.51 39.25 35.76 42.79 44.13
9.10 20.23 4.24 2.82 38.54 35.07 41.85 43.62
8.70 19.54 3.80 2.76 38.74 35.22 42.33 43.73
8.70 19.69 3.75 2.66 38.74 35.19 42.39 43.89
8.74 20.17 3.80 2.24 38.72 35.08 42.33 44.62
9.39 21.77 4.07 2.33 38.40 34.75 42.03 44.45
9.65 22.20 4.16 2.59 38.28 34.67 41.94 44.00
9.77 22.63 4.02 2.67 38.23 34.58 42.08 43.86
10.00 22.81 4.58 2.60 38.13 34.55 41.53 43.98
8.18 18.90 3.41 2.22 39.01 35.37 42.81 44.67
7.20 17.04 2.96 1.59 39.56 35.82 43.41 46.12
5.80 13.71 2.43 1.25 40.50 36.76 44.27 47.15
5.07 12.23 2.11 0.88 41.08 37.26 44.89 48.68
4.85 11.93 1.85 0.76 41.27 37.36 45.45 49.30
4.58 11.42 1.56 0.76 41.52 37.55 46.20 49.32
4.81 11.80 1.74 0.88 41.31 37.41 45.74 48.70
4.69 11.46 1.75 0.86 41.42 37.54 45.71 48.80
4.75 11.67 1.66 0.91 41.37 37.46 45.92 48.53
2.52 5.31 1.39 0.86 44.12 40.88 46.69 48.80
2.43 5.11 1.35 0.84 44.27 41.05 46.81 48.90
2.41 5.04 1.34 0.85 44.31 41.10 46.85 48.84
2.40 5.08 1.31 0.82 44.32 41.07 46.95 49.02
2.37 5.01 1.29 0.79 44.40 41.13 47.02 49.15
2.37 5.07 1.28 0.77 44.38 41.08 47.06 49.26
2.35 5.05 1.28 0.72 44.43 41.10 47.07 49.57
2.30 4.87 1.31 0.71 44.52 41.26 46.97 49.60
2.18 4.66 1.20 0.68 44.75 41.45 47.33 49.81
1.95 4.32 1.02 0.52 45.22 41.78 48.04 51.00
1.78 4.06 0.89 0.38 45.64 42.05 48.65 52.32
1.70 3.89 0.87 0.34 45.83 42.24 48.73 52.77
1.86 4.07 1.03 0.50 45.43 42.04 48.00 51.20
2.11 4.56 1.23 0.55 44.88 41.54 47.23 50.74
2.24 4.82 1.31 0.58 44.64 41.30 46.95 50.53
2.25 4.80 1.39 0.59 44.59 41.32 46.70 50.45
2.21 4.69 1.32 0.61 44.70 41.42 46.92 50.32
2.40 5.17 1.48 0.54 44.33 40.99 46.41 50.83
2.46 5.32 1.52 0.53 44.23 40.87 46.31 50.91
2.56 5.47 1.57 0.65 44.04 40.75 46.16 50.01
2.53 5.39 1.56 0.63 44.11 40.81 46.20 50.15
2.58 5.49 1.57 0.67 44.01 40.73 46.17 49.85
2.39 5.16 1.41 0.60 44.35 41.01 46.63 50.33
2.15 4.60 1.28 0.58 44.81 41.51 47.07 50.49
2.02 4.25 1.23 0.57 45.08 41.85 47.22 50.60
1.97 4.08 1.29 0.55 45.18 42.03 47.03 50.73
1.66 3.44 1.06 0.50 45.92 42.77 47.88 51.18
1.58 3.32 0.98 0.46 46.13 42.93 48.25 51.49
1.50 3.13 0.94 0.43 46.36 43.17 48.39 51.76
1.60 3.34 0.98 0.47 46.09 42.89 48.22 51.37
1.75 3.71 1.11 0.44 45.70 42.44 47.69 51.72
1.80 3.83 1.12 0.44 45.58 42.30 47.64 51.66
1.65 3.46 1.05 0.44 45.96 42.74 47.92 51.73
1.55 3.35 0.97 0.33 46.23 42.87 48.27 52.98
1.45 3.12 0.91 0.33 46.50 43.19 48.51 52.96
1.54 3.31 0.96 0.36 46.25 42.93 48.31 52.57
1.75 3.66 1.09 0.48 45.72 42.49 47.77 51.30
1.70 3.58 1.07 0.45 45.83 42.59 47.85 51.60
1.55 3.21 1.00 0.43 46.24 43.07 48.15 51.83
1.55 3.32 0.99 0.36 46.21 42.92 48.19 52.58
1.51 3.20 0.98 0.35 46.34 43.08 48.19 52.75
1.44 3.06 0.95 0.33 46.53 43.27 48.36 53.04
1.56 3.22 1.03 0.44 46.19 43.06 48.00 51.67
1.49 3.06 0.99 0.41 46.41 43.28 48.16 52.01
1.48 3.10 0.95 0.41 46.41 43.22 48.37 52.02
1.84 3.72 1.28 0.51 45.49 42.43 47.05 51.07
2.11 4.12 1.47 0.74 44.89 41.98 46.46 49.48
2.45 4.55 1.75 1.04 44.24 41.55 45.70 47.95
2.64 4.89 1.70 1.32 43.92 41.24 45.82 46.91
2.96 5.35 1.91 1.62 43.43 40.85 45.33 46.04
3.08 5.46 2.04 1.75 43.24 40.76 45.03 45.71
2.98 5.10 2.02 1.83 43.39 41.06 45.08 45.50
2.92 4.87 2.06 1.81 43.48 41.26 44.99 45.55
2.73 4.48 1.90 1.80 43.78 41.62 45.35 45.58
2.70 4.41 1.96 1.73 43.82 41.69 45.21 45.74
2.55 4.20 1.71 1.74 44.06 41.90 45.79 45.71
2.69 4.23 1.97 1.86 43.84 41.86 45.18 45.44
2.57 4.10 1.80 1.82 44.03 42.01 45.58 45.53
2.40 3.76 1.69 1.76 44.32 42.38 45.84 45.69
2.42 3.85 1.68 1.74 44.29 42.27 45.89 45.73
2.47 4.00 1.60 1.81 44.21 42.11 46.10 45.56
2.69 4.51 1.78 1.78 43.83 41.59 45.62 45.62
2.72 4.28 1.87 2.01 43.79 41.82 45.42 45.10
2.65 4.26 1.79 1.89 43.90 41.84 45.59 45.38
2.45 3.90 1.52 1.92 44.24 42.22 46.31 45.29
2.41 3.90 1.53 1.80 44.30 42.21 46.27 45.57
2.23 3.59 1.36 1.74 44.65 42.59 46.79 45.72
2.92 4.81 1.98 1.98 43.47 41.31 45.17 45.16
2.92 4.79 1.95 2.02 43.47 41.33 45.22 45.07
2.97 4.79 2.12 2.00 43.40 41.32 44.86 45.11
2.80 4.41 2.04 1.94 43.66 41.68 45.03 45.26
2.97 4.77 2.14 2.00 43.40 41.35 44.82 45.12
3.24 5.14 2.38 2.18 43.03 41.02 44.36 44.75
3.31 5.44 2.50 1.99 42.93 40.78 44.15 45.14
3.51 5.87 2.82 1.85 42.67 40.44 43.63 45.46
3.79 6.52 2.76 2.07 42.35 39.99 43.72 44.97
4.09 7.20 2.80 2.29 42.01 39.56 43.67 44.54
3.95 6.69 2.84 2.32 42.16 39.88 43.60 44.48
3.99 6.93 2.75 2.29 42.12 39.73 43.74 44.53
4.74 8.37 3.32 2.54 41.37 38.90 42.91 44.08
4.89 8.60 3.36 2.72 41.23 38.79 42.87 43.78
4.64 8.12 3.08 2.71 41.47 39.03 43.24 43.81
4.56 8.09 2.96 2.61 41.55 39.05 43.42 43.97
4.25 7.73 2.62 2.40 41.85 39.25 43.94 44.32
4.04 7.39 2.45 2.27 42.07 39.45 44.24 44.58
3.92 6.93 2.56 2.27 42.20 39.73 44.04 44.57
3.62 6.49 2.13 2.23 42.55 40.01 44.85 44.65
3.07 5.59 1.78 1.85 43.26 40.66 45.63 45.46
2.63 4.99 1.49 1.43 43.92 41.14 46.41 46.59
2.79 5.36 1.56 1.45 43.67 40.83 46.19 46.51
3.15 6.24 1.72 1.50 43.16 40.20 45.80 46.36
3.41 6.86 1.85 1.50 42.83 39.79 45.47 46.38
3.39 6.89 1.84 1.43 42.85 39.78 45.48 46.58
3.18 6.50 1.74 1.32 43.13 40.05 45.73 46.94
2.92 5.94 1.61 1.22 43.49 40.41 46.07 47.28
3.00 6.05 1.64 1.30 43.37 40.33 45.98 46.97
2.83 5.66 1.59 1.23 43.62 40.61 46.12 47.23
3.17 6.41 1.73 1.36 43.14 40.09 45.76 46.78
3.16 6.39 1.72 1.38 43.14 40.09 45.80 46.73
3.14 6.30 1.72 1.41 43.17 40.16 45.78 46.65
3.09 6.27 1.62 1.37 43.25 40.18 46.03 46.79
3.00 6.18 1.65 1.16 43.38 40.24 45.95 47.48
3.21 6.67 1.75 1.19 43.09 39.91 45.71 47.37
3.49 7.37 1.83 1.27 42.73 39.49 45.52 47.11
3.55 7.47 1.87 1.31 42.65 39.42 45.42 46.99
3.47 7.27 1.86 1.29 42.74 39.54 45.44 47.05
3.94 8.32 2.12 1.39 42.20 38.96 44.89 46.72
4.18 9.00 2.17 1.38 41.93 38.61 44.78 46.75
4.53 9.89 2.32 1.36 41.59 38.20 44.48 46.78
4.40 9.65 2.29 1.27 41.70 38.29 44.54 47.11
4.64 10.27 2.43 1.22 41.48 38.03 44.28 47.28
4.20 9.26 2.18 1.15 41.91 38.47 44.75 47.53
3.66 8.11 1.84 1.03 42.49 39.04 45.47 47.99
3.30 7.31 1.65 0.95 42.95 39.50 45.96 48.35
3.19 7.11 1.61 0.86 43.09 39.62 46.06 48.79
2.75 6.19 1.39 0.67 43.74 40.22 46.71 49.87
2.33 5.29 1.21 0.51 44.45 40.90 47.31 51.11
2.26 5.17 1.17 0.44 44.59 41.00 47.46 51.70
2.26 5.15 1.20 0.43 44.59 41.01 47.36 51.75
2.32 5.29 1.22 0.44 44.49 40.90 47.28 51.73
2.38 5.37 1.33 0.45 44.36 40.83 46.90 51.61
2.42 5.51 1.31 0.44 44.29 40.72 46.97 51.64
2.33 5.31 1.24 0.44 44.45 40.88 47.18 51.73
2.02 4.57 1.13 0.36 45.08 41.54 47.60 52.62
2.01 4.58 1.10 0.36 45.10 41.53 47.72 52.59
2.18 5.05 1.14 0.35 44.75 41.09 47.57 52.72
2.27 5.16 1.21 0.44 44.57 41.00 47.32 51.71
2.29 5.18 1.22 0.48 44.52 40.99 47.27 51.28
2.21 5.03 1.15 0.46 44.68 41.11 47.50 51.57
2.10 4.78 1.10 0.44 44.90 41.34 47.72 51.73
2.05 4.62 1.09 0.44 45.02 41.49 47.77 51.72
1.96 4.40 1.10 0.39 45.20 41.70 47.71 52.22
1.91 4.28 1.10 0.33 45.33 41.81 47.72 52.92
2.07 4.66 1.20 0.36 44.96 41.44 47.34 52.55
2.27 5.08 1.32 0.41 44.57 41.07 46.93 52.04
2.40 5.40 1.36 0.43 44.34 40.81 46.79 51.84
2.54 5.70 1.48 0.43 44.08 40.57 46.43 51.74
2.64 5.94 1.52 0.45 43.92 40.39 46.31 51.56
2.70 6.15 1.51 0.45 43.81 40.24 46.36 51.57
2.92 6.63 1.64 0.49 43.48 39.91 45.99 51.23
2.90 6.57 1.65 0.50 43.50 39.96 45.97 51.12
2.79 6.24 1.63 0.50 43.68 40.18 46.02 51.11
2.39 5.31 1.43 0.44 44.34 40.88 46.57 51.65
2.27 4.98 1.40 0.44 44.57 41.16 46.68 51.72
2.14 4.64 1.34 0.44 44.82 41.46 46.86 51.70
1.93 4.19 1.22 0.40 45.26 41.91 47.26 52.16
1.79 3.92 1.10 0.34 45.60 42.19 47.70 52.84
1.53 3.31 1.01 0.26 46.29 42.93 48.08 54.06
1.50 3.20 0.99 0.32 46.35 43.08 48.18 53.03
1.54 3.20 0.97 0.44 46.27 43.09 48.26 51.64
1.67 3.36 1.11 0.54 45.90 42.86 47.69 50.79
1.77 3.56 1.17 0.59 45.64 42.62 47.43 50.43
1.69 3.35 1.13 0.60 45.84 42.87 47.60 50.37
1.63 3.21 1.08 0.59 46.02 43.07 47.79 50.44
1.61 3.17 1.09 0.58 46.05 43.11 47.74 50.54
1.70 3.43 1.14 0.54 45.82 42.78 47.56 50.82
1.86 3.73 1.24 0.60 45.44 42.41 47.19 50.33
1.86 3.64 1.31 0.62 45.45 42.52 46.95 50.23
1.69 3.36 1.14 0.57 45.85 42.86 47.57 50.60
1.63 3.28 1.08 0.54 46.00 42.97 47.80 50.81
1.61 3.21 1.07 0.53 46.07 43.06 47.82 50.87
1.62 3.29 1.05 0.51 46.05 42.96 47.91 51.09
1.65 3.35 1.10 0.51 45.95 42.89 47.72 51.07
1.66 3.39 1.07 0.53 45.92 42.82 47.86 50.90
1.75 3.50 1.13 0.63 45.70 42.69 47.61 50.17
2.24 4.51 1.51 0.69 44.63 41.59 46.34 49.74
2.20 4.35 1.50 0.75 44.71 41.75 46.37 49.39
2.65 5.12 1.79 1.04 43.90 41.04 45.60 47.97
2.77 5.16 1.91 1.24 43.70 41.00 45.33 47.19
2.90 5.04 1.99 1.68 43.50 41.11 45.14 45.88
3.00 5.12 2.03 1.84 43.37 41.04 45.06 45.49
2.83 4.63 2.03 1.82 43.62 41.48 45.05 45.53
2.43 3.81 1.72 1.74 44.29 42.32 45.77 45.73
2.26 3.50 1.63 1.64 44.60 42.69 46.00 45.98
2.18 3.44 1.51 1.58 44.75 42.76 46.33 46.15
2.33 3.60 1.67 1.72 44.46 42.57 45.90 45.78
2.33 3.66 1.62 1.71 44.46 42.49 46.04 45.81
2.37 3.74 1.59 1.77 44.39 42.41 46.11 45.64
2.74 4.31 2.11 1.80 43.75 41.79 44.88 45.57
3.07 4.87 2.45 1.91 43.25 41.26 44.24 45.33
2.92 4.73 2.20 1.82 43.48 41.39 44.71 45.53
3.13 5.21 2.30 1.86 43.18 40.96 44.51 45.44
3.13 5.29 2.20 1.89 43.18 40.89 44.70 45.37
3.20 5.29 2.28 2.02 43.08 40.90 44.55 45.08
3.45 5.87 2.47 1.99 42.76 40.44 44.21 45.14
3.31 5.57 2.38 1.97 42.94 40.68 44.36 45.19
3.39 5.76 2.48 1.94 42.83 40.53 44.19 45.25
3.50 5.87 2.61 2.03 42.69 40.45 43.96 45.06
3.49 5.75 2.69 2.04 42.70 40.54 43.84 45.04
3.54 5.90 2.61 2.11 42.64 40.42 43.97 44.90
3.34 5.77 2.39 1.86 42.89 40.52 44.34 45.43
3.57 6.05 2.68 1.98 42.60 40.31 43.85 45.16
3.52 5.94 2.61 2.01 42.66 40.39 43.96 45.11
4.08 7.08 2.90 2.26 42.02 39.63 43.50 44.59
4.21 7.14 3.00 2.48 41.89 39.59 43.36 44.18
4.79 8.23 3.48 2.65 41.33 38.98 42.71 43.90
4.62 8.22 3.06 2.57 41.49 38.98 43.28 44.03
4.86 8.54 3.39 2.65 41.27 38.82 42.83 43.90
5.49 9.85 3.75 2.87 40.73 38.19 42.39 43.55
5.77 10.24 3.85 3.22 40.52 38.03 42.28 43.05
6.44 11.62 4.11 3.58 40.04 37.48 41.99 42.59
6.50 11.96 4.06 3.47 40.01 37.36 42.05 42.72
6.03 11.19 3.67 3.24 40.33 37.64 42.48 43.03
5.35 9.94 3.19 2.91 40.85 38.15 43.09 43.49
5.19 9.88 3.18 2.52 40.98 38.18 43.11 44.12
4.83 9.30 2.92 2.27 41.29 38.45 43.48 44.58
5.04 9.72 3.09 2.29 41.11 38.25 43.23 44.53
4.58 9.05 2.68 2.01 41.52 38.56 43.86 45.10
4.34 8.63 2.53 1.87 41.75 38.77 44.09 45.42
4.26 8.48 2.50 1.79 41.84 38.85 44.15 45.61
3.90 7.70 2.39 1.62 42.22 39.28 44.35 46.04
3.96 7.96 2.38 1.55 42.17 39.15 44.37 46.24
3.87 7.71 2.33 1.56 42.29 39.30 44.47 46.22
3.76 7.58 2.31 1.38 42.40 39.36 44.50 46.75
3.43 7.04 1.99 1.24 42.81 39.68 45.14 47.20
3.90 8.01 2.29 1.41 42.25 39.14 44.54 46.66
3.92 7.86 2.36 1.54 42.24 39.23 44.42 46.27
3.92 7.99 2.32 1.44 42.23 39.14 44.48 46.56
3.31 6.73 1.95 1.25 42.94 39.87 45.23 47.15
3.39 6.85 2.00 1.31 42.86 39.81 45.13 46.98
3.64 7.32 2.20 1.41 42.58 39.56 44.76 46.67
3.80 7.72 2.19 1.51 42.36 39.29 44.75 46.37
3.88 7.91 2.27 1.46 42.26 39.17 44.59 46.49
3.76 7.76 2.11 1.41 42.40 39.25 44.90 46.63
4.01 8.32 2.24 1.48 42.12 38.96 44.64 46.47
4.30 9.07 2.30 1.54 41.81 38.58 44.53 46.28
4.04 8.48 2.16 1.47 42.08 38.87 44.78 46.47
4.58 9.70 2.50 1.54 41.53 38.27 44.15 46.29
4.95 10.64 2.62 1.58 41.20 37.87 43.94 46.16
4.90 10.62 2.58 1.49 41.24 37.88 44.02 46.43
4.27 9.21 2.27 1.33 41.84 38.50 44.59 46.92
3.79 8.17 2.03 1.18 42.35 39.02 45.06 47.44
3.36 7.19 1.79 1.09 42.87 39.56 45.60 47.77
2.93 6.37 1.60 0.84 43.45 40.09 46.10 48.91
2.55 5.53 1.44 0.67 44.07 40.70 46.55 49.84
2.33 5.09 1.33 0.58 44.45 41.06 46.88 50.53
2.21 4.85 1.24 0.55 44.68 41.27 47.19 50.74
2.08 4.64 1.21 0.41 44.94 41.47 47.30 52.06
2.03 4.52 1.16 0.41 45.06 41.58 47.49 51.96
1.98 4.36 1.18 0.41 45.16 41.74 47.43 51.97
2.01 4.31 1.18 0.53 45.11 41.79 47.43 50.88
2.15 4.54 1.29 0.62 44.80 41.56 47.01 50.19
1.96 4.15 1.18 0.56 45.21 41.95 47.41 50.68
1.78 3.81 1.06 0.47 45.63 42.32 47.88 51.40
1.76 3.75 1.07 0.46 45.68 42.39 47.85 51.52
1.76 3.78 1.04 0.46 45.68 42.36 47.96 51.56
1.95 4.19 1.14 0.53 45.23 41.91 47.57 50.88
2.03 4.33 1.21 0.54 45.05 41.76 47.28 50.77
1.91 4.08 1.14 0.52 45.31 42.02 47.57 51.02
1.84 3.93 1.07 0.53 45.48 42.19 47.85 50.89
1.85 3.93 1.10 0.52 45.47 42.19 47.74 50.98
1.83 3.90 1.06 0.53 45.50 42.21 47.87 50.89
1.99 4.29 1.13 0.55 45.14 41.81 47.61 50.71
2.39 5.13 1.29 0.74 44.35 41.03 47.02 49.41
2.56 5.44 1.38 0.86 44.05 40.78 46.74 48.77
2.84 5.98 1.52 1.02 43.60 40.36 46.32 48.03
3.47 7.27 1.90 1.25 42.73 39.52 45.35 47.16
3.64 7.44 2.07 1.40 42.53 39.43 44.98 46.69
3.99 8.21 2.24 1.50 42.14 39.00 44.64 46.37
4.63 9.46 2.71 1.72 41.48 38.38 43.81 45.79
4.37 8.96 2.50 1.64 41.73 38.61 44.15 45.99
4.33 9.06 2.46 1.49 41.77 38.57 44.23 46.41
3.66 7.64 2.07 1.27 42.50 39.31 44.97 47.09
3.68 7.58 2.16 1.31 42.48 39.34 44.79 46.98
3.37 6.73 2.00 1.37 42.87 39.86 45.11 46.77
3.16 6.22 1.87 1.39 43.14 40.21 45.41 46.70
3.33 6.51 2.00 1.46 42.92 40.01 45.12 46.49
3.06 5.94 1.85 1.39 43.29 40.42 45.47 46.70
2.66 5.00 1.63 1.35 43.90 41.17 46.01 46.82
2.74 5.06 1.70 1.47 43.77 41.11 45.85 46.45
