5.98 12.72 3.11 2.11 40.36 37.08 43.20 44.89
6.34 13.82 2.98 2.22 40.11 36.73 43.38 44.66
6.54 14.39 3.05 2.17 39.98 36.55 43.29 44.77
6.01 13.08 2.93 2.03 40.34 36.97 43.46 45.06
6.69 14.55 3.30 2.23 39.87 36.50 42.95 44.64
6.93 15.30 3.24 2.26 39.72 36.28 43.02 44.59
7.32 16.06 3.48 2.41 39.49 36.07 42.72 44.31
7.99 17.60 3.83 2.53 39.11 35.67 42.29 44.10
7.28 16.07 3.41 2.37 39.51 36.07 42.80 44.39
7.20 15.61 3.40 2.58 39.56 36.20 42.81 44.01
8.29 17.74 3.83 3.30 38.95 35.64 42.30 42.95
7.27 16.00 3.18 2.63 39.52 36.09 43.11 43.94
7.73 17.26 3.42 2.51 39.25 35.76 42.79 44.13
9.10 20.23 4.24 2.82 38.54 35.07 41.85 43.62
8.70 19.54 3.80 2.76 38.74 35.22 42.33 43.73
8.70 19.69 3.75 2.66 38.74 35.19 42.39 43.89
8.74 20.17 3.80 2.24 38.72 35.08 42.33 44.62
9.39 21.77 4.07 2.33 38.40 34.75 42.03 44.45
9.65 22.20 4.16 2.59 38.28 34.67 41.94 44.00
9.77 22.63 4.02 2.67 38.23 34.58 42.08 43.86
10.00 22.81 4.58 2.60 38.13 34.55 41.53 43.98
8.18 18.90 3.41 2.22 39.01 35.37 42.81 44.67
7.20 17.04 2.96 1.59 39.56 35.82 43.41 46.12
5.80 13.71 2.43 1.25 40.50 36.76 44.27 47.15
5.07 12.23 2.11 0.88 41.08 37.26 44.89 48.68
4.85 11.93 1.85 0.76 41.27 37.36 45.46 49.30
4.57 11.41 1.56 0.76 41.53 37.56 46.20 49.32
4.81 11.81 1.74 0.88 41.31 37.41 45.73 48.69
4.69 11.47 1.75 0.85 41.42 37.53 45.70 48.80
4.74 11.65 1.66 0.91 41.37 37.46 45.93 48.57
2.55 5.39 1.40 0.86 44.06 40.81 46.66 48.78
2.51 5.27 1.39 0.86 44.14 40.91 46.71 48.79
2.54 5.34 1.39 0.90 44.08 40.86 46.71 48.57
2.56 5.40 1.42 0.87 44.05 40.81 46.61 48.74
2.46 5.20 1.35 0.83 44.22 40.98 46.82 48.94
2.50 5.36 1.35 0.80 44.15 40.84 46.83 49.12
2.46 5.31 1.32 0.75 44.23 40.88 46.95 49.41
2.41 5.19 1.31 0.73 44.31 40.98 46.97 49.49
2.23 4.82 1.20 0.69 44.64 41.30 47.33 49.74
2.04 4.55 1.05 0.53 45.03 41.55 47.92 50.85
1.87 4.32 0.92 0.38 45.40 41.78 48.49 52.27
1.79 4.11 0.91 0.35 45.60 41.99 48.55 52.67
1.91 4.18 1.02 0.50 45.34 41.92 48.03 51.13
2.17 4.69 1.23 0.58 44.77 41.42 47.24 50.50
2.32 5.01 1.35 0.60 44.48 41.14 46.83 50.35
2.31 4.91 1.41 0.62 44.49 41.22 46.63 50.22
2.25 4.81 1.33 0.62 44.61 41.31 46.91 50.23
2.42 5.20 1.49 0.57 44.29 40.97 46.40 50.60
2.47 5.32 1.56 0.54 44.20 40.87 46.20 50.82
2.65 5.62 1.62 0.70 43.90 40.63 46.03 49.68
2.60 5.55 1.57 0.67 43.99 40.69 46.18 49.83
2.62 5.58 1.53 0.74 43.95 40.66 46.27 49.44
2.45 5.26 1.42 0.68 44.23 40.92 46.61 49.79
2.21 4.69 1.29 0.64 44.70 41.42 47.04 50.04
2.09 4.40 1.28 0.61 44.92 41.69 47.07 50.26
2.07 4.29 1.35 0.59 44.96 41.81 46.84 50.45
1.75 3.64 1.09 0.52 45.71 42.52 47.76 51.00
1.65 3.41 1.04 0.49 45.95 42.80 47.94 51.21
1.56 3.23 0.99 0.46 46.20 43.04 48.19 51.54
1.71 3.60 1.04 0.49 45.80 42.57 47.95 51.22
1.82 3.84 1.16 0.46 45.53 42.29 47.50 51.49
1.88 3.98 1.19 0.48 45.38 42.13 47.38 51.35
1.74 3.64 1.12 0.45 45.74 42.52 47.66 51.65
1.60 3.46 1.02 0.33 46.08 42.73 48.06 52.91
1.51 3.25 0.93 0.34 46.35 43.02 48.43 52.80
1.59 3.42 0.99 0.35 46.12 42.79 48.16 52.60
1.85 3.87 1.17 0.50 45.47 42.25 47.45 51.16
1.79 3.77 1.12 0.47 45.61 42.37 47.62 51.43
1.62 3.40 1.04 0.44 46.02 42.82 47.97 51.72
1.61 3.45 1.02 0.37 46.05 42.75 48.03 52.49
1.58 3.37 1.01 0.36 46.15 42.86 48.10 52.59
1.51 3.21 0.97 0.35 46.35 43.07 48.28 52.72
1.63 3.37 1.05 0.47 46.01 42.85 47.91 51.44
1.53 3.16 1.00 0.43 46.28 43.13 48.13 51.83
1.55 3.25 0.97 0.43 46.23 43.02 48.25 51.80
1.87 3.80 1.29 0.53 45.41 42.33 47.04 50.91
2.15 4.19 1.49 0.77 44.81 41.91 46.41 49.28
2.46 4.58 1.74 1.06 44.22 41.53 45.71 47.88
2.66 4.93 1.69 1.34 43.89 41.20 45.84 46.87
3.00 5.44 1.94 1.61 43.36 40.77 45.26 46.05
3.13 5.55 2.07 1.75 43.18 40.68 44.96 45.69
3.04 5.23 2.04 1.85 43.30 40.95 45.03 45.46
2.95 4.94 2.10 1.81 43.44 41.20 44.91 45.56
2.75 4.54 1.91 1.81 43.73 41.56 45.32 45.56
2.75 4.51 1.99 1.74 43.75 41.59 45.15 45.72
2.59 4.31 1.73 1.74 43.99 41.79 45.75 45.72
2.73 4.36 1.97 1.87 43.76 41.73 45.18 45.42
2.62 4.21 1.82 1.83 43.94 41.88 45.52 45.52
2.46 3.89 1.71 1.78 44.22 42.23 45.81 45.63
2.48 4.04 1.66 1.75 44.18 42.06 45.94 45.71
2.55 4.17 1.61 1.86 44.07 41.94 46.06 45.44
2.90 5.01 1.82 1.88 43.50 41.14 45.52 45.39
2.91 4.76 1.90 2.09 43.49 41.36 45.35 44.94
2.90 4.77 1.91 2.01 43.51 41.34 45.33 45.09
2.65 4.31 1.63 2.02 43.90 41.80 46.02 45.07
2.58 4.25 1.58 1.90 44.03 41.85 46.16 45.35
2.42 3.98 1.44 1.84 44.30 42.14 46.57 45.49
3.07 5.13 2.03 2.05 43.27 41.04 45.06 45.02
3.05 5.07 2.01 2.08 43.28 41.08 45.10 44.96
3.15 5.12 2.17 2.15 43.15 41.04 44.76 44.81
2.92 4.65 2.10 2.02 43.48 41.46 44.92 45.07
3.09 4.95 2.23 2.10 43.23 41.19 44.64 44.90
3.38 5.43 2.46 2.25 42.84 40.79 44.23 44.61
3.47 5.77 2.58 2.06 42.73 40.52 44.01 44.98
3.68 6.23 2.87 1.92 42.48 40.19 43.55 45.29
4.03 7.08 2.87 2.14 42.08 39.63 43.55 44.82
4.10 7.39 2.79 2.13 42.00 39.45 43.69 44.84
4.23 7.50 2.88 2.31 41.87 39.38 43.54 44.50
4.74 8.51 3.10 2.60 41.38 38.83 43.23 43.98
5.51 10.07 3.65 2.81 40.72 38.10 42.50 43.65
5.55 10.10 3.60 2.97 40.68 38.09 42.57 43.40
5.30 9.59 3.36 2.93 40.89 38.31 42.87 43.46
5.36 9.82 3.32 2.93 40.84 38.21 42.92 43.46
4.96 9.25 2.94 2.70 41.17 38.47 43.46 43.83
4.57 8.55 2.69 2.48 41.53 38.81 43.84 44.18
4.45 8.12 2.76 2.44 41.65 39.03 43.71 44.25
4.51 8.51 2.50 2.52 41.59 38.83 44.14 44.11
3.88 7.40 2.10 2.12 42.25 39.44 44.90 44.87
3.57 6.99 2.02 1.72 42.60 39.68 45.08 45.79
3.71 7.39 2.00 1.76 42.43 39.45 45.11 45.68
3.64 7.23 2.02 1.67 42.52 39.54 45.07 45.91
3.83 7.75 2.08 1.66 42.30 39.24 44.94 45.92
3.81 7.82 2.05 1.55 42.32 39.20 45.00 46.22
3.63 7.53 1.95 1.40 42.54 39.36 45.24 46.67
3.19 6.56 1.75 1.26 43.09 39.96 45.70 47.14
3.29 6.71 1.78 1.37 42.96 39.86 45.62 46.77
3.06 6.19 1.68 1.30 43.28 40.21 45.87 47.01
3.52 7.22 1.90 1.44 42.67 39.55 45.35 46.54
3.48 7.11 1.86 1.46 42.72 39.62 45.44 46.47
3.41 6.90 1.85 1.48 42.80 39.74 45.45 46.42
3.41 6.98 1.76 1.50 42.80 39.69 45.68 46.37
3.30 6.86 1.78 1.27 42.94 39.77 45.62 47.10
3.54 7.41 1.91 1.30 42.64 39.43 45.32 47.01
3.94 8.40 2.02 1.40 42.18 38.89 45.07 46.68
3.87 8.20 2.00 1.42 42.25 38.99 45.11 46.62
3.79 7.98 2.01 1.38 42.35 39.11 45.10 46.73
4.31 9.14 2.28 1.51 41.79 38.52 44.55 46.34
4.54 9.84 2.32 1.46 41.56 38.20 44.47 46.49
4.87 10.70 2.47 1.46 41.25 37.84 44.21 46.50
4.58 10.05 2.37 1.32 41.52 38.11 44.38 46.93
4.96 11.05 2.56 1.26 41.18 37.70 44.05 47.12
4.39 9.73 2.27 1.19 41.70 38.25 44.57 47.39
3.79 8.42 1.90 1.06 42.34 38.88 45.34 47.87
3.46 7.70 1.71 0.98 42.73 39.26 45.79 48.24
3.34 7.47 1.68 0.88 42.89 39.40 45.88 48.67
2.84 6.42 1.41 0.68 43.60 40.06 46.62 49.81
2.41 5.49 1.23 0.51 44.31 40.73 47.23 51.04
2.31 5.29 1.18 0.44 44.50 40.89 47.40 51.69
2.32 5.30 1.22 0.44 44.48 40.89 47.27 51.70
2.40 5.49 1.25 0.44 44.34 40.74 47.16 51.64
2.48 5.63 1.36 0.45 44.19 40.63 46.80 51.57
2.52 5.76 1.34 0.45 44.13 40.54 46.86 51.57
2.42 5.53 1.28 0.44 44.31 40.72 47.06 51.67
2.13 4.86 1.17 0.37 44.86 41.29 47.46 52.48
2.10 4.79 1.13 0.37 44.92 41.34 47.59 52.42
2.26 5.26 1.16 0.35 44.60 40.93 47.50 52.65
2.35 5.38 1.24 0.45 44.42 40.84 47.20 51.65
2.38 5.40 1.25 0.49 44.37 40.83 47.16 51.19
2.29 5.22 1.19 0.46 44.53 40.96 47.36 51.49
2.18 4.96 1.13 0.45 44.75 41.18 47.60 51.65
2.12 4.79 1.12 0.44 44.88 41.34 47.65 51.68
2.02 4.53 1.13 0.40 45.09 41.58 47.60 52.17
1.98 4.48 1.12 0.34 45.18 41.64 47.64 52.88
2.14 4.85 1.22 0.37 44.82 41.28 47.28 52.48
2.32 5.23 1.34 0.41 44.47 40.95 46.86 52.05
2.44 5.52 1.37 0.43 44.26 40.72 46.78 51.79
2.61 5.90 1.49 0.45 43.97 40.43 46.41 51.61
2.71 6.13 1.54 0.47 43.80 40.26 46.27 51.40
2.77 6.32 1.53 0.47 43.70 40.13 46.29 51.40
2.97 6.75 1.65 0.50 43.41 39.84 45.97 51.14
2.95 6.65 1.68 0.51 43.44 39.91 45.87 51.02
2.84 6.35 1.64 0.52 43.60 40.10 45.97 50.98
2.44 5.43 1.43 0.46 44.26 40.78 46.58 51.52
2.31 5.07 1.42 0.45 44.50 41.09 46.62 51.61
2.18 4.72 1.35 0.45 44.76 41.39 46.82 51.57
1.98 4.28 1.24 0.41 45.17 41.82 47.18 52.01
1.82 4.00 1.12 0.35 45.52 42.10 47.66 52.64
1.56 3.37 1.03 0.27 46.21 42.85 48.00 53.84
1.55 3.27 1.02 0.36 46.23 42.99 48.03 52.59
1.58 3.24 1.00 0.48 46.16 43.03 48.11 51.30
1.75 3.54 1.13 0.58 45.70 42.64 47.61 50.52
1.83 3.65 1.19 0.63 45.52 42.50 47.36 50.15
1.76 3.48 1.16 0.62 45.68 42.71 47.48 50.17
1.69 3.36 1.10 0.61 45.85 42.87 47.71 50.24
1.71 3.42 1.12 0.59 45.80 42.79 47.63 50.43
1.77 3.55 1.18 0.56 45.66 42.63 47.40 50.63
1.92 3.89 1.26 0.61 45.30 42.24 47.11 50.30
1.93 3.81 1.33 0.64 45.28 42.32 46.89 50.08
1.75 3.52 1.15 0.58 45.69 42.66 47.53 50.45
1.71 3.47 1.10 0.55 45.81 42.72 47.72 50.74
1.67 3.38 1.08 0.54 45.91 42.84 47.80 50.82
1.67 3.42 1.06 0.53 45.91 42.79 47.87 50.91
1.74 3.56 1.13 0.54 45.72 42.62 47.61 50.82
1.75 3.62 1.09 0.55 45.69 42.55 47.76 50.73
1.81 3.65 1.14 0.64 45.55 42.51 47.55 50.06
2.28 4.57 1.54 0.71 44.56 41.53 46.26 49.59
2.21 4.37 1.50 0.76 44.68 41.73 46.35 49.32
2.67 5.13 1.81 1.06 43.87 41.03 45.55 47.89
2.82 5.26 1.94 1.27 43.62 40.92 45.26 47.10
3.00 5.21 2.03 1.77 43.35 40.96 45.05 45.66
3.12 5.26 2.10 2.00 43.19 40.92 44.91 45.13
2.95 4.83 2.10 1.92 43.43 41.29 44.90 45.30
2.45 3.87 1.72 1.77 44.23 42.25 45.77 45.65
2.28 3.55 1.62 1.68 44.55 42.63 46.04 45.87
2.23 3.54 1.53 1.61 44.65 42.64 46.27 46.07
2.39 3.73 1.71 1.74 44.34 42.42 45.80 45.73
2.45 3.90 1.68 1.75 44.25 42.21 45.87 45.70
2.47 3.93 1.66 1.81 44.21 42.19 45.92 45.54
2.84 4.49 2.17 1.85 43.60 41.61 44.76 45.47
3.18 5.08 2.51 1.96 43.10 41.07 44.14 45.20
3.04 4.97 2.29 1.86 43.30 41.17 44.53 45.44
3.26 5.44 2.38 1.95 43.00 40.78 44.36 45.23
3.33 5.67 2.33 1.99 42.91 40.60 44.47 45.14
3.38 5.63 2.42 2.09 42.86 40.64 44.31 44.95
3.59 6.13 2.58 2.06 42.59 40.26 44.02 45.00
3.49 5.92 2.49 2.07 42.71 40.42 44.17 44.98
3.57 6.15 2.54 2.02 42.61 40.26 44.09 45.08
3.69 6.26 2.69 2.13 42.47 40.18 43.84 44.85
3.71 6.21 2.82 2.11 42.44 40.21 43.63 44.89
3.77 6.29 2.75 2.28 42.37 40.15 43.74 44.58
3.55 6.16 2.50 1.99 42.64 40.25 44.16 45.16
3.71 6.33 2.75 2.05 42.45 40.12 43.75 45.02
3.68 6.28 2.71 2.05 42.48 40.16 43.80 45.01
4.25 7.37 2.98 2.39 41.85 39.46 43.39 44.35
4.51 7.76 3.16 2.62 41.61 39.26 43.15 43.96
5.18 9.07 3.64 2.83 41.01 38.59 42.53 43.63
5.07 9.15 3.25 2.81 41.12 38.56 43.03 43.67
5.38 9.60 3.63 2.89 40.86 38.36 42.55 43.54
6.03 11.02 3.97 3.10 40.37 37.75 42.16 43.25
6.42 11.71 4.11 3.44 40.10 37.51 42.01 42.79
7.17 13.23 4.42 3.84 39.62 36.97 41.70 42.31
7.09 13.29 4.26 3.73 39.65 36.94 41.85 42.44
6.91 13.05 4.07 3.59 39.80 37.05 42.08 42.62
5.99 11.36 3.45 3.17 40.40 37.64 42.78 43.15
5.78 11.24 3.41 2.71 40.55 37.68 42.83 43.82
5.56 10.98 3.19 2.51 40.75 37.81 43.13 44.17
5.62 11.11 3.29 2.47 40.67 37.73 42.97 44.23
5.11 10.29 2.89 2.15 41.09 38.06 43.55 44.82
4.77 9.71 2.67 1.94 41.37 38.31 43.87 45.26
4.88 9.91 2.76 1.96 41.31 38.24 43.76 45.22
4.39 8.86 2.58 1.75 41.72 38.68 44.03 45.71
4.58 9.38 2.67 1.68 41.55 38.43 43.88 45.89
4.52 9.18 2.65 1.73 41.61 38.54 43.92 45.76
4.31 8.89 2.53 1.52 41.80 38.67 44.11 46.33
3.93 8.24 2.20 1.36 42.22 39.03 44.73 46.81
4.48 9.38 2.52 1.54 41.64 38.43 44.13 46.28
4.47 9.13 2.60 1.66 41.65 38.55 43.99 45.94
4.43 9.19 2.54 1.57 41.69 38.53 44.10 46.18
3.71 7.70 2.14 1.30 42.47 39.31 44.85 47.01
3.90 8.09 2.20 1.42 42.25 39.10 44.72 46.63
4.41 9.00 2.58 1.64 41.72 38.63 44.02 46.00
4.39 9.03 2.46 1.69 41.73 38.61 44.24 45.88
4.38 8.98 2.52 1.62 41.74 38.62 44.12 46.05
4.29 8.97 2.32 1.59 41.83 38.63 44.48 46.14
4.55 9.53 2.44 1.68 41.57 38.36 44.26 45.89
4.80 10.17 2.48 1.75 41.33 38.07 44.19 45.71
4.53 9.58 2.36 1.65 41.59 38.34 44.42 45.97
5.02 10.69 2.67 1.71 41.14 37.86 43.88 45.81
5.41 11.73 2.76 1.74 40.81 37.45 43.72 45.73
5.34 11.61 2.75 1.65 40.87 37.49 43.75 45.96
4.67 10.11 2.42 1.48 41.45 38.10 44.31 46.43
4.14 8.94 2.17 1.32 41.97 38.63 44.77 46.95
3.53 7.59 1.86 1.14 42.66 39.33 45.44 47.56
3.04 6.61 1.65 0.87 43.30 39.93 45.95 48.74
2.63 5.74 1.47 0.68 43.93 40.54 46.45 49.79
2.37 5.18 1.35 0.58 44.38 40.98 46.83 50.52
2.26 4.96 1.27 0.56 44.58 41.18 47.09 50.65
2.12 4.74 1.23 0.41 44.86 41.37 47.25 52.03
2.06 4.57 1.20 0.41 44.99 41.53 47.35 51.95
2.03 4.47 1.20 0.42 45.06 41.63 47.33 51.93
2.02 4.33 1.19 0.54 45.08 41.77 47.38 50.84
2.16 4.56 1.31 0.62 44.78 41.54 46.96 50.19
1.97 4.18 1.19 0.55 45.18 41.92 47.39 50.70
1.80 3.85 1.07 0.48 45.58 42.28 47.83 51.27
1.77 3.76 1.09 0.46 45.66 42.38 47.77 51.48
1.77 3.79 1.05 0.46 45.66 42.34 47.90 51.50
1.97 4.21 1.16 0.54 45.19 41.89 47.48 50.83
2.05 4.36 1.23 0.55 45.02 41.73 47.24 50.72
1.92 4.09 1.15 0.53 45.29 42.01 47.53 50.93
1.84 3.94 1.06 0.53 45.47 42.17 47.86 50.90
1.84 3.92 1.09 0.52 45.47 42.19 47.78 50.96
1.82 3.90 1.03 0.53 45.52 42.22 47.99 50.86
2.03 4.40 1.13 0.56 45.06 41.70 47.61 50.66
2.50 5.37 1.33 0.80 44.16 40.83 46.88 49.13
2.69 5.71 1.43 0.92 43.84 40.57 46.58 48.49
3.02 6.33 1.63 1.10 43.33 40.12 46.01 47.72
3.63 7.57 1.99 1.33 42.53 39.34 45.15 46.90
4.09 8.45 2.28 1.55 42.01 38.86 44.55 46.21
4.65 9.59 2.57 1.79 41.46 38.31 44.03 45.60
5.15 10.68 2.89 1.90 41.01 37.85 43.53 45.35
4.83 9.97 2.73 1.79 41.29 38.14 43.77 45.60
4.85 10.27 2.64 1.62 41.28 38.01 43.91 46.03
4.06 8.60 2.23 1.35 42.05 38.79 44.65 46.84
4.12 8.64 2.31 1.41 41.98 38.76 44.49 46.64
3.72 7.62 2.10 1.44 42.42 39.31 44.90 46.55
3.55 7.17 2.03 1.45 42.63 39.57 45.06 46.53
3.75 7.48 2.21 1.55 42.39 39.39 44.67 46.22
3.52 6.97 2.08 1.53 42.66 39.70 44.96 46.29
3.18 6.12 1.92 1.49 43.11 40.26 45.30 46.40
3.23 6.10 1.98 1.62 43.03 40.28 45.16 46.03
