0.00 0.00 0.00 0.00 0.00 0.00 0.00 0.00
0.00 0.00 0.00 0.00 0.00 0.00 0.00 0.00
0.00 0.00 0.00 0.00 0.00 0.00 0.00 0.00
0.00 0.00 0.00 0.00 0.00 0.00 0.00 0.00
0.00 0.00 0.00 0.00 0.00 0.00 0.00 0.00
0.00 0.00 0.00 0.00 0.00 0.00 0.00 0.00
0.00 0.00 0.00 0.00 0.00 0.00 0.00 0.00
0.00 0.00 0.00 0.00 0.00 0.00 0.00 0.00
0.00 0.00 0.00 0.00 0.00 0.00 0.00 0.00
0.00 0.00 0.00 0.00 0.00 0.00 0.00 0.00
0.00 0.00 0.00 0.00 0.00 0.00 0.00 0.00
0.00 0.00 0.00 0.00 0.00 0.00 0.00 0.00
0.00 0.00 0.00 0.00 0.00 0.00 0.00 0.00
0.00 0.00 0.00 0.00 0.00 0.00 0.00 0.00
0.00 0.00 0.00 0.00 0.00 0.00 0.00 0.00
0.00 0.00 0.00 0.00 0.00 0.00 0.00 0.00
0.00 0.00 0.00 0.00 0.00 0.00 0.00 0.00
0.00 0.00 0.00 0.00 0.00 0.00 0.00 0.00
0.00 0.00 0.00 0.00 0.00 0.00 0.00 0.00
0.00 0.00 0.00 0.00 0.00 0.00 0.00 0.00
0.00 0.00 0.00 0.00 0.00 0.00 0.00 0.00
0.00 0.00 0.00 0.00 0.00 0.00 0.00 0.00
0.00 0.00 0.00 0.00 0.00 0.00 0.00 0.00
0.00 0.00 0.00 0.00 0.00 0.00 0.00 0.00
0.00 0.00 0.00 0.00 0.00 0.00 0.00 0.00
0.00 0.00 0.00 0.00 0.00 0.00 0.00 0.00
0.00 0.00 0.00 0.00 0.00 0.00 0.00 0.00
0.00 0.00 0.00 0.00 0.00 0.00 0.00 0.00
0.00 0.00 0.00 0.00 0.00 0.00 0.00 0.00
0.00 0.00 0.00 0.00 0.00 0.00 0.00 0.00
0.00 0.00 0.00 0.00 0.00 0.00 0.00 0.00
0.00 0.00 0.00 0.00 0.00 0.00 0.00 0.00
0.00 0.00 0.00 0.00 0.00 0.00 0.00 0.00
0.00 0.00 0.00 0.00 0.00 0.00 0.00 0.00
0.00 0.00 0.00 0.00 0.00 0.00 0.00 0.00
0.00 0.00 0.00 0.00 0.00 0.00 0.00 0.01
0.00 0.00 0.00 0.00 0.00 0.00 0.00 0.00
0.00 0.00 0.00 0.00 0.00 0.00 0.00 0.00
0.00 0.00 0.00 0.00 0.00 0.00 0.00 0.01
0.00 0.00 0.00 0.00 0.00 0.00 0.00 0.00
0.00 0.00 0.00 0.00 0.00 0.00 0.00 0.00
0.00 0.00 0.00 0.00 0.00 0.00 0.00 0.00
0.00 0.00 0.00 0.00 0.00 0.00 0.00 0.00
0.00 0.00 0.00 0.00 0.00 0.00 0.00 0.01
0.00 0.00 0.00 0.00 0.00 0.00 0.00 0.01
0.00 0.00 0.00 0.00 0.00 0.00 0.00 0.00
0.00 0.00 0.00 0.00 0.00 0.00 0.00 0.00
0.00 0.00 0.00 0.00 0.00 0.00 0.00 0.00
0.00 0.00 0.00 0.00 0.00 0.00 0.00 0.01
0.00 0.00 0.00 0.00 0.00 0.00 0.00 0.00
0.00 0.00 0.00 0.00 0.00 0.00 0.00 0.02
0.00 0.00 0.00 0.00 0.00 0.00 0.00 0.01
0.00 0.00 0.00 0.00 0.00 0.00 0.00 0.00
0.00 0.00 0.00 0.00 0.00 0.00 0.00 0.01
0.00 0.00 0.00 0.00 0.00 0.00 0.00 0.01
0.00 0.00 0.00 0.00 0.00 0.00 0.00 0.01
0.00 0.00 0.00 0.00 0.00 0.00 0.01 0.01
0.00 0.00 0.00 0.00 0.00 0.00 0.01 0.01
0.00 0.00 0.00 0.00 0.00 0.00 0.00 0.00
0.00 0.00 0.00 0.00 0.00 0.00 0.00 0.01
0.00 0.00 0.00 0.00 0.00 0.00 0.00 0.02
0.00 0.01 0.00 0.00 0.00 0.01 0.00 0.01
0.00 0.00 0.00 0.00 0.00 0.00 0.00 0.00
0.00 0.00 0.00 0.00 0.00 0.00 0.00 0.00
0.00 0.00 0.00 0.00 0.00 0.00 0.00 0.00
0.00 0.00 0.00 0.00 0.00 0.00 0.00 0.01
0.00 0.00 0.00 0.00 0.00 0.01 0.00 0.00
0.00 0.00 0.00 0.00 0.00 0.00 0.00 0.00
0.00 0.00 0.00 0.00 0.00 0.00 0.00 0.01
0.00 0.00 0.00 0.00 0.00 0.00 0.01 0.00
0.00 0.00 0.00 0.00 0.00 0.00 0.00 0.00
0.00 0.00 0.00 0.00 0.00 0.00 0.01 0.01
0.00 0.00 0.00 0.00 0.00 0.00 0.01 0.01
0.00 0.00 0.00 0.00 0.00 0.00 0.00 0.01
0.00 0.00 0.00 0.00 0.00 0.00 0.00 0.01
0.00 0.00 0.00 0.00 0.00 0.00 0.00 0.00
0.00 0.00 0.00 0.00 0.00 0.00 0.00 0.01
0.00 0.00 0.00 0.00 0.00 0.00 0.00 0.00
0.00 0.00 0.00 0.00 0.00 0.00 0.01 0.00
0.00 0.00 0.00 0.00 0.00 0.00 0.00 0.00
0.00 0.00 0.00 0.00 0.00 0.00 0.00 0.00
0.00 0.00 0.00 0.00 0.00 0.00 0.00 0.00
0.00 0.00 0.00 0.00 0.00 0.00 0.00 0.00
0.00 0.00 0.00 0.00 0.00 0.00 0.00 0.00
0.00 0.00 0.00 0.00 0.00 0.00 0.00 0.00
0.00 0.00 0.00 0.00 0.00 0.00 0.01 0.00
0.00 0.00 0.00 0.00 0.00 0.00 0.00 0.00
0.00 0.00 0.00 0.00 0.00 0.00 0.00 0.00
0.00 0.00 0.00 0.00 0.00 0.00 0.00 0.00
0.00 0.00 0.00 0.00 0.00 0.00 0.01 0.00
0.00 0.00 0.00 0.00 0.00 0.00 0.00 0.01
0.00 0.00 0.00 0.00 0.00 0.00 0.00 0.00
0.00 0.00 0.00 0.00 0.00 0.00 0.01 0.01
0.00 0.00 0.00 0.00 0.00 0.00 0.00 0.00
0.00 0.00 0.00 0.00 0.00 0.00 0.00 0.00
0.00 0.00 0.00 0.00 0.00 0.00 0.01 0.00
0.00 0.00 0.00 0.00 0.00 0.00 0.00 0.00
0.00 0.00 0.00 0.00 0.00 0.00 0.00 0.00
0.00 0.00 0.00 0.00 0.00 0.00 0.00 0.00
0.00 0.00 0.00 0.00 0.00 0.00 0.00 0.00
0.00 0.00 0.00 0.00 0.00 0.00 0.00 0.01
0.00 0.00 0.00 0.00 0.00 0.00 0.00 0.00
0.00 0.00 0.00 0.00 0.00 0.00 0.00 0.00
0.00 0.00 0.00 0.00 0.00 0.00 0.00 0.00
0.00 0.00 0.00 0.00 0.00 0.00 0.00 0.00
0.00 0.00 0.00 0.00 0.00 0.00 0.00 0.00
0.00 0.00 0.00 0.00 0.00 0.00 0.00 0.00
0.00 0.00 0.00 0.00 0.00 0.00 0.00 0.00
0.00 0.00 0.00 0.00 0.00 0.00 0.00 0.00
0.00 0.00 0.00 0.00 0.00 0.00 0.00 0.00
0.00 0.00 0.00 0.00 0.00 0.00 0.00 0.00
0.00 0.00 0.00 0.00 0.00 0.00 0.00 0.00
0.00 0.00 0.00 0.00 0.00 0.00 0.00 0.00
0.00 0.00 0.00 0.00 0.00 0.00 0.00 0.00
0.00 0.00 0.00 0.00 0.00 0.00 0.00 0.00
0.00 0.00 0.00 0.00 0.00 0.00 0.00 0.00
0.00 0.00 0.00 0.00 0.00 0.00 0.00 0.00
0.00 0.00 0.00 0.00 0.00 0.00 0.00 0.00
0.00 0.00 0.00 0.00 0.00 0.00 0.00 0.00
0.00 0.00 0.00 0.00 0.00 0.00 0.00 0.00
0.08 0.46 0.02 0.00 0.15 0.23 0.12 0.01
0.08 0.44 0.02 0.00 0.13 0.18 0.10 0.03
0.10 0.55 0.03 0.00 0.17 0.23 0.15 0.02
0.13 0.79 0.02 0.00 0.25 0.37 0.14 0.04
0.06 0.33 0.01 0.00 0.13 0.18 0.09 0.02
0.06 0.40 0.01 0.00 0.14 0.22 0.05 0.03
0.03 0.19 0.01 0.00 0.08 0.12 0.05 0.02
0.08 0.48 0.02 0.00 0.16 0.23 0.12 0.03
0.07 0.39 0.01 0.00 0.13 0.18 0.07 0.03
0.07 0.39 0.01 0.00 0.14 0.19 0.09 0.03
0.07 0.35 0.01 0.01 0.14 0.17 0.10 0.10
0.07 0.37 0.01 0.00 0.14 0.19 0.08 0.06
0.08 0.45 0.02 0.00 0.15 0.20 0.11 0.05
0.16 0.84 0.03 0.01 0.25 0.30 0.15 0.13
0.10 0.49 0.02 0.01 0.15 0.17 0.08 0.12
0.10 0.52 0.02 0.00 0.15 0.19 0.11 0.05
0.15 0.80 0.03 0.01 0.19 0.23 0.13 0.11
0.13 0.73 0.02 0.01 0.14 0.18 0.08 0.07
0.13 0.76 0.02 0.01 0.12 0.15 0.06 0.08
0.04 0.18 0.01 0.00 0.04 0.04 0.03 0.05
0.14 0.83 0.03 0.00 0.13 0.15 0.09 0.06
0.06 0.28 0.01 0.00 0.06 0.06 0.06 0.06
0.02 0.08 0.00 0.00 0.02 0.02 0.02 0.05
0.03 0.16 0.00 0.00 0.05 0.05 0.03 0.03
0.02 0.09 0.00 0.00 0.03 0.03 0.02 0.01
0.01 0.03 0.00 0.00 0.01 0.01 0.01 0.03
0.00 0.02 0.00 0.00 0.01 0.01 0.01 0.01
0.00 0.01 0.00 0.00 0.00 0.00 0.01 0.01
0.00 0.00 0.00 0.00 0.00 0.00 0.01 0.02
0.00 0.01 0.00 0.00 0.01 0.01 0.01 0.02
0.00 0.00 0.00 0.00 0.00 0.00 0.00 0.02
0.00 0.00 0.00 0.00 0.00 0.00 0.01 0.03
0.00 0.00 0.00 0.00 0.00 0.00 0.01 0.02
0.00 0.00 0.00 0.00 0.00 0.00 0.01 0.02
0.00 0.00 0.00 0.00 0.00 0.00 0.01 0.01
0.00 0.00 0.00 0.00 0.00 0.00 0.00 0.01
0.00 0.00 0.00 0.00 0.00 0.00 0.00 0.01
0.00 0.00 0.00 0.00 0.00 0.00 0.01 0.01
0.00 0.00 0.00 0.00 0.00 0.00 0.01 0.01
0.00 0.00 0.00 0.00 0.00 0.00 0.01 0.01
0.00 0.00 0.00 0.00 0.00 0.00 0.01 0.01
0.00 0.00 0.00 0.00 0.00 0.00 0.00 0.02
0.00 0.00 0.00 0.00 0.00 0.00 0.00 0.02
0.00 0.00 0.00 0.00 0.00 0.00 0.00 0.03
0.00 0.00 0.00 0.00 0.00 0.00 0.00 0.02
0.00 0.00 0.00 0.00 0.00 0.00 0.01 0.00
0.00 0.00 0.00 0.00 0.00 0.00 0.00 0.00
0.00 0.00 0.00 0.00 0.00 0.00 0.00 0.01
0.00 0.00 0.00 0.00 0.00 0.00 0.00 0.01
0.00 0.00 0.00 0.00 0.00 0.00 0.00 0.01
0.00 0.00 0.00 0.00 0.00 0.00 0.00 0.01
0.00 0.00 0.00 0.00 0.00 0.00 0.01 0.02
0.00 0.00 0.00 0.00 0.00 0.00 0.00 0.01
0.00 0.00 0.00 0.00 0.00 0.00 0.00 0.02
0.00 0.00 0.00 0.00 0.00 0.00 0.00 0.01
0.00 0.00 0.00 0.00 0.00 0.00 0.01 0.02
0.00 0.00 0.00 0.00 0.00 0.00 0.01 0.02
0.00 0.00 0.00 0.00 0.00 0.00 0.01 0.06
0.00 0.00 0.00 0.00 0.00 0.00 0.00 0.03
0.00 0.00 0.00 0.00 0.00 0.00 0.01 0.01
0.00 0.00 0.00 0.00 0.00 0.00 0.01 0.03
0.00 0.00 0.00 0.00 0.00 0.00 0.01 0.03
0.00 0.00 0.00 0.00 0.00 0.00 0.01 0.02
0.00 0.00 0.00 0.00 0.00 0.00 0.01 0.01
0.00 0.00 0.00 0.00 0.00 0.00 0.01 0.01
0.00 0.00 0.00 0.00 0.00 0.00 0.00 0.01
0.00 0.00 0.00 0.00 0.00 0.00 0.01 0.00
0.00 0.00 0.00 0.00 0.00 0.00 0.00 0.00
0.00 0.00 0.00 0.00 0.00 0.00 0.00 0.01
0.00 0.00 0.00 0.00 0.00 0.00 0.00 0.01
0.00 0.00 0.00 0.00 0.00 0.00 0.01 0.00
0.00 0.00 0.00 0.00 0.00 0.00 0.01 0.01
0.00 0.00 0.00 0.00 0.00 0.00 0.01 0.01
0.00 0.00 0.00 0.00 0.00 0.00 0.01 0.01
0.00 0.00 0.00 0.00 0.00 0.00 0.00 0.00
0.00 0.00 0.00 0.00 0.00 0.00 0.00 0.01
0.00 0.00 0.00 0.00 0.00 0.00 0.00 0.01
0.00 0.00 0.00 0.00 0.00 0.00 0.00 0.00
0.00 0.00 0.00 0.00 0.00 0.00 0.00 0.00
0.00 0.01 0.00 0.01 0.01 0.01 0.01 0.05
0.01 0.02 0.01 0.02 0.03 0.02 0.03 0.13
0.01 0.03 0.01 0.01 0.03 0.03 0.03 0.05
0.00 0.00 0.00 0.00 0.00 0.01 0.00 0.01
0.00 0.00 0.00 0.00 0.00 0.00 0.00 0.01
0.00 0.00 0.00 0.00 0.00 0.00 0.00 0.01
0.00 0.00 0.00 0.00 0.00 0.00 0.01 0.00
0.00 0.00 0.00 0.00 0.00 0.00 0.00 0.01
0.00 0.00 0.00 0.00 0.00 0.00 0.01 0.00
0.00 0.00 0.00 0.00 0.00 0.00 0.00 0.00
0.00 0.00 0.00 0.00 0.00 0.00 0.00 0.00
0.00 0.01 0.00 0.00 0.00 0.01 0.01 0.00
0.00 0.01 0.00 0.00 0.00 0.00 0.00 0.00
0.00 0.02 0.00 0.00 0.01 0.01 0.00 0.01
0.00 0.01 0.00 0.00 0.00 0.00 0.00 0.00
0.00 0.01 0.00 0.00 0.00 0.01 0.00 0.00
0.00 0.02 0.00 0.00 0.01 0.01 0.00 0.00
0.00 0.02 0.00 0.00 0.01 0.01 0.00 0.00
0.00 0.02 0.00 0.00 0.01 0.01 0.00 0.01
0.01 0.05 0.00 0.00 0.02 0.03 0.01 0.01
0.01 0.03 0.01 0.01 0.02 0.01 0.01 0.03
0.00 0.02 0.00 0.00 0.01 0.01 0.00 0.01
0.00 0.00 0.00 0.00 0.00 0.00 0.00 0.01
0.00 0.01 0.00 0.00 0.00 0.00 0.00 0.00
0.00 0.01 0.00 0.00 0.00 0.00 0.00 0.00
0.00 0.01 0.00 0.00 0.00 0.00 0.00 0.00
0.00 0.00 0.00 0.00 0.00 0.00 0.00 0.00
0.00 0.01 0.00 0.00 0.00 0.00 0.00 0.00
0.00 0.00 0.00 0.00 0.00 0.00 0.00 0.00
0.00 0.00 0.00 0.00 0.00 0.00 0.00 0.00
0.00 0.01 0.00 0.00 0.00 0.00 0.00 0.00
0.00 0.01 0.00 0.00 0.00 0.00 0.00 0.00
0.00 0.01 0.00 0.00 0.00 0.00 0.00 0.00
0.00 0.00 0.00 0.00 0.00 0.00 0.00 0.00
0.00 0.01 0.00 0.00 0.00 0.00 0.00 0.00
0.00 0.01 0.00 0.00 0.00 0.00 0.00 0.00
0.00 0.01 0.00 0.00 0.00 0.00 0.00 0.00
0.00 0.01 0.00 0.00 0.00 0.00 0.01 0.01
0.00 0.00 0.00 0.00 0.00 0.00 0.00 0.00
0.00 0.01 0.00 0.00 0.00 0.00 0.00 0.01
0.01 0.03 0.00 0.00 0.01 0.01 0.00 0.01
0.06 0.35 0.01 0.00 0.07 0.11 0.02 0.02
0.13 0.76 0.03 0.00 0.16 0.24 0.09 0.01
0.19 0.99 0.04 0.01 0.24 0.33 0.13 0.09
0.13 0.74 0.02 0.01 0.18 0.25 0.07 0.09
0.11 0.59 0.02 0.01 0.18 0.23 0.11 0.09
0.20 1.17 0.03 0.01 0.26 0.36 0.10 0.10
0.27 1.33 0.06 0.03 0.34 0.43 0.20 0.21
0.20 0.97 0.05 0.02 0.25 0.30 0.16 0.15
0.06 0.35 0.02 0.00 0.11 0.15 0.09 0.01
0.14 0.74 0.03 0.01 0.23 0.31 0.12 0.09
0.36 1.64 0.12 0.03 0.54 0.61 0.50 0.32
0.20 0.92 0.05 0.02 0.26 0.30 0.21 0.16
0.13 0.57 0.04 0.01 0.17 0.18 0.16 0.13
0.12 0.60 0.03 0.01 0.17 0.19 0.13 0.13
0.19 0.91 0.02 0.04 0.23 0.26 0.09 0.33
0.17 0.79 0.02 0.04 0.18 0.18 0.07 0.36
0.13 0.57 0.02 0.03 0.15 0.15 0.10 0.26
0.10 0.44 0.02 0.02 0.09 0.09 0.05 0.18
0.13 0.68 0.01 0.02 0.10 0.12 0.04 0.17
0.11 0.58 0.02 0.02 0.09 0.10 0.05 0.17
0.08 0.42 0.01 0.01 0.09 0.10 0.04 0.15
0.06 0.30 0.02 0.01 0.08 0.09 0.07 0.07
0.01 0.04 0.00 0.00 0.02 0.02 0.01 0.04
0.00 0.01 0.00 0.00 0.01 0.01 0.00 0.00
0.00 0.03 0.00 0.00 0.01 0.02 0.00 0.00
0.00 0.00 0.00 0.00 0.00 0.00 0.00 0.01
0.00 0.00 0.00 0.00 0.00 0.00 0.00 0.01
0.00 0.00 0.00 0.00 0.00 0.00 0.01 0.03
0.00 0.00 0.00 0.00 0.00 0.00 0.00 0.01
0.00 0.00 0.00 0.00 0.00 0.00 0.02 0.01
0.00 0.00 0.00 0.00 0.00 0.00 0.01 0.00
0.00 0.00 0.00 0.00 0.00 0.00 0.01 0.01
0.00 0.00 0.00 0.00 0.00 0.00 0.00 0.02
0.00 0.00 0.00 0.00 0.00 0.00 0.00 0.01
0.00 0.00 0.00 0.00 0.00 0.00 0.00 0.01
0.00 0.00 0.00 0.00 0.00 0.00 0.00 0.03
0.00 0.00 0.00 0.00 0.00 0.00 0.00 0.01
0.00 0.00 0.00 0.00 0.00 0.00 0.01 0.02
0.00 0.00 0.00 0.00 0.00 0.00 0.01 0.02
0.00 0.00 0.00 0.00 0.00 0.00 0.00 0.01
0.00 0.00 0.00 0.00 0.00 0.00 0.01 0.01
0.00 0.00 0.00 0.00 0.00 0.00 0.00 0.02
0.00 0.01 0.00 0.00 0.01 0.01 0.02 0.01
0.01 0.02 0.00 0.00 0.02 0.02 0.01 0.03
0.01 0.02 0.00 0.00 0.02 0.01 0.02 0.04
0.01 0.03 0.00 0.00 0.02 0.01 0.02 0.04
0.01 0.04 0.00 0.00 0.01 0.01 0.01 0.02
0.06 0.29 0.01 0.01 0.08 0.09 0.05 0.07
0.12 0.50 0.03 0.02 0.13 0.13 0.11 0.16
0.08 0.46 0.01 0.01 0.07 0.09 0.02 0.05
0.05 0.27 0.01 0.01 0.05 0.06 0.03 0.04
0.06 0.38 0.01 0.00 0.06 0.08 0.02 0.03
0.04 0.23 0.00 0.00 0.05 0.07 0.02 0.02
0.05 0.30 0.01 0.00 0.06 0.09 0.02 0.02
0.03 0.21 0.00 0.00 0.05 0.08 0.02 0.01
0.05 0.29 0.01 0.00 0.09 0.13 0.04 0.03
0.06 0.27 0.01 0.00 0.09 0.11 0.06 0.03
0.07 0.34 0.01 0.01 0.12 0.16 0.07 0.06
0.07 0.33 0.02 0.01 0.16 0.21 0.13 0.06
0.07 0.30 0.03 0.01 0.15 0.19 0.15 0.06
