5.98 12.72 3.11 2.11 40.36 37.08 43.20 44.89
6.34 13.82 2.98 2.22 40.11 36.73 43.38 44.66
6.54 14.39 3.05 2.17 39.98 36.55 43.29 44.77
6.01 13.08 2.93 2.03 40.34 36.97 43.46 45.06
6.69 14.55 3.30 2.23 39.87 36.50 42.95 44.64
6.93 15.30 3.24 2.26 39.72 36.28 43.02 44.59
7.32 16.06 3.48 2.41 39.49 36.07 42.72 44.31
7.99 17.60 3.83 2.53 39.11 35.67 42.29 44.10
7.28 16.07 3.41 2.37 39.51 36.07 42.80 44.39
7.20 15.61 3.40 2.58 39.56 36.20 42.81 44.01
8.29 17.74 3.83 3.30 38.95 35.64 42.30 42.95
7.27 16.00 3.18 2.63 39.52 36.09 43.11 43.94
7.73 17.26 3.42 2.51 39.25 35.76 42.79 44.13
9.10 20.23 4.24 2.82 38.54 35.07 41.85 43.62
8.70 19.54 3.80 2.76 38.74 35.22 42.33 43.73
8.70 19.69 3.75 2.66 38.74 35.19 42.39 43.89
8.74 20.17 3.80 2.24 38.72 35.08 42.33 44.62
9.39 21.77 4.07 2.33 38.40 34.75 42.03 44.45
9.65 22.20 4.16 2.59 38.28 34.67 41.94 44.00
9.77 22.63 4.02 2.67 38.23 34.58 42.08 43.86
10.00 22.81 4.58 2.60 38.13 34.55 41.53 43.98
8.18 18.90 3.41 2.22 39.01 35.37 42.81 44.67
7.20 17.04 2.96 1.59 39.56 35.82 43.41 46.12
5.80 13.71 2.43 1.25 40.50 36.76 44.27 47.15
5.07 12.23 2.11 0.88 41.08 37.26 44.89 48.68
4.85 11.94 1.86 0.76 41.27 37.36 45.44 49.31
4.59 11.45 1.56 0.76 41.51 37.54 46.20 49.32
4.80 11.78 1.73 0.88 41.32 37.41 45.75 48.71
4.71 11.51 1.76 0.87 41.40 37.52 45.68 48.76
4.75 11.69 1.66 0.92 41.36 37.46 45.93 48.50
2.49 5.24 1.37 0.87 44.16 40.94 46.76 48.75
2.39 5.01 1.33 0.83 44.35 41.14 46.90 48.94
2.38 4.95 1.34 0.85 44.37 41.18 46.87 48.84
2.38 5.04 1.30 0.81 44.36 41.11 47.00 49.02
2.35 4.97 1.28 0.79 44.42 41.16 47.05 49.14
2.33 4.95 1.28 0.76 44.46 41.19 47.06 49.34
2.32 4.97 1.27 0.72 44.48 41.17 47.10 49.56
2.27 4.81 1.28 0.70 44.58 41.31 47.05 49.65
2.14 4.59 1.18 0.67 44.82 41.51 47.42 49.89
1.92 4.25 1.02 0.51 45.29 41.85 48.06 51.07
1.74 3.98 0.88 0.38 45.71 42.14 48.68 52.34
1.69 3.86 0.86 0.35 45.84 42.26 48.76 52.64
1.85 4.02 1.03 0.49 45.47 42.09 47.99 51.20
2.10 4.52 1.21 0.57 44.90 41.58 47.29 50.59
2.22 4.78 1.29 0.59 44.67 41.34 47.02 50.40
2.25 4.79 1.37 0.60 44.60 41.33 46.75 50.35
2.22 4.72 1.32 0.61 44.67 41.39 46.93 50.25
2.38 5.12 1.47 0.56 44.36 41.04 46.44 50.68
2.45 5.29 1.50 0.54 44.25 40.89 46.36 50.81
2.57 5.47 1.57 0.67 44.03 40.75 46.18 49.85
2.52 5.38 1.53 0.66 44.11 40.82 46.28 49.95
2.57 5.47 1.54 0.70 44.03 40.75 46.25 49.70
2.38 5.11 1.41 0.63 44.36 41.05 46.65 50.14
2.14 4.54 1.28 0.60 44.83 41.56 47.05 50.38
2.01 4.22 1.22 0.58 45.11 41.88 47.26 50.51
1.97 4.04 1.30 0.56 45.19 42.07 46.99 50.69
1.64 3.38 1.04 0.50 45.98 42.84 47.94 51.18
1.58 3.27 0.99 0.46 46.16 42.98 48.19 51.45
1.48 3.07 0.94 0.44 46.43 43.26 48.40 51.74
1.60 3.32 0.99 0.49 46.09 42.92 48.19 51.21
1.74 3.65 1.12 0.46 45.72 42.51 47.65 51.50
1.79 3.76 1.15 0.46 45.60 42.38 47.54 51.54
1.64 3.41 1.07 0.44 45.98 42.81 47.84 51.66
1.54 3.29 0.98 0.34 46.26 42.95 48.23 52.79
1.44 3.06 0.91 0.34 46.55 43.27 48.55 52.80
1.52 3.25 0.95 0.37 46.31 43.02 48.35 52.50
1.73 3.59 1.09 0.49 45.76 42.57 47.75 51.19
1.70 3.55 1.07 0.47 45.83 42.62 47.84 51.40
1.54 3.18 0.99 0.44 46.26 43.11 48.16 51.72
1.56 3.30 0.99 0.37 46.21 42.94 48.16 52.42
1.51 3.18 0.98 0.36 46.35 43.10 48.22 52.61
1.44 3.05 0.94 0.33 46.54 43.29 48.39 52.90
1.56 3.19 1.02 0.46 46.21 43.09 48.04 51.55
1.47 3.02 0.99 0.41 46.45 43.33 48.20 51.99
1.48 3.09 0.95 0.42 46.42 43.23 48.38 51.96
1.82 3.69 1.26 0.52 45.52 42.47 47.13 50.96
2.12 4.13 1.47 0.74 44.88 41.97 46.45 49.44
2.43 4.50 1.73 1.06 44.28 41.60 45.76 47.89
2.62 4.85 1.69 1.32 43.95 41.28 45.86 46.91
2.95 5.32 1.92 1.60 43.44 40.87 45.31 46.09
3.06 5.40 2.03 1.73 43.28 40.81 45.05 45.75
2.97 5.06 2.02 1.82 43.41 41.09 45.08 45.52
2.91 4.85 2.07 1.80 43.50 41.28 44.96 45.59
2.70 4.42 1.89 1.79 43.82 41.67 45.37 45.60
2.69 4.37 1.96 1.73 43.83 41.72 45.22 45.74
2.51 4.10 1.69 1.73 44.15 42.00 45.87 45.76
2.68 4.19 1.98 1.87 43.85 41.91 45.16 45.42
2.55 4.04 1.78 1.81 44.08 42.07 45.62 45.56
2.42 3.78 1.68 1.78 44.30 42.35 45.87 45.62
2.40 3.82 1.62 1.74 44.34 42.31 46.03 45.72
2.55 4.14 1.60 1.90 44.07 41.97 46.09 45.33
2.84 4.73 1.80 1.97 43.61 41.38 45.58 45.18
2.87 4.52 1.94 2.17 43.55 41.58 45.27 44.77
2.72 4.34 1.84 1.97 43.79 41.76 45.48 45.19
2.47 3.90 1.55 1.98 44.20 42.23 46.24 45.16
2.40 3.83 1.53 1.84 44.33 42.29 46.29 45.48
2.22 3.53 1.36 1.76 44.67 42.66 46.78 45.67
2.90 4.74 2.00 1.97 43.51 41.38 45.12 45.19
2.91 4.74 1.97 2.02 43.49 41.37 45.19 45.09
2.93 4.68 2.10 2.00 43.47 41.43 44.92 45.11
2.77 4.34 2.03 1.93 43.71 41.75 45.06 45.28
2.95 4.70 2.14 2.00 43.44 41.41 44.82 45.13
3.20 5.05 2.36 2.17 43.09 41.10 44.40 44.76
3.27 5.33 2.48 2.00 42.99 40.86 44.19 45.12
3.48 5.83 2.78 1.86 42.71 40.48 43.69 45.44
3.78 6.49 2.78 2.07 42.36 40.01 43.70 44.97
4.06 7.10 2.81 2.29 42.04 39.62 43.64 44.54
3.92 6.65 2.83 2.28 42.20 39.90 43.62 44.55
3.97 6.86 2.76 2.29 42.14 39.77 43.72 44.52
4.73 8.33 3.33 2.53 41.39 38.93 42.91 44.10
4.88 8.57 3.36 2.73 41.24 38.80 42.87 43.77
4.60 8.06 3.05 2.70 41.50 39.07 43.28 43.82
4.55 8.05 2.97 2.62 41.55 39.07 43.41 43.95
4.24 7.68 2.62 2.42 41.86 39.28 43.94 44.29
4.00 7.29 2.46 2.27 42.10 39.50 44.22 44.58
3.91 6.90 2.55 2.27 42.22 39.75 44.06 44.57
3.59 6.44 2.13 2.20 42.58 40.04 44.85 44.71
3.08 5.61 1.78 1.85 43.24 40.64 45.63 45.46
2.77 5.27 1.55 1.48 43.71 40.91 46.23 46.43
2.83 5.41 1.59 1.48 43.62 40.80 46.12 46.43
2.78 5.32 1.58 1.43 43.69 40.87 46.14 46.58
3.00 5.92 1.70 1.37 43.37 40.42 45.83 46.77
2.95 5.86 1.65 1.33 43.44 40.45 45.97 46.90
2.72 5.36 1.57 1.23 43.79 40.84 46.18 47.22
2.70 5.40 1.51 1.19 43.81 40.81 46.33 47.36
2.74 5.37 1.58 1.28 43.75 40.83 46.16 47.07
2.72 5.37 1.59 1.23 43.78 40.83 46.13 47.25
2.86 5.64 1.62 1.32 43.57 40.62 46.05 46.92
2.84 5.59 1.62 1.31 43.60 40.66 46.04 46.94
2.82 5.54 1.57 1.33 43.64 40.69 46.17 46.89
2.77 5.54 1.50 1.27 43.71 40.69 46.39 47.10
2.68 5.42 1.52 1.10 43.85 40.79 46.31 47.71
2.85 5.85 1.60 1.11 43.58 40.46 46.09 47.69
3.01 6.25 1.65 1.14 43.34 40.18 45.96 47.57
3.15 6.53 1.74 1.17 43.16 39.98 45.74 47.47
3.04 6.28 1.67 1.18 43.30 40.16 45.90 47.39
3.46 7.22 1.90 1.26 42.74 39.55 45.34 47.12
3.77 8.01 2.01 1.28 42.37 39.09 45.11 47.07
4.10 8.84 2.17 1.27 42.01 38.67 44.76 47.10
4.16 9.11 2.18 1.19 41.94 38.53 44.74 47.39
4.21 9.21 2.26 1.16 41.89 38.49 44.60 47.49
3.89 8.53 2.03 1.09 42.24 38.82 45.05 47.74
3.50 7.75 1.76 0.99 42.69 39.24 45.68 48.18
3.09 6.80 1.56 0.92 43.23 39.81 46.20 48.50
3.04 6.74 1.55 0.84 43.30 39.85 46.22 48.89
2.66 5.94 1.37 0.66 43.89 40.39 46.77 49.94
2.27 5.12 1.18 0.50 44.58 41.04 47.41 51.16
2.20 5.03 1.14 0.44 44.70 41.12 47.57 51.67
2.23 5.07 1.17 0.43 44.65 41.08 47.43 51.74
2.26 5.16 1.19 0.44 44.58 41.01 47.36 51.70
2.33 5.25 1.30 0.45 44.46 40.93 47.01 51.59
2.37 5.40 1.26 0.44 44.39 40.81 47.13 51.66
2.29 5.22 1.23 0.42 44.53 40.95 47.25 51.86
1.97 4.46 1.10 0.35 45.18 41.64 47.70 52.67
1.96 4.45 1.08 0.36 45.20 41.64 47.78 52.62
2.14 4.94 1.13 0.35 44.83 41.19 47.62 52.73
2.21 4.99 1.19 0.44 44.69 41.15 47.37 51.69
2.25 5.04 1.22 0.49 44.61 41.11 47.29 51.27
2.18 4.94 1.14 0.45 44.75 41.20 47.56 51.56
2.05 4.63 1.08 0.44 45.01 41.47 47.81 51.71
2.02 4.54 1.07 0.44 45.08 41.56 47.82 51.74
1.94 4.33 1.10 0.40 45.25 41.76 47.72 52.13
1.90 4.27 1.09 0.34 45.34 41.82 47.74 52.80
2.07 4.63 1.20 0.38 44.98 41.48 47.35 52.39
2.25 5.03 1.31 0.41 44.61 41.12 46.96 52.05
2.37 5.32 1.35 0.43 44.39 40.87 46.84 51.79
2.55 5.73 1.47 0.44 44.07 40.55 46.46 51.69
2.65 5.95 1.53 0.46 43.90 40.39 46.29 51.46
2.72 6.16 1.52 0.47 43.79 40.24 46.30 51.43
2.92 6.63 1.64 0.49 43.48 39.92 45.99 51.20
2.90 6.55 1.65 0.51 43.51 39.97 45.96 51.08
2.79 6.25 1.61 0.51 43.68 40.17 46.07 51.05
2.40 5.34 1.41 0.45 44.33 40.85 46.62 51.64
2.25 4.94 1.39 0.43 44.60 41.19 46.71 51.81
2.14 4.65 1.33 0.44 44.83 41.46 46.88 51.69
1.93 4.17 1.22 0.39 45.28 41.92 47.28 52.18
1.77 3.90 1.09 0.34 45.65 42.23 47.77 52.87
1.52 3.28 1.01 0.26 46.32 42.97 48.09 53.98
1.51 3.18 1.00 0.33 46.36 43.11 48.13 52.90
1.52 3.15 0.97 0.45 46.31 43.15 48.26 51.65
1.66 3.34 1.09 0.54 45.94 42.90 47.75 50.81
1.74 3.48 1.15 0.59 45.73 42.72 47.52 50.44
1.66 3.30 1.11 0.59 45.92 42.95 47.68 50.44
1.59 3.15 1.05 0.57 46.12 43.14 47.93 50.57
1.60 3.15 1.08 0.56 46.10 43.15 47.78 50.64
1.68 3.38 1.14 0.53 45.87 42.84 47.58 50.85
1.84 3.69 1.22 0.60 45.49 42.47 47.28 50.33
1.84 3.59 1.30 0.62 45.49 42.57 47.01 50.22
1.67 3.32 1.13 0.57 45.90 42.92 47.62 50.59
1.63 3.26 1.07 0.54 46.02 43.00 47.85 50.77
1.59 3.18 1.07 0.53 46.11 43.11 47.85 50.87
1.61 3.26 1.05 0.51 46.07 43.00 47.92 51.05
1.64 3.32 1.10 0.52 45.97 42.92 47.72 51.00
1.64 3.36 1.05 0.52 45.97 42.87 47.93 50.94
1.73 3.47 1.11 0.62 45.75 42.73 47.70 50.22
2.20 4.43 1.50 0.68 44.70 41.67 46.37 49.80
2.18 4.28 1.49 0.75 44.76 41.82 46.40 49.37
2.64 5.10 1.77 1.03 43.92 41.05 45.65 47.98
2.76 5.15 1.89 1.24 43.72 41.01 45.37 47.21
2.85 4.94 1.96 1.65 43.59 41.19 45.22 45.97
2.95 5.05 1.99 1.81 43.44 41.10 45.15 45.56
2.78 4.56 1.99 1.81 43.69 41.54 45.15 45.57
2.42 3.81 1.69 1.74 44.30 42.32 45.85 45.73
2.26 3.52 1.63 1.63 44.59 42.67 46.01 46.01
2.17 3.43 1.51 1.57 44.77 42.78 46.35 46.17
2.30 3.53 1.65 1.72 44.52 42.66 45.96 45.78
2.31 3.61 1.62 1.69 44.50 42.56 46.05 45.85
2.32 3.63 1.57 1.76 44.47 42.53 46.16 45.67
2.70 4.22 2.11 1.78 43.81 41.88 44.90 45.63
3.04 4.80 2.44 1.89 43.30 41.32 44.26 45.36
2.83 4.54 2.18 1.79 43.61 41.56 44.75 45.61
3.04 5.01 2.29 1.83 43.30 41.13 44.53 45.51
3.03 5.06 2.17 1.84 43.32 41.09 44.77 45.48
3.11 5.07 2.26 1.99 43.20 41.08 44.58 45.15
3.34 5.60 2.45 1.97 42.89 40.65 44.23 45.19
3.17 5.23 2.35 1.93 43.12 40.95 44.42 45.28
3.22 5.35 2.42 1.88 43.05 40.85 44.28 45.38
3.35 5.57 2.52 1.97 42.88 40.67 44.13 45.18
3.35 5.47 2.61 1.96 42.89 40.75 43.97 45.22
3.38 5.57 2.54 2.02 42.85 40.67 44.08 45.07
3.18 5.38 2.37 1.80 43.10 40.83 44.39 45.57
3.43 5.79 2.59 1.93 42.77 40.50 43.99 45.29
3.30 5.34 2.56 2.00 42.95 40.85 44.05 45.12
3.82 6.48 2.79 2.18 42.31 40.02 43.68 44.74
3.81 6.28 2.80 2.33 42.33 40.15 43.66 44.45
4.30 7.22 3.22 2.45 41.80 39.55 43.05 44.24
4.27 7.37 2.88 2.58 41.82 39.46 43.54 44.04
4.34 7.22 3.20 2.61 41.75 39.55 43.08 43.97
4.87 8.47 3.42 2.71 41.26 38.85 42.79 43.80
5.16 9.04 3.55 2.90 41.00 38.57 42.63 43.50
5.45 9.67 3.67 3.02 40.76 38.28 42.49 43.33
5.41 9.57 3.50 3.16 40.80 38.32 42.69 43.14
5.05 8.81 3.34 3.00 41.10 38.68 42.90 43.36
4.46 7.90 2.87 2.61 41.64 39.16 43.55 43.97
4.18 7.53 2.72 2.29 41.92 39.36 43.79 44.54
4.01 7.42 2.55 2.06 42.11 39.43 44.07 45.01
4.00 7.38 2.66 1.94 42.12 39.45 43.88 45.25
3.74 7.17 2.28 1.75 42.41 39.58 44.55 45.69
3.54 6.87 2.15 1.59 42.65 39.76 44.82 46.11
3.39 6.57 2.05 1.55 42.83 39.95 45.02 46.22
3.37 6.61 2.08 1.41 42.86 39.93 44.95 46.63
3.36 6.66 2.05 1.39 42.86 39.90 45.03 46.69
3.27 6.40 2.03 1.38 42.99 40.07 45.06 46.74
3.22 6.35 2.07 1.25 43.05 40.10 44.97 47.16
3.16 6.41 1.85 1.22 43.13 40.06 45.46 47.27
3.32 6.64 2.03 1.27 42.93 39.91 45.06 47.08
3.24 6.37 2.02 1.33 43.02 40.09 45.07 46.88
3.31 6.62 2.02 1.28 42.93 39.92 45.08 47.07
3.02 6.06 1.77 1.21 43.34 40.31 45.64 47.29
2.94 5.85 1.78 1.19 43.45 40.46 45.64 47.38
2.91 5.76 1.76 1.19 43.50 40.52 45.67 47.38
3.17 6.35 1.85 1.31 43.12 40.10 45.46 46.96
3.40 6.88 1.99 1.32 42.82 39.75 45.13 46.93
3.29 6.75 1.86 1.25 42.96 39.84 45.43 47.16
3.45 7.10 2.00 1.23 42.76 39.61 45.11 47.22
3.78 7.98 2.10 1.29 42.35 39.11 44.92 47.03
3.55 7.41 1.98 1.25 42.63 39.43 45.17 47.17
4.17 8.83 2.29 1.39 41.93 38.67 44.53 46.70
4.50 9.66 2.42 1.42 41.60 38.29 44.31 46.61
4.45 9.65 2.40 1.30 41.65 38.29 44.33 46.96
3.86 8.31 2.07 1.21 42.26 38.93 44.98 47.32
3.49 7.51 1.86 1.11 42.70 39.38 45.43 47.68
3.19 6.83 1.68 1.05 43.10 39.79 45.87 47.94
2.82 6.11 1.52 0.83 43.63 40.27 46.31 48.94
2.41 5.19 1.38 0.67 44.30 40.98 46.73 49.85
2.24 4.83 1.29 0.59 44.64 41.29 47.02 50.47
2.14 4.65 1.21 0.54 44.84 41.45 47.29 50.78
2.00 4.44 1.15 0.42 45.11 41.65 47.51 51.92
1.98 4.37 1.15 0.42 45.16 41.72 47.53 51.92
1.94 4.22 1.17 0.43 45.26 41.88 47.46 51.81
1.95 4.16 1.15 0.54 45.24 41.94 47.54 50.79
2.10 4.41 1.25 0.63 44.92 41.69 47.18 50.15
1.92 4.09 1.13 0.56 45.29 42.01 47.60 50.68
1.76 3.78 1.04 0.47 45.66 42.36 47.95 51.39
1.72 3.64 1.04 0.48 45.79 42.52 47.97 51.36
1.74 3.72 1.04 0.46 45.72 42.42 47.97 51.51
1.92 4.11 1.13 0.54 45.29 42.00 47.63 50.82
2.00 4.23 1.21 0.55 45.12 41.87 47.29 50.75
1.91 4.07 1.13 0.52 45.33 42.03 47.60 50.97
1.83 3.91 1.07 0.52 45.50 42.21 47.81 50.96
1.81 3.85 1.07 0.51 45.57 42.28 47.86 51.10
1.81 3.86 1.05 0.52 45.55 42.26 47.91 51.00
1.94 4.18 1.09 0.55 45.25 41.92 47.76 50.74
2.32 5.00 1.24 0.71 44.48 41.14 47.19 49.63
2.48 5.27 1.34 0.83 44.20 40.91 46.86 48.98
2.77 5.83 1.48 0.99 43.71 40.48 46.43 48.17
3.41 7.14 1.87 1.23 42.80 39.59 45.40 47.21
3.49 7.11 1.98 1.36 42.71 39.61 45.15 46.78
3.80 7.83 2.14 1.44 42.33 39.19 44.83 46.54
4.42 9.04 2.57 1.66 41.67 38.57 44.03 45.94
4.20 8.56 2.45 1.57 41.90 38.81 44.25 46.16
4.18 8.71 2.40 1.45 41.92 38.73 44.33 46.53
3.54 7.34 2.04 1.23 42.65 39.47 45.03 47.24
3.52 7.19 2.11 1.28 42.66 39.57 44.89 47.07
3.26 6.48 1.95 1.36 42.99 40.02 45.24 46.78
3.27 6.39 1.95 1.46 42.99 40.08 45.22 46.47
3.15 6.11 1.93 1.41 43.15 40.27 45.28 46.64
2.84 5.42 1.76 1.35 43.60 40.79 45.68 46.84
2.51 4.63 1.57 1.32 44.15 41.48 46.18 46.93
2.61 4.72 1.65 1.45 43.97 41.39 45.95 46.52
