2.12 4.68 1.10 0.59 44.86 41.43 47.73 50.41
1.96 4.34 1.02 0.52 45.21 41.76 48.05 50.96
2.04 4.48 1.09 0.54 45.04 41.62 47.74 50.80
2.16 4.85 1.11 0.53 44.78 41.27 47.69 50.91
2.40 5.24 1.28 0.68 44.33 40.94 47.05 49.82
2.17 4.79 1.14 0.59 44.76 41.33 47.58 50.42
2.33 5.11 1.23 0.65 44.46 41.05 47.25 50.01
2.41 5.30 1.28 0.64 44.32 40.89 47.04 50.09
2.65 5.87 1.33 0.73 43.91 40.44 46.88 49.48
2.64 5.87 1.35 0.70 43.91 40.44 46.83 49.66
2.44 5.43 1.25 0.65 44.25 40.78 47.17 50.01
2.88 6.48 1.38 0.78 43.54 40.02 46.72 49.22
2.74 6.16 1.41 0.65 43.75 40.24 46.62 49.99
3.14 7.07 1.54 0.80 43.17 39.64 46.26 49.09
2.85 6.50 1.40 0.67 43.58 40.00 46.66 49.90
3.42 7.75 1.69 0.82 42.79 39.24 45.85 49.00
3.17 7.24 1.55 0.71 43.12 39.53 46.23 49.60
3.60 8.23 1.71 0.87 42.56 38.98 45.82 48.74
3.48 8.07 1.68 0.69 42.71 39.06 45.89 49.71
4.01 9.33 1.83 0.87 42.10 38.43 45.50 48.70
3.63 8.52 1.61 0.75 42.54 38.83 46.06 49.38
3.83 9.04 1.65 0.80 42.30 38.57 45.95 49.13
3.28 7.63 1.44 0.76 42.97 39.31 46.54 49.31
3.32 7.67 1.46 0.85 42.92 39.28 46.49 48.83
2.66 6.05 1.29 0.65 43.88 40.31 47.02 50.02
2.52 5.62 1.28 0.68 44.11 40.64 47.08 49.85
1.78 3.82 0.95 0.58 45.62 42.31 48.38 50.48
1.72 3.47 0.98 0.69 45.79 42.72 48.22 49.71
1.45 2.93 0.82 0.61 46.50 43.46 49.01 50.27
1.67 3.28 0.92 0.79 45.91 42.96 48.49 49.15
1.19 2.18 0.77 0.61 47.40 44.75 49.29 50.29
1.24 2.22 0.80 0.69 47.21 44.67 49.10 49.77
1.24 2.24 0.79 0.70 47.19 44.64 49.17 49.66
1.32 2.40 0.82 0.73 46.93 44.32 48.98 49.52
1.33 2.46 0.83 0.71 46.88 44.22 48.92 49.65
1.45 2.59 0.89 0.85 46.52 43.99 48.64 48.81
1.45 2.72 0.89 0.75 46.51 43.78 48.66 49.36
1.59 2.92 0.97 0.89 46.11 43.48 48.25 48.64
1.57 2.88 0.99 0.84 46.17 43.53 48.18 48.87
1.75 3.15 1.12 0.97 45.71 43.15 47.63 48.26
1.57 2.90 0.99 0.81 46.19 43.51 48.19 49.07
1.75 3.31 1.05 0.89 45.70 42.93 47.94 48.65
1.70 3.18 1.04 0.87 45.84 43.11 47.95 48.75
1.92 3.60 1.15 1.00 45.30 42.56 47.54 48.11
1.81 3.49 1.07 0.87 45.56 42.71 47.83 48.76
1.94 3.74 1.12 0.97 45.25 42.40 47.65 48.27
1.85 3.58 1.09 0.87 45.46 42.59 47.73 48.72
2.04 3.86 1.21 1.05 45.04 42.27 47.32 47.92
1.81 3.54 1.06 0.85 45.55 42.64 47.90 48.85
2.09 4.03 1.22 1.03 44.93 42.08 47.27 48.01
2.08 4.08 1.16 1.00 44.95 42.03 47.50 48.12
2.33 4.46 1.35 1.17 44.46 41.63 46.85 47.43
2.20 4.31 1.22 1.07 44.71 41.79 47.26 47.86
2.32 4.58 1.26 1.13 44.47 41.53 47.13 47.61
2.34 4.70 1.23 1.10 44.43 41.41 47.25 47.71
2.63 5.17 1.42 1.32 43.93 41.00 46.61 46.93
2.30 4.55 1.26 1.09 44.51 41.55 47.12 47.76
2.67 5.38 1.38 1.24 43.87 40.83 46.73 47.18
2.59 5.16 1.40 1.20 44.00 41.01 46.66 47.34
2.94 5.90 1.54 1.37 43.45 40.42 46.26 46.78
2.67 5.38 1.46 1.17 43.87 40.83 46.50 47.46
2.86 5.76 1.52 1.31 43.56 40.53 46.33 46.97
2.77 5.64 1.42 1.25 43.70 40.62 46.61 47.15
2.90 5.77 1.56 1.39 43.50 40.52 46.21 46.72
2.39 4.68 1.33 1.16 44.35 41.43 46.89 47.50
2.13 4.08 1.26 1.05 44.84 42.02 47.12 47.91
1.76 3.36 1.01 0.93 45.67 42.88 48.10 48.47
1.33 2.40 0.77 0.83 46.90 44.34 49.29 48.97
0.94 1.60 0.57 0.63 48.43 46.08 50.58 50.14
1.02 1.72 0.62 0.72 48.04 45.77 50.21 49.54
1.00 1.71 0.62 0.66 48.13 45.79 50.19 49.95
1.03 1.71 0.63 0.74 48.00 45.80 50.12 49.40
1.06 1.79 0.67 0.72 47.88 45.60 49.89 49.58
1.13 1.86 0.68 0.85 47.59 45.43 49.79 48.85
1.07 1.77 0.69 0.75 47.83 45.65 49.74 49.38
1.18 1.91 0.77 0.86 47.41 45.32 49.26 48.80
1.13 1.85 0.74 0.79 47.60 45.45 49.41 49.15
1.28 2.08 0.83 0.94 47.05 44.95 48.96 48.41
1.21 2.00 0.79 0.86 47.28 45.11 49.18 48.79
1.35 2.22 0.86 0.96 46.84 44.67 48.76 48.32
1.38 2.30 0.92 0.93 46.72 44.51 48.49 48.45
1.53 2.47 1.07 1.06 46.28 44.20 47.86 47.88
1.48 2.48 1.02 0.94 46.43 44.19 48.03 48.39
1.56 2.56 1.09 1.04 46.19 44.06 47.75 47.96
1.63 2.70 1.16 1.03 46.01 43.82 47.50 47.99
1.81 2.99 1.29 1.14 45.56 43.38 47.03 47.55
1.61 2.71 1.20 0.92 46.07 43.81 47.34 48.50
1.77 2.96 1.29 1.06 45.65 43.42 47.01 47.88
1.73 2.92 1.24 1.02 45.76 43.48 47.18 48.07
1.96 3.29 1.36 1.24 45.21 42.96 46.81 47.21
1.93 3.33 1.36 1.11 45.27 42.90 46.80 47.70
2.17 3.73 1.55 1.25 44.76 42.42 46.23 47.17
2.10 3.60 1.50 1.19 44.91 42.56 46.37 47.39
2.31 3.99 1.56 1.40 44.48 42.12 46.21 46.66
2.12 3.65 1.49 1.24 44.86 42.51 46.41 47.19
2.20 3.70 1.45 1.44 44.71 42.45 46.52 46.54
2.11 3.62 1.35 1.37 44.88 42.55 46.82 46.78
2.25 4.04 1.41 1.30 44.61 42.06 46.63 46.99
1.97 3.56 1.20 1.14 45.19 42.62 47.33 47.58
1.71 3.10 1.13 0.89 45.81 43.21 47.61 48.63
1.27 2.40 0.86 0.54 47.10 44.33 48.77 50.81
1.05 2.05 0.69 0.40 47.94 45.03 49.73 52.11
0.81 1.68 0.51 0.24 49.05 45.87 51.08 54.35
0.87 1.80 0.56 0.27 48.71 45.58 50.65 53.86
0.89 1.85 0.56 0.25 48.65 45.47 50.63 54.10
0.95 1.91 0.61 0.33 48.35 45.33 50.24 52.95
0.89 1.80 0.57 0.28 48.66 45.56 50.54 53.72
0.95 1.96 0.61 0.29 48.35 45.21 50.29 53.56
0.88 1.79 0.57 0.28 48.68 45.60 50.53 53.66
0.98 1.96 0.63 0.34 48.23 45.21 50.11 52.81
0.91 1.87 0.57 0.27 48.57 45.41 50.56 53.77
0.94 1.93 0.58 0.32 48.38 45.27 50.48 53.10
0.92 1.84 0.59 0.32 48.50 45.48 50.43 53.03
1.05 2.11 0.67 0.36 47.93 44.89 49.87 52.54
0.97 1.98 0.62 0.31 48.25 45.16 50.18 53.19
1.04 2.14 0.64 0.34 47.96 44.84 50.04 52.78
1.04 2.16 0.63 0.33 47.96 44.78 50.13 52.99
1.11 2.28 0.67 0.37 47.70 44.56 49.86 52.46
1.02 2.15 0.62 0.30 48.02 44.81 50.19 53.31
1.06 2.20 0.65 0.34 47.87 44.71 50.01 52.85
1.04 2.20 0.62 0.30 47.95 44.70 50.21 53.29
1.19 2.48 0.71 0.39 47.36 44.19 49.60 52.20
1.13 2.41 0.67 0.32 47.59 44.31 49.85 53.14
1.19 2.53 0.69 0.35 47.37 44.10 49.74 52.64
1.12 2.37 0.67 0.33 47.62 44.38 49.89 52.91
1.25 2.61 0.73 0.41 47.16 43.96 49.49 52.06
1.21 2.58 0.73 0.34 47.29 44.02 49.52 52.85
1.35 2.86 0.80 0.38 46.84 43.57 49.10 52.36
1.31 2.79 0.78 0.37 46.95 43.68 49.20 52.45
1.50 3.20 0.86 0.44 46.38 43.09 48.79 51.73
1.47 3.16 0.85 0.40 46.46 43.14 48.85 52.13
1.58 3.39 0.91 0.45 46.15 42.83 48.56 51.65
1.49 3.21 0.88 0.39 46.40 43.07 48.70 52.26
1.59 3.38 0.94 0.45 46.12 42.84 48.42 51.60
1.55 3.37 0.91 0.39 46.21 42.86 48.56 52.24
1.61 3.39 0.99 0.43 46.08 42.83 48.19 51.75
1.59 3.42 0.94 0.40 46.13 42.79 48.38 52.17
1.59 3.37 0.94 0.45 46.13 42.85 48.39 51.64
1.37 2.92 0.83 0.34 46.78 43.48 48.92 52.82
1.32 2.79 0.81 0.35 46.94 43.67 49.07 52.73
1.24 2.67 0.72 0.34 47.20 43.87 49.59 52.89
1.17 2.44 0.71 0.37 47.44 44.26 49.63 52.42
1.04 2.21 0.62 0.29 47.95 44.68 50.18 53.47
1.12 2.41 0.61 0.34 47.64 44.32 50.29 52.79
0.97 2.07 0.55 0.29 48.27 44.98 50.74 53.50
1.00 2.09 0.57 0.35 48.12 44.94 50.60 52.64
0.91 1.97 0.50 0.28 48.52 45.20 51.13 53.70
0.98 2.04 0.55 0.35 48.22 45.03 50.73 52.71
0.97 2.05 0.54 0.32 48.26 45.00 50.79 53.12
1.05 2.18 0.59 0.40 47.90 44.75 50.42 52.15
0.96 2.03 0.54 0.32 48.30 45.06 50.84 53.06
1.10 2.30 0.60 0.41 47.71 44.52 50.33 52.03
1.08 2.26 0.60 0.38 47.80 44.60 50.36 52.34
1.18 2.43 0.65 0.46 47.41 44.29 49.97 51.52
1.09 2.26 0.63 0.38 47.76 44.59 50.16 52.31
1.17 2.39 0.66 0.47 47.44 44.35 49.93 51.41
1.15 2.43 0.63 0.40 47.50 44.27 50.14 52.07
1.32 2.73 0.73 0.48 46.93 43.76 49.46 51.31
1.27 2.66 0.71 0.44 47.09 43.88 49.62 51.74
1.26 2.64 0.71 0.42 47.14 43.91 49.64 51.92
1.42 2.99 0.79 0.49 46.60 43.37 49.16 51.24
1.41 3.01 0.76 0.44 46.66 43.34 49.31 51.69
1.35 2.89 0.75 0.42 46.83 43.53 49.39 51.92
1.54 3.26 0.85 0.50 46.27 43.00 48.83 51.16
1.42 3.05 0.79 0.43 46.59 43.28 49.14 51.79
1.54 3.27 0.87 0.50 46.24 42.99 48.73 51.17
1.58 3.41 0.87 0.47 46.13 42.80 48.73 51.44
1.77 3.83 0.95 0.54 45.64 42.30 48.36 50.76
1.71 3.70 0.93 0.50 45.80 42.45 48.46 51.15
1.93 4.13 1.09 0.58 45.27 41.97 47.75 50.50
1.84 3.99 1.02 0.51 45.48 42.12 48.04 51.05
2.18 4.65 1.24 0.64 44.75 41.45 47.19 50.04
1.94 4.20 1.07 0.56 45.25 41.90 47.85 50.66
2.20 4.69 1.21 0.69 44.71 41.42 47.29 49.72
1.93 4.19 1.04 0.57 45.28 41.91 47.97 50.61
2.06 4.36 1.13 0.68 45.00 41.74 47.61 49.80
1.96 4.16 1.09 0.63 45.20 41.94 47.74 50.14
1.92 4.02 1.10 0.64 45.29 42.08 47.71 50.08
1.74 3.62 1.00 0.60 45.73 42.55 48.13 50.35
1.53 3.12 0.89 0.59 46.27 43.19 48.63 50.39
1.53 2.98 0.93 0.67 46.29 43.38 48.42 49.86
1.41 2.69 0.86 0.68 46.64 43.84 48.77 49.79
1.35 2.55 0.83 0.66 46.83 44.06 48.91 49.94
1.36 2.56 0.85 0.69 46.78 44.05 48.85 49.76
1.53 2.86 0.94 0.81 46.27 43.57 48.43 49.05
1.53 2.85 0.92 0.81 46.29 43.58 48.50 49.03
1.47 2.75 0.89 0.77 46.45 43.74 48.63 49.23
1.53 2.88 0.93 0.79 46.28 43.54 48.46 49.15
1.76 3.28 1.05 0.94 45.69 42.97 47.94 48.39
1.69 3.15 1.03 0.88 45.86 43.16 48.00 48.66
1.57 2.86 0.97 0.86 46.19 43.56 48.25 48.79
1.41 2.64 0.85 0.74 46.64 43.91 48.86 49.41
1.60 2.98 0.93 0.88 46.09 43.38 48.44 48.66
1.35 2.53 0.80 0.72 46.83 44.10 49.08 49.58
1.50 2.85 0.86 0.79 46.37 43.57 48.78 49.18
1.46 2.77 0.86 0.75 46.49 43.70 48.79 49.39
1.58 3.02 0.91 0.82 46.14 43.33 48.55 48.97
1.41 2.67 0.86 0.72 46.62 43.87 48.79 49.58
1.58 2.98 0.94 0.82 46.15 43.40 48.38 49.00
1.54 2.98 0.91 0.74 46.24 43.40 48.51 49.44
1.70 3.22 1.01 0.87 45.82 43.04 48.09 48.76
1.57 3.00 0.93 0.77 46.18 43.36 48.45 49.28
1.76 3.41 1.00 0.86 45.69 42.80 48.15 48.81
1.73 3.38 1.00 0.82 45.75 42.84 48.15 48.99
1.93 3.75 1.13 0.90 45.28 42.39 47.60 48.60
1.88 3.75 1.09 0.80 45.39 42.39 47.78 49.07
2.00 3.91 1.17 0.93 45.11 42.21 47.45 48.45
2.07 4.14 1.19 0.87 44.98 41.96 47.36 48.75
2.24 4.40 1.33 0.99 44.63 41.69 46.91 48.15
2.08 4.12 1.26 0.88 44.94 41.99 47.14 48.70
2.51 5.02 1.46 1.05 44.13 41.12 46.49 47.92
2.39 4.66 1.45 1.08 44.33 41.44 46.52 47.81
2.71 5.37 1.58 1.19 43.79 40.83 46.14 47.37
2.07 3.91 1.25 1.04 44.98 42.21 47.15 47.98
2.12 4.02 1.28 1.06 44.87 42.09 47.05 47.87
1.83 3.51 1.07 0.91 45.51 42.68 47.85 48.52
1.72 3.25 1.05 0.85 45.78 43.01 47.90 48.81
1.39 2.63 0.84 0.70 46.70 43.93 48.90 49.66
1.15 2.09 0.74 0.62 47.53 44.94 49.46 50.18
0.98 1.71 0.66 0.57 48.22 45.79 49.95 50.62
0.95 1.64 0.63 0.57 48.38 45.99 50.15 50.57
0.96 1.67 0.65 0.56 48.31 45.89 49.98 50.70
1.01 1.73 0.68 0.62 48.09 45.75 49.81 50.23
0.99 1.69 0.71 0.59 48.15 45.85 49.63 50.45
1.14 1.96 0.80 0.66 47.56 45.21 49.09 49.92
1.02 1.75 0.71 0.59 48.05 45.71 49.59 50.42
1.04 1.74 0.71 0.66 47.97 45.72 49.64 49.90
1.02 1.72 0.72 0.63 48.04 45.78 49.57 50.17
1.08 1.77 0.74 0.72 47.81 45.65 49.43 49.58
1.08 1.81 0.76 0.67 47.79 45.54 49.31 49.88
1.22 2.04 0.83 0.79 47.27 45.03 48.93 49.18
1.12 1.88 0.78 0.70 47.64 45.38 49.21 49.69
1.24 2.00 0.87 0.84 47.21 45.13 48.75 48.87
1.12 1.86 0.81 0.70 47.63 45.43 49.07 49.66
1.21 1.99 0.86 0.79 47.29 45.15 48.77 49.15
1.23 2.06 0.87 0.77 47.22 44.99 48.75 49.25
1.32 2.15 0.92 0.89 46.91 44.80 48.48 48.61
1.24 2.02 0.89 0.81 47.20 45.08 48.64 49.04
1.43 2.33 1.04 0.93 46.57 44.47 47.95 48.47
1.33 2.20 0.95 0.85 46.88 44.71 48.34 48.83
1.55 2.49 1.10 1.06 46.23 44.16 47.74 47.88
1.56 2.56 1.16 0.97 46.19 44.04 47.50 48.25
1.72 2.80 1.26 1.09 45.78 43.67 47.11 47.74
1.63 2.60 1.20 1.08 46.02 43.98 47.32 47.81
1.93 3.12 1.43 1.23 45.28 43.19 46.56 47.24
1.77 2.89 1.26 1.15 45.66 43.52 47.14 47.52
1.79 2.82 1.27 1.26 45.61 43.63 47.09 47.13
1.87 2.97 1.35 1.28 45.41 43.40 46.81 47.05
2.02 3.28 1.46 1.33 45.07 42.97 46.50 46.88
1.91 3.13 1.32 1.28 45.32 43.17 46.92 47.04
1.66 2.87 1.10 1.02 45.93 43.56 47.73 48.04
1.60 2.86 1.03 0.92 46.08 43.57 48.00 48.48
1.35 2.50 0.91 0.65 46.82 44.15 48.55 50.02
0.92 1.78 0.66 0.33 48.49 45.63 49.96 52.94
0.58 1.25 0.35 0.14 50.49 47.16 52.68 56.61
0.59 1.30 0.35 0.13 50.40 47.00 52.64 57.07
0.58 1.25 0.38 0.13 50.46 47.17 52.35 57.08
0.58 1.25 0.37 0.13 50.46 47.16 52.43 56.93
0.62 1.33 0.39 0.14 50.19 46.88 52.20 56.57
0.60 1.30 0.38 0.13 50.32 46.99 52.35 56.87
0.64 1.35 0.42 0.14 50.08 46.81 51.87 56.74
0.62 1.32 0.41 0.14 50.17 46.92 51.95 56.73
0.67 1.44 0.43 0.15 49.86 46.56 51.84 56.34
0.67 1.45 0.43 0.13 49.85 46.50 51.78 56.88
0.66 1.43 0.42 0.14 49.92 46.59 51.87 56.66
0.70 1.54 0.43 0.13 49.68 46.25 51.80 56.99
0.71 1.55 0.44 0.15 49.59 46.22 51.66 56.42
0.75 1.62 0.49 0.16 49.35 46.04 51.26 56.11
0.74 1.62 0.45 0.16 49.43 46.04 51.56 56.22
0.76 1.62 0.49 0.16 49.34 46.03 51.23 56.10
0.76 1.64 0.50 0.14 49.32 45.99 51.14 56.52
0.82 1.74 0.55 0.17 48.99 45.73 50.70 55.74
0.81 1.73 0.52 0.17 49.04 45.74 50.94 55.74
0.91 1.97 0.55 0.20 48.56 45.19 50.72 55.10
0.92 2.01 0.56 0.18 48.50 45.10 50.63 55.46
0.89 1.96 0.53 0.18 48.63 45.21 50.85 55.64
0.93 2.05 0.57 0.18 48.44 45.02 50.54 55.67
0.94 2.06 0.57 0.17 48.42 44.98 50.58 55.75
1.04 2.28 0.63 0.22 47.96 44.56 50.15 54.74
1.04 2.27 0.63 0.21 47.97 44.57 50.15 54.87
1.08 2.39 0.64 0.22 47.79 44.36 50.08 54.72
1.08 2.35 0.68 0.21 47.80 44.42 49.83 54.87
1.13 2.47 0.68 0.24 47.59 44.21 49.78 54.25
1.13 2.43 0.71 0.24 47.61 44.28 49.61 54.35
1.22 2.67 0.74 0.24 47.27 43.86 49.42 54.24
1.35 2.94 0.82 0.28 46.84 43.45 49.02 53.63
1.35 2.97 0.81 0.28 46.82 43.40 49.06 53.71
1.29 2.83 0.76 0.27 47.04 43.61 49.31 53.89
1.27 2.78 0.75 0.28 47.10 43.69 49.41 53.69
1.18 2.62 0.66 0.28 47.40 43.95 49.97 53.73
1.14 2.54 0.64 0.25 47.55 44.09 50.07 54.11
1.03 2.29 0.57 0.22 48.01 44.53 50.61 54.64
0.99 2.20 0.52 0.23 48.19 44.70 50.94 54.50
0.95 2.15 0.49 0.20 48.37 44.80 51.25 55.07
1.04 2.33 0.54 0.24 47.97 44.46 50.83 54.26
0.78 1.80 0.36 0.19 49.18 45.57 52.57 55.28
0.74 1.66 0.35 0.22 49.42 45.93 52.74 54.71
0.74 1.67 0.35 0.21 49.41 45.89 52.66 54.97
0.82 1.83 0.39 0.23 49.00 45.50 52.24 54.43
0.83 1.89 0.39 0.22 48.93 45.38 52.22 54.73
