2.12 4.68 1.10 0.59 44.86 41.43 47.73 50.41
1.96 4.34 1.02 0.52 45.21 41.76 48.05 50.96
2.04 4.48 1.09 0.54 45.04 41.62 47.74 50.80
2.16 4.85 1.11 0.53 44.78 41.27 47.69 50.91
2.40 5.24 1.28 0.68 44.33 40.94 47.05 49.82
2.17 4.79 1.14 0.59 44.76 41.33 47.58 50.42
2.33 5.11 1.23 0.65 44.46 41.05 47.25 50.01
2.41 5.30 1.28 0.64 44.32 40.89 47.04 50.09
2.65 5.87 1.33 0.73 43.91 40.44 46.88 49.48
2.64 5.87 1.35 0.70 43.91 40.44 46.83 49.66
2.44 5.43 1.25 0.65 44.25 40.78 47.17 50.01
2.88 6.48 1.38 0.78 43.54 40.02 46.72 49.22
2.74 6.15 1.42 0.66 43.75 40.24 46.62 49.93
3.12 7.04 1.53 0.78 43.20 39.66 46.30 49.23
2.87 6.52 1.41 0.67 43.55 39.98 46.62 49.85
3.42 7.78 1.67 0.81 42.79 39.22 45.90 49.02
3.16 7.23 1.54 0.71 43.14 39.54 46.26 49.63
3.61 8.27 1.70 0.85 42.56 38.95 45.82 48.83
3.48 8.07 1.67 0.70 42.71 39.06 45.92 49.65
4.00 9.31 1.83 0.88 42.11 38.45 45.51 48.68
3.63 8.55 1.61 0.74 42.53 38.81 46.07 49.44
3.82 9.02 1.63 0.81 42.31 38.58 46.00 49.05
3.25 7.59 1.42 0.75 43.01 39.33 46.61 49.38
3.34 7.68 1.48 0.85 42.90 39.27 46.44 48.82
2.66 6.02 1.29 0.65 43.89 40.33 47.01 49.99
2.53 5.61 1.32 0.67 44.09 40.63 46.93 49.88
1.78 3.81 0.96 0.59 45.61 42.32 48.30 50.45
1.73 3.48 0.98 0.72 45.75 42.71 48.20 49.58
1.46 2.92 0.82 0.63 46.51 43.48 49.00 50.15
1.68 3.31 0.94 0.78 45.89 42.93 48.41 49.19
1.18 2.19 0.76 0.60 47.40 44.72 49.32 50.36
1.25 2.26 0.81 0.70 47.14 44.59 49.06 49.70
1.27 2.29 0.80 0.72 47.10 44.53 49.11 49.58
1.34 2.46 0.84 0.73 46.85 44.23 48.90 49.50
1.36 2.51 0.85 0.71 46.81 44.14 48.83 49.62
1.48 2.65 0.92 0.86 46.44 43.90 48.51 48.77
1.46 2.73 0.88 0.77 46.49 43.77 48.67 49.28
1.61 2.96 0.97 0.88 46.07 43.41 48.24 48.66
1.59 2.93 0.99 0.85 46.11 43.46 48.16 48.83
1.77 3.22 1.11 0.98 45.66 43.06 47.67 48.24
1.57 2.91 1.00 0.81 46.16 43.49 48.12 49.05
1.76 3.33 1.07 0.89 45.67 42.91 47.84 48.64
1.70 3.19 1.03 0.87 45.83 43.10 47.99 48.74
1.95 3.64 1.17 1.03 45.24 42.52 47.45 48.01
1.86 3.60 1.09 0.88 45.45 42.57 47.76 48.71
1.96 3.79 1.13 0.97 45.20 42.34 47.61 48.27
1.86 3.62 1.09 0.88 45.43 42.54 47.75 48.70
2.08 3.93 1.24 1.06 44.96 42.19 47.21 47.86
1.82 3.55 1.07 0.84 45.53 42.62 47.85 48.88
2.12 4.09 1.22 1.03 44.88 42.01 47.25 48.01
2.11 4.14 1.18 1.00 44.90 41.96 47.42 48.14
2.39 4.61 1.36 1.20 44.35 41.49 46.80 47.35
2.21 4.36 1.22 1.07 44.68 41.74 47.28 47.83
2.32 4.61 1.25 1.11 44.47 41.49 47.15 47.68
2.36 4.76 1.23 1.10 44.40 41.36 47.24 47.72
2.67 5.25 1.42 1.32 43.88 40.93 46.61 46.92
2.30 4.56 1.25 1.10 44.51 41.54 47.17 47.72
2.67 5.39 1.37 1.24 43.87 40.81 46.78 47.21
2.62 5.26 1.42 1.20 43.94 40.92 46.62 47.36
2.96 5.96 1.55 1.37 43.42 40.38 46.23 46.76
2.69 5.45 1.44 1.17 43.83 40.76 46.54 47.43
2.90 5.85 1.52 1.32 43.51 40.46 46.32 46.92
2.80 5.71 1.42 1.27 43.66 40.56 46.60 47.10
2.96 5.91 1.58 1.40 43.42 40.42 46.15 46.69
2.44 4.79 1.35 1.18 44.26 41.34 46.82 47.40
2.17 4.17 1.28 1.06 44.77 41.93 47.07 47.89
1.79 3.42 1.02 0.93 45.61 42.79 48.06 48.44
1.37 2.52 0.76 0.84 46.76 44.13 49.33 48.89
0.97 1.68 0.58 0.66 48.25 45.88 50.50 49.97
1.07 1.82 0.64 0.74 47.86 45.53 50.09 49.44
1.02 1.77 0.62 0.65 48.06 45.65 50.19 49.97
1.08 1.81 0.65 0.77 47.79 45.54 49.99 49.23
1.10 1.89 0.69 0.73 47.71 45.37 49.75 49.51
1.19 1.99 0.71 0.86 47.39 45.16 49.60 48.78
1.10 1.82 0.71 0.76 47.72 45.53 49.60 49.30
1.22 2.00 0.78 0.88 47.26 45.11 49.20 48.69
1.18 1.97 0.77 0.82 47.41 45.21 49.28 49.02
1.34 2.21 0.85 0.96 46.86 44.69 48.82 48.32
1.27 2.10 0.82 0.88 47.11 44.92 49.00 48.69
1.39 2.31 0.88 0.97 46.72 44.51 48.69 48.27
1.44 2.41 0.94 0.96 46.56 44.32 48.40 48.30
1.61 2.65 1.09 1.08 46.07 43.90 47.76 47.80
1.54 2.63 1.03 0.96 46.27 43.94 48.02 48.32
1.61 2.68 1.11 1.04 46.06 43.85 47.68 47.95
1.68 2.82 1.18 1.05 45.88 43.64 47.43 47.92
1.88 3.16 1.32 1.16 45.39 43.14 46.90 47.47
1.69 2.88 1.23 0.95 45.86 43.54 47.23 48.34
1.86 3.15 1.32 1.09 45.45 43.15 46.93 47.74
1.81 3.07 1.29 1.07 45.57 43.27 47.04 47.84
2.03 3.45 1.37 1.26 45.06 42.75 46.76 47.14
1.98 3.42 1.39 1.14 45.16 42.79 46.69 47.58
2.22 3.81 1.58 1.27 44.67 42.32 46.16 47.11
2.16 3.71 1.53 1.23 44.80 42.44 46.31 47.24
2.39 4.14 1.58 1.42 44.36 41.96 46.13 46.60
2.19 3.75 1.52 1.30 44.73 42.39 46.31 47.01
2.27 3.87 1.49 1.47 44.56 42.26 46.41 46.45
2.19 3.76 1.40 1.39 44.74 42.38 46.67 46.70
2.32 4.19 1.45 1.33 44.47 41.91 46.51 46.91
2.08 3.78 1.27 1.19 44.96 42.36 47.11 47.40
1.83 3.37 1.17 0.95 45.51 42.85 47.47 48.37
1.45 2.78 0.97 0.61 46.52 43.71 48.25 50.30
1.20 2.44 0.77 0.41 47.34 44.28 49.30 52.02
0.94 1.96 0.59 0.26 48.43 45.23 50.41 54.01
1.00 2.09 0.64 0.28 48.13 44.94 50.08 53.66
1.07 2.22 0.68 0.31 47.86 44.70 49.80 53.25
1.12 2.32 0.71 0.33 47.65 44.50 49.63 52.87
1.02 2.10 0.66 0.30 48.06 44.92 49.96 53.44
1.08 2.25 0.69 0.30 47.80 44.61 49.76 53.33
1.08 2.20 0.69 0.34 47.83 44.72 49.77 52.86
1.17 2.40 0.74 0.37 47.47 44.35 49.47 52.42
1.05 2.17 0.65 0.32 47.96 44.78 50.04 53.14
1.07 2.20 0.66 0.34 47.85 44.72 49.93 52.75
1.12 2.27 0.72 0.38 47.65 44.60 49.59 52.36
1.23 2.51 0.77 0.41 47.25 44.15 49.29 52.01
1.11 2.27 0.71 0.35 47.69 44.59 49.63 52.68
1.18 2.45 0.72 0.37 47.42 44.25 49.57 52.40
1.25 2.58 0.76 0.39 47.20 44.04 49.32 52.23
1.28 2.69 0.74 0.41 47.07 43.86 49.42 52.04
1.14 2.39 0.69 0.35 47.56 44.36 49.74 52.75
1.18 2.47 0.71 0.37 47.41 44.21 49.64 52.49
1.21 2.52 0.73 0.37 47.34 44.14 49.51 52.46
1.34 2.80 0.79 0.42 46.88 43.67 49.16 51.86
1.25 2.65 0.75 0.36 47.17 43.91 49.39 52.63
1.29 2.73 0.75 0.37 47.04 43.76 49.35 52.42
1.31 2.74 0.78 0.40 46.98 43.77 49.21 52.12
1.40 2.94 0.81 0.44 46.69 43.46 49.05 51.72
1.32 2.79 0.79 0.37 46.94 43.68 49.15 52.43
1.49 3.14 0.89 0.43 46.42 43.17 48.65 51.78
1.41 2.97 0.85 0.40 46.65 43.40 48.84 52.14
1.65 3.49 0.96 0.48 45.97 42.71 48.30 51.30
1.54 3.30 0.91 0.42 46.24 42.95 48.55 51.87
1.68 3.57 1.00 0.48 45.87 42.61 48.16 51.29
1.53 3.29 0.91 0.41 46.26 42.95 48.53 52.05
1.64 3.47 0.99 0.46 45.98 42.73 48.17 51.45
1.57 3.41 0.93 0.39 46.16 42.81 48.46 52.26
1.63 3.45 1.01 0.43 46.01 42.75 48.07 51.75
1.61 3.48 0.96 0.39 46.06 42.71 48.31 52.19
1.62 3.44 0.97 0.45 46.03 42.76 48.28 51.57
1.38 2.94 0.85 0.35 46.74 43.45 48.84 52.72
1.33 2.83 0.80 0.36 46.89 43.62 49.08 52.55
1.24 2.66 0.71 0.34 47.20 43.88 49.59 52.82
1.21 2.54 0.72 0.38 47.29 44.08 49.56 52.34
1.06 2.25 0.63 0.30 47.87 44.60 50.14 53.37
1.14 2.46 0.62 0.35 47.55 44.23 50.20 52.70
0.98 2.09 0.55 0.29 48.23 44.93 50.76 53.42
1.03 2.14 0.57 0.36 48.02 44.82 50.56 52.53
0.92 1.97 0.50 0.29 48.49 45.18 51.10 53.54
0.99 2.03 0.57 0.35 48.20 45.05 50.58 52.63
0.98 2.07 0.55 0.32 48.21 44.97 50.74 53.05
1.09 2.24 0.61 0.41 47.77 44.62 50.30 52.03
1.00 2.10 0.56 0.33 48.14 44.90 50.64 52.97
1.15 2.39 0.63 0.42 47.53 44.34 50.14 51.87
1.14 2.39 0.63 0.40 47.57 44.35 50.17 52.12
1.25 2.57 0.68 0.50 47.16 44.04 49.79 51.11
1.14 2.38 0.64 0.40 47.56 44.37 50.08 52.08
1.24 2.53 0.68 0.49 47.21 44.10 49.80 51.19
1.20 2.52 0.65 0.41 47.35 44.11 49.98 51.97
1.40 2.93 0.76 0.51 46.66 43.47 49.29 51.03
1.33 2.80 0.74 0.46 46.89 43.66 49.46 51.54
1.31 2.76 0.72 0.45 46.95 43.72 49.56 51.57
1.48 3.10 0.80 0.52 46.44 43.21 49.08 50.95
1.48 3.18 0.80 0.46 46.43 43.11 49.08 51.52
1.42 3.04 0.79 0.45 46.60 43.31 49.17 51.64
1.62 3.47 0.88 0.53 46.02 42.74 48.70 50.87
1.48 3.19 0.82 0.45 46.41 43.10 49.00 51.57
1.62 3.41 0.90 0.53 46.05 42.80 48.58 50.87
1.65 3.57 0.89 0.49 45.95 42.60 48.62 51.20
1.87 4.03 0.98 0.60 45.42 42.08 48.22 50.38
1.79 3.86 0.97 0.53 45.61 42.26 48.28 50.89
2.01 4.33 1.11 0.60 45.10 41.77 47.69 50.36
1.89 4.09 1.03 0.54 45.37 42.01 47.99 50.82
2.23 4.80 1.25 0.66 44.64 41.32 47.17 49.95
1.99 4.30 1.08 0.59 45.14 41.80 47.81 50.40
2.29 4.91 1.24 0.74 44.52 41.22 47.20 49.45
1.99 4.33 1.07 0.59 45.13 41.77 47.84 50.44
2.17 4.60 1.18 0.73 44.77 41.51 47.41 49.53
2.04 4.35 1.10 0.67 45.03 41.74 47.71 49.89
1.98 4.15 1.13 0.66 45.16 41.95 47.58 49.92
1.80 3.77 1.02 0.62 45.57 42.37 48.05 50.17
1.58 3.24 0.91 0.60 46.14 43.02 48.54 50.37
1.56 3.05 0.94 0.69 46.20 43.28 48.41 49.73
1.43 2.74 0.86 0.68 46.59 43.75 48.80 49.81
1.37 2.61 0.84 0.66 46.77 43.97 48.92 49.93
1.39 2.61 0.85 0.69 46.72 43.97 48.84 49.71
1.55 2.91 0.93 0.81 46.22 43.49 48.44 49.03
1.54 2.88 0.92 0.81 46.26 43.53 48.50 49.04
1.49 2.81 0.89 0.77 46.39 43.64 48.63 49.24
1.55 2.94 0.92 0.79 46.22 43.45 48.47 49.14
1.79 3.37 1.04 0.96 45.60 42.85 47.96 48.32
1.71 3.20 1.02 0.89 45.81 43.08 48.03 48.62
1.59 2.93 0.98 0.87 46.10 43.46 48.23 48.74
1.45 2.73 0.86 0.74 46.53 43.77 48.80 49.41
1.65 3.09 0.95 0.89 45.96 43.23 48.34 48.63
1.38 2.61 0.81 0.71 46.75 43.97 49.05 49.64
1.53 2.94 0.87 0.78 46.28 43.45 48.72 49.19
1.49 2.87 0.88 0.74 46.39 43.56 48.70 49.43
1.63 3.12 0.93 0.83 46.01 43.19 48.41 48.94
1.44 2.74 0.87 0.72 46.54 43.75 48.71 49.59
1.59 3.03 0.93 0.82 46.10 43.31 48.45 48.99
1.57 3.04 0.93 0.75 46.17 43.30 48.45 49.41
1.75 3.36 1.03 0.87 45.69 42.86 48.01 48.74
1.60 3.09 0.94 0.78 46.08 43.23 48.39 49.25
1.78 3.50 1.00 0.85 45.63 42.70 48.14 48.86
1.75 3.43 0.99 0.81 45.72 42.78 48.18 49.05
1.96 3.84 1.15 0.90 45.21 42.29 47.54 48.61
1.91 3.82 1.09 0.80 45.33 42.31 47.75 49.10
2.05 4.05 1.19 0.92 45.01 42.06 47.38 48.50
2.11 4.24 1.23 0.87 44.89 41.86 47.25 48.74
2.27 4.48 1.34 1.00 44.56 41.62 46.87 48.13
2.11 4.18 1.26 0.88 44.90 41.92 47.14 48.67
2.51 5.02 1.45 1.05 44.14 41.12 46.54 47.92
2.43 4.71 1.47 1.09 44.28 41.40 46.46 47.75
2.74 5.43 1.60 1.18 43.76 40.78 46.10 47.40
2.07 3.91 1.27 1.03 44.97 42.21 47.10 47.99
2.13 4.06 1.27 1.06 44.84 42.04 47.07 47.87
1.86 3.55 1.08 0.94 45.44 42.62 47.81 48.41
1.74 3.28 1.07 0.86 45.74 42.97 47.86 48.78
1.40 2.65 0.85 0.69 46.68 43.90 48.86 49.72
1.17 2.14 0.74 0.63 47.45 44.82 49.45 50.14
0.99 1.74 0.66 0.58 48.15 45.72 49.91 50.53
0.99 1.75 0.64 0.59 48.17 45.72 50.05 50.46
0.99 1.75 0.66 0.57 48.17 45.71 49.92 50.60
1.04 1.82 0.70 0.60 47.97 45.54 49.70 50.32
1.02 1.77 0.72 0.59 48.03 45.66 49.58 50.45
1.19 2.09 0.82 0.67 47.37 44.93 48.99 49.89
1.04 1.83 0.73 0.58 47.94 45.51 49.52 50.49
1.05 1.78 0.71 0.67 47.90 45.62 49.61 49.89
1.06 1.80 0.73 0.65 47.88 45.59 49.50 50.01
1.11 1.84 0.76 0.73 47.68 45.47 49.34 49.50
1.10 1.85 0.78 0.68 47.71 45.45 49.23 49.84
1.24 2.08 0.84 0.78 47.21 44.94 48.88 49.21
1.13 1.91 0.78 0.68 47.62 45.32 49.19 49.78
1.25 2.05 0.87 0.84 47.15 45.00 48.74 48.91
1.15 1.92 0.81 0.72 47.52 45.30 49.02 49.57
1.23 2.02 0.87 0.79 47.24 45.07 48.74 49.13
1.25 2.10 0.88 0.78 47.14 44.90 48.70 49.19
1.36 2.24 0.94 0.91 46.79 44.63 48.42 48.53
1.26 2.08 0.91 0.81 47.11 44.95 48.56 49.05
1.45 2.38 1.05 0.94 46.50 44.37 47.91 48.43
1.38 2.27 0.98 0.88 46.75 44.57 48.22 48.71
1.60 2.62 1.11 1.08 46.08 43.95 47.69 47.78
1.60 2.64 1.18 0.99 46.08 43.92 47.42 48.17
1.74 2.85 1.27 1.10 45.72 43.58 47.08 47.70
1.67 2.69 1.23 1.08 45.91 43.83 47.22 47.78
1.98 3.24 1.46 1.24 45.17 43.02 46.49 47.21
1.79 2.97 1.27 1.14 45.59 43.40 47.08 47.57
1.82 2.90 1.30 1.26 45.53 43.50 47.01 47.12
1.90 3.03 1.38 1.28 45.35 43.32 46.73 47.05
2.06 3.38 1.46 1.34 44.99 42.84 46.50 46.87
1.94 3.20 1.33 1.28 45.26 43.07 46.90 47.05
1.75 3.06 1.14 1.04 45.71 43.27 47.57 47.97
1.63 2.93 1.06 0.90 46.02 43.46 47.91 48.58
1.39 2.60 0.93 0.64 46.70 43.97 48.46 50.08
1.02 2.02 0.71 0.34 48.03 45.08 49.57 52.85
0.67 1.43 0.41 0.16 49.88 46.56 52.05 55.97
0.62 1.35 0.37 0.14 50.21 46.82 52.46 56.75
0.65 1.40 0.42 0.15 49.97 46.67 51.97 56.41
0.62 1.32 0.38 0.15 50.21 46.90 52.28 56.43
0.68 1.45 0.43 0.16 49.81 46.52 51.82 56.04
0.66 1.41 0.42 0.14 49.95 46.64 51.89 56.55
0.67 1.46 0.41 0.14 49.86 46.50 51.95 56.56
0.69 1.49 0.42 0.14 49.78 46.41 51.84 56.69
0.73 1.58 0.46 0.17 49.47 46.16 51.48 55.99
0.73 1.57 0.47 0.14 49.50 46.16 51.41 56.58
0.72 1.55 0.45 0.15 49.55 46.21 51.58 56.21
0.75 1.64 0.47 0.14 49.39 46.01 51.41 56.60
0.80 1.75 0.48 0.17 49.10 45.70 51.30 55.85
0.80 1.72 0.49 0.17 49.13 45.76 51.22 55.82
0.77 1.67 0.46 0.17 49.29 45.91 51.48 55.82
0.85 1.84 0.53 0.19 48.82 45.49 50.91 55.30
0.78 1.67 0.49 0.16 49.23 45.89 51.21 55.98
0.82 1.76 0.53 0.18 48.97 45.67 50.90 55.56
0.81 1.73 0.52 0.18 49.03 45.76 50.95 55.44
0.91 1.98 0.54 0.21 48.53 45.16 50.79 54.84
0.91 2.01 0.54 0.19 48.54 45.12 50.80 55.33
0.88 1.92 0.53 0.18 48.70 45.30 50.90 55.52
0.94 2.07 0.56 0.19 48.39 44.98 50.60 55.37
0.93 2.07 0.55 0.18 48.43 44.96 50.73 55.59
1.04 2.29 0.61 0.20 47.97 44.53 50.26 54.99
1.03 2.27 0.61 0.20 48.02 44.58 50.27 55.00
1.08 2.42 0.62 0.21 47.79 44.30 50.21 54.93
1.04 2.31 0.61 0.20 47.97 44.51 50.29 55.06
1.13 2.49 0.67 0.23 47.59 44.16 49.90 54.43
1.13 2.47 0.70 0.24 47.58 44.21 49.69 54.39
1.24 2.72 0.74 0.25 47.21 43.79 49.47 54.08
1.35 2.96 0.80 0.30 46.84 43.43 49.14 53.45
1.34 2.95 0.79 0.30 46.85 43.43 49.19 53.42
1.26 2.80 0.72 0.26 47.13 43.67 49.55 53.89
1.26 2.81 0.71 0.27 47.10 43.64 49.64 53.70
1.19 2.66 0.63 0.27 47.38 43.88 50.12 53.74
1.13 2.55 0.58 0.25 47.60 44.07 50.46 54.10
1.05 2.34 0.56 0.22 47.94 44.42 50.66 54.60
0.98 2.22 0.50 0.21 48.22 44.67 51.12 54.84
0.95 2.16 0.49 0.20 48.36 44.80 51.22 55.00
1.03 2.33 0.52 0.23 48.02 44.47 50.98 54.38
0.80 1.82 0.38 0.20 49.07 45.52 52.29 55.00
0.74 1.64 0.36 0.21 49.46 45.98 52.61 54.90
0.74 1.64 0.36 0.21 49.45 45.97 52.56 55.00
0.80 1.82 0.37 0.22 49.06 45.51 52.43 54.70
0.81 1.86 0.36 0.22 49.02 45.45 52.49 54.61
