2.12 4.68 1.10 0.59 44.86 41.43 47.73 50.41
1.96 4.34 1.02 0.52 45.21 41.76 48.05 50.96
2.04 4.48 1.09 0.54 45.04 41.62 47.74 50.80
2.16 4.85 1.11 0.53 44.78 41.27 47.69 50.91
2.40 5.24 1.28 0.68 44.33 40.94 47.05 49.82
2.16 4.77 1.13 0.57 44.78 41.35 47.58 50.54
2.32 5.10 1.23 0.64 44.48 41.06 47.24 50.07
2.41 5.31 1.28 0.64 44.31 40.88 47.05 50.09
2.64 5.86 1.32 0.73 43.92 40.45 46.94 49.50
2.64 5.87 1.33 0.70 43.92 40.44 46.88 49.66
2.46 5.46 1.25 0.67 44.22 40.76 47.16 49.88
2.87 6.47 1.36 0.78 43.55 40.02 46.77 49.22
2.75 6.18 1.41 0.66 43.74 40.22 46.66 49.90
3.10 7.02 1.52 0.78 43.21 39.67 46.32 49.21
2.87 6.54 1.40 0.68 43.55 39.98 46.67 49.83
3.42 7.78 1.68 0.80 42.79 39.22 45.88 49.10
3.15 7.22 1.52 0.71 43.15 39.55 46.31 49.59
3.58 8.25 1.66 0.83 42.59 38.96 45.93 48.92
3.46 8.01 1.63 0.71 42.75 39.09 46.00 49.59
3.98 9.29 1.79 0.86 42.13 38.45 45.60 48.76
3.64 8.55 1.61 0.75 42.52 38.81 46.06 49.39
3.79 8.95 1.60 0.82 42.35 38.61 46.08 49.01
3.25 7.62 1.39 0.76 43.00 39.31 46.69 49.35
3.35 7.73 1.45 0.86 42.88 39.25 46.51 48.81
2.65 6.03 1.28 0.65 43.90 40.33 47.05 50.05
2.51 5.60 1.29 0.66 44.13 40.65 47.02 49.97
1.80 3.81 0.97 0.60 45.59 42.32 48.25 50.36
1.74 3.50 1.00 0.71 45.73 42.69 48.11 49.64
1.47 2.95 0.84 0.62 46.47 43.44 48.91 50.19
1.68 3.31 0.95 0.79 45.88 42.93 48.36 49.17
1.22 2.26 0.78 0.61 47.28 44.58 49.21 50.29
1.32 2.40 0.83 0.72 46.93 44.32 48.92 49.59
1.30 2.38 0.82 0.72 46.98 44.37 49.00 49.60
1.40 2.58 0.85 0.76 46.68 44.01 48.85 49.31
1.40 2.61 0.85 0.73 46.67 43.96 48.81 49.48
1.54 2.81 0.91 0.90 46.25 43.63 48.53 48.59
1.51 2.86 0.90 0.78 46.33 43.56 48.60 49.21
1.68 3.16 0.99 0.89 45.88 43.14 48.17 48.65
1.64 3.03 1.01 0.87 45.99 43.31 48.10 48.75
1.85 3.43 1.12 1.00 45.46 42.78 47.62 48.13
1.64 3.06 1.02 0.83 45.99 43.28 48.03 48.94
1.83 3.50 1.09 0.90 45.50 42.69 47.76 48.57
1.77 3.37 1.06 0.89 45.65 42.86 47.89 48.64
2.03 3.86 1.17 1.05 45.06 42.26 47.44 47.94
1.92 3.75 1.12 0.88 45.30 42.39 47.64 48.69
2.04 3.98 1.16 0.98 45.04 42.13 47.48 48.22
1.92 3.78 1.09 0.90 45.29 42.35 47.74 48.60
2.16 4.17 1.25 1.08 44.78 41.93 47.18 47.80
1.90 3.73 1.09 0.88 45.34 42.41 47.77 48.70
2.19 4.27 1.25 1.05 44.73 41.83 47.15 47.94
2.19 4.32 1.21 1.03 44.73 41.78 47.31 48.00
2.50 4.89 1.40 1.21 44.15 41.24 46.68 47.31
2.31 4.57 1.26 1.09 44.50 41.53 47.12 47.76
2.43 4.83 1.31 1.15 44.28 41.29 46.96 47.53
2.41 4.87 1.26 1.11 44.30 41.26 47.14 47.66
2.80 5.56 1.48 1.35 43.67 40.68 46.42 46.84
2.39 4.76 1.29 1.11 44.35 41.35 47.02 47.66
2.78 5.64 1.42 1.28 43.69 40.62 46.61 47.05
2.72 5.47 1.44 1.24 43.79 40.75 46.55 47.21
3.10 6.29 1.60 1.40 43.22 40.14 46.10 46.65
2.78 5.66 1.48 1.20 43.69 40.60 46.42 47.33
2.99 6.09 1.55 1.34 43.37 40.29 46.22 46.86
2.87 5.89 1.43 1.29 43.55 40.43 46.59 47.03
3.06 6.19 1.59 1.41 43.27 40.21 46.13 46.63
2.49 4.94 1.36 1.18 44.16 41.19 46.80 47.42
2.30 4.50 1.33 1.07 44.51 41.60 46.90 47.82
1.91 3.73 1.05 0.94 45.33 42.41 47.94 48.39
1.48 2.77 0.79 0.87 46.44 43.71 49.18 48.74
1.07 1.92 0.62 0.67 47.84 45.31 50.17 49.91
1.23 2.22 0.69 0.77 47.25 44.67 49.74 49.27
1.15 2.11 0.67 0.67 47.54 44.90 49.89 49.89
1.23 2.20 0.69 0.80 47.23 44.72 49.74 49.09
1.24 2.24 0.74 0.74 47.19 44.62 49.42 49.47
1.36 2.42 0.78 0.90 46.78 44.30 49.22 48.61
1.25 2.19 0.77 0.80 47.15 44.73 49.25 49.12
1.40 2.43 0.84 0.93 46.67 44.27 48.90 48.46
1.33 2.31 0.84 0.84 46.90 44.50 48.92 48.91
1.53 2.64 0.92 1.02 46.29 43.92 48.48 48.06
1.44 2.49 0.90 0.92 46.56 44.18 48.59 48.48
1.57 2.69 0.97 1.03 46.19 43.84 48.28 48.00
1.61 2.80 1.04 1.00 46.06 43.66 47.98 48.14
1.84 3.18 1.18 1.16 45.49 43.11 47.41 47.48
1.70 2.99 1.10 1.00 45.84 43.38 47.72 48.12
1.83 3.19 1.21 1.11 45.49 43.09 47.31 47.70
1.92 3.39 1.28 1.10 45.29 42.83 47.06 47.74
2.20 3.91 1.46 1.24 44.71 42.22 46.51 47.20
1.92 3.38 1.34 1.02 45.31 42.84 46.86 48.04
2.14 3.76 1.44 1.20 44.84 42.39 46.54 47.34
2.06 3.68 1.39 1.12 44.99 42.48 46.70 47.63
2.44 4.37 1.58 1.37 44.26 41.73 46.14 46.78
2.11 3.72 1.44 1.16 44.90 42.42 46.56 47.50
2.33 4.05 1.63 1.29 44.47 42.06 46.00 47.01
2.26 3.96 1.58 1.23 44.60 42.16 46.14 47.23
2.52 4.46 1.64 1.44 44.12 41.63 45.97 46.54
2.26 3.94 1.56 1.28 44.60 42.18 46.22 47.06
2.38 4.11 1.54 1.48 44.37 41.99 46.26 46.43
2.25 3.91 1.43 1.40 44.62 42.22 46.58 46.67
2.44 4.50 1.49 1.33 44.26 41.60 46.41 46.89
2.15 3.95 1.30 1.21 44.80 42.17 46.98 47.33
1.98 3.74 1.21 0.98 45.17 42.40 47.31 48.22
1.61 3.13 1.04 0.66 46.07 43.17 47.98 49.96
1.36 2.80 0.83 0.44 46.81 43.67 48.94 51.68
1.05 2.21 0.64 0.29 47.93 44.68 50.08 53.50
1.12 2.38 0.68 0.31 47.64 44.37 49.82 53.29
1.22 2.58 0.75 0.34 47.26 44.02 49.37 52.83
1.30 2.75 0.78 0.37 46.99 43.74 49.21 52.44
1.15 2.44 0.70 0.32 47.51 44.26 49.66 53.03
1.21 2.57 0.72 0.32 47.32 44.04 49.52 53.03
1.25 2.60 0.78 0.38 47.17 43.99 49.24 52.36
1.36 2.84 0.81 0.42 46.82 43.60 49.06 51.96
1.19 2.52 0.73 0.34 47.36 44.12 49.52 52.84
1.25 2.63 0.76 0.37 47.16 43.94 49.34 52.45
1.29 2.66 0.82 0.41 47.02 43.89 49.01 52.06
1.44 3.01 0.86 0.46 46.54 43.34 48.80 51.50
1.27 2.65 0.78 0.39 47.09 43.90 49.24 52.25
1.34 2.82 0.79 0.41 46.87 43.63 49.17 52.05
1.44 3.07 0.84 0.42 46.54 43.26 48.88 51.94
1.51 3.24 0.83 0.46 46.35 43.03 48.93 51.54
1.29 2.75 0.77 0.35 47.03 43.75 49.28 52.68
1.33 2.83 0.77 0.38 46.90 43.62 49.27 52.34
1.33 2.79 0.80 0.39 46.89 43.68 49.07 52.18
1.47 3.12 0.84 0.45 46.45 43.19 48.87 51.58
1.36 2.90 0.81 0.38 46.79 43.51 49.02 52.37
1.40 3.00 0.82 0.38 46.66 43.36 48.97 52.28
1.44 3.03 0.87 0.43 46.54 43.32 48.74 51.83
1.56 3.31 0.90 0.46 46.21 42.93 48.60 51.49
1.43 3.05 0.86 0.39 46.57 43.29 48.79 52.23
1.59 3.38 0.94 0.43 46.13 42.84 48.38 51.81
1.58 3.36 0.95 0.44 46.14 42.88 48.33 51.69
1.81 3.89 1.02 0.51 45.56 42.23 48.05 51.07
1.67 3.57 0.97 0.46 45.91 42.60 48.26 51.53
1.84 3.96 1.04 0.52 45.47 42.15 47.95 50.95
1.75 3.75 1.04 0.48 45.69 42.40 47.96 51.35
1.87 3.99 1.07 0.54 45.42 42.13 47.84 50.81
1.76 3.78 1.05 0.45 45.68 42.36 47.93 51.62
1.82 3.87 1.10 0.48 45.54 42.25 47.74 51.33
1.85 3.98 1.11 0.46 45.47 42.15 47.69 51.54
1.85 3.96 1.08 0.51 45.47 42.15 47.82 51.11
1.58 3.38 0.95 0.40 46.15 42.85 48.36 52.07
1.51 3.25 0.90 0.39 46.33 43.01 48.59 52.19
1.46 3.14 0.85 0.39 46.50 43.17 48.88 52.19
1.41 3.00 0.80 0.44 46.65 43.38 49.13 51.75
1.23 2.61 0.72 0.35 47.25 43.98 49.57 52.67
1.28 2.78 0.69 0.38 47.05 43.69 49.76 52.30
1.15 2.44 0.65 0.36 47.54 44.26 50.03 52.64
1.22 2.60 0.65 0.40 47.29 43.99 50.01 52.10
1.07 2.28 0.59 0.33 47.84 44.54 50.41 52.94
1.14 2.40 0.64 0.38 47.57 44.33 50.07 52.35
1.18 2.48 0.67 0.39 47.44 44.21 49.92 52.29
1.26 2.66 0.69 0.44 47.13 43.89 49.76 51.70
1.19 2.50 0.67 0.39 47.39 44.15 49.89 52.25
1.29 2.71 0.71 0.46 47.02 43.80 49.65 51.48
1.38 2.91 0.74 0.47 46.76 43.50 49.44 51.42
1.50 3.13 0.80 0.58 46.36 43.18 49.11 50.48
1.34 2.82 0.75 0.47 46.85 43.64 49.40 51.44
1.46 3.04 0.78 0.57 46.48 43.31 49.19 50.61
1.51 3.19 0.80 0.53 46.37 43.11 49.12 50.95
1.66 3.50 0.88 0.59 45.95 42.69 48.71 50.45
1.55 3.29 0.85 0.50 46.25 42.96 48.86 51.17
1.53 3.27 0.82 0.51 46.28 42.99 49.02 51.07
1.73 3.67 0.93 0.60 45.74 42.49 48.45 50.33
1.68 3.64 0.90 0.50 45.87 42.52 48.58 51.14
1.65 3.58 0.88 0.49 45.96 42.59 48.70 51.23
1.94 4.19 1.01 0.61 45.27 41.91 48.10 50.28
1.79 3.86 0.98 0.52 45.60 42.26 48.21 50.95
1.92 4.07 1.05 0.63 45.31 42.04 47.92 50.12
1.92 4.15 1.05 0.55 45.31 41.95 47.94 50.74
2.24 4.88 1.16 0.68 44.63 41.25 47.48 49.81
2.17 4.76 1.15 0.62 44.76 41.36 47.53 50.24
2.39 5.28 1.23 0.66 44.35 40.91 47.22 49.93
2.16 4.72 1.16 0.61 44.78 41.39 47.49 50.27
2.51 5.46 1.35 0.71 44.14 40.76 46.84 49.61
2.32 5.13 1.17 0.66 44.48 41.03 47.44 49.95
2.61 5.66 1.34 0.83 43.97 40.61 46.86 48.93
2.31 5.08 1.19 0.66 44.49 41.07 47.38 49.90
2.54 5.46 1.31 0.84 44.09 40.76 46.95 48.90
2.47 5.37 1.25 0.79 44.21 40.83 47.17 49.16
2.38 5.15 1.26 0.72 44.37 41.02 47.13 49.57
2.28 4.90 1.22 0.71 44.56 41.23 47.27 49.61
1.95 4.18 1.02 0.66 45.23 41.92 48.06 49.91
1.71 3.36 1.02 0.75 45.81 42.88 48.05 49.37
1.57 3.10 0.92 0.69 46.19 43.23 48.51 49.77
1.65 3.30 0.95 0.71 45.96 42.96 48.34 49.64
1.61 3.17 0.93 0.72 46.08 43.14 48.43 49.56
1.78 3.40 1.05 0.88 45.64 42.82 47.95 48.69
1.71 3.32 0.99 0.81 45.81 42.92 48.19 49.02
1.70 3.26 1.00 0.84 45.84 43.01 48.13 48.92
1.75 3.37 1.03 0.84 45.72 42.86 48.01 48.91
2.00 3.86 1.13 1.00 45.13 42.27 47.61 48.11
1.90 3.66 1.12 0.91 45.36 42.50 47.66 48.56
1.85 3.56 1.07 0.93 45.46 42.62 47.86 48.45
1.77 3.43 0.99 0.89 45.67 42.80 48.20 48.65
1.99 3.86 1.08 1.03 45.15 42.27 47.81 48.03
1.87 3.67 1.06 0.89 45.42 42.50 47.90 48.64
1.92 3.80 1.03 0.93 45.31 42.35 48.02 48.45
1.93 3.81 1.06 0.91 45.30 42.34 47.88 48.57
2.10 4.12 1.14 1.03 44.93 42.00 47.57 48.03
2.02 3.95 1.16 0.96 45.09 42.20 47.50 48.30
2.05 4.02 1.13 0.99 45.04 42.12 47.63 48.15
2.04 4.03 1.14 0.95 45.05 42.09 47.57 48.38
2.29 4.54 1.26 1.08 44.54 41.58 47.13 47.79
2.21 4.36 1.26 1.00 44.72 41.76 47.16 48.13
2.32 4.67 1.22 1.06 44.50 41.46 47.27 47.89
2.31 4.61 1.25 1.06 44.52 41.52 47.16 47.88
2.54 5.02 1.42 1.17 44.10 41.14 46.61 47.44
2.60 5.31 1.43 1.07 44.00 40.90 46.60 47.86
2.65 5.31 1.47 1.17 43.91 40.90 46.47 47.46
2.75 5.55 1.55 1.16 43.75 40.71 46.25 47.49
3.03 6.09 1.68 1.32 43.34 40.31 45.90 46.94
3.01 6.14 1.68 1.23 43.37 40.29 45.89 47.27
2.79 5.60 1.58 1.18 43.68 40.65 46.15 47.39
2.80 5.47 1.68 1.26 43.66 40.75 45.89 47.15
3.08 6.08 1.78 1.39 43.25 40.30 45.64 46.71
2.48 4.72 1.48 1.23 44.19 41.39 46.43 47.23
2.37 4.53 1.38 1.20 44.38 41.57 46.72 47.32
2.14 4.10 1.24 1.08 44.83 42.00 47.20 47.82
2.07 3.94 1.21 1.07 44.97 42.18 47.30 47.83
1.72 3.24 1.05 0.85 45.79 43.02 47.93 48.85
1.42 2.65 0.87 0.75 46.60 43.89 48.74 49.41
1.25 2.24 0.82 0.68 47.18 44.63 49.01 49.82
1.29 2.32 0.81 0.73 47.03 44.47 49.05 49.49
1.29 2.35 0.83 0.68 47.04 44.42 48.97 49.84
1.32 2.39 0.85 0.71 46.94 44.35 48.83 49.65
1.30 2.33 0.85 0.71 47.01 44.46 48.85 49.64
1.50 2.75 0.96 0.79 46.38 43.74 48.30 49.17
1.39 2.46 0.91 0.79 46.72 44.23 48.56 49.20
1.30 2.27 0.85 0.78 47.00 44.58 48.84 49.23
1.37 2.39 0.93 0.78 46.79 44.36 48.48 49.22
1.47 2.49 0.93 0.98 46.48 44.18 48.47 48.25
1.48 2.52 0.97 0.96 46.44 44.13 48.28 48.37
1.54 2.67 0.99 0.97 46.25 43.87 48.20 48.28
1.48 2.61 0.93 0.90 46.43 43.97 48.46 48.61
1.66 2.86 1.06 1.07 45.94 43.58 47.90 47.89
1.61 2.77 1.10 0.97 46.07 43.72 47.73 48.31
1.59 2.72 1.04 1.01 46.13 43.80 47.98 48.11
1.59 2.74 1.02 1.01 46.13 43.76 48.07 48.11
1.89 3.24 1.24 1.20 45.36 43.03 47.19 47.35
1.74 2.96 1.15 1.10 45.75 43.43 47.52 47.75
1.89 3.18 1.28 1.20 45.39 43.12 47.06 47.39
1.95 3.28 1.37 1.20 45.26 43.00 46.79 47.40
1.87 3.12 1.24 1.23 45.43 43.19 47.20 47.21
1.91 3.20 1.36 1.16 45.33 43.08 46.79 47.50
1.91 3.17 1.37 1.19 45.32 43.12 46.75 47.37
1.88 3.08 1.33 1.22 45.40 43.24 46.91 47.27
2.21 3.70 1.55 1.40 44.68 42.46 46.24 46.66
2.09 3.47 1.46 1.34 44.93 42.73 46.50 46.85
2.03 3.30 1.41 1.39 45.05 42.94 46.65 46.71
2.14 3.45 1.52 1.44 44.83 42.76 46.33 46.54
2.33 3.85 1.61 1.55 44.45 42.28 46.07 46.22
2.28 3.80 1.52 1.52 44.56 42.34 46.32 46.32
1.84 3.28 1.21 1.04 45.48 42.97 47.31 47.97
1.70 3.06 1.10 0.94 45.83 43.28 47.73 48.42
1.47 2.79 0.96 0.64 46.48 43.67 48.33 50.07
1.06 2.11 0.73 0.35 47.87 44.90 49.51 52.64
0.76 1.67 0.45 0.17 49.33 45.91 51.63 55.94
0.69 1.53 0.41 0.14 49.74 46.31 52.00 56.63
0.71 1.54 0.44 0.14 49.63 46.26 51.74 56.46
0.70 1.53 0.42 0.15 49.68 46.29 51.87 56.36
0.77 1.69 0.47 0.16 49.25 45.86 51.45 55.99
0.71 1.56 0.43 0.14 49.61 46.20 51.80 56.52
0.74 1.62 0.45 0.14 49.46 46.05 51.62 56.54
0.75 1.63 0.47 0.14 49.40 46.02 51.44 56.64
0.82 1.80 0.48 0.16 49.02 45.58 51.25 56.16
0.79 1.74 0.48 0.14 49.18 45.74 51.28 56.71
0.80 1.75 0.49 0.15 49.12 45.70 51.24 56.37
0.80 1.78 0.48 0.14 49.11 45.64 51.32 56.67
0.88 1.98 0.50 0.17 48.69 45.18 51.16 55.89
0.88 1.93 0.52 0.17 48.70 45.27 50.94 55.69
0.86 1.91 0.50 0.17 48.79 45.32 51.15 55.82
0.94 2.10 0.54 0.18 48.40 44.92 50.82 55.48
0.85 1.83 0.54 0.16 48.85 45.50 50.79 55.99
0.89 1.91 0.57 0.19 48.64 45.32 50.54 55.40
0.84 1.79 0.54 0.19 48.89 45.60 50.83 55.31
0.98 2.14 0.57 0.22 48.23 44.83 50.56 54.69
0.98 2.16 0.56 0.20 48.24 44.78 50.63 55.16
0.93 2.06 0.54 0.17 48.46 45.00 50.76 55.73
1.03 2.29 0.62 0.19 48.00 44.54 50.24 55.31
0.99 2.20 0.60 0.19 48.16 44.71 50.39 55.42
1.10 2.47 0.63 0.21 47.71 44.21 50.16 54.88
1.12 2.47 0.65 0.22 47.67 44.19 50.03 54.73
1.16 2.58 0.65 0.23 47.51 44.01 49.99 54.46
1.11 2.44 0.69 0.21 47.66 44.25 49.74 54.86
1.23 2.70 0.73 0.25 47.25 43.82 49.49 54.20
1.23 2.70 0.74 0.24 47.23 43.81 49.43 54.29
1.35 2.99 0.81 0.27 46.81 43.38 49.05 53.76
1.46 3.22 0.89 0.27 46.48 43.05 48.64 53.72
1.50 3.36 0.86 0.29 46.36 42.87 48.78 53.56
1.37 3.05 0.79 0.27 46.77 43.29 49.16 53.84
1.39 3.12 0.76 0.29 46.70 43.19 49.34 53.52
1.33 3.01 0.69 0.29 46.90 43.35 49.76 53.49
1.26 2.85 0.67 0.26 47.12 43.58 49.89 53.91
1.11 2.50 0.59 0.23 47.68 44.15 50.40 54.50
1.10 2.50 0.56 0.24 47.72 44.16 50.61 54.36
1.08 2.41 0.58 0.24 47.81 44.31 50.51 54.35
1.16 2.63 0.57 0.28 47.49 43.93 50.57 53.74
0.89 2.05 0.42 0.22 48.61 45.02 51.92 54.75
0.82 1.85 0.38 0.23 48.99 45.47 52.32 54.48
0.85 1.92 0.40 0.23 48.85 45.30 52.10 54.61
0.98 2.24 0.46 0.26 48.20 44.63 51.49 54.06
0.94 2.14 0.43 0.24 48.41 44.82 51.77 54.38
