2.12 4.68 1.10 0.59 44.86 41.43 47.73 50.41
1.96 4.34 1.02 0.52 45.21 41.76 48.05 50.96
2.04 4.48 1.09 0.54 45.04 41.62 47.74 50.80
2.16 4.85 1.11 0.53 44.78 41.27 47.69 50.91
2.40 5.24 1.28 0.68 44.33 40.94 47.05 49.82
2.17 4.79 1.14 0.59 44.76 41.33 47.58 50.42
2.33 5.11 1.23 0.65 44.46 41.05 47.25 50.01
2.41 5.30 1.28 0.64 44.32 40.89 47.04 50.09
2.65 5.87 1.33 0.73 43.91 40.44 46.88 49.48
2.64 5.87 1.35 0.70 43.91 40.44 46.83 49.66
2.44 5.43 1.25 0.65 44.25 40.78 47.17 50.01
2.88 6.48 1.38 0.78 43.54 40.02 46.72 49.22
2.74 6.15 1.42 0.66 43.75 40.24 46.62 49.95
3.12 7.05 1.53 0.78 43.19 39.65 46.29 49.20
2.87 6.52 1.41 0.67 43.56 39.99 46.63 49.87
3.42 7.77 1.68 0.81 42.79 39.23 45.88 49.02
3.17 7.24 1.54 0.71 43.13 39.53 46.26 49.61
3.61 8.26 1.70 0.86 42.56 38.96 45.82 48.79
3.48 8.08 1.67 0.70 42.71 39.06 45.91 49.66
4.00 9.31 1.83 0.88 42.11 38.44 45.50 48.69
3.63 8.53 1.62 0.75 42.53 38.82 46.05 49.41
3.82 9.02 1.64 0.81 42.31 38.58 45.97 49.06
3.26 7.60 1.43 0.75 43.00 39.32 46.59 49.34
3.33 7.68 1.47 0.85 42.90 39.27 46.45 48.84
2.66 6.04 1.30 0.65 43.88 40.32 47.01 50.00
2.53 5.60 1.31 0.68 44.09 40.65 46.94 49.79
1.79 3.82 0.95 0.59 45.61 42.31 48.38 50.43
1.73 3.48 0.98 0.72 45.75 42.71 48.21 49.54
1.45 2.91 0.82 0.63 46.51 43.49 49.00 50.15
1.67 3.32 0.92 0.79 45.89 42.92 48.48 49.18
1.20 2.19 0.78 0.61 47.36 44.72 49.22 50.26
1.23 2.21 0.81 0.69 47.21 44.68 49.04 49.76
1.26 2.28 0.80 0.71 47.13 44.56 49.13 49.64
1.32 2.41 0.82 0.73 46.92 44.30 48.97 49.53
1.34 2.46 0.84 0.71 46.87 44.22 48.91 49.60
1.45 2.61 0.89 0.85 46.51 43.96 48.62 48.84
1.45 2.71 0.88 0.75 46.53 43.80 48.68 49.37
1.60 2.93 0.97 0.89 46.11 43.47 48.26 48.65
1.58 2.90 0.98 0.85 46.15 43.50 48.23 48.83
1.75 3.17 1.12 0.97 45.70 43.12 47.64 48.28
1.57 2.91 1.00 0.81 46.17 43.49 48.16 49.06
1.75 3.34 1.04 0.88 45.70 42.90 47.94 48.71
1.69 3.17 1.04 0.87 45.84 43.12 47.96 48.72
1.93 3.62 1.16 1.01 45.27 42.54 47.48 48.08
1.84 3.57 1.08 0.87 45.48 42.60 47.82 48.73
1.95 3.75 1.12 0.97 45.24 42.39 47.63 48.27
1.85 3.58 1.09 0.87 45.46 42.59 47.74 48.75
2.06 3.89 1.23 1.05 45.00 42.23 47.24 47.91
1.81 3.52 1.06 0.84 45.56 42.66 47.88 48.87
2.11 4.07 1.23 1.04 44.88 42.04 47.25 47.96
2.09 4.09 1.18 1.01 44.93 42.01 47.43 48.10
2.36 4.52 1.35 1.19 44.41 41.58 46.83 47.37
2.20 4.32 1.22 1.08 44.70 41.78 47.27 47.82
2.32 4.58 1.26 1.12 44.48 41.52 47.12 47.66
2.34 4.71 1.22 1.09 44.43 41.40 47.25 47.74
2.65 5.18 1.43 1.33 43.90 40.99 46.57 46.90
2.30 4.54 1.26 1.09 44.52 41.56 47.13 47.77
2.66 5.37 1.37 1.23 43.89 40.83 46.76 47.22
2.60 5.20 1.40 1.20 43.98 40.97 46.66 47.34
2.92 5.89 1.53 1.35 43.47 40.43 46.27 46.84
2.68 5.41 1.44 1.19 43.85 40.80 46.54 47.39
2.88 5.82 1.51 1.32 43.54 40.49 46.35 46.94
2.78 5.67 1.42 1.27 43.69 40.60 46.62 47.10
2.92 5.84 1.55 1.38 43.48 40.47 46.23 46.74
2.43 4.77 1.34 1.18 44.29 41.36 46.87 47.43
2.15 4.12 1.26 1.05 44.82 41.99 47.11 47.94
1.78 3.41 1.01 0.92 45.63 42.81 48.10 48.48
1.35 2.46 0.76 0.83 46.84 44.23 49.35 48.94
0.96 1.67 0.58 0.64 48.30 45.92 50.49 50.06
1.04 1.77 0.63 0.73 47.96 45.66 50.17 49.50
1.00 1.74 0.62 0.65 48.13 45.73 50.22 50.03
1.06 1.76 0.64 0.77 47.89 45.69 50.05 49.24
1.09 1.86 0.68 0.74 47.74 45.44 49.81 49.43
1.16 1.93 0.71 0.85 47.49 45.29 49.64 48.83
1.09 1.80 0.71 0.76 47.77 45.60 49.66 49.32
1.21 1.97 0.78 0.87 47.31 45.19 49.19 48.72
1.16 1.90 0.76 0.81 47.51 45.35 49.37 49.05
1.31 2.13 0.85 0.94 46.97 44.85 48.82 48.38
1.26 2.07 0.83 0.89 47.13 44.97 48.96 48.67
1.36 2.25 0.88 0.97 46.78 44.62 48.67 48.27
1.42 2.36 0.94 0.95 46.62 44.41 48.40 48.34
1.57 2.55 1.08 1.07 46.19 44.07 47.81 47.84
1.50 2.54 1.02 0.95 46.36 44.09 48.04 48.36
1.56 2.56 1.08 1.04 46.19 44.04 47.79 47.96
1.67 2.78 1.18 1.05 45.92 43.70 47.43 47.95
1.83 3.05 1.31 1.14 45.51 43.30 46.97 47.56
1.66 2.81 1.22 0.95 45.94 43.65 47.28 48.37
1.79 3.01 1.30 1.08 45.60 43.35 47.00 47.82
1.77 3.00 1.26 1.06 45.65 43.36 47.14 47.89
1.99 3.36 1.36 1.25 45.14 42.88 46.79 47.16
1.97 3.40 1.37 1.12 45.20 42.82 46.77 47.62
2.20 3.77 1.56 1.26 44.71 42.37 46.20 47.12
2.15 3.70 1.52 1.23 44.82 42.46 46.31 47.26
2.36 4.06 1.58 1.43 44.41 42.04 46.16 46.58
2.17 3.72 1.51 1.29 44.77 42.43 46.35 47.05
2.24 3.79 1.47 1.47 44.62 42.35 46.46 46.45
2.17 3.69 1.41 1.41 44.78 42.46 46.66 46.66
2.30 4.12 1.45 1.33 44.51 41.99 46.50 46.90
2.00 3.61 1.22 1.15 45.13 42.55 47.26 47.51
1.74 3.19 1.12 0.90 45.73 43.10 47.63 48.60
1.30 2.47 0.89 0.55 46.99 44.20 48.67 50.73
1.09 2.16 0.71 0.40 47.76 44.79 49.64 52.10
0.84 1.74 0.53 0.24 48.92 45.72 50.94 54.35
0.91 1.87 0.58 0.27 48.57 45.42 50.53 53.85
0.94 1.94 0.60 0.27 48.44 45.26 50.40 53.91
0.99 2.00 0.63 0.33 48.19 45.13 50.13 52.93
0.91 1.86 0.59 0.27 48.55 45.44 50.41 53.81
0.98 2.03 0.62 0.29 48.23 45.06 50.19 53.59
0.92 1.88 0.60 0.29 48.50 45.40 50.39 53.56
1.02 2.05 0.65 0.35 48.06 45.02 49.98 52.73
0.93 1.93 0.59 0.28 48.45 45.29 50.46 53.67
0.98 1.99 0.61 0.33 48.25 45.15 50.31 52.96
0.96 1.95 0.61 0.34 48.30 45.25 50.28 52.91
1.09 2.21 0.70 0.37 47.75 44.70 49.71 52.44
1.01 2.06 0.65 0.32 48.09 45.00 49.99 53.06
1.08 2.23 0.67 0.35 47.79 44.65 49.89 52.66
1.08 2.23 0.67 0.34 47.81 44.65 49.90 52.83
1.16 2.39 0.70 0.38 47.51 44.36 49.70 52.34
1.06 2.21 0.64 0.31 47.91 44.70 50.04 53.18
1.09 2.27 0.66 0.34 47.76 44.59 49.93 52.78
1.07 2.26 0.65 0.31 47.83 44.61 49.98 53.19
1.22 2.55 0.73 0.39 47.26 44.07 49.53 52.21
1.15 2.46 0.68 0.31 47.52 44.23 49.81 53.17
1.21 2.56 0.70 0.36 47.32 44.04 49.70 52.66
1.17 2.46 0.68 0.35 47.48 44.23 49.78 52.75
1.27 2.67 0.75 0.41 47.08 43.87 49.40 52.05
1.23 2.59 0.75 0.34 47.25 44.00 49.42 52.80
1.37 2.91 0.81 0.39 46.77 43.50 49.04 52.22
1.33 2.84 0.80 0.38 46.87 43.61 49.12 52.38
1.53 3.26 0.89 0.45 46.28 43.00 48.64 51.62
1.50 3.23 0.87 0.40 46.36 43.04 48.72 52.09
1.61 3.45 0.93 0.45 46.06 42.75 48.46 51.60
1.50 3.23 0.88 0.39 46.37 43.05 48.68 52.20
1.61 3.40 0.96 0.45 46.08 42.81 48.30 51.59
1.56 3.39 0.92 0.39 46.19 42.84 48.50 52.27
1.62 3.42 0.99 0.43 46.05 42.79 48.15 51.80
1.58 3.43 0.93 0.39 46.13 42.78 48.43 52.24
1.60 3.41 0.95 0.44 46.09 42.80 48.39 51.65
1.36 2.91 0.83 0.34 46.79 43.49 48.93 52.75
1.32 2.81 0.79 0.35 46.93 43.64 49.14 52.64
1.23 2.66 0.70 0.34 47.23 43.88 49.68 52.89
1.18 2.47 0.70 0.38 47.40 44.21 49.66 52.34
1.05 2.24 0.62 0.30 47.92 44.63 50.22 53.41
1.13 2.41 0.60 0.36 47.62 44.30 50.34 52.59
0.97 2.06 0.54 0.30 48.27 44.98 50.82 53.38
1.00 2.09 0.56 0.37 48.12 44.93 50.69 52.49
0.91 1.95 0.49 0.28 48.55 45.22 51.24 53.68
0.97 2.01 0.55 0.35 48.26 45.09 50.75 52.65
0.98 2.06 0.55 0.32 48.24 45.00 50.76 53.04
1.06 2.18 0.59 0.40 47.89 44.74 50.44 52.12
0.98 2.08 0.55 0.33 48.19 44.95 50.74 52.97
1.11 2.31 0.60 0.42 47.68 44.49 50.33 51.93
1.10 2.30 0.60 0.39 47.72 44.51 50.31 52.23
1.20 2.47 0.68 0.48 47.32 44.21 49.84 51.38
1.12 2.32 0.64 0.40 47.64 44.47 50.08 52.13
1.20 2.45 0.67 0.46 47.35 44.23 49.87 51.46
1.16 2.46 0.63 0.40 47.47 44.23 50.12 52.11
1.35 2.81 0.76 0.49 46.82 43.63 49.34 51.24
1.28 2.68 0.72 0.44 47.06 43.85 49.54 51.71
1.29 2.71 0.71 0.43 47.04 43.80 49.60 51.76
1.44 3.04 0.78 0.51 46.54 43.30 49.20 51.11
1.44 3.08 0.77 0.46 46.56 43.24 49.25 51.56
1.39 2.98 0.76 0.44 46.69 43.38 49.31 51.74
1.57 3.35 0.86 0.52 46.16 42.89 48.79 51.00
1.44 3.09 0.79 0.44 46.55 43.24 49.14 51.69
1.56 3.31 0.88 0.49 46.19 42.93 48.67 51.20
1.61 3.48 0.88 0.46 46.07 42.72 48.70 51.46
1.80 3.89 0.96 0.56 45.57 42.23 48.34 50.62
1.74 3.77 0.93 0.52 45.73 42.37 48.44 50.98
1.96 4.19 1.10 0.59 45.20 41.91 47.71 50.40
1.84 3.99 1.02 0.52 45.48 42.12 48.06 50.93
2.20 4.70 1.25 0.64 44.71 41.41 47.18 50.07
1.96 4.24 1.06 0.57 45.22 41.85 47.88 50.61
2.23 4.78 1.21 0.70 44.65 41.34 47.30 49.69
1.96 4.25 1.05 0.57 45.21 41.84 47.92 50.53
2.09 4.41 1.15 0.70 44.94 41.69 47.54 49.68
2.00 4.25 1.10 0.65 45.12 41.85 47.73 50.01
1.95 4.08 1.11 0.65 45.24 42.03 47.68 50.01
1.75 3.65 0.99 0.62 45.70 42.51 48.15 50.24
1.55 3.16 0.89 0.60 46.23 43.14 48.63 50.32
1.54 3.01 0.93 0.69 46.24 43.34 48.43 49.76
1.42 2.72 0.86 0.68 46.61 43.78 48.80 49.78
1.36 2.58 0.83 0.66 46.81 44.02 48.95 49.94
1.37 2.59 0.84 0.69 46.75 43.99 48.88 49.75
1.54 2.89 0.93 0.82 46.24 43.52 48.45 49.02
1.53 2.85 0.92 0.82 46.29 43.59 48.51 49.01
1.49 2.78 0.90 0.78 46.40 43.69 48.57 49.19
1.54 2.91 0.94 0.79 46.25 43.50 48.43 49.16
1.77 3.33 1.03 0.95 45.65 42.90 48.00 48.35
1.69 3.16 1.02 0.89 45.85 43.13 48.03 48.62
1.58 2.90 0.97 0.86 46.15 43.51 48.28 48.77
1.43 2.70 0.87 0.74 46.56 43.83 48.75 49.42
1.63 3.06 0.94 0.89 46.00 43.28 48.38 48.61
1.37 2.58 0.81 0.71 46.78 44.01 49.08 49.62
1.51 2.90 0.87 0.77 46.33 43.51 48.73 49.26
1.48 2.82 0.87 0.74 46.43 43.62 48.75 49.41
1.61 3.09 0.93 0.82 46.06 43.23 48.46 48.99
1.44 2.72 0.87 0.72 46.55 43.79 48.71 49.53
1.60 3.03 0.94 0.83 46.09 43.31 48.41 48.93
1.57 3.03 0.93 0.76 46.17 43.31 48.47 49.34
1.73 3.32 1.01 0.88 45.74 42.92 48.10 48.70
1.60 3.08 0.93 0.78 46.10 43.24 48.46 49.23
1.77 3.47 0.99 0.85 45.66 42.73 48.17 48.85
1.75 3.42 1.00 0.82 45.71 42.80 48.14 48.98
1.95 3.82 1.13 0.90 45.23 42.31 47.61 48.61
1.91 3.82 1.10 0.82 45.31 42.31 47.72 49.02
2.04 4.01 1.19 0.92 45.03 42.10 47.38 48.48
2.10 4.22 1.22 0.87 44.90 41.88 47.27 48.72
2.26 4.46 1.34 1.00 44.58 41.64 46.89 48.13
2.09 4.13 1.25 0.88 44.93 41.97 47.14 48.66
2.51 5.03 1.45 1.04 44.14 41.12 46.51 47.95
2.41 4.70 1.46 1.07 44.31 41.42 46.49 47.84
2.73 5.40 1.58 1.19 43.78 40.81 46.14 47.37
2.06 3.89 1.25 1.04 44.99 42.23 47.16 47.98
2.12 4.03 1.27 1.05 44.87 42.07 47.08 47.93
1.84 3.53 1.06 0.93 45.48 42.66 47.86 48.44
1.74 3.29 1.07 0.86 45.73 42.96 47.84 48.80
1.40 2.67 0.83 0.70 46.67 43.87 48.92 49.70
1.16 2.13 0.73 0.62 47.48 44.85 49.47 50.20
1.00 1.74 0.66 0.58 48.15 45.72 49.92 50.51
0.98 1.72 0.64 0.58 48.21 45.78 50.06 50.47
0.99 1.73 0.66 0.56 48.19 45.74 49.91 50.65
1.04 1.81 0.70 0.62 47.95 45.56 49.70 50.21
1.02 1.74 0.71 0.60 48.07 45.73 49.64 50.37
1.19 2.07 0.82 0.67 47.38 44.96 49.01 49.87
1.05 1.82 0.73 0.59 47.93 45.53 49.54 50.39
1.06 1.78 0.71 0.67 47.90 45.61 49.63 49.88
1.04 1.77 0.72 0.64 47.95 45.65 49.54 50.09
1.11 1.85 0.75 0.73 47.67 45.46 49.36 49.51
1.11 1.87 0.78 0.67 47.69 45.42 49.22 49.84
1.24 2.10 0.84 0.79 47.20 44.91 48.92 49.17
1.13 1.92 0.77 0.70 47.60 45.29 49.24 49.72
1.26 2.06 0.87 0.84 47.13 44.99 48.74 48.86
1.15 1.93 0.81 0.72 47.51 45.28 49.04 49.54
1.24 2.03 0.87 0.81 47.20 45.05 48.72 49.06
1.26 2.11 0.87 0.78 47.14 44.88 48.71 49.21
1.36 2.24 0.93 0.91 46.79 44.63 48.43 48.54
1.27 2.09 0.90 0.82 47.09 44.93 48.59 48.98
1.45 2.36 1.06 0.94 46.51 44.39 47.89 48.42
1.36 2.25 0.98 0.86 46.78 44.61 48.21 48.77
1.59 2.57 1.11 1.08 46.13 44.03 47.66 47.82
1.58 2.59 1.17 0.98 46.15 44.00 47.46 48.23
1.74 2.83 1.27 1.10 45.74 43.61 47.08 47.73
1.66 2.64 1.24 1.09 45.93 43.91 47.19 47.75
1.96 3.19 1.46 1.22 45.21 43.09 46.47 47.28
1.79 2.95 1.28 1.14 45.60 43.43 47.06 47.56
1.82 2.88 1.31 1.26 45.53 43.53 46.97 47.11
1.88 3.01 1.38 1.27 45.38 43.35 46.73 47.11
2.05 3.36 1.47 1.33 45.01 42.86 46.47 46.89
1.94 3.21 1.34 1.29 45.24 43.06 46.87 47.03
1.72 3.00 1.13 1.04 45.78 43.36 47.63 47.96
1.61 2.88 1.04 0.91 46.07 43.54 47.96 48.55
1.37 2.55 0.94 0.64 46.75 44.06 48.43 50.07
1.00 1.94 0.72 0.34 48.15 45.26 49.58 52.84
0.64 1.35 0.40 0.16 50.10 46.83 52.16 56.08
0.61 1.34 0.37 0.14 50.24 46.86 52.47 56.85
0.63 1.34 0.40 0.14 50.14 46.86 52.08 56.58
0.61 1.30 0.39 0.14 50.27 46.98 52.29 56.58
0.66 1.41 0.42 0.16 49.94 46.66 51.93 56.16
0.63 1.35 0.40 0.14 50.13 46.82 52.11 56.60
0.66 1.42 0.42 0.14 49.92 46.61 51.89 56.54
0.67 1.45 0.42 0.14 49.88 46.53 51.85 56.79
0.71 1.52 0.45 0.15 49.65 46.34 51.65 56.24
0.71 1.54 0.46 0.14 49.60 46.26 51.50 56.73
0.70 1.50 0.44 0.15 49.68 46.37 51.66 56.17
0.73 1.59 0.45 0.14 49.51 46.13 51.55 56.66
0.77 1.70 0.47 0.17 49.23 45.84 51.37 56.01
0.77 1.65 0.49 0.17 49.27 45.95 51.26 55.84
0.76 1.65 0.46 0.16 49.33 45.95 51.49 56.00
0.82 1.76 0.52 0.18 48.98 45.67 50.96 55.51
0.77 1.66 0.50 0.16 49.25 45.94 51.16 56.00
0.82 1.74 0.53 0.18 48.99 45.72 50.85 55.45
0.81 1.72 0.53 0.19 49.03 45.78 50.93 55.37
0.91 1.97 0.55 0.21 48.54 45.19 50.75 54.82
0.91 2.00 0.55 0.19 48.53 45.14 50.70 55.34
0.90 1.97 0.55 0.19 48.60 45.19 50.77 55.50
0.94 2.08 0.57 0.19 48.39 44.97 50.58 55.38
0.94 2.07 0.56 0.18 48.42 44.96 50.69 55.58
1.03 2.27 0.61 0.21 47.99 44.57 50.28 54.83
1.03 2.26 0.61 0.21 48.03 44.60 50.32 54.84
1.09 2.42 0.62 0.22 47.77 44.30 50.17 54.71
1.06 2.34 0.63 0.21 47.89 44.44 50.19 54.95
1.13 2.48 0.66 0.24 47.60 44.18 49.89 54.34
1.14 2.47 0.70 0.24 47.58 44.21 49.69 54.37
1.23 2.71 0.73 0.25 47.22 43.80 49.49 54.09
1.34 2.94 0.79 0.28 46.86 43.44 49.15 53.58
1.35 2.96 0.78 0.29 46.84 43.41 49.20 53.50
1.27 2.83 0.73 0.27 47.08 43.62 49.50 53.86
1.27 2.81 0.71 0.28 47.09 43.64 49.61 53.60
1.19 2.66 0.64 0.28 47.36 43.88 50.06 53.68
1.13 2.53 0.60 0.26 47.61 44.10 50.35 54.02
1.03 2.32 0.56 0.22 47.99 44.48 50.68 54.61
0.99 2.23 0.51 0.22 48.20 44.65 51.07 54.73
0.94 2.15 0.48 0.20 48.37 44.81 51.27 55.00
1.03 2.32 0.53 0.24 48.00 44.48 50.90 54.25
0.80 1.82 0.38 0.20 49.09 45.53 52.33 55.01
0.73 1.63 0.36 0.20 49.48 45.99 52.64 55.00
0.73 1.64 0.36 0.20 49.47 45.97 52.59 55.08
0.81 1.83 0.38 0.23 49.02 45.49 52.32 54.55
0.82 1.85 0.38 0.23 48.99 45.45 52.37 54.53
