2.12 4.68 1.10 0.59 44.86 41.43 47.73 50.41
1.96 4.34 1.02 0.52 45.21 41.76 48.05 50.96
2.04 4.48 1.09 0.54 45.04 41.62 47.74 50.80
2.16 4.85 1.11 0.53 44.78 41.27 47.69 50.91
2.40 5.24 1.28 0.68 44.33 40.94 47.05 49.82
2.17 4.79 1.14 0.59 44.76 41.33 47.58 50.44
2.33 5.11 1.23 0.65 44.46 41.05 47.25 50.02
2.41 5.30 1.28 0.64 44.32 40.89 47.04 50.09
2.65 5.87 1.33 0.73 43.91 40.44 46.88 49.49
2.64 5.87 1.35 0.70 43.91 40.44 46.84 49.66
2.44 5.43 1.25 0.65 44.25 40.78 47.17 49.99
2.88 6.48 1.38 0.78 43.54 40.02 46.73 49.22
2.74 6.15 1.41 0.66 43.75 40.24 46.63 49.92
3.11 7.03 1.52 0.77 43.21 39.66 46.31 49.27
2.88 6.53 1.42 0.67 43.54 39.98 46.61 49.82
3.42 7.78 1.67 0.81 42.79 39.22 45.90 49.03
3.16 7.22 1.53 0.71 43.14 39.54 46.27 49.64
3.61 8.28 1.70 0.85 42.56 38.95 45.83 48.85
3.47 8.06 1.66 0.71 42.72 39.07 45.94 49.62
4.00 9.29 1.83 0.88 42.11 38.45 45.51 48.68
3.63 8.54 1.61 0.74 42.53 38.82 46.05 49.46
3.81 9.01 1.62 0.80 42.32 38.58 46.04 49.06
3.24 7.57 1.42 0.75 43.02 39.34 46.62 49.41
3.33 7.68 1.47 0.85 42.90 39.28 46.45 48.83
2.65 6.03 1.27 0.65 43.90 40.33 47.09 50.01
2.53 5.63 1.31 0.67 44.09 40.62 46.95 49.91
1.76 3.74 0.94 0.60 45.68 42.41 48.38 50.39
1.73 3.48 1.00 0.72 45.74 42.71 48.15 49.58
1.47 2.94 0.84 0.63 46.46 43.45 48.90 50.13
1.67 3.26 0.95 0.79 45.90 43.00 48.34 49.14
1.19 2.20 0.76 0.60 47.38 44.70 49.32 50.31
1.28 2.30 0.83 0.71 47.06 44.51 48.95 49.62
1.29 2.33 0.82 0.72 47.03 44.46 49.00 49.57
1.37 2.51 0.85 0.76 46.76 44.14 48.84 49.33
1.37 2.53 0.87 0.72 46.76 44.10 48.76 49.56
1.50 2.69 0.93 0.88 46.37 43.83 48.45 48.71
1.47 2.75 0.90 0.78 46.45 43.74 48.58 49.24
1.62 3.01 0.97 0.87 46.04 43.34 48.27 48.74
1.58 2.93 0.99 0.84 46.13 43.47 48.17 48.91
1.78 3.27 1.10 0.96 45.63 42.99 47.70 48.29
1.60 2.96 1.01 0.81 46.10 43.42 48.07 49.02
1.79 3.39 1.09 0.90 45.60 42.83 47.76 48.60
1.73 3.27 1.05 0.89 45.74 42.99 47.92 48.65
1.97 3.70 1.16 1.02 45.20 42.44 47.47 48.05
1.87 3.65 1.09 0.87 45.41 42.51 47.75 48.74
1.98 3.83 1.14 0.97 45.16 42.30 47.55 48.27
1.89 3.68 1.10 0.89 45.36 42.47 47.70 48.64
2.11 4.00 1.25 1.07 44.90 42.11 47.18 47.86
1.86 3.61 1.09 0.87 45.44 42.56 47.76 48.75
2.15 4.14 1.26 1.05 44.81 41.96 47.14 47.94
2.13 4.19 1.19 1.01 44.85 41.90 47.37 48.09
2.42 4.68 1.37 1.21 44.29 41.43 46.77 47.30
2.25 4.43 1.22 1.09 44.62 41.67 47.26 47.76
2.36 4.68 1.27 1.13 44.40 41.42 47.09 47.58
2.37 4.76 1.23 1.11 44.39 41.35 47.24 47.67
2.69 5.32 1.43 1.33 43.83 40.87 46.59 46.89
2.33 4.62 1.27 1.11 44.46 41.49 47.09 47.70
2.70 5.47 1.38 1.25 43.81 40.75 46.72 47.16
2.65 5.30 1.42 1.22 43.91 40.89 46.59 47.29
2.98 6.00 1.56 1.39 43.39 40.35 46.19 46.70
2.70 5.47 1.46 1.17 43.82 40.75 46.50 47.43
2.89 5.85 1.52 1.32 43.52 40.46 46.32 46.94
2.78 5.69 1.42 1.24 43.69 40.58 46.60 47.19
2.94 5.90 1.56 1.36 43.44 40.43 46.19 46.78
2.41 4.72 1.33 1.15 44.32 41.39 46.88 47.50
2.17 4.17 1.28 1.05 44.78 41.93 47.06 47.92
1.80 3.45 1.01 0.93 45.59 42.75 48.07 48.46
1.37 2.53 0.75 0.82 46.76 44.10 49.35 48.99
0.96 1.68 0.58 0.63 48.29 45.87 50.55 50.11
1.07 1.85 0.63 0.73 47.83 45.45 50.10 49.52
1.04 1.83 0.63 0.66 47.97 45.52 50.15 49.95
1.09 1.86 0.65 0.77 47.74 45.42 50.03 49.28
1.11 1.93 0.68 0.73 47.67 45.28 49.80 49.53
1.19 2.00 0.70 0.86 47.39 45.11 49.68 48.80
1.11 1.85 0.70 0.77 47.70 45.46 49.69 49.30
1.24 2.05 0.78 0.87 47.22 45.02 49.22 48.70
1.17 1.97 0.76 0.79 47.44 45.18 49.34 49.18
1.35 2.25 0.84 0.95 46.84 44.61 48.87 48.36
1.26 2.10 0.81 0.87 47.12 44.90 49.03 48.74
1.38 2.31 0.88 0.96 46.73 44.50 48.71 48.31
1.42 2.39 0.92 0.94 46.62 44.34 48.51 48.39
1.62 2.68 1.11 1.07 46.04 43.86 47.69 47.83
1.55 2.65 1.04 0.95 46.24 43.90 47.96 48.37
1.65 2.77 1.12 1.05 45.97 43.71 47.63 47.94
1.71 2.90 1.19 1.04 45.81 43.52 47.38 47.97
1.92 3.26 1.34 1.15 45.30 43.00 46.86 47.51
1.70 2.89 1.25 0.96 45.84 43.53 47.18 48.32
1.87 3.21 1.32 1.10 45.40 43.07 46.93 47.72
1.82 3.14 1.27 1.05 45.54 43.17 47.09 47.93
2.07 3.57 1.39 1.26 44.97 42.60 46.71 47.13
2.02 3.53 1.39 1.14 45.07 42.65 46.70 47.55
2.23 3.84 1.58 1.26 44.66 42.29 46.15 47.11
2.16 3.74 1.52 1.22 44.79 42.41 46.31 47.29
2.42 4.23 1.60 1.43 44.30 41.87 46.10 46.58
2.17 3.74 1.49 1.26 44.78 42.40 46.41 47.11
2.29 3.93 1.48 1.46 44.53 42.19 46.42 46.50
2.18 3.77 1.38 1.38 44.75 42.37 46.73 46.74
2.36 4.32 1.45 1.32 44.39 41.77 46.51 46.93
2.11 3.86 1.27 1.20 44.88 42.26 47.10 47.33
1.88 3.54 1.15 0.96 45.39 42.65 47.53 48.30
1.54 2.97 1.00 0.64 46.26 43.40 48.11 50.07
1.29 2.64 0.80 0.43 47.03 43.92 49.10 51.79
1.01 2.11 0.63 0.28 48.09 44.88 50.14 53.63
1.06 2.22 0.66 0.29 47.89 44.66 49.94 53.46
1.16 2.41 0.74 0.34 47.48 44.31 49.45 52.83
1.22 2.55 0.76 0.36 47.27 44.07 49.34 52.61
1.11 2.32 0.70 0.31 47.69 44.49 49.68 53.22
1.15 2.40 0.72 0.31 47.54 44.33 49.54 53.16
1.17 2.40 0.75 0.36 47.45 44.34 49.37 52.55
1.26 2.62 0.78 0.39 47.12 43.96 49.19 52.21
1.12 2.34 0.69 0.34 47.63 44.44 49.73 52.86
1.15 2.39 0.71 0.36 47.51 44.35 49.62 52.51
1.23 2.50 0.79 0.40 47.23 44.15 49.16 52.07
1.34 2.76 0.83 0.44 46.85 43.72 48.95 51.72
1.20 2.44 0.76 0.38 47.36 44.25 49.33 52.31
1.26 2.62 0.76 0.39 47.14 43.96 49.31 52.18
1.37 2.84 0.84 0.42 46.78 43.59 48.90 51.95
1.41 3.00 0.81 0.43 46.63 43.36 49.05 51.78
1.22 2.58 0.74 0.35 47.26 44.02 49.45 52.69
1.25 2.63 0.75 0.37 47.16 43.94 49.38 52.47
1.29 2.69 0.79 0.39 47.03 43.84 49.16 52.20
1.41 2.98 0.83 0.44 46.63 43.40 48.95 51.73
1.32 2.78 0.80 0.37 46.93 43.69 49.08 52.40
1.34 2.86 0.80 0.38 46.84 43.56 49.12 52.41
1.40 2.91 0.85 0.43 46.68 43.48 48.86 51.79
1.49 3.12 0.87 0.46 46.41 43.18 48.73 51.49
1.38 2.92 0.83 0.39 46.74 43.48 48.94 52.19
1.55 3.27 0.93 0.44 46.24 42.99 48.47 51.67
1.49 3.15 0.90 0.43 46.40 43.16 48.59 51.80
1.72 3.65 1.00 0.51 45.79 42.51 48.14 51.09
1.61 3.44 0.96 0.44 46.05 42.76 48.32 51.65
1.78 3.78 1.06 0.50 45.62 42.35 47.89 51.12
1.63 3.46 0.99 0.44 46.01 42.75 48.17 51.70
1.73 3.64 1.05 0.49 45.76 42.52 47.93 51.19
1.65 3.54 0.99 0.41 45.96 42.64 48.17 51.97
1.71 3.61 1.06 0.45 45.81 42.56 47.86 51.59
1.70 3.65 1.03 0.43 45.83 42.51 48.02 51.82
1.71 3.65 1.02 0.48 45.79 42.51 48.06 51.35
1.46 3.11 0.90 0.37 46.50 43.22 48.61 52.43
1.39 2.93 0.86 0.38 46.70 43.47 48.80 52.30
1.32 2.83 0.77 0.37 46.93 43.62 49.29 52.50
1.29 2.72 0.76 0.40 47.02 43.80 49.33 52.08
1.12 2.39 0.66 0.32 47.64 44.36 49.92 53.12
1.20 2.58 0.64 0.36 47.36 44.01 50.07 52.56
1.04 2.20 0.59 0.34 47.95 44.71 50.44 52.85
1.09 2.28 0.60 0.38 47.77 44.56 50.33 52.31
0.98 2.09 0.53 0.31 48.24 44.94 50.86 53.27
1.04 2.15 0.58 0.37 47.98 44.81 50.47 52.44
1.05 2.22 0.59 0.35 47.92 44.68 50.46 52.69
1.15 2.40 0.63 0.43 47.52 44.34 50.15 51.79
1.09 2.31 0.61 0.36 47.76 44.51 50.31 52.57
1.24 2.60 0.66 0.45 47.21 43.98 49.94 51.65
1.27 2.70 0.68 0.43 47.10 43.82 49.81 51.80
1.43 2.98 0.75 0.55 46.59 43.39 49.40 50.69
1.28 2.68 0.70 0.45 47.08 43.86 49.69 51.61
1.39 2.89 0.74 0.54 46.71 43.53 49.44 50.83
1.38 2.94 0.73 0.48 46.73 43.46 49.49 51.34
1.59 3.37 0.83 0.57 46.12 42.85 48.94 50.59
1.48 3.15 0.80 0.48 46.44 43.15 49.09 51.31
1.46 3.14 0.76 0.47 46.50 43.17 49.31 51.38
1.66 3.53 0.88 0.56 45.94 42.66 48.68 50.64
1.63 3.54 0.86 0.49 46.02 42.65 48.79 51.27
1.62 3.51 0.87 0.49 46.03 42.68 48.75 51.26
1.88 4.07 0.97 0.59 45.40 42.04 48.27 50.44
1.74 3.76 0.95 0.50 45.74 42.39 48.35 51.12
1.84 3.92 1.02 0.59 45.48 42.20 48.05 50.44
1.85 4.03 1.00 0.52 45.46 42.08 48.14 50.95
2.16 4.69 1.13 0.65 44.80 41.43 47.61 49.98
2.09 4.57 1.11 0.59 44.94 41.55 47.67 50.46
2.31 5.07 1.21 0.64 44.50 41.09 47.31 50.03
2.11 4.61 1.13 0.58 44.90 41.50 47.62 50.51
2.45 5.34 1.32 0.69 44.24 40.85 46.91 49.78
2.25 4.95 1.16 0.63 44.62 41.19 47.48 50.16
2.53 5.48 1.31 0.80 44.10 40.74 46.95 49.12
2.24 4.93 1.17 0.64 44.63 41.21 47.47 50.10
2.46 5.28 1.28 0.81 44.23 40.91 47.05 49.06
2.37 5.17 1.21 0.75 44.38 41.01 47.31 49.41
2.31 5.01 1.23 0.69 44.50 41.14 47.22 49.77
2.17 4.67 1.17 0.68 44.77 41.45 47.47 49.79
1.89 4.01 1.00 0.65 45.38 42.12 48.12 49.98
1.60 3.13 0.96 0.71 46.09 43.18 48.30 49.61
1.45 2.79 0.87 0.69 46.52 43.68 48.71 49.76
1.41 2.68 0.86 0.68 46.64 43.84 48.77 49.79
1.41 2.68 0.85 0.70 46.63 43.84 48.83 49.70
1.59 2.98 0.95 0.82 46.13 43.39 48.34 48.96
1.55 2.92 0.93 0.80 46.22 43.47 48.45 49.11
1.53 2.88 0.92 0.79 46.28 43.54 48.48 49.17
1.59 3.01 0.97 0.80 46.11 43.35 48.27 49.08
1.83 3.45 1.07 0.97 45.51 42.75 47.85 48.28
1.73 3.25 1.05 0.89 45.75 43.02 47.93 48.62
1.64 3.03 1.00 0.89 45.98 43.31 48.15 48.64
1.49 2.82 0.88 0.77 46.40 43.62 48.71 49.26
1.69 3.18 0.96 0.92 45.86 43.10 48.30 48.50
1.42 2.69 0.82 0.73 46.62 43.83 48.98 49.48
1.56 3.00 0.89 0.79 46.20 43.36 48.65 49.14
1.53 2.94 0.89 0.75 46.29 43.45 48.63 49.39
1.67 3.22 0.95 0.84 45.90 43.05 48.33 48.89
1.51 2.87 0.91 0.75 46.34 43.55 48.55 49.38
1.65 3.15 0.95 0.85 45.96 43.15 48.34 48.84
1.62 3.16 0.96 0.76 46.02 43.13 48.32 49.34
1.82 3.51 1.07 0.89 45.53 42.68 47.86 48.65
1.65 3.19 0.98 0.79 45.95 43.10 48.21 49.14
1.86 3.64 1.04 0.90 45.44 42.52 47.97 48.58
1.79 3.48 1.02 0.86 45.60 42.71 48.05 48.77
2.04 3.97 1.19 0.95 45.05 42.14 47.38 48.37
1.99 3.99 1.13 0.85 45.15 42.13 47.59 48.85
2.13 4.19 1.24 0.97 44.84 41.91 47.21 48.26
2.19 4.38 1.27 0.91 44.73 41.72 47.09 48.55
2.39 4.69 1.41 1.08 44.34 41.42 46.64 47.78
2.19 4.35 1.29 0.95 44.72 41.75 47.02 48.38
2.55 5.13 1.45 1.06 44.07 41.03 46.51 47.88
2.48 4.86 1.48 1.10 44.19 41.26 46.44 47.72
2.79 5.57 1.61 1.19 43.67 40.67 46.06 47.37
2.11 4.03 1.27 1.04 44.89 42.08 47.11 47.96
2.18 4.17 1.31 1.06 44.75 41.93 46.98 47.88
1.88 3.63 1.09 0.92 45.39 42.53 47.78 48.47
1.80 3.45 1.08 0.86 45.58 42.75 47.79 48.78
1.42 2.71 0.86 0.70 46.60 43.79 48.81 49.69
1.21 2.26 0.75 0.63 47.30 44.60 49.37 50.16
1.03 1.86 0.69 0.56 47.98 45.44 49.75 50.66
1.05 1.90 0.66 0.57 47.94 45.34 49.92 50.55
1.03 1.87 0.68 0.56 47.98 45.41 49.82 50.69
1.09 1.94 0.70 0.61 47.77 45.25 49.66 50.25
1.07 1.90 0.72 0.59 47.84 45.34 49.55 50.46
1.26 2.27 0.84 0.66 47.14 44.58 48.87 49.93
1.09 1.95 0.73 0.58 47.77 45.23 49.49 50.47
1.10 1.90 0.73 0.67 47.73 45.36 49.52 49.86
1.09 1.90 0.75 0.64 47.74 45.34 49.41 50.08
1.15 1.97 0.77 0.71 47.51 45.19 49.26 49.59
1.15 1.97 0.79 0.68 47.54 45.19 49.16 49.80
1.28 2.21 0.85 0.78 47.05 44.69 48.82 49.17
1.18 2.06 0.81 0.68 47.40 45.00 49.07 49.79
1.32 2.25 0.89 0.84 46.91 44.62 48.65 48.90
1.20 2.08 0.83 0.71 47.32 44.96 48.94 49.64
1.30 2.21 0.88 0.81 47.00 44.70 48.68 49.06
1.30 2.23 0.89 0.78 47.00 44.65 48.65 49.24
1.44 2.47 0.95 0.90 46.56 44.21 48.37 48.59
1.32 2.23 0.92 0.81 46.93 44.66 48.50 49.03
1.50 2.48 1.07 0.94 46.37 44.18 47.83 48.38
1.42 2.40 0.99 0.88 46.60 44.33 48.18 48.70
1.62 2.64 1.13 1.09 46.03 43.91 47.61 47.75
1.62 2.65 1.19 1.00 46.05 43.90 47.37 48.11
1.76 2.87 1.28 1.12 45.68 43.55 47.05 47.65
1.69 2.72 1.24 1.10 45.86 43.79 47.20 47.72
2.00 3.27 1.48 1.24 45.13 42.99 46.43 47.19
1.81 3.00 1.28 1.14 45.56 43.36 47.05 47.55
1.83 2.91 1.30 1.28 45.51 43.49 46.98 47.07
1.91 3.05 1.38 1.29 45.33 43.28 46.74 47.03
2.07 3.41 1.47 1.33 44.97 42.81 46.46 46.89
1.95 3.22 1.35 1.28 45.23 43.05 46.84 47.05
1.75 3.08 1.14 1.04 45.70 43.25 47.56 47.98
1.63 2.95 1.06 0.90 46.00 43.43 47.90 48.59
1.39 2.62 0.92 0.64 46.69 43.94 48.49 50.08
1.03 2.04 0.71 0.34 48.00 45.03 49.59 52.86
0.68 1.46 0.41 0.16 49.82 46.48 52.04 55.99
0.62 1.35 0.37 0.14 50.22 46.83 52.46 56.75
0.66 1.42 0.42 0.15 49.92 46.61 51.94 56.41
0.62 1.33 0.38 0.15 50.19 46.88 52.28 56.43
0.68 1.46 0.43 0.16 49.78 46.48 51.80 56.04
0.67 1.43 0.43 0.14 49.88 46.57 51.81 56.57
0.67 1.47 0.41 0.14 49.85 46.47 51.99 56.61
0.69 1.49 0.42 0.14 49.77 46.39 51.85 56.66
0.74 1.60 0.47 0.17 49.41 46.10 51.42 55.91
0.72 1.56 0.47 0.14 49.53 46.20 51.42 56.57
0.72 1.57 0.45 0.15 49.55 46.18 51.59 56.43
0.74 1.62 0.47 0.14 49.42 46.04 51.41 56.69
0.80 1.75 0.48 0.17 49.11 45.69 51.35 55.89
0.81 1.74 0.50 0.17 49.09 45.73 51.15 55.75
0.77 1.70 0.46 0.16 49.25 45.84 51.50 55.98
0.85 1.86 0.52 0.18 48.83 45.44 50.99 55.52
0.80 1.72 0.50 0.16 49.13 45.79 51.09 56.05
0.84 1.81 0.54 0.18 48.88 45.56 50.83 55.54
0.82 1.75 0.52 0.18 49.00 45.70 50.92 55.54
0.94 2.03 0.57 0.21 48.41 45.04 50.60 54.89
0.93 2.04 0.55 0.19 48.46 45.04 50.71 55.35
0.92 2.03 0.54 0.18 48.50 45.07 50.80 55.43
0.96 2.10 0.58 0.19 48.32 44.90 50.51 55.28
0.96 2.12 0.58 0.18 48.31 44.87 50.52 55.47
1.07 2.39 0.61 0.21 47.83 44.35 50.24 54.87
1.05 2.35 0.61 0.21 47.91 44.43 50.31 54.95
1.09 2.45 0.61 0.22 47.74 44.25 50.25 54.69
1.08 2.41 0.63 0.20 47.79 44.31 50.15 54.96
1.16 2.57 0.66 0.24 47.49 44.03 49.92 54.27
1.15 2.52 0.69 0.24 47.52 44.11 49.73 54.41
1.27 2.81 0.73 0.25 47.11 43.64 49.49 54.10
1.38 3.03 0.81 0.29 46.74 43.32 49.03 53.53
1.39 3.07 0.80 0.29 46.71 43.26 49.09 53.54
1.33 2.96 0.75 0.27 46.91 43.42 49.37 53.83
1.30 2.92 0.71 0.28 46.97 43.47 49.62 53.60
1.24 2.79 0.64 0.28 47.20 43.68 50.03 53.64
1.17 2.63 0.62 0.27 47.45 43.93 50.23 53.91
1.06 2.38 0.58 0.23 47.87 44.37 50.51 54.52
1.02 2.30 0.54 0.23 48.02 44.51 50.80 54.53
0.99 2.23 0.51 0.23 48.18 44.66 51.01 54.58
1.07 2.41 0.53 0.27 47.85 44.32 50.91 53.85
0.82 1.86 0.37 0.21 49.02 45.42 52.42 54.96
0.78 1.74 0.36 0.22 49.25 45.73 52.58 54.67
0.78 1.74 0.36 0.22 49.25 45.72 52.53 54.79
0.85 1.91 0.40 0.24 48.85 45.32 52.17 54.34
0.87 1.96 0.41 0.24 48.75 45.21 52.05 54.42
