2.12 4.68 1.10 0.59 44.86 41.43 47.73 50.41
1.96 4.34 1.02 0.52 45.21 41.76 48.05 50.96
2.04 4.48 1.09 0.54 45.04 41.62 47.74 50.80
2.16 4.85 1.11 0.53 44.78 41.27 47.69 50.91
2.40 5.24 1.28 0.68 44.33 40.94 47.05 49.82
2.17 4.78 1.14 0.58 44.77 41.34 47.58 50.49
2.33 5.10 1.23 0.65 44.47 41.05 47.24 50.05
2.41 5.30 1.28 0.64 44.32 40.89 47.04 50.09
2.64 5.86 1.32 0.74 43.91 40.45 46.90 49.42
2.64 5.85 1.35 0.71 43.92 40.46 46.84 49.66
2.46 5.47 1.24 0.66 44.23 40.75 47.20 49.94
2.88 6.47 1.37 0.78 43.54 40.02 46.75 49.22
2.77 6.23 1.42 0.66 43.71 40.18 46.61 49.95
3.13 7.08 1.53 0.79 43.17 39.63 46.27 49.19
2.85 6.48 1.38 0.70 43.58 40.01 46.74 49.73
3.41 7.75 1.66 0.81 42.81 39.24 45.93 49.05
3.14 7.22 1.50 0.70 43.17 39.55 46.38 49.66
3.64 8.37 1.70 0.85 42.52 38.90 45.82 48.85
3.48 8.07 1.65 0.71 42.72 39.06 45.95 49.61
4.01 9.38 1.81 0.85 42.10 38.41 45.56 48.85
3.63 8.58 1.60 0.71 42.53 38.80 46.08 49.61
3.84 9.07 1.64 0.82 42.28 38.55 45.99 48.99
3.24 7.60 1.42 0.74 43.02 39.32 46.62 49.45
3.34 7.70 1.49 0.84 42.89 39.27 46.42 48.91
2.67 6.05 1.32 0.65 43.86 40.31 46.93 50.04
2.57 5.70 1.32 0.67 44.05 40.57 46.93 49.88
1.81 3.87 0.98 0.59 45.55 42.25 48.25 50.38
1.73 3.47 1.00 0.73 45.74 42.72 48.12 49.54
1.47 2.93 0.84 0.62 46.48 43.46 48.88 50.23
1.67 3.29 0.94 0.79 45.89 42.96 48.39 49.13
1.53 3.01 0.88 0.69 46.30 43.34 48.70 49.78
1.87 3.62 1.06 0.92 45.42 42.54 47.88 48.51
1.88 3.67 1.08 0.90 45.38 42.48 47.79 48.59
2.10 4.13 1.17 0.99 44.91 41.97 47.44 48.16
2.00 3.96 1.11 0.96 45.11 42.16 47.70 48.33
2.49 4.89 1.31 1.27 44.17 41.24 46.96 47.09
2.35 4.72 1.25 1.08 44.42 41.38 47.18 47.80
2.40 4.75 1.26 1.19 44.33 41.36 47.12 47.37
2.24 4.44 1.22 1.06 44.62 41.66 47.25 47.86
2.85 5.68 1.51 1.39 43.57 40.59 46.36 46.71
2.49 4.96 1.37 1.15 44.16 41.17 46.76 47.51
2.89 5.97 1.43 1.25 43.53 40.37 46.58 47.15
2.71 5.44 1.40 1.29 43.80 40.77 46.66 47.01
3.34 6.91 1.61 1.51 42.89 39.74 46.08 46.34
3.12 6.52 1.58 1.28 43.18 39.99 46.15 47.07
3.55 7.41 1.74 1.50 42.63 39.43 45.71 46.39
3.11 6.43 1.60 1.29 43.21 40.05 46.08 47.03
3.93 8.20 1.98 1.62 42.18 38.99 45.16 46.02
3.45 7.38 1.60 1.37 42.75 39.45 46.11 46.77
3.66 7.59 1.79 1.60 42.49 39.33 45.61 46.08
3.94 8.40 1.83 1.57 42.18 38.89 45.50 46.17
4.49 9.40 2.17 1.91 41.61 38.40 44.76 45.34
4.03 8.47 1.91 1.71 42.07 38.85 45.33 45.80
4.38 9.25 2.09 1.81 41.72 38.47 44.93 45.56
4.28 9.21 1.96 1.68 41.82 38.49 45.21 45.89
5.10 10.85 2.26 2.19 41.05 37.78 44.59 44.73
4.79 10.41 2.12 1.84 41.32 37.96 44.88 45.48
4.99 10.59 2.25 2.13 41.15 37.89 44.61 44.84
5.13 10.96 2.31 2.12 41.03 37.73 44.50 44.88
6.49 14.03 2.81 2.63 40.01 36.66 43.65 43.93
5.20 11.01 2.47 2.11 40.97 37.71 44.21 44.88
5.98 12.92 2.64 2.36 40.37 37.02 43.91 44.40
5.96 12.71 2.58 2.58 40.38 37.09 44.01 44.01
6.26 13.21 2.81 2.77 40.17 36.92 43.65 43.70
5.12 10.61 2.46 2.29 41.04 37.87 44.22 44.53
4.09 8.58 1.97 1.74 42.01 38.80 45.19 45.74
3.01 6.18 1.43 1.42 43.35 40.22 46.59 46.60
2.32 4.59 1.14 1.23 44.48 41.52 47.56 47.25
1.38 2.50 0.76 0.87 46.75 44.16 49.30 48.75
1.52 2.63 0.85 1.08 46.32 43.94 48.84 47.80
1.46 2.61 0.86 0.91 46.49 43.96 48.81 48.53
1.64 2.74 0.92 1.27 45.97 43.76 48.50 47.08
1.48 2.59 0.86 1.00 46.43 44.01 48.79 48.15
1.79 3.02 0.99 1.37 45.60 43.33 48.17 46.77
1.57 2.62 0.93 1.14 46.19 43.95 48.42 47.57
1.83 3.11 1.05 1.32 45.51 43.20 47.91 46.92
1.72 2.94 1.09 1.13 45.77 43.44 47.75 47.61
2.01 3.42 1.13 1.46 45.11 42.79 47.58 46.49
1.94 3.34 1.15 1.34 45.24 42.89 47.52 46.86
2.13 3.54 1.29 1.56 44.85 42.64 47.03 46.21
2.05 3.49 1.29 1.38 45.01 42.70 47.03 46.74
2.52 4.29 1.56 1.71 44.12 41.81 46.19 45.80
2.21 3.82 1.34 1.45 44.70 42.31 46.88 46.52
2.38 4.12 1.49 1.53 44.36 41.98 46.40 46.27
2.36 4.12 1.53 1.42 44.41 41.98 46.30 46.59
2.89 5.04 1.75 1.86 43.53 41.11 45.69 45.43
2.48 4.29 1.62 1.53 44.19 41.80 46.04 46.30
2.90 4.92 1.87 1.92 43.51 41.21 45.42 45.31
2.64 4.61 1.69 1.62 43.91 41.50 45.84 46.04
3.27 5.55 2.05 2.22 42.98 40.68 45.00 44.67
2.96 5.24 1.98 1.65 43.42 40.94 45.16 45.95
3.48 6.12 2.22 2.09 42.72 40.27 44.67 44.92
3.35 5.87 2.15 2.02 42.89 40.45 44.81 45.07
3.78 6.67 2.27 2.40 42.35 39.89 44.57 44.33
3.40 5.98 2.19 2.02 42.82 40.36 44.72 45.07
3.95 6.95 2.35 2.54 42.17 39.71 44.43 44.09
3.68 6.55 2.17 2.31 42.47 39.96 44.76 44.49
3.86 7.19 2.23 2.16 42.26 39.57 44.65 44.78
3.15 5.99 1.78 1.71 43.14 40.36 45.64 45.80
2.75 5.33 1.52 1.39 43.74 40.87 46.31 46.71
2.23 4.33 1.47 0.88 44.65 41.77 46.45 48.67
1.66 3.51 0.98 0.49 45.92 42.68 48.20 51.18
1.23 2.62 0.73 0.33 47.24 43.95 49.51 52.88
1.26 2.75 0.73 0.32 47.12 43.74 49.53 53.15
1.36 3.00 0.77 0.32 46.79 43.37 49.29 53.09
1.50 3.26 0.84 0.38 46.38 43.00 48.86 52.33
1.36 2.91 0.81 0.36 46.79 43.50 49.02 52.53
1.39 3.04 0.80 0.33 46.70 43.30 49.10 52.96
1.36 2.97 0.77 0.35 46.79 43.41 49.25 52.70
1.54 3.35 0.85 0.42 46.26 42.88 48.85 51.92
1.45 3.11 0.87 0.38 46.51 43.20 48.76 52.32
1.43 3.11 0.80 0.39 46.58 43.21 49.13 52.27
1.43 3.06 0.83 0.39 46.58 43.27 48.94 52.18
1.71 3.70 0.93 0.49 45.81 42.45 48.44 51.23
1.55 3.33 0.89 0.44 46.23 42.91 48.65 51.77
1.58 3.48 0.85 0.42 46.14 42.72 48.86 51.85
1.62 3.59 0.85 0.43 46.03 42.58 48.84 51.80
1.86 4.19 0.91 0.47 45.44 41.91 48.52 51.38
1.73 3.85 0.92 0.41 45.76 42.28 48.49 51.94
1.71 3.80 0.90 0.42 45.81 42.33 48.59 51.90
1.62 3.56 0.91 0.40 46.04 42.63 48.56 52.11
1.89 4.19 0.97 0.50 45.38 41.91 48.27 51.14
1.86 4.15 0.99 0.44 45.45 41.96 48.19 51.72
1.84 4.13 0.97 0.42 45.49 41.98 48.28 51.94
1.78 3.95 0.95 0.43 45.64 42.17 48.35 51.83
2.13 4.81 1.08 0.51 44.85 41.32 47.79 51.04
2.04 4.56 1.10 0.47 45.04 41.56 47.71 51.42
2.10 4.75 1.09 0.47 44.91 41.38 47.74 51.43
2.23 5.07 1.17 0.48 44.64 41.10 47.47 51.33
2.44 5.50 1.27 0.55 44.26 40.74 47.10 50.72
2.63 5.95 1.39 0.55 43.95 40.41 46.70 50.75
2.72 6.22 1.32 0.61 43.81 40.22 46.94 50.26
2.58 5.90 1.29 0.55 44.03 40.44 47.02 50.74
2.88 6.63 1.39 0.62 43.55 39.93 46.69 50.22
2.95 6.78 1.50 0.57 43.44 39.83 46.40 50.54
2.79 6.45 1.36 0.56 43.70 40.06 46.80 50.70
2.67 6.08 1.42 0.51 43.88 40.31 46.60 51.10
2.78 6.40 1.38 0.57 43.69 40.08 46.74 50.59
2.48 5.68 1.29 0.47 44.20 40.60 47.01 51.43
2.28 5.27 1.14 0.44 44.55 40.91 47.55 51.76
1.89 4.31 0.95 0.40 45.38 41.78 48.37 52.13
1.96 4.47 0.93 0.47 45.21 41.63 48.45 51.36
1.80 4.16 0.88 0.36 45.58 41.94 48.71 52.56
1.69 3.88 0.79 0.40 45.86 42.25 49.17 52.15
1.43 3.25 0.70 0.35 46.58 43.02 49.68 52.75
1.59 3.61 0.74 0.42 46.12 42.56 49.45 51.89
1.41 3.21 0.66 0.35 46.66 43.08 49.93 52.71
1.49 3.36 0.71 0.39 46.41 42.87 49.65 52.16
1.48 3.32 0.72 0.39 46.44 42.91 49.56 52.24
1.79 4.07 0.82 0.49 45.60 42.04 49.00 51.28
1.49 3.32 0.73 0.40 46.42 42.92 49.52 52.12
1.60 3.55 0.77 0.47 46.10 42.62 49.26 51.45
1.71 3.87 0.80 0.46 45.81 42.25 49.12 51.51
1.99 4.48 0.90 0.60 45.14 41.62 48.60 50.36
1.82 4.10 0.86 0.49 45.54 42.01 48.81 51.22
1.98 4.42 0.92 0.59 45.17 41.67 48.53 50.44
1.90 4.32 0.88 0.50 45.34 41.77 48.71 51.12
2.22 5.05 1.00 0.61 44.67 41.10 48.11 50.28
2.14 4.88 1.02 0.53 44.82 41.25 48.05 50.87
2.12 4.82 0.99 0.54 44.88 41.31 48.19 50.79
2.35 5.32 1.10 0.64 44.42 40.88 47.71 50.08
2.46 5.61 1.19 0.57 44.23 40.65 47.39 50.55
2.36 5.39 1.12 0.57 44.40 40.82 47.63 50.56
2.72 6.26 1.26 0.65 43.78 40.16 47.14 49.97
2.63 6.01 1.30 0.59 43.93 40.34 46.98 50.43
2.79 6.34 1.36 0.67 43.68 40.11 46.80 49.91
2.76 6.33 1.36 0.60 43.72 40.12 46.81 50.34
3.10 7.13 1.43 0.74 43.22 39.60 46.57 49.46
3.11 7.20 1.45 0.67 43.21 39.56 46.53 49.84
3.45 8.07 1.59 0.70 42.75 39.06 46.13 49.70
3.05 7.11 1.40 0.65 43.28 39.61 46.66 50.02
3.65 8.58 1.65 0.72 42.51 38.80 45.97 49.56
3.62 8.56 1.57 0.73 42.55 38.81 46.18 49.53
4.16 9.76 1.85 0.85 41.95 38.24 45.45 48.82
3.39 8.00 1.48 0.69 42.82 39.10 46.43 49.71
3.65 8.52 1.57 0.85 42.51 38.82 46.17 48.86
3.70 8.64 1.63 0.83 42.45 38.77 46.01 48.96
3.22 7.55 1.42 0.69 43.06 39.35 46.62 49.78
3.28 7.62 1.49 0.72 42.98 39.31 46.39 49.58
2.27 5.07 1.09 0.63 44.57 41.08 47.73 50.12
2.03 4.27 1.08 0.74 45.06 41.83 47.81 49.41
1.88 3.99 0.97 0.68 45.40 42.13 48.29 49.84
2.08 4.35 1.10 0.79 44.95 41.74 47.71 49.18
1.99 4.17 1.05 0.75 45.14 41.93 47.92 49.39
2.14 4.35 1.13 0.93 44.83 41.74 47.59 48.47
2.01 4.07 1.12 0.84 45.10 42.03 47.66 48.91
2.12 4.23 1.18 0.94 44.88 41.87 47.42 48.39
2.00 3.97 1.14 0.89 45.13 42.15 47.56 48.64
2.27 4.57 1.21 1.04 44.56 41.53 47.32 47.95
2.17 4.38 1.18 0.95 44.77 41.72 47.41 48.36
2.31 4.61 1.25 1.07 44.50 41.50 47.16 47.86
2.16 4.36 1.10 1.00 44.79 41.73 47.72 48.12
2.43 4.92 1.22 1.15 44.28 41.21 47.28 47.52
2.26 4.61 1.17 1.01 44.59 41.50 47.44 48.11
2.42 5.03 1.16 1.08 44.29 41.11 47.49 47.82
2.34 4.82 1.19 1.01 44.43 41.30 47.38 48.07
2.53 5.21 1.25 1.14 44.10 40.97 47.17 47.59
2.57 5.27 1.34 1.11 44.03 40.92 46.86 47.69
2.72 5.61 1.37 1.18 43.79 40.64 46.75 47.42
2.62 5.44 1.35 1.07 43.95 40.78 46.83 47.87
2.84 5.83 1.44 1.23 43.60 40.47 46.54 47.24
2.67 5.45 1.41 1.16 43.86 40.77 46.66 47.49
3.15 6.56 1.59 1.31 43.15 39.96 46.12 46.96
3.12 6.58 1.57 1.22 43.19 39.95 46.18 47.28
3.23 6.68 1.70 1.29 43.05 39.88 45.83 47.04
3.03 6.38 1.54 1.18 43.32 40.08 46.26 47.42
3.57 7.42 1.89 1.42 42.60 39.43 45.38 46.62
3.68 7.73 1.92 1.39 42.48 39.25 45.31 46.71
3.95 8.25 2.07 1.53 42.16 38.96 44.96 46.30
4.02 8.45 2.10 1.50 42.09 38.86 44.92 46.37
4.00 8.42 2.06 1.51 42.11 38.88 44.99 46.33
4.58 9.64 2.30 1.81 41.52 38.29 44.51 45.54
5.20 10.94 2.59 2.05 40.98 37.74 43.99 45.01
4.25 8.82 2.11 1.83 41.84 38.68 44.89 45.51
3.92 8.08 2.01 1.67 42.20 39.06 45.11 45.91
3.48 7.25 1.75 1.43 42.72 39.53 45.70 46.57
3.13 6.34 1.69 1.36 43.17 40.11 45.86 46.79
2.34 4.69 1.32 1.00 44.45 41.42 46.92 48.11
1.88 3.72 1.08 0.84 45.39 42.42 47.77 48.90
1.47 2.75 0.93 0.74 46.45 43.73 48.45 49.46
1.44 2.56 0.91 0.84 46.55 44.05 48.54 48.89
1.34 2.39 0.85 0.78 46.87 44.36 48.83 49.23
1.51 2.73 1.00 0.81 46.35 43.78 48.16 49.06
1.43 2.51 0.90 0.86 46.60 44.13 48.59 48.79
1.65 2.97 1.05 0.92 45.96 43.40 47.90 48.49
1.62 2.78 1.00 1.09 46.02 43.68 48.13 47.74
1.47 2.54 0.93 0.92 46.47 44.08 48.42 48.48
1.69 2.91 1.21 0.95 45.85 43.49 47.31 48.35
1.70 2.88 1.09 1.13 45.83 43.54 47.75 47.61
1.70 2.88 1.13 1.09 45.83 43.53 47.62 47.75
1.85 3.15 1.19 1.22 45.45 43.15 47.37 47.26
1.78 3.07 1.11 1.16 45.63 43.26 47.67 47.49
2.15 3.54 1.28 1.63 44.81 42.64 47.07 46.02
1.83 3.08 1.25 1.17 45.50 43.24 47.17 47.47
2.04 3.39 1.33 1.42 45.03 42.84 46.90 46.61
1.88 3.17 1.17 1.30 45.39 43.12 47.46 47.01
2.12 3.58 1.27 1.50 44.88 42.60 47.09 46.37
2.07 3.50 1.34 1.37 44.97 42.69 46.87 46.76
2.33 3.82 1.46 1.71 44.45 42.31 46.50 45.79
2.38 3.88 1.52 1.76 44.36 42.24 46.32 45.69
2.44 4.06 1.45 1.82 44.25 42.05 46.54 45.53
3.06 4.78 1.92 2.47 43.28 41.34 45.31 44.20
3.33 5.25 2.04 2.70 42.91 40.93 45.05 43.81
3.11 4.68 1.76 2.87 43.21 41.43 45.67 43.55
3.44 5.30 2.01 3.02 42.76 40.89 45.10 43.34
3.21 5.10 2.15 2.38 43.07 41.05 44.81 44.37
3.76 5.37 2.13 3.79 42.37 40.83 44.85 42.34
3.53 5.63 2.21 2.76 42.65 40.63 44.70 43.72
4.04 6.04 2.30 3.79 42.06 40.32 44.52 42.34
3.60 5.74 2.01 3.06 42.57 40.55 45.10 43.27
4.01 6.19 1.96 3.89 42.10 40.22 45.20 42.23
3.10 5.40 1.80 2.10 43.22 40.81 45.59 44.90
2.63 4.62 1.47 1.80 43.94 41.49 46.47 45.57
1.52 2.98 1.00 0.57 46.32 43.39 48.13 50.55
0.98 2.22 0.54 0.18 48.23 44.67 50.85 55.59
0.88 2.00 0.49 0.16 48.68 45.13 51.21 56.21
0.95 2.14 0.56 0.17 48.33 44.84 50.63 55.91
0.91 2.04 0.52 0.16 48.56 45.05 50.97 56.00
1.08 2.46 0.60 0.18 47.80 44.23 50.37 55.57
0.96 2.20 0.52 0.17 48.32 44.72 51.00 56.01
1.01 2.30 0.56 0.16 48.11 44.52 50.68 56.12
1.01 2.29 0.58 0.17 48.08 44.53 50.53 55.89
1.15 2.61 0.63 0.18 47.55 43.96 50.11 55.49
1.09 2.49 0.63 0.17 47.74 44.17 50.13 56.01
1.06 2.41 0.60 0.17 47.88 44.31 50.37 55.80
1.13 2.62 0.61 0.16 47.60 43.96 50.27 56.00
1.21 2.79 0.65 0.19 47.31 43.68 50.01 55.34
1.19 2.72 0.67 0.18 47.38 43.79 49.86 55.50
1.19 2.73 0.66 0.19 47.38 43.78 49.93 55.44
1.28 2.91 0.71 0.21 47.07 43.49 49.63 54.91
1.29 2.92 0.74 0.21 47.03 43.49 49.43 54.92
1.33 3.07 0.73 0.22 46.88 43.28 49.51 54.78
1.37 3.13 0.74 0.22 46.79 43.19 49.44 54.63
1.48 3.43 0.76 0.25 46.44 42.79 49.35 54.12
1.54 3.58 0.80 0.24 46.27 42.61 49.11 54.37
1.49 3.52 0.75 0.20 46.41 42.69 49.38 55.03
1.52 3.53 0.81 0.23 46.33 42.67 49.08 54.61
1.57 3.74 0.78 0.21 46.17 42.43 49.20 54.89
1.78 4.20 0.91 0.25 45.63 41.92 48.54 54.22
1.71 3.95 0.91 0.26 45.83 42.19 48.54 54.07
1.87 4.38 0.95 0.27 45.43 41.73 48.38 53.74
1.75 4.07 0.95 0.25 45.70 42.05 48.38 54.15
2.01 4.70 1.05 0.30 45.12 41.44 47.95 53.38
1.94 4.51 1.02 0.29 45.27 41.61 48.05 53.57
2.27 5.37 1.13 0.32 44.60 40.87 47.63 53.09
2.34 5.49 1.22 0.31 44.48 40.78 47.30 53.16
2.52 5.94 1.27 0.34 44.14 40.42 47.10 52.84
2.35 5.57 1.17 0.32 44.45 40.71 47.47 53.11
2.41 5.78 1.11 0.33 44.34 40.55 47.67 52.91
2.37 5.73 1.05 0.33 44.42 40.59 47.95 52.90
2.25 5.40 1.03 0.31 44.64 40.83 48.03 53.14
1.92 4.59 0.89 0.27 45.32 41.54 48.65 53.79
1.84 4.33 0.88 0.29 45.51 41.78 48.69 53.49
1.65 3.88 0.78 0.28 45.97 42.25 49.21 53.64
1.80 4.26 0.83 0.32 45.58 41.85 48.97 53.07
1.38 3.29 0.60 0.24 46.74 42.97 50.32 54.26
1.23 2.88 0.52 0.27 47.25 43.53 50.93 53.78
1.16 2.71 0.51 0.26 47.49 43.80 51.05 54.06
1.35 3.18 0.59 0.28 46.83 43.11 50.41 53.65
1.39 3.34 0.55 0.28 46.70 42.89 50.73 53.70
