2.12 4.68 1.10 0.59 44.86 41.43 47.73 50.41
1.96 4.34 1.02 0.52 45.21 41.76 48.05 50.96
2.04 4.48 1.09 0.54 45.04 41.62 47.74 50.80
2.16 4.85 1.11 0.53 44.78 41.27 47.69 50.91
2.40 5.24 1.28 0.68 44.33 40.94 47.05 49.82
2.17 4.79 1.14 0.59 44.76 41.33 47.58 50.42
2.33 5.11 1.23 0.65 44.46 41.05 47.25 50.00
2.41 5.30 1.28 0.64 44.31 40.89 47.04 50.09
2.65 5.86 1.34 0.74 43.90 40.45 46.86 49.41
2.64 5.87 1.34 0.70 43.91 40.44 46.85 49.66
2.45 5.47 1.23 0.65 44.24 40.75 47.23 50.03
2.88 6.47 1.38 0.78 43.54 40.02 46.73 49.21
2.77 6.20 1.43 0.68 43.70 40.20 46.57 49.79
3.13 7.05 1.53 0.81 43.18 39.65 46.29 49.07
2.85 6.49 1.37 0.69 43.58 40.01 46.77 49.74
3.42 7.77 1.65 0.82 42.80 39.22 45.95 48.99
3.14 7.21 1.50 0.71 43.16 39.55 46.35 49.62
3.61 8.30 1.68 0.85 42.56 38.94 45.89 48.83
3.46 8.05 1.63 0.71 42.74 39.07 46.01 49.61
4.01 9.35 1.81 0.87 42.10 38.42 45.56 48.72
3.67 8.65 1.63 0.75 42.48 38.76 46.02 49.42
3.83 9.02 1.62 0.84 42.30 38.58 46.03 48.91
3.25 7.56 1.42 0.76 43.01 39.35 46.60 49.31
3.34 7.69 1.46 0.86 42.89 39.27 46.47 48.79
2.67 6.10 1.29 0.63 43.86 40.28 47.01 50.12
2.55 5.63 1.33 0.66 44.08 40.62 46.88 49.90
1.83 3.86 1.01 0.60 45.52 42.26 48.09 50.35
1.73 3.47 1.00 0.72 45.75 42.73 48.15 49.52
1.47 2.94 0.86 0.63 46.44 43.46 48.78 50.11
1.69 3.33 0.94 0.81 45.84 42.90 48.38 49.02
1.47 2.90 0.84 0.66 46.47 43.51 48.89 49.94
1.78 3.47 1.02 0.85 45.63 42.73 48.05 48.84
1.78 3.48 1.01 0.84 45.63 42.71 48.11 48.87
2.05 4.02 1.16 0.96 45.02 42.09 47.50 48.33
1.94 3.80 1.09 0.92 45.26 42.34 47.76 48.49
2.38 4.64 1.28 1.23 44.36 41.46 47.07 47.24
2.28 4.60 1.22 1.02 44.56 41.51 47.29 48.04
2.32 4.58 1.25 1.12 44.47 41.52 47.15 47.61
2.15 4.24 1.20 1.04 44.79 41.86 47.35 47.98
2.75 5.47 1.47 1.32 43.73 40.75 46.46 46.93
2.45 4.92 1.36 1.08 44.23 41.21 46.80 47.79
2.79 5.82 1.39 1.17 43.67 40.48 46.69 47.47
2.63 5.30 1.39 1.21 43.93 40.88 46.70 47.33
3.18 6.60 1.53 1.41 43.11 39.93 46.29 46.64
3.06 6.40 1.54 1.23 43.27 40.07 46.25 47.24
3.41 7.18 1.66 1.39 42.80 39.57 45.93 46.71
3.03 6.28 1.57 1.25 43.32 40.15 46.17 47.16
3.85 8.03 1.95 1.57 42.28 39.09 45.24 46.18
3.31 7.10 1.51 1.30 42.94 39.62 46.34 46.97
3.59 7.44 1.78 1.55 42.58 39.42 45.63 46.22
3.84 8.25 1.80 1.48 42.29 38.97 45.57 46.43
4.31 8.99 2.11 1.82 41.79 38.59 44.89 45.53
3.97 8.37 1.89 1.64 42.15 38.90 45.37 45.98
4.26 9.01 2.07 1.71 41.83 38.58 44.97 45.80
4.19 9.06 1.93 1.58 41.91 38.56 45.27 46.16
4.92 10.56 2.18 2.00 41.21 37.89 44.75 45.11
4.57 9.98 2.01 1.73 41.53 38.14 45.10 45.75
4.83 10.26 2.18 2.04 41.29 38.02 44.75 45.02
5.04 10.81 2.28 2.03 41.11 37.79 44.55 45.07
6.37 13.79 2.80 2.51 40.09 36.74 43.66 44.13
5.08 10.84 2.39 2.00 41.07 37.78 44.35 45.12
5.96 12.85 2.68 2.33 40.38 37.04 43.84 44.46
5.94 12.65 2.63 2.54 40.39 37.11 43.93 44.09
6.15 12.99 2.78 2.67 40.24 36.99 43.69 43.87
5.04 10.45 2.44 2.24 41.11 37.94 44.25 44.63
3.99 8.35 1.92 1.70 42.12 38.92 45.31 45.83
2.94 6.04 1.39 1.39 43.44 40.32 46.69 46.69
2.24 4.45 1.11 1.17 44.62 41.65 47.70 47.45
1.31 2.39 0.73 0.82 46.95 44.35 49.53 48.99
1.42 2.44 0.80 1.02 46.62 44.27 49.09 48.07
1.38 2.46 0.79 0.88 46.76 44.24 49.15 48.70
1.50 2.47 0.85 1.16 46.40 44.22 48.83 47.52
1.37 2.38 0.82 0.93 46.75 44.37 49.02 48.47
1.67 2.80 0.93 1.26 45.93 43.67 48.44 47.14
1.47 2.46 0.89 1.07 46.46 44.23 48.66 47.86
1.70 2.86 0.99 1.23 45.86 43.59 48.19 47.24
1.61 2.72 1.03 1.08 46.08 43.80 48.04 47.78
1.88 3.16 1.07 1.42 45.39 43.14 47.85 46.63
1.85 3.15 1.11 1.28 45.48 43.16 47.69 47.08
1.99 3.30 1.21 1.46 45.16 42.96 47.31 46.53
1.91 3.24 1.23 1.26 45.32 43.03 47.23 47.13
2.35 3.94 1.51 1.61 44.43 42.19 46.35 46.09
2.07 3.57 1.29 1.34 44.99 42.61 47.05 46.86
2.25 3.86 1.44 1.46 44.61 42.28 46.54 46.51
2.26 3.90 1.50 1.39 44.59 42.23 46.36 46.72
2.70 4.63 1.69 1.79 43.82 41.48 45.86 45.64
2.36 4.03 1.58 1.47 44.42 42.09 46.15 46.51
2.66 4.49 1.75 1.75 43.90 41.63 45.71 45.74
2.49 4.30 1.62 1.55 44.18 41.81 46.05 46.25
3.09 5.25 1.96 2.06 43.25 40.94 45.22 45.03
2.88 5.05 1.93 1.66 43.54 41.10 45.28 45.94
3.37 5.85 2.16 2.10 42.86 40.46 44.79 44.92
3.31 5.73 2.18 2.03 42.93 40.55 44.74 45.06
3.74 6.57 2.27 2.39 42.40 39.96 44.58 44.34
3.31 5.77 2.15 2.03 42.92 40.52 44.80 45.06
3.82 6.65 2.28 2.52 42.32 39.90 44.55 44.12
3.56 6.25 2.12 2.32 42.61 40.17 44.88 44.48
3.79 7.03 2.20 2.14 42.34 39.66 44.70 44.82
3.09 5.82 1.74 1.69 43.24 40.48 45.72 45.84
2.67 5.15 1.49 1.39 43.86 41.02 46.39 46.70
2.16 4.17 1.42 0.90 44.78 41.93 46.61 48.60
1.61 3.35 0.95 0.51 46.08 42.88 48.34 51.06
1.15 2.41 0.71 0.32 47.54 44.31 49.64 53.12
1.19 2.58 0.69 0.31 47.36 44.01 49.73 53.28
1.25 2.68 0.74 0.32 47.17 43.85 49.42 53.12
1.41 3.04 0.81 0.38 46.63 43.30 49.02 52.36
1.27 2.69 0.76 0.36 47.10 43.84 49.32 52.58
1.29 2.79 0.75 0.33 47.03 43.68 49.38 52.92
1.27 2.71 0.74 0.36 47.10 43.80 49.44 52.62
1.46 3.14 0.83 0.42 46.48 43.16 48.95 51.89
1.36 2.90 0.81 0.38 46.79 43.50 49.06 52.42
1.35 2.90 0.76 0.38 46.83 43.51 49.31 52.30
1.34 2.83 0.81 0.39 46.85 43.62 49.07 52.16
1.57 3.33 0.89 0.48 46.18 42.90 48.64 51.34
1.46 3.10 0.86 0.42 46.49 43.22 48.77 51.93
1.46 3.16 0.80 0.41 46.50 43.14 49.11 51.99
1.52 3.33 0.82 0.42 46.31 42.91 48.99 51.94
1.67 3.67 0.87 0.46 45.91 42.48 48.76 51.48
1.55 3.39 0.86 0.39 46.23 42.83 48.77 52.20
1.51 3.32 0.81 0.40 46.34 42.92 49.03 52.12
1.47 3.18 0.84 0.39 46.46 43.10 48.90 52.26
1.69 3.69 0.90 0.48 45.86 42.47 48.60 51.32
1.61 3.50 0.91 0.41 46.07 42.69 48.56 51.95
1.60 3.55 0.85 0.39 46.10 42.64 48.81 52.17
1.58 3.43 0.89 0.42 46.15 42.79 48.65 51.92
1.83 4.05 0.96 0.48 45.51 42.06 48.32 51.32
1.75 3.82 0.99 0.44 45.70 42.32 48.16 51.69
1.74 3.83 0.97 0.43 45.73 42.31 48.27 51.82
1.86 4.09 1.03 0.46 45.45 42.02 48.01 51.56
2.11 4.70 1.10 0.52 44.90 41.42 47.70 50.93
2.09 4.62 1.15 0.51 44.93 41.50 47.52 51.03
2.23 4.99 1.13 0.57 44.65 41.16 47.58 50.60
2.15 4.78 1.16 0.53 44.80 41.35 47.48 50.93
2.37 5.32 1.20 0.59 44.40 40.89 47.36 50.42
2.31 5.19 1.22 0.51 44.52 41.01 47.28 51.03
2.27 5.10 1.19 0.52 44.59 41.07 47.39 50.98
2.32 5.12 1.33 0.50 44.48 41.04 46.90 51.09
2.33 5.21 1.24 0.53 44.47 40.98 47.21 50.88
2.06 4.59 1.14 0.44 45.01 41.53 47.55 51.68
1.99 4.52 1.03 0.42 45.16 41.61 47.99 51.93
1.83 4.10 0.96 0.41 45.52 42.01 48.30 51.96
1.88 4.26 0.92 0.47 45.40 41.85 48.48 51.44
1.69 3.83 0.86 0.38 45.88 42.34 48.77 52.39
1.62 3.70 0.77 0.40 46.03 42.46 49.25 52.12
1.45 3.23 0.73 0.38 46.52 43.04 49.49 52.30
1.58 3.54 0.75 0.44 46.16 42.66 49.38 51.68
1.41 3.14 0.70 0.38 46.66 43.17 49.71 52.34
1.46 3.24 0.73 0.41 46.50 43.04 49.52 51.99
1.51 3.31 0.77 0.43 46.36 42.93 49.26 51.77
1.72 3.86 0.82 0.48 45.78 42.28 48.97 51.28
1.51 3.34 0.78 0.43 46.34 42.91 49.24 51.86
1.61 3.55 0.80 0.49 46.06 42.64 49.09 51.22
1.78 3.99 0.86 0.51 45.62 42.13 48.78 51.10
1.94 4.31 0.91 0.61 45.25 41.79 48.53 50.25
1.81 4.03 0.89 0.52 45.56 42.09 48.67 50.99
1.94 4.32 0.91 0.58 45.26 41.79 48.52 50.47
2.00 4.47 0.95 0.58 45.13 41.64 48.38 50.52
2.18 4.92 1.02 0.62 44.74 41.21 48.07 50.25
2.14 4.84 1.04 0.54 44.83 41.29 47.96 50.79
2.05 4.67 0.96 0.54 45.01 41.45 48.32 50.85
2.31 5.21 1.09 0.64 44.49 40.96 47.76 50.06
2.32 5.28 1.12 0.55 44.49 40.91 47.66 50.72
2.33 5.27 1.13 0.58 44.46 40.91 47.59 50.51
2.67 6.11 1.24 0.66 43.88 40.28 47.21 49.96
2.58 5.87 1.27 0.59 44.03 40.46 47.10 50.44
2.72 6.17 1.31 0.68 43.79 40.24 46.95 49.82
2.72 6.22 1.33 0.61 43.79 40.20 46.89 50.30
3.06 7.01 1.43 0.74 43.28 39.68 46.60 49.45
3.04 7.02 1.43 0.67 43.31 39.68 46.58 49.88
3.36 7.83 1.54 0.71 42.87 39.21 46.27 49.59
3.02 6.99 1.40 0.66 43.34 39.69 46.68 49.96
3.57 8.37 1.61 0.72 42.62 38.92 46.07 49.55
3.53 8.33 1.54 0.72 42.67 38.94 46.26 49.59
4.02 9.41 1.79 0.86 42.10 38.41 45.60 48.78
3.29 7.75 1.44 0.70 42.96 39.25 46.55 49.71
3.57 8.33 1.54 0.84 42.61 38.94 46.25 48.87
3.60 8.40 1.58 0.82 42.58 38.90 46.13 49.01
3.13 7.30 1.40 0.68 43.19 39.51 46.66 49.80
3.20 7.41 1.46 0.72 43.09 39.44 46.48 49.54
2.28 5.05 1.13 0.65 44.56 41.10 47.60 49.99
2.05 4.30 1.09 0.77 45.00 41.80 47.74 49.27
1.90 4.02 0.98 0.69 45.36 42.10 48.21 49.77
2.07 4.31 1.11 0.79 44.97 41.78 47.70 49.15
2.00 4.17 1.05 0.77 45.13 41.93 47.91 49.25
2.15 4.36 1.17 0.93 44.81 41.74 47.47 48.43
2.03 4.08 1.16 0.85 45.06 42.02 47.51 48.84
2.11 4.20 1.18 0.95 44.89 41.90 47.40 48.37
2.02 4.02 1.15 0.90 45.08 42.09 47.53 48.60
2.27 4.55 1.21 1.05 44.57 41.55 47.30 47.92
2.19 4.40 1.20 0.96 44.74 41.70 47.35 48.32
2.30 4.59 1.24 1.08 44.51 41.52 47.20 47.81
2.16 4.38 1.11 1.00 44.78 41.72 47.68 48.13
2.42 4.90 1.21 1.15 44.29 41.23 47.29 47.54
2.27 4.61 1.18 1.02 44.58 41.50 47.42 48.03
2.42 4.99 1.17 1.09 44.30 41.15 47.46 47.75
2.35 4.82 1.20 1.04 44.42 41.31 47.36 47.96
2.52 5.18 1.24 1.15 44.11 40.99 47.20 47.53
2.56 5.23 1.33 1.13 44.04 40.95 46.89 47.60
2.71 5.59 1.36 1.18 43.80 40.66 46.79 47.41
2.60 5.38 1.34 1.08 43.99 40.82 46.87 47.81
2.83 5.81 1.44 1.24 43.62 40.49 46.55 47.22
2.69 5.45 1.44 1.18 43.84 40.77 46.56 47.43
3.15 6.52 1.58 1.33 43.16 39.99 46.15 46.90
3.11 6.56 1.56 1.22 43.20 39.96 46.20 47.27
3.21 6.60 1.71 1.33 43.07 39.94 45.81 46.91
3.04 6.37 1.56 1.20 43.30 40.09 46.21 47.34
3.59 7.42 1.91 1.42 42.59 39.42 45.32 46.61
3.67 7.69 1.93 1.40 42.48 39.27 45.27 46.67
3.97 8.25 2.10 1.56 42.14 38.97 44.91 46.21
4.04 8.48 2.14 1.51 42.06 38.85 44.84 46.34
3.98 8.38 2.06 1.51 42.13 38.90 45.00 46.33
4.59 9.65 2.30 1.81 41.52 38.28 44.52 45.56
5.21 10.93 2.63 2.07 40.96 37.74 43.94 44.97
4.25 8.80 2.12 1.83 41.85 38.69 44.88 45.51
3.88 7.99 2.00 1.64 42.25 39.11 45.13 45.97
3.46 7.20 1.77 1.41 42.74 39.56 45.64 46.64
3.12 6.28 1.70 1.37 43.19 40.15 45.83 46.76
2.33 4.64 1.33 1.01 44.47 41.47 46.90 48.11
1.86 3.69 1.06 0.84 45.43 42.46 47.90 48.90
1.46 2.71 0.91 0.74 46.50 43.80 48.53 49.41
1.42 2.54 0.89 0.85 46.59 44.08 48.65 48.86
1.33 2.37 0.84 0.78 46.89 44.38 48.88 49.23
1.50 2.70 0.99 0.80 46.38 43.82 48.19 49.09
1.41 2.50 0.90 0.85 46.62 44.15 48.61 48.83
1.64 2.96 1.05 0.91 45.98 43.42 47.91 48.53
1.59 2.70 0.99 1.08 46.12 43.81 48.20 47.82
1.45 2.51 0.93 0.91 46.52 44.13 48.47 48.55
1.65 2.85 1.18 0.92 45.95 43.59 47.40 48.47
1.68 2.82 1.07 1.14 45.88 43.63 47.84 47.54
1.70 2.88 1.13 1.09 45.82 43.54 47.59 47.76
1.80 3.05 1.15 1.21 45.57 43.28 47.52 47.30
1.72 2.93 1.07 1.15 45.79 43.46 47.84 47.54
2.07 3.38 1.25 1.57 44.97 42.84 47.15 46.17
1.80 2.99 1.22 1.17 45.59 43.37 47.29 47.44
2.02 3.34 1.30 1.42 45.07 42.90 46.98 46.59
1.85 3.09 1.17 1.29 45.46 43.23 47.46 47.04
2.10 3.50 1.28 1.50 44.92 42.69 47.05 46.36
2.05 3.42 1.33 1.39 45.02 42.79 46.88 46.70
2.30 3.74 1.44 1.73 44.51 42.40 46.56 45.76
2.38 3.90 1.50 1.74 44.36 42.22 46.36 45.71
2.41 3.97 1.44 1.82 44.31 42.15 46.54 45.53
3.02 4.70 1.91 2.46 43.33 41.41 45.32 44.23
3.31 5.19 2.03 2.70 42.94 40.98 45.05 43.82
3.09 4.65 1.76 2.86 43.23 41.45 45.69 43.56
3.42 5.22 2.02 3.03 42.79 40.95 45.08 43.32
3.21 5.07 2.15 2.40 43.07 41.08 44.80 44.32
3.73 5.29 2.09 3.80 42.42 40.90 44.93 42.33
3.53 5.56 2.25 2.78 42.65 40.68 44.61 43.68
3.99 5.87 2.32 3.78 42.12 40.44 44.48 42.35
3.57 5.60 2.02 3.07 42.61 40.65 45.08 43.25
3.94 6.04 1.92 3.87 42.17 40.32 45.30 42.26
3.04 5.27 1.75 2.10 43.30 40.92 45.70 44.91
2.55 4.45 1.43 1.78 44.06 41.65 46.57 45.63
1.48 2.89 0.96 0.57 46.44 43.52 48.28 50.54
0.94 2.12 0.53 0.18 48.40 44.88 50.93 55.63
0.83 1.87 0.47 0.15 48.93 45.42 51.38 56.25
0.88 1.95 0.52 0.16 48.71 45.24 50.97 56.02
0.85 1.89 0.49 0.16 48.86 45.37 51.27 56.05
0.99 2.25 0.56 0.18 48.16 44.63 50.65 55.63
0.88 2.00 0.49 0.16 48.69 45.15 51.22 56.09
0.93 2.10 0.53 0.16 48.45 44.92 50.88 56.18
0.93 2.10 0.55 0.16 48.43 44.92 50.78 56.09
1.05 2.39 0.59 0.18 47.93 44.37 50.45 55.67
1.01 2.26 0.60 0.16 48.12 44.60 50.37 56.18
0.99 2.24 0.58 0.17 48.16 44.63 50.54 55.84
1.01 2.31 0.56 0.16 48.11 44.52 50.65 56.13
1.12 2.57 0.60 0.19 47.66 44.05 50.36 55.41
1.10 2.47 0.63 0.19 47.75 44.21 50.17 55.37
1.08 2.48 0.59 0.18 47.79 44.20 50.41 55.50
1.23 2.81 0.68 0.21 47.22 43.64 49.79 54.97
1.18 2.66 0.68 0.20 47.43 43.91 49.81 55.21
1.26 2.87 0.71 0.21 47.12 43.56 49.62 54.91
1.30 2.98 0.70 0.22 47.01 43.41 49.68 54.79
1.39 3.20 0.73 0.24 46.71 43.09 49.49 54.27
1.47 3.42 0.76 0.23 46.47 42.80 49.37 54.42
1.39 3.24 0.71 0.21 46.73 43.05 49.61 55.01
1.46 3.40 0.76 0.22 46.48 42.82 49.32 54.60
1.54 3.59 0.80 0.23 46.27 42.59 49.12 54.55
1.70 3.97 0.87 0.26 45.84 42.15 48.72 54.09
1.64 3.78 0.87 0.25 46.00 42.37 48.73 54.07
1.74 4.05 0.87 0.28 45.76 42.08 48.72 53.67
1.71 3.93 0.92 0.26 45.82 42.20 48.49 53.90
1.85 4.31 0.93 0.30 45.49 41.82 48.46 53.40
1.84 4.29 0.96 0.28 45.49 41.82 48.33 53.62
2.09 4.91 1.04 0.32 44.95 41.25 47.96 53.14
2.15 5.00 1.13 0.32 44.85 41.19 47.64 53.14
2.33 5.51 1.17 0.33 44.48 40.76 47.47 52.98
2.14 5.05 1.05 0.31 44.87 41.14 47.96 53.29
2.20 5.23 1.03 0.33 44.74 40.98 48.01 52.98
2.16 5.19 0.96 0.32 44.83 41.02 48.32 53.02
2.09 4.99 0.96 0.31 44.96 41.17 48.35 53.28
1.75 4.17 0.80 0.27 45.74 41.96 49.11 53.91
1.71 4.07 0.78 0.27 45.82 42.05 49.25 53.81
1.57 3.71 0.72 0.26 46.20 42.44 49.60 53.94
1.68 4.00 0.74 0.31 45.89 42.12 49.48 53.30
1.31 3.15 0.54 0.24 46.96 43.16 50.81 54.37
1.18 2.79 0.49 0.26 47.42 43.69 51.27 53.96
1.13 2.68 0.48 0.24 47.59 43.85 51.37 54.26
1.33 3.17 0.55 0.27 46.89 43.12 50.71 53.84
1.35 3.28 0.52 0.26 46.81 42.97 50.96 53.94
