0.00 0.00 0.00 0.00 0.00 0.00 0.00 0.00
0.00 0.00 0.00 0.00 0.00 0.00 0.00 0.00
0.00 0.00 0.00 0.00 0.00 0.00 0.00 0.00
0.00 0.00 0.00 0.00 0.00 0.00 0.00 0.00
0.00 0.00 0.00 0.00 0.00 0.00 0.00 0.00
0.00 0.00 0.00 0.00 0.00 0.00 0.00 0.00
0.00 0.00 0.00 0.00 0.00 0.00 0.00 0.00
0.00 0.00 0.00 0.00 0.00 0.00 0.00 0.00
0.01 0.03 0.01 0.00 0.02 0.02 0.02 0.05
0.00 0.00 0.00 0.00 0.00 0.00 0.01 0.01
0.00 0.01 0.01 0.00 0.01 0.01 0.03 0.04
0.00 0.00 0.00 0.00 0.00 0.00 0.00 0.00
0.01 0.02 0.01 0.02 0.01 0.01 0.05 0.13
0.01 0.02 0.02 0.02 0.02 0.01 0.05 0.07
0.01 0.01 0.01 0.01 0.01 0.01 0.04 0.08
0.01 0.01 0.01 0.00 0.01 0.00 0.03 0.03
0.01 0.04 0.01 0.01 0.02 0.02 0.03 0.06
0.01 0.03 0.01 0.01 0.02 0.02 0.03 0.03
0.02 0.02 0.02 0.01 0.02 0.01 0.05 0.06
0.01 0.02 0.01 0.01 0.01 0.01 0.03 0.05
0.01 0.03 0.01 0.01 0.01 0.02 0.04 0.03
0.02 0.04 0.02 0.01 0.02 0.02 0.04 0.05
0.02 0.04 0.02 0.01 0.03 0.02 0.07 0.06
0.02 0.03 0.01 0.01 0.02 0.02 0.04 0.07
0.02 0.05 0.01 0.00 0.03 0.04 0.05 0.02
0.01 0.02 0.02 0.00 0.02 0.02 0.06 0.03
0.01 0.03 0.02 0.00 0.03 0.03 0.07 0.03
0.01 0.02 0.00 0.01 0.03 0.03 0.02 0.06
0.02 0.04 0.03 0.01 0.06 0.05 0.13 0.05
0.01 0.03 0.01 0.01 0.03 0.04 0.06 0.06
0.07 0.19 0.02 0.01 0.21 0.30 0.08 0.08
0.15 0.31 0.07 0.05 0.38 0.43 0.32 0.23
0.15 0.32 0.08 0.05 0.39 0.44 0.35 0.24
0.20 0.46 0.08 0.05 0.46 0.56 0.31 0.24
0.16 0.37 0.06 0.06 0.38 0.46 0.24 0.27
0.25 0.53 0.11 0.09 0.50 0.56 0.40 0.35
0.25 0.54 0.11 0.08 0.53 0.58 0.42 0.40
0.19 0.43 0.07 0.08 0.39 0.45 0.24 0.35
0.11 0.21 0.05 0.07 0.23 0.23 0.18 0.31
0.20 0.45 0.06 0.10 0.35 0.40 0.18 0.37
0.21 0.46 0.09 0.10 0.42 0.46 0.30 0.42
0.31 0.74 0.10 0.09 0.54 0.64 0.32 0.36
0.24 0.55 0.08 0.11 0.45 0.51 0.26 0.43
0.26 0.59 0.06 0.12 0.37 0.42 0.17 0.39
0.30 0.69 0.11 0.11 0.48 0.53 0.36 0.42
0.36 0.83 0.12 0.11 0.51 0.57 0.33 0.39
0.27 0.60 0.12 0.11 0.43 0.46 0.35 0.43
0.42 0.93 0.18 0.15 0.53 0.57 0.46 0.45
0.38 0.93 0.09 0.14 0.57 0.66 0.26 0.49
0.29 0.64 0.09 0.15 0.39 0.41 0.24 0.47
0.43 1.09 0.10 0.12 0.55 0.66 0.26 0.36
0.50 1.14 0.21 0.17 0.58 0.63 0.50 0.44
0.53 1.26 0.20 0.13 0.67 0.78 0.51 0.39
0.57 1.26 0.27 0.18 0.67 0.71 0.65 0.50
0.53 1.29 0.17 0.14 0.63 0.72 0.41 0.41
0.54 1.26 0.15 0.21 0.54 0.60 0.33 0.49
0.66 1.57 0.20 0.20 0.73 0.82 0.49 0.54
0.54 1.19 0.19 0.24 0.54 0.57 0.42 0.57
0.62 1.43 0.17 0.27 0.62 0.67 0.34 0.67
0.96 2.21 0.31 0.34 0.77 0.84 0.54 0.68
0.34 0.72 0.16 0.15 0.33 0.33 0.32 0.37
0.53 1.20 0.19 0.19 0.46 0.49 0.36 0.42
0.45 1.00 0.16 0.21 0.38 0.40 0.29 0.43
0.46 1.07 0.16 0.17 0.38 0.42 0.28 0.32
0.44 1.01 0.16 0.16 0.46 0.51 0.33 0.37
0.24 0.54 0.08 0.10 0.29 0.32 0.21 0.29
0.16 0.37 0.04 0.09 0.27 0.31 0.14 0.33
0.10 0.23 0.05 0.04 0.21 0.25 0.20 0.17
0.07 0.16 0.02 0.05 0.27 0.33 0.15 0.28
0.10 0.17 0.05 0.08 0.33 0.34 0.31 0.38
0.09 0.18 0.04 0.07 0.32 0.36 0.23 0.34
0.12 0.19 0.05 0.12 0.38 0.37 0.29 0.49
0.07 0.13 0.04 0.04 0.23 0.26 0.23 0.21
0.14 0.25 0.07 0.11 0.41 0.45 0.37 0.42
0.11 0.18 0.05 0.09 0.35 0.36 0.28 0.41
0.13 0.24 0.07 0.09 0.37 0.41 0.32 0.35
0.11 0.20 0.07 0.07 0.33 0.35 0.31 0.33
0.14 0.26 0.06 0.11 0.38 0.41 0.26 0.40
0.15 0.28 0.07 0.11 0.40 0.44 0.31 0.41
0.16 0.26 0.09 0.13 0.38 0.38 0.35 0.44
0.11 0.21 0.07 0.07 0.28 0.31 0.26 0.26
0.19 0.31 0.12 0.14 0.39 0.39 0.37 0.43
0.14 0.26 0.07 0.11 0.33 0.35 0.25 0.39
0.16 0.31 0.08 0.11 0.36 0.39 0.27 0.37
0.14 0.28 0.08 0.09 0.31 0.35 0.25 0.31
0.19 0.34 0.07 0.17 0.34 0.37 0.19 0.46
0.16 0.30 0.09 0.12 0.34 0.37 0.26 0.42
0.22 0.37 0.12 0.18 0.40 0.39 0.32 0.52
0.17 0.31 0.08 0.13 0.33 0.35 0.23 0.41
0.25 0.41 0.14 0.19 0.39 0.39 0.33 0.48
0.18 0.30 0.11 0.14 0.30 0.28 0.26 0.42
0.27 0.46 0.13 0.24 0.40 0.38 0.29 0.57
0.28 0.50 0.14 0.22 0.41 0.42 0.30 0.54
0.36 0.62 0.18 0.28 0.47 0.46 0.38 0.59
0.27 0.46 0.14 0.22 0.40 0.38 0.32 0.55
0.34 0.57 0.16 0.31 0.45 0.43 0.34 0.62
0.34 0.59 0.18 0.26 0.47 0.47 0.41 0.55
0.37 0.70 0.21 0.22 0.48 0.49 0.46 0.50
0.21 0.42 0.07 0.13 0.32 0.35 0.20 0.38
0.13 0.28 0.01 0.11 0.23 0.26 0.02 0.39
0.20 0.39 0.12 0.10 0.45 0.45 0.41 0.55
0.10 0.25 0.04 0.03 0.30 0.36 0.20 0.26
0.07 0.15 0.05 0.02 0.30 0.30 0.32 0.33
0.06 0.17 0.03 0.01 0.25 0.30 0.16 0.15
0.09 0.20 0.06 0.03 0.35 0.34 0.38 0.35
0.09 0.23 0.05 0.01 0.32 0.36 0.31 0.13
0.09 0.19 0.05 0.03 0.34 0.35 0.34 0.33
0.07 0.16 0.05 0.01 0.26 0.27 0.28 0.15
0.12 0.26 0.07 0.03 0.45 0.45 0.47 0.41
0.12 0.27 0.07 0.02 0.39 0.42 0.38 0.24
0.11 0.24 0.08 0.03 0.41 0.41 0.47 0.34
0.09 0.22 0.05 0.02 0.32 0.35 0.30 0.17
0.12 0.26 0.07 0.03 0.41 0.43 0.39 0.34
0.11 0.25 0.06 0.02 0.33 0.36 0.29 0.21
0.11 0.24 0.07 0.03 0.38 0.39 0.38 0.35
0.09 0.21 0.04 0.02 0.28 0.31 0.22 0.21
0.14 0.33 0.08 0.03 0.45 0.47 0.42 0.32
0.11 0.25 0.05 0.03 0.31 0.32 0.28 0.27
0.11 0.26 0.06 0.02 0.36 0.38 0.35 0.31
0.08 0.19 0.05 0.01 0.25 0.27 0.26 0.14
0.13 0.29 0.08 0.03 0.43 0.43 0.48 0.38
0.12 0.30 0.05 0.02 0.34 0.40 0.26 0.20
0.13 0.28 0.08 0.03 0.38 0.38 0.42 0.36
0.10 0.25 0.04 0.02 0.30 0.34 0.23 0.18
0.13 0.28 0.09 0.04 0.40 0.38 0.45 0.47
0.14 0.33 0.07 0.03 0.37 0.39 0.35 0.30
0.14 0.31 0.08 0.04 0.39 0.40 0.41 0.42
0.09 0.22 0.04 0.02 0.25 0.27 0.19 0.27
0.18 0.41 0.09 0.05 0.47 0.48 0.42 0.50
0.13 0.31 0.06 0.03 0.29 0.31 0.25 0.27
0.17 0.38 0.09 0.03 0.39 0.41 0.37 0.33
0.20 0.49 0.06 0.04 0.42 0.48 0.25 0.37
0.22 0.51 0.11 0.06 0.50 0.52 0.43 0.56
0.17 0.43 0.05 0.04 0.36 0.40 0.21 0.33
0.17 0.41 0.06 0.04 0.37 0.40 0.26 0.39
0.19 0.48 0.06 0.03 0.40 0.46 0.23 0.27
0.23 0.52 0.14 0.05 0.49 0.50 0.51 0.48
0.17 0.41 0.09 0.03 0.36 0.39 0.33 0.26
0.15 0.33 0.08 0.03 0.35 0.36 0.35 0.33
0.18 0.46 0.07 0.02 0.44 0.51 0.30 0.22
0.11 0.27 0.05 0.01 0.28 0.31 0.25 0.15
0.13 0.35 0.05 0.01 0.34 0.40 0.22 0.14
0.13 0.37 0.03 0.01 0.38 0.48 0.15 0.11
0.11 0.31 0.02 0.01 0.30 0.39 0.12 0.09
0.06 0.19 0.01 0.01 0.20 0.26 0.08 0.08
0.10 0.27 0.02 0.01 0.29 0.35 0.14 0.12
0.07 0.21 0.01 0.01 0.24 0.31 0.07 0.12
0.11 0.30 0.03 0.02 0.35 0.43 0.16 0.16
0.09 0.24 0.02 0.01 0.25 0.32 0.09 0.08
0.15 0.39 0.04 0.01 0.39 0.47 0.23 0.12
0.09 0.25 0.03 0.01 0.27 0.34 0.15 0.12
0.09 0.21 0.04 0.01 0.24 0.28 0.21 0.12
0.11 0.29 0.02 0.01 0.27 0.33 0.13 0.10
0.14 0.38 0.05 0.01 0.34 0.41 0.22 0.09
0.12 0.35 0.02 0.01 0.31 0.41 0.11 0.11
0.16 0.41 0.06 0.01 0.37 0.44 0.28 0.04
0.14 0.38 0.04 0.01 0.32 0.39 0.18 0.07
0.12 0.32 0.04 0.02 0.24 0.30 0.17 0.10
0.15 0.41 0.05 0.01 0.34 0.41 0.22 0.09
0.10 0.33 0.02 0.03 0.22 0.33 0.07 0.27
0.14 0.39 0.02 0.02 0.27 0.34 0.09 0.09
0.18 0.46 0.07 0.02 0.36 0.41 0.27 0.12
0.10 0.31 0.03 0.02 0.21 0.27 0.10 0.18
0.20 0.54 0.06 0.02 0.35 0.41 0.21 0.12
0.25 0.65 0.08 0.03 0.45 0.52 0.29 0.21
0.22 0.59 0.07 0.02 0.38 0.45 0.24 0.15
0.16 0.44 0.05 0.02 0.27 0.33 0.17 0.14
0.22 0.57 0.06 0.02 0.32 0.38 0.20 0.14
0.35 0.90 0.13 0.02 0.54 0.61 0.42 0.16
0.33 0.88 0.11 0.02 0.48 0.55 0.36 0.12
0.21 0.58 0.05 0.02 0.31 0.39 0.16 0.13
0.40 1.08 0.11 0.01 0.53 0.63 0.32 0.07
0.46 1.16 0.16 0.05 0.61 0.67 0.48 0.29
0.52 1.36 0.19 0.03 0.63 0.72 0.49 0.17
0.31 0.83 0.09 0.03 0.45 0.51 0.29 0.19
0.34 0.94 0.08 0.02 0.45 0.54 0.24 0.11
0.37 0.95 0.14 0.03 0.49 0.54 0.40 0.17
0.21 0.65 0.01 0.03 0.32 0.43 0.03 0.20
0.28 0.77 0.08 0.01 0.41 0.49 0.23 0.07
0.04 0.14 0.02 0.03 0.07 0.12 0.06 0.21
0.04 0.10 0.03 0.04 0.08 0.10 0.11 0.23
0.07 0.14 0.04 0.05 0.16 0.15 0.18 0.29
0.04 0.09 0.02 0.02 0.08 0.09 0.08 0.11
0.06 0.09 0.05 0.04 0.12 0.09 0.21 0.24
0.05 0.08 0.03 0.05 0.10 0.07 0.12 0.20
0.09 0.17 0.05 0.05 0.19 0.18 0.20 0.25
0.05 0.09 0.04 0.02 0.10 0.10 0.14 0.10
0.05 0.10 0.03 0.02 0.11 0.11 0.14 0.12
0.05 0.09 0.03 0.04 0.10 0.08 0.13 0.17
0.11 0.20 0.07 0.07 0.22 0.20 0.24 0.31
0.02 0.05 0.02 0.02 0.05 0.04 0.09 0.09
0.05 0.10 0.04 0.02 0.10 0.09 0.13 0.11
0.03 0.04 0.03 0.02 0.05 0.04 0.09 0.10
0.09 0.15 0.06 0.06 0.17 0.14 0.20 0.23
0.03 0.05 0.03 0.04 0.06 0.04 0.09 0.17
0.08 0.14 0.04 0.05 0.14 0.12 0.16 0.20
0.06 0.09 0.04 0.07 0.11 0.08 0.15 0.25
0.10 0.17 0.08 0.06 0.17 0.14 0.25 0.25
0.04 0.08 0.03 0.02 0.06 0.06 0.11 0.09
0.07 0.09 0.06 0.05 0.11 0.08 0.21 0.19
0.04 0.09 0.04 0.06 0.06 0.07 0.12 0.21
0.12 0.20 0.09 0.06 0.19 0.16 0.28 0.23
0.04 0.08 0.03 0.03 0.05 0.05 0.09 0.08
0.08 0.13 0.07 0.04 0.11 0.09 0.19 0.14
0.05 0.09 0.04 0.08 0.08 0.06 0.09 0.27
0.12 0.21 0.10 0.06 0.17 0.14 0.28 0.21
0.05 0.07 0.05 0.04 0.06 0.04 0.12 0.13
0.09 0.15 0.07 0.06 0.11 0.09 0.17 0.18
0.05 0.08 0.06 0.06 0.06 0.04 0.11 0.17
0.13 0.21 0.11 0.08 0.14 0.10 0.23 0.23
0.03 0.06 0.02 0.05 0.03 0.03 0.05 0.14
0.09 0.14 0.08 0.07 0.08 0.06 0.14 0.16
0.03 0.05 0.04 0.04 0.03 0.02 0.06 0.09
0.12 0.19 0.12 0.06 0.12 0.09 0.24 0.14
0.04 0.09 0.04 0.05 0.05 0.05 0.10 0.14
0.05 0.09 0.05 0.03 0.06 0.06 0.11 0.08
0.07 0.16 0.05 0.05 0.10 0.11 0.12 0.14
0.07 0.11 0.04 0.06 0.13 0.11 0.14 0.23
0.06 0.13 0.05 0.02 0.15 0.16 0.21 0.11
0.06 0.12 0.04 0.03 0.20 0.21 0.20 0.19
0.07 0.13 0.04 0.06 0.24 0.24 0.22 0.32
0.05 0.07 0.02 0.05 0.15 0.13 0.12 0.29
0.09 0.16 0.06 0.05 0.28 0.28 0.27 0.29
0.06 0.10 0.03 0.08 0.20 0.18 0.13 0.42
0.07 0.11 0.04 0.06 0.18 0.17 0.16 0.31
0.12 0.16 0.05 0.15 0.35 0.27 0.23 0.72
0.07 0.14 0.02 0.06 0.24 0.26 0.12 0.32
0.16 0.27 0.13 0.08 0.47 0.47 0.52 0.40
0.10 0.19 0.08 0.04 0.29 0.32 0.34 0.17
0.11 0.24 0.07 0.04 0.31 0.39 0.28 0.17
0.16 0.26 0.09 0.12 0.42 0.42 0.37 0.48
0.14 0.23 0.08 0.12 0.38 0.37 0.32 0.50
0.22 0.30 0.09 0.27 0.53 0.44 0.35 0.90
0.11 0.17 0.05 0.11 0.28 0.26 0.18 0.44
0.23 0.36 0.12 0.21 0.58 0.55 0.47 0.77
0.14 0.19 0.07 0.15 0.34 0.29 0.28 0.55
0.10 0.18 0.03 0.14 0.23 0.23 0.11 0.46
0.16 0.26 0.10 0.14 0.38 0.36 0.33 0.49
0.18 0.24 0.04 0.25 0.37 0.31 0.13 0.76
0.19 0.25 0.06 0.27 0.38 0.31 0.18 0.78
0.10 0.19 0.03 0.12 0.20 0.22 0.08 0.30
0.47 0.62 0.25 0.54 0.79 0.65 0.63 1.26
0.51 0.73 0.25 0.56 0.83 0.74 0.64 1.18
0.40 0.51 0.11 0.58 0.65 0.54 0.29 1.15
0.33 0.46 0.15 0.39 0.48 0.43 0.36 0.65
0.39 0.59 0.26 0.34 0.62 0.58 0.61 0.73
0.57 0.64 0.21 0.88 0.82 0.62 0.49 1.39
0.43 0.63 0.26 0.40 0.62 0.58 0.56 0.75
0.37 0.44 0.19 0.48 0.45 0.36 0.38 0.65
0.38 0.52 0.14 0.51 0.53 0.45 0.32 0.88
0.66 0.80 0.18 1.02 0.91 0.68 0.47 1.66
0.30 0.52 0.10 0.29 0.49 0.49 0.27 0.73
0.21 0.40 0.10 0.14 0.40 0.44 0.33 0.37
0.11 0.21 0.05 0.06 0.34 0.36 0.23 0.53
0.09 0.23 0.04 0.01 0.51 0.57 0.37 0.26
0.06 0.13 0.03 0.01 0.32 0.35 0.25 0.26
0.07 0.16 0.03 0.01 0.38 0.41 0.34 0.25
0.06 0.14 0.02 0.01 0.32 0.36 0.24 0.22
0.10 0.24 0.04 0.01 0.50 0.55 0.38 0.25
0.06 0.16 0.03 0.01 0.37 0.41 0.30 0.26
0.08 0.20 0.03 0.01 0.43 0.49 0.29 0.19
0.09 0.20 0.05 0.01 0.46 0.49 0.40 0.32
0.10 0.25 0.05 0.01 0.49 0.55 0.39 0.22
0.09 0.22 0.05 0.01 0.46 0.50 0.42 0.18
0.08 0.20 0.04 0.01 0.41 0.47 0.30 0.14
0.06 0.17 0.03 0.01 0.33 0.37 0.26 0.21
0.10 0.24 0.03 0.01 0.43 0.48 0.27 0.25
0.09 0.22 0.04 0.01 0.41 0.46 0.27 0.28
0.08 0.20 0.03 0.01 0.37 0.42 0.25 0.34
0.13 0.33 0.06 0.02 0.56 0.61 0.44 0.33
0.12 0.29 0.06 0.01 0.54 0.58 0.47 0.35
0.13 0.35 0.05 0.01 0.54 0.64 0.31 0.22
0.16 0.43 0.05 0.01 0.66 0.79 0.37 0.18
0.15 0.39 0.05 0.01 0.55 0.65 0.38 0.16
0.17 0.44 0.05 0.01 0.60 0.70 0.33 0.24
0.14 0.38 0.04 0.01 0.53 0.63 0.26 0.22
0.16 0.43 0.04 0.02 0.56 0.67 0.25 0.32
0.18 0.45 0.07 0.02 0.60 0.67 0.42 0.43
0.19 0.49 0.07 0.02 0.58 0.66 0.40 0.30
0.17 0.45 0.06 0.01 0.54 0.62 0.36 0.19
0.20 0.51 0.06 0.02 0.60 0.68 0.36 0.35
0.21 0.52 0.08 0.03 0.63 0.70 0.43 0.51
0.19 0.51 0.06 0.02 0.56 0.65 0.31 0.35
0.24 0.61 0.07 0.02 0.67 0.77 0.36 0.35
0.26 0.68 0.09 0.03 0.68 0.77 0.42 0.38
0.27 0.67 0.10 0.03 0.65 0.73 0.43 0.37
0.32 0.84 0.11 0.02 0.75 0.85 0.49 0.29
0.25 0.66 0.08 0.02 0.63 0.72 0.38 0.28
0.27 0.71 0.09 0.03 0.68 0.77 0.45 0.34
0.29 0.77 0.10 0.02 0.76 0.85 0.50 0.35
0.31 0.81 0.11 0.02 0.85 0.94 0.60 0.33
0.22 0.58 0.07 0.02 0.70 0.80 0.44 0.35
0.22 0.59 0.07 0.02 0.71 0.81 0.45 0.32
0.19 0.49 0.06 0.03 0.66 0.73 0.43 0.51
0.19 0.49 0.05 0.02 0.59 0.67 0.33 0.34
0.15 0.41 0.04 0.02 0.62 0.71 0.34 0.30
0.11 0.31 0.03 0.01 0.49 0.58 0.25 0.24
0.12 0.32 0.04 0.02 0.54 0.61 0.36 0.38
0.16 0.43 0.04 0.02 0.63 0.72 0.36 0.32
0.16 0.44 0.03 0.02 0.59 0.71 0.23 0.29
