0.00 0.00 0.00 0.00 0.00 0.00 0.00 0.00
0.00 0.00 0.00 0.00 0.00 0.00 0.00 0.00
0.00 0.00 0.00 0.00 0.00 0.00 0.00 0.00
0.00 0.00 0.00 0.00 0.00 0.00 0.00 0.00
0.00 0.00 0.00 0.00 0.00 0.00 0.00 0.00
0.00 0.00 0.00 0.00 0.00 0.00 0.00 0.01
0.00 0.00 0.00 0.00 0.00 0.00 0.00 0.00
0.00 0.00 0.00 0.00 0.00 0.00 0.00 0.00
0.00 0.00 0.00 0.00 0.00 0.00 0.00 0.00
0.00 0.00 0.00 0.00 0.00 0.00 0.00 0.00
0.00 0.00 0.00 0.00 0.00 0.00 0.00 0.00
0.00 0.00 0.00 0.00 0.00 0.00 0.00 0.00
0.00 0.00 0.00 0.00 0.00 0.00 0.00 0.00
0.00 0.00 0.00 0.00 0.00 0.00 0.00 0.00
0.00 0.00 0.00 0.00 0.00 0.00 0.00 0.00
0.00 0.00 0.00 0.00 0.00 0.00 0.00 0.00
0.00 0.00 0.00 0.00 0.00 0.00 0.00 0.01
0.00 0.00 0.00 0.00 0.00 0.00 0.00 0.00
0.00 0.00 0.00 0.00 0.00 0.00 0.00 0.00
0.00 0.00 0.00 0.00 0.00 0.00 0.00 0.00
0.00 0.00 0.00 0.00 0.00 0.00 0.00 0.01
0.00 0.01 0.00 0.00 0.00 0.00 0.00 0.01
0.00 0.00 0.00 0.00 0.00 0.00 0.00 0.02
0.00 0.00 0.00 0.00 0.00 0.00 0.00 0.00
0.00 0.00 0.00 0.00 0.00 0.00 0.00 0.02
0.00 0.00 0.00 0.00 0.00 0.00 0.00 0.00
0.00 0.00 0.00 0.00 0.00 0.00 0.00 0.01
0.00 0.00 0.00 0.00 0.00 0.00 0.00 0.00
0.00 0.00 0.00 0.00 0.00 0.00 0.00 0.01
0.00 0.00 0.00 0.00 0.00 0.00 0.00 0.01
0.00 0.00 0.00 0.00 0.00 0.00 0.00 0.01
0.00 0.00 0.00 0.00 0.00 0.00 0.00 0.00
0.00 0.00 0.00 0.00 0.00 0.00 0.01 0.00
0.00 0.00 0.00 0.00 0.00 0.00 0.00 0.00
0.00 0.00 0.00 0.00 0.00 0.00 0.01 0.00
0.00 0.00 0.00 0.00 0.00 0.00 0.00 0.00
0.00 0.00 0.00 0.00 0.00 0.00 0.00 0.00
0.00 0.00 0.00 0.00 0.00 0.00 0.00 0.00
0.00 0.00 0.00 0.00 0.00 0.00 0.00 0.00
0.00 0.00 0.00 0.00 0.00 0.00 0.00 0.00
0.00 0.00 0.00 0.00 0.00 0.00 0.00 0.00
0.00 0.00 0.00 0.00 0.00 0.00 0.01 0.00
0.00 0.00 0.00 0.00 0.00 0.00 0.00 0.00
0.00 0.00 0.00 0.00 0.00 0.00 0.00 0.00
0.00 0.00 0.00 0.00 0.00 0.00 0.00 0.00
0.00 0.00 0.00 0.00 0.00 0.00 0.00 0.00
0.00 0.00 0.00 0.00 0.00 0.00 0.00 0.00
0.00 0.00 0.00 0.00 0.00 0.00 0.00 0.00
0.00 0.00 0.00 0.00 0.00 0.00 0.00 0.00
0.00 0.00 0.00 0.00 0.00 0.00 0.00 0.01
0.00 0.00 0.00 0.00 0.00 0.00 0.00 0.01
0.00 0.00 0.00 0.00 0.00 0.00 0.00 0.00
0.00 0.00 0.00 0.00 0.00 0.00 0.00 0.00
0.00 0.00 0.00 0.00 0.00 0.00 0.00 0.00
0.00 0.01 0.00 0.00 0.00 0.00 0.00 0.00
0.00 0.01 0.00 0.00 0.00 0.00 0.00 0.00
0.00 0.00 0.00 0.00 0.00 0.00 0.00 0.00
0.00 0.01 0.00 0.00 0.00 0.00 0.00 0.00
0.00 0.00 0.00 0.00 0.00 0.00 0.00 0.00
0.00 0.01 0.00 0.00 0.00 0.00 0.00 0.00
0.00 0.00 0.00 0.00 0.00 0.00 0.00 0.00
0.00 0.00 0.00 0.00 0.00 0.00 0.00 0.00
0.00 0.00 0.00 0.00 0.00 0.00 0.00 0.00
0.00 0.00 0.00 0.00 0.00 0.00 0.00 0.00
0.00 0.00 0.00 0.00 0.00 0.00 0.00 0.00
0.00 0.00 0.00 0.00 0.00 0.00 0.00 0.00
0.00 0.00 0.00 0.00 0.00 0.00 0.00 0.00
0.00 0.00 0.00 0.00 0.00 0.00 0.00 0.00
0.00 0.00 0.00 0.00 0.00 0.00 0.01 0.02
0.00 0.00 0.00 0.00 0.00 0.00 0.00 0.01
0.00 0.00 0.00 0.00 0.00 0.00 0.00 0.00
0.00 0.00 0.00 0.00 0.00 0.00 0.01 0.00
0.00 0.00 0.00 0.00 0.00 0.00 0.00 0.00
0.00 0.00 0.00 0.00 0.00 0.00 0.00 0.00
0.00 0.00 0.00 0.00 0.00 0.00 0.03 0.01
0.00 0.00 0.00 0.00 0.00 0.00 0.00 0.01
0.00 0.00 0.00 0.00 0.00 0.00 0.00 0.01
0.00 0.00 0.00 0.00 0.00 0.00 0.01 0.01
0.00 0.00 0.00 0.00 0.00 0.00 0.00 0.00
0.00 0.00 0.00 0.00 0.00 0.00 0.01 0.00
0.00 0.00 0.00 0.00 0.00 0.00 0.01 0.01
0.00 0.00 0.00 0.00 0.00 0.00 0.00 0.00
0.00 0.00 0.00 0.00 0.00 0.00 0.00 0.01
0.00 0.00 0.00 0.00 0.00 0.00 0.00 0.00
0.00 0.00 0.00 0.00 0.00 0.00 0.00 0.00
0.00 0.01 0.00 0.00 0.00 0.00 0.00 0.00
0.00 0.00 0.00 0.00 0.00 0.00 0.00 0.01
0.00 0.00 0.00 0.00 0.00 0.00 0.00 0.00
0.00 0.00 0.00 0.00 0.00 0.00 0.00 0.01
0.00 0.00 0.00 0.00 0.00 0.00 0.00 0.00
0.00 0.00 0.00 0.00 0.00 0.00 0.00 0.00
0.00 0.01 0.00 0.00 0.00 0.00 0.00 0.00
0.00 0.00 0.00 0.00 0.00 0.00 0.01 0.00
0.00 0.00 0.00 0.00 0.00 0.00 0.00 0.00
0.00 0.00 0.00 0.00 0.00 0.00 0.00 0.00
0.00 0.00 0.00 0.00 0.00 0.00 0.00 0.00
0.00 0.01 0.00 0.00 0.00 0.01 0.00 0.01
0.00 0.00 0.00 0.00 0.00 0.00 0.01 0.00
0.00 0.00 0.00 0.00 0.00 0.00 0.00 0.00
0.00 0.00 0.00 0.00 0.00 0.00 0.00 0.01
0.00 0.00 0.00 0.00 0.00 0.00 0.00 0.01
0.00 0.00 0.00 0.00 0.00 0.00 0.02 0.00
0.00 0.00 0.00 0.00 0.00 0.00 0.00 0.01
0.00 0.00 0.00 0.00 0.00 0.00 0.01 0.01
0.00 0.01 0.00 0.00 0.02 0.03 0.02 0.02
0.00 0.00 0.00 0.00 0.00 0.01 0.00 0.01
0.00 0.00 0.00 0.00 0.01 0.01 0.01 0.00
0.00 0.00 0.00 0.00 0.00 0.00 0.00 0.01
0.00 0.01 0.00 0.00 0.01 0.01 0.01 0.00
0.00 0.00 0.00 0.00 0.00 0.00 0.00 0.00
0.00 0.00 0.00 0.00 0.01 0.01 0.01 0.00
0.00 0.01 0.00 0.00 0.01 0.02 0.01 0.00
0.00 0.01 0.00 0.00 0.01 0.02 0.00 0.01
0.00 0.01 0.00 0.00 0.01 0.02 0.01 0.03
0.00 0.00 0.00 0.00 0.00 0.00 0.01 0.01
0.00 0.01 0.00 0.00 0.01 0.01 0.01 0.00
0.00 0.01 0.00 0.00 0.01 0.01 0.00 0.00
0.00 0.02 0.00 0.00 0.02 0.03 0.00 0.00
0.00 0.01 0.00 0.00 0.01 0.01 0.00 0.02
0.00 0.01 0.00 0.00 0.02 0.02 0.01 0.01
0.00 0.02 0.00 0.00 0.03 0.04 0.02 0.01
0.00 0.03 0.00 0.00 0.02 0.03 0.01 0.00
0.01 0.08 0.00 0.00 0.07 0.10 0.02 0.01
0.01 0.06 0.00 0.00 0.06 0.07 0.04 0.00
0.01 0.05 0.00 0.00 0.05 0.06 0.03 0.00
0.02 0.10 0.01 0.00 0.08 0.09 0.09 0.02
0.01 0.10 0.00 0.00 0.07 0.09 0.03 0.01
0.03 0.19 0.00 0.00 0.13 0.17 0.06 0.02
0.02 0.16 0.00 0.00 0.08 0.12 0.02 0.01
0.02 0.11 0.01 0.00 0.07 0.07 0.10 0.01
0.07 0.41 0.01 0.00 0.19 0.24 0.15 0.01
0.07 0.42 0.01 0.00 0.18 0.23 0.12 0.01
0.04 0.23 0.01 0.00 0.11 0.13 0.09 0.01
0.04 0.23 0.01 0.00 0.09 0.11 0.11 0.01
0.05 0.29 0.01 0.00 0.11 0.13 0.09 0.02
0.06 0.39 0.01 0.00 0.15 0.19 0.08 0.03
0.04 0.25 0.00 0.00 0.10 0.14 0.04 0.01
0.03 0.19 0.00 0.00 0.07 0.09 0.03 0.00
0.03 0.19 0.00 0.00 0.09 0.12 0.05 0.01
0.01 0.05 0.00 0.00 0.03 0.03 0.04 0.02
0.00 0.00 0.00 0.00 0.00 0.00 0.02 0.01
0.00 0.01 0.00 0.00 0.00 0.01 0.01 0.02
0.00 0.02 0.00 0.00 0.03 0.02 0.05 0.06
0.00 0.00 0.00 0.00 0.00 0.00 0.01 0.00
0.00 0.00 0.00 0.00 0.01 0.00 0.03 0.04
0.00 0.00 0.00 0.00 0.01 0.00 0.01 0.06
0.01 0.01 0.00 0.00 0.05 0.03 0.12 0.26
0.00 0.00 0.00 0.00 0.00 0.00 0.03 0.02
0.00 0.00 0.00 0.00 0.00 0.00 0.05 0.06
0.00 0.00 0.00 0.00 0.00 0.00 0.02 0.01
0.00 0.01 0.00 0.00 0.04 0.02 0.14 0.19
0.00 0.00 0.00 0.00 0.00 0.00 0.01 0.02
0.00 0.00 0.00 0.00 0.00 0.00 0.02 0.00
0.00 0.00 0.00 0.00 0.00 0.00 0.01 0.00
0.00 0.02 0.00 0.00 0.02 0.02 0.05 0.05
0.00 0.00 0.00 0.00 0.00 0.00 0.00 0.01
0.00 0.00 0.00 0.00 0.01 0.00 0.05 0.06
0.00 0.00 0.00 0.00 0.00 0.00 0.02 0.00
0.00 0.01 0.00 0.00 0.01 0.01 0.05 0.04
0.00 0.01 0.00 0.00 0.01 0.01 0.01 0.02
0.00 0.00 0.00 0.00 0.00 0.00 0.00 0.01
0.00 0.01 0.00 0.00 0.01 0.01 0.01 0.03
0.00 0.01 0.00 0.00 0.01 0.01 0.02 0.02
0.00 0.00 0.00 0.00 0.00 0.00 0.00 0.00
0.00 0.01 0.00 0.00 0.01 0.01 0.01 0.02
0.00 0.01 0.00 0.00 0.01 0.00 0.02 0.03
0.00 0.00 0.00 0.00 0.00 0.00 0.01 0.03
0.00 0.00 0.00 0.00 0.00 0.00 0.00 0.01
0.01 0.04 0.00 0.00 0.02 0.01 0.02 0.04
0.00 0.02 0.00 0.00 0.00 0.01 0.01 0.01
0.00 0.00 0.00 0.00 0.00 0.00 0.01 0.02
0.00 0.00 0.00 0.00 0.00 0.00 0.00 0.01
0.01 0.05 0.00 0.00 0.02 0.01 0.02 0.08
0.00 0.00 0.00 0.00 0.00 0.00 0.01 0.00
0.00 0.01 0.00 0.00 0.00 0.00 0.01 0.02
0.00 0.01 0.00 0.00 0.00 0.00 0.00 0.00
0.00 0.00 0.00 0.00 0.00 0.00 0.01 0.00
0.01 0.04 0.00 0.00 0.02 0.01 0.04 0.08
0.00 0.01 0.00 0.00 0.00 0.00 0.01 0.00
0.00 0.02 0.00 0.00 0.02 0.01 0.02 0.05
0.00 0.01 0.00 0.00 0.02 0.01 0.03 0.09
0.01 0.03 0.00 0.00 0.04 0.04 0.09 0.08
0.00 0.00 0.00 0.00 0.00 0.00 0.02 0.01
0.00 0.01 0.00 0.00 0.02 0.01 0.04 0.07
0.00 0.01 0.00 0.00 0.01 0.01 0.01 0.04
0.01 0.03 0.01 0.00 0.05 0.04 0.07 0.07
0.00 0.00 0.00 0.00 0.01 0.00 0.01 0.02
0.01 0.03 0.00 0.00 0.03 0.03 0.01 0.06
0.00 0.01 0.00 0.00 0.02 0.01 0.01 0.05
0.01 0.04 0.01 0.00 0.05 0.04 0.08 0.08
0.00 0.00 0.00 0.00 0.00 0.00 0.01 0.01
0.00 0.01 0.00 0.00 0.01 0.01 0.02 0.02
0.00 0.00 0.00 0.00 0.00 0.00 0.01 0.01
0.01 0.03 0.00 0.00 0.03 0.03 0.03 0.05
0.00 0.01 0.00 0.00 0.01 0.00 0.01 0.02
0.01 0.02 0.00 0.00 0.02 0.02 0.04 0.04
0.00 0.01 0.00 0.00 0.01 0.00 0.02 0.07
0.01 0.03 0.00 0.01 0.03 0.02 0.03 0.09
0.00 0.00 0.00 0.00 0.00 0.00 0.01 0.01
0.01 0.01 0.00 0.00 0.01 0.01 0.02 0.06
0.00 0.01 0.00 0.00 0.01 0.00 0.01 0.05
0.02 0.06 0.01 0.00 0.04 0.04 0.07 0.06
0.00 0.00 0.00 0.00 0.00 0.00 0.00 0.01
0.01 0.02 0.00 0.00 0.01 0.01 0.04 0.02
0.00 0.01 0.00 0.01 0.01 0.00 0.02 0.10
0.02 0.05 0.01 0.01 0.03 0.02 0.06 0.08
0.00 0.01 0.00 0.00 0.00 0.00 0.01 0.03
0.01 0.03 0.00 0.00 0.01 0.01 0.01 0.02
0.00 0.00 0.00 0.00 0.00 0.00 0.01 0.02
0.02 0.08 0.01 0.00 0.03 0.02 0.05 0.04
0.00 0.00 0.00 0.00 0.00 0.00 0.01 0.01
0.01 0.02 0.00 0.00 0.01 0.00 0.01 0.02
0.00 0.00 0.00 0.00 0.00 0.00 0.00 0.01
0.02 0.06 0.01 0.00 0.02 0.01 0.04 0.01
0.00 0.00 0.00 0.00 0.00 0.00 0.00 0.01
0.00 0.01 0.00 0.00 0.01 0.00 0.02 0.01
0.00 0.00 0.00 0.00 0.00 0.00 0.01 0.01
0.01 0.02 0.00 0.00 0.02 0.02 0.04 0.04
0.00 0.00 0.00 0.00 0.00 0.00 0.01 0.01
0.00 0.00 0.00 0.00 0.00 0.00 0.01 0.00
0.00 0.00 0.00 0.00 0.01 0.00 0.01 0.02
0.00 0.00 0.00 0.00 0.01 0.01 0.01 0.01
0.00 0.00 0.00 0.00 0.01 0.01 0.02 0.00
0.00 0.00 0.00 0.00 0.00 0.00 0.01 0.03
0.00 0.00 0.00 0.00 0.00 0.00 0.01 0.02
0.00 0.00 0.00 0.00 0.00 0.00 0.02 0.00
0.00 0.00 0.00 0.00 0.01 0.01 0.02 0.01
0.00 0.00 0.00 0.00 0.00 0.00 0.00 0.01
0.00 0.00 0.00 0.00 0.00 0.00 0.01 0.01
0.00 0.00 0.00 0.00 0.00 0.00 0.00 0.01
0.00 0.00 0.00 0.00 0.00 0.00 0.00 0.01
0.00 0.00 0.00 0.00 0.00 0.00 0.00 0.01
0.00 0.00 0.00 0.00 0.00 0.00 0.00 0.01
0.00 0.00 0.00 0.00 0.00 0.00 0.00 0.02
0.00 0.00 0.00 0.00 0.00 0.01 0.00 0.00
0.00 0.00 0.00 0.00 0.00 0.00 0.01 0.00
0.00 0.00 0.00 0.00 0.00 0.00 0.02 0.00
0.00 0.00 0.00 0.00 0.00 0.00 0.01 0.01
0.00 0.01 0.00 0.00 0.01 0.01 0.02 0.01
0.00 0.01 0.00 0.00 0.01 0.01 0.01 0.01
0.00 0.01 0.00 0.00 0.01 0.02 0.03 0.01
0.00 0.00 0.00 0.00 0.00 0.00 0.01 0.00
0.01 0.02 0.00 0.00 0.01 0.01 0.01 0.01
0.00 0.01 0.00 0.00 0.00 0.01 0.01 0.00
0.00 0.01 0.00 0.00 0.01 0.01 0.01 0.00
0.00 0.00 0.00 0.00 0.00 0.00 0.00 0.01
0.00 0.02 0.00 0.00 0.01 0.01 0.01 0.00
0.01 0.02 0.00 0.00 0.01 0.01 0.02 0.00
0.00 0.01 0.00 0.00 0.00 0.00 0.02 0.00
0.01 0.04 0.01 0.00 0.02 0.02 0.04 0.01
0.00 0.00 0.00 0.00 0.00 0.00 0.00 0.00
0.00 0.00 0.00 0.00 0.00 0.00 0.00 0.00
0.00 0.01 0.00 0.00 0.00 0.01 0.01 0.00
0.00 0.00 0.00 0.00 0.00 0.00 0.01 0.00
0.00 0.00 0.00 0.00 0.00 0.01 0.00 0.00
0.00 0.01 0.00 0.00 0.02 0.03 0.00 0.00
0.00 0.01 0.00 0.00 0.03 0.03 0.02 0.00
0.00 0.01 0.00 0.00 0.03 0.04 0.02 0.01
0.00 0.01 0.00 0.00 0.03 0.04 0.02 0.00
0.00 0.01 0.00 0.00 0.04 0.05 0.02 0.01
0.00 0.01 0.00 0.00 0.03 0.04 0.03 0.00
0.00 0.01 0.00 0.00 0.02 0.03 0.01 0.01
0.00 0.01 0.00 0.00 0.04 0.04 0.04 0.01
0.00 0.01 0.00 0.00 0.03 0.04 0.02 0.02
0.00 0.01 0.00 0.00 0.03 0.03 0.03 0.01
0.00 0.03 0.00 0.00 0.07 0.09 0.05 0.00
0.00 0.01 0.00 0.00 0.03 0.03 0.04 0.01
0.00 0.01 0.00 0.00 0.03 0.04 0.03 0.00
0.00 0.02 0.00 0.00 0.05 0.06 0.05 0.01
0.00 0.01 0.00 0.00 0.01 0.02 0.01 0.01
0.01 0.05 0.00 0.00 0.09 0.13 0.02 0.01
0.01 0.06 0.00 0.00 0.11 0.15 0.04 0.02
0.01 0.05 0.00 0.00 0.09 0.11 0.05 0.01
0.01 0.08 0.00 0.00 0.10 0.14 0.01 0.01
0.01 0.08 0.00 0.00 0.10 0.13 0.05 0.00
0.02 0.15 0.00 0.00 0.21 0.27 0.10 0.04
0.01 0.06 0.00 0.00 0.09 0.10 0.09 0.06
0.02 0.13 0.00 0.00 0.16 0.20 0.05 0.02
0.02 0.13 0.00 0.00 0.13 0.15 0.11 0.01
0.02 0.11 0.01 0.00 0.15 0.16 0.13 0.02
0.03 0.18 0.01 0.00 0.17 0.20 0.11 0.04
0.02 0.12 0.01 0.00 0.14 0.16 0.12 0.02
0.04 0.25 0.01 0.00 0.21 0.25 0.15 0.06
0.03 0.16 0.01 0.00 0.15 0.18 0.12 0.05
0.06 0.39 0.01 0.00 0.25 0.32 0.11 0.02
0.09 0.56 0.01 0.00 0.37 0.45 0.20 0.06
0.06 0.38 0.01 0.00 0.21 0.25 0.12 0.03
0.07 0.46 0.01 0.00 0.29 0.36 0.19 0.02
0.07 0.47 0.01 0.00 0.26 0.33 0.11 0.01
0.08 0.55 0.01 0.00 0.32 0.41 0.13 0.03
0.05 0.35 0.01 0.00 0.25 0.28 0.22 0.02
0.03 0.22 0.00 0.00 0.18 0.23 0.07 0.02
0.03 0.15 0.01 0.00 0.18 0.18 0.24 0.09
0.01 0.04 0.00 0.00 0.05 0.05 0.07 0.05
0.02 0.09 0.01 0.00 0.11 0.11 0.21 0.06
0.00 0.02 0.00 0.00 0.04 0.04 0.10 0.04
0.00 0.01 0.00 0.00 0.03 0.03 0.07 0.03
0.00 0.00 0.00 0.00 0.01 0.01 0.05 0.07
0.00 0.00 0.00 0.00 0.00 0.00 0.03 0.03
0.00 0.00 0.00 0.00 0.00 0.00 0.02 0.06
