2.12 4.68 1.10 0.59 44.86 41.43 47.73 50.41
1.96 4.34 1.02 0.52 45.21 41.76 48.05 50.96
2.04 4.48 1.09 0.54 45.04 41.62 47.74 50.80
2.16 4.85 1.11 0.53 44.78 41.27 47.69 50.91
2.40 5.24 1.28 0.68 44.33 40.94 47.05 49.82
2.17 4.79 1.14 0.59 44.76 41.33 47.58 50.42
2.33 5.11 1.23 0.65 44.46 41.05 47.25 50.01
2.41 5.30 1.28 0.64 44.32 40.89 47.04 50.09
2.63 5.83 1.32 0.74 43.92 40.47 46.91 49.44
2.65 5.88 1.35 0.71 43.90 40.44 46.83 49.64
2.46 5.48 1.24 0.66 44.23 40.75 47.21 49.97
2.88 6.47 1.38 0.78 43.54 40.02 46.72 49.22
2.77 6.22 1.43 0.66 43.71 40.19 46.58 49.92
3.13 7.07 1.54 0.79 43.17 39.64 46.26 49.15
2.87 6.51 1.39 0.70 43.56 39.99 46.72 49.71
3.41 7.76 1.65 0.81 42.81 39.23 45.95 49.05
3.16 7.26 1.52 0.69 43.13 39.52 46.29 49.71
3.64 8.36 1.70 0.85 42.52 38.91 45.82 48.83
3.46 8.04 1.63 0.70 42.74 39.08 46.01 49.65
4.02 9.38 1.81 0.86 42.09 38.41 45.56 48.80
3.64 8.59 1.59 0.75 42.52 38.79 46.10 49.41
3.82 9.03 1.63 0.82 42.30 38.58 46.01 48.98
3.25 7.60 1.42 0.75 43.01 39.32 46.61 49.41
3.33 7.70 1.47 0.84 42.90 39.26 46.47 48.87
2.66 6.05 1.28 0.64 43.89 40.32 47.05 50.09
2.55 5.67 1.31 0.67 44.07 40.59 46.98 49.90
1.82 3.87 0.97 0.60 45.54 42.25 48.27 50.34
1.74 3.51 1.01 0.71 45.72 42.69 48.10 49.58
1.48 2.95 0.84 0.64 46.43 43.43 48.88 50.05
1.68 3.29 0.95 0.80 45.87 42.96 48.34 49.08
1.51 2.99 0.87 0.68 46.33 43.37 48.70 49.84
1.84 3.60 1.05 0.90 45.47 42.57 47.93 48.61
1.85 3.61 1.06 0.88 45.45 42.56 47.86 48.66
2.09 4.12 1.13 1.01 44.93 41.98 47.60 48.07
1.99 3.94 1.09 0.94 45.15 42.18 47.77 48.40
2.47 4.82 1.32 1.28 44.20 41.30 46.95 47.06
2.34 4.75 1.24 1.05 44.43 41.37 47.20 47.93
2.37 4.69 1.24 1.17 44.38 41.42 47.18 47.43
2.24 4.39 1.24 1.07 44.63 41.71 47.17 47.81
2.84 5.61 1.49 1.41 43.60 40.64 46.40 46.63
2.50 4.97 1.37 1.16 44.15 41.17 46.75 47.49
2.88 5.95 1.44 1.26 43.52 40.39 46.55 47.11
2.68 5.40 1.39 1.25 43.85 40.80 46.71 47.17
3.29 6.82 1.57 1.49 42.95 39.79 46.17 46.39
3.12 6.51 1.57 1.29 43.19 40.00 46.18 47.04
3.51 7.31 1.74 1.47 42.67 39.49 45.71 46.44
3.12 6.45 1.62 1.28 43.19 40.03 46.03 47.05
3.95 8.19 2.00 1.66 42.16 38.99 45.12 45.94
3.40 7.28 1.59 1.33 42.82 39.51 46.13 46.88
3.66 7.60 1.80 1.60 42.49 39.32 45.59 46.09
3.93 8.41 1.83 1.55 42.19 38.88 45.52 46.23
4.45 9.26 2.16 1.92 41.65 38.47 44.78 45.31
4.03 8.52 1.90 1.67 42.07 38.82 45.34 45.89
4.37 9.22 2.11 1.77 41.73 38.48 44.88 45.66
4.29 9.19 1.99 1.68 41.81 38.50 45.15 45.87
5.05 10.77 2.23 2.13 41.10 37.81 44.64 44.84
4.75 10.32 2.09 1.84 41.37 37.99 44.94 45.48
4.94 10.51 2.21 2.10 41.20 37.92 44.70 44.91
5.12 10.96 2.30 2.09 41.04 37.73 44.52 44.93
6.45 13.94 2.81 2.62 40.03 36.69 43.65 43.96
5.18 10.99 2.46 2.09 40.99 37.72 44.22 44.92
6.00 12.95 2.67 2.37 40.35 37.01 43.86 44.39
6.00 12.76 2.64 2.60 40.35 37.07 43.92 43.98
6.23 13.13 2.82 2.73 40.19 36.95 43.62 43.77
5.09 10.57 2.45 2.27 41.06 37.89 44.24 44.57
4.07 8.45 1.99 1.75 42.04 38.86 45.14 45.69
3.00 6.12 1.44 1.45 43.35 40.26 46.54 46.53
2.30 4.56 1.13 1.22 44.51 41.54 47.61 47.29
1.37 2.50 0.75 0.84 46.77 44.15 49.35 48.89
1.50 2.60 0.84 1.07 46.36 43.97 48.87 47.85
1.45 2.59 0.85 0.92 46.51 44.00 48.86 48.47
1.62 2.68 0.92 1.26 46.03 43.85 48.47 47.13
1.46 2.53 0.85 1.00 46.48 44.10 48.82 48.11
1.77 2.98 0.98 1.34 45.66 43.40 48.21 46.86
1.53 2.58 0.91 1.11 46.27 44.02 48.52 47.66
1.80 3.03 1.06 1.29 45.59 43.32 47.86 47.02
1.69 2.89 1.08 1.11 45.84 43.52 47.77 47.67
1.97 3.34 1.13 1.44 45.19 42.90 47.59 46.54
1.95 3.35 1.17 1.32 45.23 42.88 47.45 46.91
2.12 3.52 1.28 1.55 44.87 42.67 47.04 46.23
2.02 3.43 1.27 1.36 45.07 42.78 47.09 46.80
2.46 4.14 1.55 1.68 44.22 41.96 46.23 45.88
2.15 3.75 1.32 1.40 44.80 42.39 46.94 46.67
2.38 4.08 1.53 1.53 44.36 42.03 46.29 46.27
2.32 4.02 1.51 1.42 44.48 42.09 46.34 46.60
2.83 4.87 1.73 1.88 43.62 41.26 45.75 45.39
2.49 4.31 1.65 1.53 44.16 41.78 45.97 46.28
2.84 4.81 1.83 1.89 43.60 41.31 45.52 45.36
2.63 4.53 1.69 1.66 43.94 41.57 45.85 45.93
3.27 5.52 2.04 2.23 42.99 40.71 45.03 44.64
2.93 5.17 1.96 1.65 43.46 40.99 45.20 45.94
3.44 6.01 2.22 2.10 42.76 40.34 44.67 44.92
3.36 5.85 2.18 2.04 42.87 40.46 44.74 45.03
3.78 6.68 2.26 2.41 42.35 39.88 44.59 44.31
3.37 5.91 2.19 2.02 42.85 40.41 44.73 45.07
3.92 6.88 2.34 2.54 42.20 39.75 44.44 44.08
3.65 6.47 2.16 2.31 42.52 40.03 44.79 44.50
3.84 7.15 2.23 2.15 42.28 39.59 44.65 44.81
3.13 5.91 1.77 1.71 43.17 40.41 45.64 45.80
2.68 5.17 1.50 1.37 43.85 40.99 46.37 46.76
2.18 4.23 1.43 0.88 44.75 41.87 46.58 48.66
1.63 3.41 0.97 0.50 46.02 42.80 48.27 51.15
1.20 2.54 0.72 0.33 47.35 44.08 49.54 52.99
1.22 2.67 0.71 0.30 47.25 43.87 49.63 53.38
1.28 2.78 0.75 0.31 47.07 43.70 49.41 53.29
1.44 3.12 0.83 0.37 46.55 43.20 48.92 52.49
1.31 2.78 0.79 0.36 46.95 43.70 49.14 52.52
1.33 2.89 0.76 0.33 46.91 43.52 49.34 52.95
1.30 2.79 0.75 0.35 47.00 43.68 49.36 52.66
1.49 3.23 0.83 0.42 46.39 43.04 48.94 51.94
1.38 2.96 0.82 0.37 46.72 43.42 49.01 52.39
1.36 2.95 0.76 0.38 46.79 43.44 49.32 52.36
1.37 2.92 0.81 0.39 46.76 43.49 49.04 52.26
1.62 3.49 0.89 0.48 46.04 42.70 48.62 51.35
1.53 3.28 0.89 0.42 46.29 42.97 48.66 51.88
1.52 3.30 0.83 0.41 46.32 42.94 48.93 51.99
1.54 3.39 0.82 0.41 46.25 42.83 49.00 51.98
1.76 3.93 0.89 0.47 45.67 42.19 48.62 51.43
1.65 3.65 0.90 0.40 45.96 42.51 48.58 52.09
1.59 3.53 0.85 0.40 46.11 42.65 48.86 52.07
1.52 3.31 0.85 0.39 46.32 42.94 48.84 52.24
1.77 3.90 0.92 0.49 45.65 42.23 48.49 51.22
1.69 3.69 0.94 0.43 45.86 42.46 48.40 51.81
1.69 3.75 0.91 0.40 45.86 42.39 48.55 52.09
1.64 3.59 0.91 0.42 45.99 42.58 48.53 51.93
1.92 4.26 0.99 0.50 45.30 41.83 48.15 51.18
1.84 4.04 1.04 0.46 45.47 42.07 47.98 51.53
1.83 4.05 1.01 0.44 45.50 42.05 48.10 51.68
2.00 4.42 1.11 0.46 45.13 41.68 47.69 51.49
2.23 5.00 1.16 0.54 44.64 41.15 47.48 50.78
2.24 4.97 1.22 0.53 44.63 41.17 47.26 50.87
2.33 5.23 1.19 0.58 44.45 40.95 47.37 50.52
2.27 5.12 1.18 0.52 44.57 41.05 47.40 50.98
2.55 5.80 1.26 0.59 44.07 40.50 47.12 50.41
2.58 5.87 1.35 0.54 44.02 40.46 46.83 50.85
2.41 5.47 1.24 0.52 44.31 40.76 47.19 51.02
2.40 5.34 1.36 0.49 44.33 40.86 46.79 51.20
2.53 5.73 1.30 0.55 44.11 40.56 46.99 50.73
2.21 4.97 1.19 0.46 44.70 41.18 47.38 51.50
2.14 4.93 1.07 0.43 44.83 41.21 47.82 51.83
1.91 4.35 0.97 0.41 45.33 41.75 48.28 52.04
1.96 4.46 0.94 0.48 45.21 41.64 48.41 51.35
1.85 4.25 0.92 0.39 45.47 41.87 48.52 52.26
1.68 3.86 0.79 0.40 45.87 42.27 49.15 52.07
1.44 3.24 0.72 0.37 46.55 43.03 49.58 52.44
1.61 3.64 0.75 0.45 46.06 42.53 49.36 51.61
1.48 3.30 0.73 0.40 46.44 42.96 49.48 52.13
1.50 3.33 0.74 0.41 46.39 42.90 49.42 52.00
1.48 3.28 0.75 0.42 46.42 42.97 49.39 51.91
1.76 3.94 0.84 0.49 45.69 42.18 48.89 51.25
1.56 3.42 0.80 0.45 46.21 42.79 49.07 51.63
1.59 3.52 0.79 0.47 46.11 42.67 49.16 51.40
1.75 3.94 0.84 0.48 45.70 42.18 48.90 51.37
1.98 4.43 0.92 0.60 45.15 41.67 48.49 50.31
1.90 4.24 0.91 0.53 45.36 41.86 48.53 50.85
1.97 4.38 0.92 0.59 45.20 41.71 48.49 50.43
1.96 4.39 0.94 0.55 45.21 41.71 48.41 50.71
2.20 4.95 1.04 0.62 44.70 41.18 47.95 50.18
2.21 5.00 1.09 0.56 44.68 41.14 47.77 50.65
2.07 4.72 0.97 0.52 44.97 41.39 48.26 50.99
2.35 5.30 1.12 0.63 44.42 40.88 47.65 50.15
2.38 5.44 1.15 0.54 44.37 40.78 47.51 50.77
2.41 5.48 1.17 0.59 44.30 40.75 47.43 50.40
2.70 6.21 1.24 0.66 43.81 40.20 47.19 49.96
2.56 5.85 1.26 0.56 44.05 40.46 47.13 50.62
2.86 6.48 1.38 0.71 43.57 40.01 46.72 49.64
2.74 6.30 1.33 0.58 43.76 40.14 46.88 50.49
3.12 7.19 1.45 0.74 43.18 39.57 46.52 49.45
3.01 6.99 1.41 0.63 43.35 39.69 46.65 50.12
3.50 8.22 1.57 0.70 42.69 38.99 46.16 49.67
3.03 7.06 1.40 0.63 43.32 39.64 46.68 50.16
3.66 8.63 1.65 0.70 42.50 38.77 45.95 49.68
3.49 8.30 1.50 0.68 42.70 38.94 46.39 49.79
4.13 9.73 1.81 0.85 41.97 38.25 45.55 48.84
3.34 7.91 1.43 0.67 42.90 39.15 46.57 49.87
3.70 8.64 1.59 0.86 42.45 38.77 46.10 48.79
3.67 8.60 1.60 0.81 42.49 38.79 46.09 49.07
3.33 7.74 1.50 0.73 42.91 39.25 46.37 49.48
3.27 7.56 1.51 0.72 42.99 39.34 46.35 49.54
2.35 5.24 1.15 0.67 44.42 40.94 47.54 49.89
2.10 4.41 1.10 0.80 44.91 41.69 47.71 49.13
1.98 4.19 1.04 0.73 45.16 41.91 47.97 49.53
2.09 4.33 1.12 0.81 44.93 41.76 47.63 49.05
2.05 4.26 1.08 0.80 45.01 41.84 47.78 49.07
2.19 4.42 1.16 0.98 44.74 41.68 47.49 48.22
2.12 4.28 1.19 0.90 44.86 41.82 47.37 48.59
2.15 4.28 1.20 0.97 44.81 41.82 47.34 48.26
2.08 4.12 1.17 0.93 44.96 41.98 47.45 48.46
2.34 4.66 1.25 1.10 44.44 41.44 47.17 47.74
2.29 4.60 1.27 1.01 44.53 41.50 47.11 48.10
2.34 4.65 1.28 1.09 44.45 41.46 47.07 47.79
2.22 4.48 1.14 1.03 44.67 41.62 47.55 48.01
2.46 4.95 1.26 1.17 44.22 41.19 47.13 47.45
2.37 4.80 1.23 1.06 44.39 41.32 47.23 47.87
2.47 5.09 1.21 1.12 44.21 41.07 47.31 47.66
2.42 4.95 1.24 1.07 44.30 41.19 47.21 47.83
2.58 5.27 1.29 1.20 44.01 40.91 47.04 47.35
2.67 5.42 1.42 1.19 43.86 40.79 46.63 47.39
2.75 5.64 1.40 1.20 43.74 40.62 46.68 47.33
2.70 5.55 1.41 1.12 43.82 40.69 46.65 47.62
2.89 5.89 1.48 1.30 43.52 40.43 46.45 46.98
2.81 5.69 1.51 1.23 43.65 40.58 46.34 47.25
3.17 6.59 1.60 1.32 43.12 39.94 46.09 46.93
3.20 6.75 1.61 1.26 43.07 39.84 46.05 47.13
3.27 6.68 1.72 1.40 42.99 39.88 45.76 46.67
3.18 6.65 1.64 1.27 43.10 39.90 45.99 47.11
3.63 7.52 1.94 1.45 42.52 39.37 45.25 46.51
3.75 7.84 1.99 1.43 42.39 39.19 45.14 46.57
4.01 8.30 2.14 1.60 42.10 38.94 44.82 46.10
4.19 8.76 2.23 1.59 41.91 38.71 44.65 46.13
4.05 8.50 2.08 1.56 42.06 38.84 44.95 46.21
4.68 9.81 2.38 1.86 41.43 38.21 44.37 45.44
5.23 10.97 2.61 2.10 40.95 37.73 43.95 44.92
4.39 9.06 2.22 1.89 41.71 38.56 44.67 45.36
3.94 8.08 2.02 1.72 42.18 39.05 45.09 45.78
3.54 7.34 1.81 1.46 42.65 39.48 45.54 46.49
3.18 6.37 1.74 1.42 43.11 40.09 45.74 46.62
2.44 4.87 1.39 1.05 44.26 41.25 46.69 47.90
1.90 3.77 1.09 0.86 45.33 42.37 47.75 48.81
1.47 2.76 0.92 0.74 46.45 43.72 48.51 49.46
1.45 2.58 0.92 0.85 46.51 44.01 48.49 48.83
1.36 2.43 0.87 0.79 46.79 44.28 48.75 49.16
1.54 2.79 1.02 0.81 46.26 43.67 48.05 49.06
1.44 2.56 0.93 0.84 46.54 44.06 48.47 48.86
1.67 3.03 1.08 0.90 45.90 43.31 47.79 48.59
1.64 2.83 1.01 1.08 45.99 43.62 48.09 47.81
1.49 2.62 0.96 0.91 46.38 43.96 48.30 48.55
1.68 2.90 1.20 0.93 45.89 43.50 47.33 48.45
1.70 2.89 1.09 1.12 45.83 43.52 47.78 47.63
1.72 2.93 1.15 1.08 45.78 43.46 47.53 47.82
1.84 3.16 1.17 1.19 45.48 43.13 47.44 47.39
1.76 3.04 1.10 1.13 45.68 43.30 47.72 47.60
2.12 3.55 1.27 1.56 44.86 42.63 47.10 46.21
1.81 3.07 1.20 1.16 45.55 43.26 47.34 47.50
2.08 3.47 1.34 1.43 44.95 42.72 46.87 46.57
1.89 3.19 1.18 1.31 45.36 43.09 47.42 46.97
2.13 3.58 1.32 1.48 44.85 42.59 46.92 46.41
2.09 3.51 1.36 1.39 44.93 42.68 46.80 46.70
2.39 3.93 1.50 1.75 44.34 42.19 46.38 45.70
2.43 3.98 1.55 1.75 44.28 42.13 46.24 45.71
2.50 4.16 1.48 1.84 44.16 41.93 46.42 45.48
3.09 4.84 1.97 2.46 43.23 41.29 45.19 44.21
3.41 5.42 2.08 2.73 42.81 40.79 44.96 43.77
3.13 4.75 1.79 2.84 43.18 41.36 45.60 43.60
3.50 5.39 2.07 3.04 42.69 40.82 44.97 43.30
3.25 5.16 2.18 2.41 43.01 41.01 44.75 44.31
3.84 5.52 2.17 3.82 42.29 40.71 44.76 42.31
3.61 5.72 2.28 2.82 42.56 40.55 44.55 43.63
4.08 6.10 2.36 3.78 42.03 40.28 44.41 42.35
3.72 5.92 2.10 3.12 42.43 40.41 44.90 43.18
4.01 6.20 1.96 3.88 42.09 40.21 45.20 42.24
3.10 5.42 1.79 2.11 43.21 40.79 45.61 44.88
2.63 4.63 1.46 1.81 43.93 41.47 46.49 45.55
1.52 2.98 1.00 0.57 46.32 43.39 48.11 50.59
0.98 2.23 0.54 0.18 48.22 44.65 50.85 55.60
0.88 2.01 0.49 0.15 48.66 45.10 51.19 56.27
0.97 2.17 0.57 0.17 48.26 44.77 50.57 55.91
0.91 2.05 0.51 0.16 48.54 45.02 50.98 55.99
1.09 2.49 0.60 0.18 47.75 44.17 50.34 55.61
0.97 2.23 0.52 0.16 48.27 44.65 50.96 56.09
1.02 2.34 0.57 0.16 48.04 44.45 50.56 56.16
1.01 2.29 0.59 0.17 48.06 44.53 50.46 55.94
1.17 2.66 0.65 0.19 47.46 43.88 50.02 55.42
1.12 2.54 0.65 0.17 47.65 44.09 49.99 55.94
1.08 2.45 0.61 0.17 47.79 44.23 50.24 55.76
1.16 2.67 0.64 0.16 47.50 43.87 50.11 56.02
1.23 2.83 0.67 0.19 47.23 43.62 49.91 55.27
1.20 2.73 0.69 0.18 47.33 43.77 49.75 55.49
1.20 2.75 0.67 0.18 47.33 43.74 49.84 55.44
1.28 2.93 0.71 0.21 47.05 43.46 49.61 54.96
1.31 2.99 0.75 0.22 46.93 43.38 49.38 54.84
1.36 3.13 0.75 0.23 46.77 43.18 49.37 54.64
1.39 3.19 0.74 0.22 46.72 43.10 49.43 54.67
1.51 3.50 0.76 0.26 46.36 42.69 49.33 54.07
1.58 3.68 0.82 0.23 46.15 42.48 48.98 54.41
1.54 3.65 0.76 0.20 46.26 42.51 49.29 55.08
1.54 3.60 0.79 0.23 46.26 42.57 49.14 54.61
1.63 3.88 0.79 0.21 46.03 42.26 49.13 54.84
1.82 4.31 0.91 0.24 45.54 41.80 48.53 54.31
1.75 4.06 0.93 0.26 45.70 42.05 48.45 54.00
1.90 4.49 0.94 0.28 45.34 41.61 48.41 53.64
1.78 4.16 0.94 0.25 45.62 41.94 48.40 54.13
2.08 4.87 1.05 0.30 44.96 41.26 47.92 53.29
1.98 4.64 1.01 0.28 45.18 41.47 48.11 53.66
2.34 5.60 1.12 0.31 44.43 40.66 47.61 53.16
2.43 5.73 1.23 0.31 44.29 40.56 47.23 53.18
2.60 6.17 1.29 0.34 43.99 40.24 47.04 52.82
2.44 5.80 1.18 0.32 44.28 40.51 47.39 53.11
2.49 6.00 1.13 0.32 44.19 40.36 47.61 53.00
2.45 5.97 1.04 0.33 44.25 40.38 47.95 52.93
2.33 5.60 1.07 0.32 44.47 40.65 47.86 53.15
1.98 4.76 0.90 0.27 45.19 41.37 48.62 53.84
1.87 4.41 0.90 0.29 45.42 41.69 48.61 53.57
1.67 3.94 0.79 0.28 45.91 42.19 49.16 53.72
1.84 4.36 0.86 0.32 45.48 41.75 48.81 53.07
1.39 3.33 0.61 0.24 46.69 42.92 50.24 54.27
1.24 2.93 0.53 0.27 47.18 43.47 50.83 53.82
1.15 2.70 0.51 0.25 47.52 43.83 51.05 54.21
1.35 3.16 0.59 0.28 46.85 43.12 50.44 53.71
1.38 3.34 0.54 0.27 46.72 42.89 50.78 53.84
