2.12 4.68 1.10 0.59 44.86 41.43 47.73 50.41
1.96 4.34 1.02 0.52 45.21 41.76 48.05 50.96
2.04 4.48 1.09 0.54 45.04 41.62 47.74 50.80
2.16 4.85 1.11 0.53 44.78 41.27 47.69 50.91
2.40 5.24 1.28 0.68 44.33 40.94 47.05 49.82
2.17 4.79 1.14 0.59 44.76 41.33 47.58 50.42
2.33 5.11 1.23 0.65 44.46 41.05 47.25 50.00
2.41 5.30 1.28 0.64 44.31 40.89 47.04 50.09
2.63 5.83 1.33 0.73 43.93 40.47 46.89 49.47
2.65 5.88 1.35 0.71 43.90 40.44 46.83 49.64
2.45 5.46 1.24 0.66 44.24 40.76 47.19 49.98
2.88 6.47 1.38 0.78 43.54 40.02 46.72 49.22
2.76 6.22 1.41 0.66 43.71 40.19 46.63 49.95
3.12 7.04 1.52 0.79 43.20 39.66 46.33 49.16
2.85 6.50 1.39 0.68 43.58 40.01 46.72 49.81
3.42 7.77 1.66 0.82 42.80 39.23 45.93 48.99
3.14 7.19 1.52 0.70 43.16 39.56 46.30 49.68
3.62 8.30 1.69 0.85 42.55 38.94 45.85 48.82
3.48 8.07 1.66 0.72 42.71 39.06 45.94 49.57
4.01 9.34 1.80 0.87 42.10 38.43 45.57 48.71
3.66 8.61 1.62 0.75 42.50 38.78 46.04 49.39
3.82 9.01 1.62 0.83 42.31 38.59 46.04 48.92
3.24 7.55 1.41 0.76 43.03 39.35 46.63 49.36
3.32 7.67 1.45 0.84 42.91 39.28 46.50 48.87
2.64 6.02 1.28 0.63 43.91 40.33 47.07 50.13
2.53 5.63 1.32 0.66 44.09 40.62 46.94 49.96
1.81 3.85 0.99 0.60 45.55 42.28 48.17 50.34
1.73 3.49 1.00 0.71 45.74 42.71 48.12 49.59
1.46 2.92 0.83 0.64 46.47 43.48 48.93 50.05
1.68 3.29 0.93 0.82 45.88 42.96 48.45 48.99
1.41 2.72 0.84 0.66 46.65 43.79 48.90 49.95
1.64 3.15 0.96 0.81 46.00 43.16 48.32 49.05
1.63 3.16 0.94 0.79 46.02 43.16 48.40 49.12
1.83 3.53 1.06 0.90 45.53 42.69 47.90 48.56
1.77 3.42 1.01 0.87 45.67 42.81 48.09 48.73
2.12 4.08 1.16 1.13 44.89 42.06 47.52 47.61
2.00 4.00 1.09 0.93 45.15 42.15 47.78 48.49
2.11 4.11 1.17 1.04 44.90 42.01 47.45 47.96
2.06 4.02 1.18 0.99 44.99 42.09 47.41 48.20
2.52 4.95 1.39 1.21 44.13 41.21 46.68 47.32
2.21 4.37 1.26 1.00 44.71 41.75 47.14 48.14
2.46 4.98 1.29 1.10 44.26 41.20 47.02 47.75
2.34 4.64 1.29 1.09 44.46 41.49 47.03 47.77
2.91 5.97 1.47 1.30 43.50 40.39 46.45 47.03
2.71 5.62 1.40 1.11 43.83 40.67 46.70 47.69
3.02 6.25 1.55 1.27 43.36 40.21 46.23 47.13
2.73 5.61 1.44 1.13 43.79 40.67 46.54 47.62
3.38 6.98 1.74 1.43 42.87 39.73 45.76 46.61
2.91 6.11 1.44 1.19 43.53 40.32 46.56 47.40
3.27 6.72 1.67 1.42 43.00 39.88 45.91 46.63
3.37 7.07 1.68 1.37 42.89 39.69 45.88 46.79
3.76 7.79 1.85 1.63 42.42 39.26 45.48 46.02
3.37 6.97 1.67 1.48 42.90 39.77 45.92 46.45
3.64 7.65 1.76 1.53 42.57 39.36 45.73 46.33
3.62 7.68 1.75 1.44 42.59 39.33 45.73 46.56
4.31 9.13 2.01 1.81 41.81 38.57 45.11 45.58
3.86 8.25 1.80 1.55 42.32 39.04 45.62 46.27
4.25 8.99 1.98 1.78 41.89 38.63 45.20 45.67
4.35 9.18 2.12 1.76 41.79 38.55 44.89 45.73
5.31 11.28 2.48 2.16 40.95 37.69 44.21 44.85
4.81 10.25 2.28 1.90 41.32 38.03 44.57 45.36
5.67 12.28 2.58 2.16 40.61 37.26 44.03 44.80
5.62 12.06 2.46 2.35 40.65 37.33 44.23 44.44
5.81 12.34 2.62 2.48 40.50 37.24 43.96 44.21
4.78 9.96 2.31 2.08 41.36 38.18 44.50 44.97
3.77 7.90 1.84 1.57 42.38 39.16 45.50 46.19
2.77 5.70 1.36 1.25 43.71 40.58 46.80 47.16
2.13 4.26 1.06 1.07 44.85 41.84 47.87 47.86
1.18 2.11 0.70 0.73 47.41 44.89 49.67 49.48
1.21 2.07 0.70 0.86 47.32 44.99 49.67 48.82
1.17 2.06 0.70 0.75 47.46 45.00 49.67 49.39
1.25 2.08 0.75 0.92 47.17 44.97 49.37 48.52
1.22 2.10 0.74 0.83 47.27 44.93 49.47 48.95
1.37 2.28 0.79 1.05 46.77 44.57 49.20 47.94
1.27 2.13 0.78 0.90 47.12 44.87 49.24 48.60
1.42 2.35 0.84 1.05 46.64 44.43 48.89 47.92
1.37 2.31 0.87 0.93 46.77 44.52 48.72 48.45
1.61 2.68 0.94 1.20 46.08 43.86 48.40 47.36
1.55 2.59 0.97 1.07 46.26 44.01 48.26 47.85
1.68 2.79 1.04 1.19 45.91 43.69 47.97 47.38
1.68 2.85 1.11 1.10 45.87 43.60 47.70 47.72
1.99 3.35 1.30 1.33 45.15 42.89 47.02 46.91
1.79 3.08 1.16 1.13 45.61 43.26 47.50 47.62
1.94 3.29 1.28 1.26 45.26 42.98 47.07 47.15
2.01 3.43 1.37 1.22 45.11 42.79 46.77 47.26
2.33 4.00 1.54 1.46 44.47 42.13 46.26 46.51
2.02 3.46 1.43 1.18 45.09 42.76 46.58 47.44
2.17 3.67 1.50 1.34 44.78 42.50 46.39 46.88
2.14 3.69 1.45 1.27 44.85 42.47 46.54 47.12
2.57 4.42 1.67 1.62 44.05 41.70 45.91 46.07
2.59 4.57 1.77 1.45 44.00 41.54 45.67 46.53
2.96 5.16 1.93 1.80 43.43 41.02 45.29 45.63
2.95 5.14 1.98 1.74 43.45 41.04 45.17 45.77
3.28 5.80 2.01 2.02 43.00 40.52 45.11 45.11
2.96 5.17 1.95 1.75 43.44 41.01 45.23 45.75
3.31 5.78 2.00 2.14 42.96 40.53 45.12 44.87
3.10 5.44 1.88 1.99 43.24 40.80 45.41 45.18
3.36 6.22 1.98 1.86 42.90 40.22 45.18 45.47
2.79 5.24 1.61 1.51 43.69 40.95 46.06 46.37
2.50 4.79 1.45 1.25 44.16 41.34 46.52 47.18
1.95 3.82 1.25 0.79 45.24 42.34 47.17 49.18
1.52 3.18 0.90 0.49 46.31 43.12 48.57 51.29
1.05 2.23 0.63 0.29 47.93 44.66 50.15 53.57
1.14 2.47 0.66 0.30 47.55 44.22 49.90 53.36
1.21 2.60 0.72 0.32 47.31 44.00 49.56 53.12
1.32 2.85 0.76 0.37 46.92 43.60 49.31 52.51
1.16 2.46 0.69 0.32 47.51 44.23 49.76 53.10
1.23 2.66 0.72 0.32 47.23 43.89 49.59 53.08
1.23 2.60 0.72 0.35 47.27 44.00 49.57 52.70
1.37 2.92 0.78 0.40 46.78 43.50 49.20 52.10
1.24 2.65 0.72 0.33 47.23 43.91 49.57 52.93
1.29 2.76 0.74 0.37 47.04 43.73 49.47 52.46
1.29 2.69 0.78 0.39 47.05 43.85 49.20 52.19
1.46 3.10 0.84 0.45 46.49 43.24 48.91 51.60
1.31 2.78 0.78 0.38 46.96 43.70 49.24 52.34
1.37 2.97 0.76 0.39 46.76 43.42 49.30 52.23
1.46 3.17 0.81 0.40 46.51 43.14 49.08 52.14
1.56 3.42 0.82 0.44 46.22 42.80 49.01 51.75
1.38 3.03 0.77 0.35 46.74 43.34 49.26 52.73
1.41 3.09 0.77 0.38 46.64 43.24 49.27 52.36
1.41 3.03 0.81 0.38 46.67 43.34 49.05 52.40
1.57 3.40 0.85 0.45 46.19 42.83 48.83 51.62
1.45 3.17 0.81 0.36 46.54 43.13 49.07 52.59
1.50 3.30 0.81 0.37 46.40 42.96 49.03 52.40
1.49 3.22 0.85 0.40 46.42 43.07 48.87 52.18
1.69 3.72 0.90 0.45 45.87 42.45 48.60 51.63
1.57 3.43 0.90 0.40 46.18 42.80 48.60 52.19
1.65 3.59 0.94 0.41 45.97 42.59 48.40 51.97
1.72 3.75 0.98 0.43 45.80 42.42 48.23 51.78
1.97 4.35 1.06 0.50 45.19 41.75 47.88 51.13
1.87 4.11 1.04 0.47 45.42 42.01 47.96 51.43
2.07 4.60 1.08 0.53 44.98 41.53 47.78 50.88
2.00 4.39 1.11 0.49 45.15 41.73 47.69 51.26
2.17 4.83 1.14 0.56 44.77 41.31 47.58 50.66
2.05 4.58 1.12 0.48 45.02 41.54 47.66 51.39
2.11 4.69 1.14 0.50 44.91 41.45 47.55 51.18
2.15 4.73 1.25 0.48 44.83 41.41 47.20 51.36
2.14 4.76 1.17 0.51 44.83 41.38 47.47 51.09
1.87 4.14 1.05 0.41 45.43 41.97 47.92 52.00
1.84 4.13 0.98 0.40 45.51 42.00 48.25 52.06
1.72 3.82 0.94 0.40 45.78 42.32 48.42 52.05
1.78 4.00 0.90 0.46 45.63 42.13 48.62 51.53
1.53 3.41 0.81 0.36 46.30 42.83 49.04 52.54
1.54 3.50 0.74 0.39 46.26 42.70 49.45 52.27
1.40 3.09 0.72 0.38 46.68 43.24 49.56 52.34
1.49 3.34 0.72 0.43 46.39 42.90 49.56 51.84
1.32 2.94 0.67 0.36 46.92 43.46 49.88 52.53
1.38 3.04 0.70 0.40 46.74 43.32 49.70 52.05
1.48 3.24 0.77 0.43 46.44 43.04 49.28 51.79
1.63 3.63 0.78 0.48 46.03 42.56 49.22 51.34
1.41 3.09 0.73 0.42 46.63 43.24 49.49 51.89
1.54 3.35 0.78 0.49 46.26 42.89 49.20 51.25
1.72 3.79 0.86 0.51 45.78 42.36 48.80 51.03
1.84 4.00 0.90 0.61 45.51 42.13 48.60 50.30
1.68 3.68 0.85 0.50 45.90 42.49 48.83 51.15
1.82 3.98 0.89 0.59 45.55 42.16 48.66 50.44
1.92 4.23 0.94 0.58 45.32 41.88 48.42 50.48
2.08 4.63 0.99 0.62 44.96 41.48 48.18 50.22
1.97 4.39 0.99 0.54 45.19 41.72 48.19 50.81
1.97 4.38 0.96 0.57 45.20 41.73 48.32 50.61
2.20 4.89 1.08 0.63 44.71 41.25 47.79 50.13
2.15 4.86 1.06 0.54 44.81 41.28 47.88 50.82
2.19 4.91 1.09 0.56 44.73 41.22 47.77 50.63
2.48 5.62 1.19 0.64 44.19 40.66 47.37 50.05
2.42 5.41 1.25 0.59 44.32 40.83 47.16 50.46
2.51 5.63 1.25 0.65 44.16 40.65 47.19 50.03
2.58 5.83 1.30 0.62 44.02 40.49 46.98 50.18
2.86 6.49 1.36 0.72 43.58 40.02 46.79 49.55
2.78 6.33 1.35 0.67 43.72 40.16 46.84 49.90
3.02 6.94 1.41 0.70 43.36 39.75 46.65 49.67
2.86 6.51 1.38 0.69 43.58 40.01 46.72 49.76
3.21 7.38 1.52 0.73 43.10 39.50 46.32 49.49
3.20 7.45 1.46 0.70 43.12 39.46 46.53 49.69
3.55 8.17 1.63 0.84 42.68 39.07 46.03 48.89
3.03 7.03 1.39 0.68 43.34 39.69 46.72 49.82
3.26 7.44 1.49 0.85 43.02 39.45 46.40 48.85
3.29 7.58 1.50 0.80 42.98 39.37 46.40 49.13
2.85 6.53 1.36 0.68 43.59 40.00 46.81 49.80
2.95 6.74 1.39 0.71 43.46 39.87 46.70 49.61
2.18 4.83 1.09 0.64 44.74 41.30 47.74 50.11
2.02 4.20 1.09 0.76 45.08 41.90 47.75 49.30
1.87 3.95 0.98 0.69 45.41 42.17 48.23 49.74
2.03 4.22 1.08 0.78 45.06 41.88 47.78 49.22
1.99 4.16 1.05 0.77 45.14 41.95 47.92 49.27
2.16 4.37 1.16 0.94 44.80 41.73 47.50 48.41
2.03 4.08 1.15 0.86 45.05 42.02 47.52 48.79
2.10 4.16 1.18 0.95 44.92 41.94 47.41 48.38
2.00 3.98 1.13 0.90 45.12 42.13 47.60 48.58
2.27 4.53 1.21 1.06 44.58 41.57 47.29 47.90
2.20 4.41 1.22 0.97 44.71 41.69 47.28 48.27
2.30 4.58 1.25 1.07 44.52 41.52 47.16 47.85
2.17 4.39 1.11 1.00 44.77 41.70 47.68 48.13
2.40 4.84 1.22 1.14 44.33 41.28 47.28 47.57
2.27 4.61 1.19 1.02 44.57 41.50 47.39 48.03
2.42 4.98 1.18 1.09 44.30 41.16 47.42 47.76
2.35 4.82 1.20 1.04 44.42 41.31 47.34 47.99
2.52 5.16 1.25 1.14 44.12 41.00 47.17 47.56
2.57 5.22 1.35 1.13 44.04 40.96 46.85 47.60
2.70 5.56 1.36 1.17 43.82 40.68 46.79 47.43
2.59 5.36 1.35 1.07 43.99 40.84 46.84 47.83
2.79 5.69 1.43 1.25 43.67 40.58 46.56 47.18
2.70 5.47 1.46 1.18 43.82 40.75 46.50 47.43
3.11 6.47 1.57 1.31 43.20 40.03 46.16 46.98
3.11 6.55 1.56 1.23 43.20 39.97 46.20 47.25
3.19 6.56 1.68 1.34 43.09 39.96 45.89 46.87
3.05 6.37 1.56 1.22 43.29 40.09 46.21 47.27
3.55 7.35 1.87 1.42 42.64 39.47 45.41 46.62
3.65 7.64 1.91 1.39 42.51 39.30 45.32 46.69
3.93 8.17 2.08 1.54 42.19 39.01 44.95 46.25
4.05 8.47 2.14 1.52 42.06 38.85 44.84 46.31
3.95 8.29 2.03 1.52 42.17 38.94 45.05 46.32
4.54 9.54 2.29 1.80 41.56 38.34 44.54 45.59
5.17 10.85 2.61 2.06 41.00 37.78 43.97 45.00
4.25 8.79 2.15 1.82 41.84 38.69 44.81 45.53
3.84 7.89 1.99 1.65 42.28 39.16 45.15 45.96
3.44 7.13 1.78 1.42 42.76 39.60 45.63 46.60
3.06 6.14 1.66 1.36 43.28 40.25 45.93 46.78
2.31 4.60 1.32 1.00 44.50 41.51 46.92 48.11
1.80 3.55 1.02 0.84 45.57 42.63 48.05 48.90
1.41 2.61 0.88 0.74 46.63 43.96 48.66 49.45
1.36 2.40 0.86 0.81 46.81 44.33 48.78 49.07
1.30 2.33 0.85 0.74 46.98 44.47 48.85 49.44
1.41 2.50 0.94 0.78 46.66 44.16 48.43 49.21
1.36 2.39 0.88 0.81 46.80 44.35 48.66 49.07
1.58 2.82 1.01 0.90 46.16 43.63 48.07 48.61
1.51 2.60 0.95 0.99 46.35 43.99 48.35 48.23
1.37 2.34 0.90 0.88 46.76 44.44 48.58 48.71
1.53 2.61 1.10 0.89 46.30 43.99 47.76 48.65
1.59 2.65 1.02 1.11 46.12 43.92 48.06 47.70
1.63 2.72 1.09 1.07 46.02 43.80 47.76 47.82
1.69 2.82 1.09 1.14 45.89 43.65 47.79 47.57
1.61 2.71 1.05 1.07 46.08 43.82 47.95 47.86
1.90 3.09 1.18 1.42 45.38 43.25 47.43 46.70
1.72 2.85 1.19 1.12 45.79 43.59 47.40 47.67
1.84 3.01 1.21 1.29 45.53 43.38 47.33 47.09
1.74 2.91 1.11 1.20 45.74 43.50 47.69 47.37
2.00 3.33 1.28 1.39 45.13 42.91 47.07 46.72
1.92 3.19 1.28 1.28 45.32 43.10 47.08 47.08
2.15 3.49 1.40 1.56 44.82 42.72 46.68 46.26
2.23 3.64 1.48 1.57 44.67 42.54 46.45 46.22
2.32 3.75 1.43 1.76 44.49 42.39 46.57 45.69
2.76 4.35 1.80 2.11 43.80 41.79 45.62 45.05
2.91 4.59 1.83 2.29 43.57 41.57 45.55 44.68
2.80 4.26 1.69 2.47 43.70 41.87 45.87 44.36
3.17 4.84 1.91 2.76 43.15 41.30 45.32 43.78
2.97 4.72 2.01 2.16 43.45 41.43 45.14 44.84
3.27 4.72 1.93 3.15 43.06 41.43 45.29 43.36
3.20 5.02 2.08 2.50 43.12 41.16 45.00 44.21
3.71 5.52 2.18 3.44 42.45 40.73 44.76 42.81
3.28 5.20 1.93 2.72 43.00 40.99 45.30 43.87
3.45 5.41 1.78 3.16 42.84 40.84 45.66 43.42
2.80 4.84 1.67 1.89 43.69 41.31 45.90 45.43
2.37 4.11 1.34 1.67 44.40 42.02 46.89 45.91
1.40 2.74 0.93 0.54 46.68 43.78 48.45 50.85
0.86 1.92 0.49 0.17 48.81 45.33 51.22 55.80
0.77 1.70 0.45 0.15 49.29 45.83 51.61 56.43
0.79 1.75 0.48 0.16 49.14 45.72 51.34 56.19
0.78 1.72 0.46 0.15 49.23 45.80 51.49 56.28
0.89 1.98 0.52 0.17 48.66 45.20 51.01 55.76
0.80 1.78 0.46 0.15 49.13 45.66 51.52 56.24
0.83 1.86 0.49 0.15 48.93 45.46 51.23 56.27
0.86 1.90 0.51 0.15 48.83 45.36 51.10 56.27
0.94 2.11 0.53 0.17 48.44 44.93 50.88 55.89
0.90 2.00 0.54 0.15 48.61 45.14 50.80 56.43
0.90 2.00 0.53 0.16 48.62 45.14 50.91 56.05
0.89 2.02 0.51 0.15 48.62 45.10 51.02 56.29
1.01 2.28 0.55 0.18 48.13 44.57 50.71 55.64
0.99 2.22 0.58 0.18 48.18 44.69 50.53 55.50
0.97 2.20 0.54 0.18 48.27 44.73 50.82 55.72
1.13 2.54 0.64 0.20 47.66 44.12 50.12 55.22
1.02 2.27 0.61 0.18 48.08 44.60 50.30 55.63
1.12 2.50 0.66 0.20 47.67 44.19 49.98 55.16
1.13 2.55 0.64 0.20 47.65 44.14 50.10 55.07
1.23 2.78 0.69 0.23 47.25 43.73 49.78 54.50
1.28 2.94 0.67 0.22 47.09 43.49 49.86 54.64
1.21 2.76 0.65 0.21 47.34 43.76 49.98 54.99
1.31 3.01 0.71 0.22 46.98 43.40 49.62 54.67
1.37 3.13 0.76 0.23 46.79 43.22 49.37 54.46
1.50 3.44 0.80 0.25 46.41 42.81 49.14 54.13
1.45 3.31 0.80 0.25 46.55 42.98 49.13 54.20
1.52 3.48 0.80 0.27 46.35 42.76 49.08 53.85
1.53 3.46 0.86 0.26 46.33 42.79 48.79 54.00
1.60 3.67 0.85 0.29 46.12 42.54 48.85 53.56
1.62 3.68 0.89 0.28 46.10 42.54 48.66 53.73
1.79 4.10 0.95 0.31 45.66 42.06 48.36 53.28
1.84 4.20 1.01 0.31 45.53 41.96 48.10 53.20
1.99 4.62 1.04 0.32 45.20 41.57 48.00 53.11
1.81 4.20 0.92 0.30 45.60 41.95 48.49 53.43
1.85 4.31 0.93 0.32 45.50 41.85 48.47 53.06
1.80 4.23 0.86 0.31 45.64 41.95 48.82 53.19
1.74 4.10 0.82 0.29 45.81 42.10 49.04 53.47
1.48 3.47 0.72 0.26 46.47 42.79 49.59 54.05
1.46 3.45 0.68 0.26 46.53 42.82 49.84 54.03
1.38 3.23 0.64 0.25 46.79 43.09 50.07 54.17
1.47 3.49 0.65 0.29 46.48 42.76 50.03 53.53
1.15 2.75 0.48 0.23 47.55 43.79 51.32 54.50
1.05 2.47 0.44 0.25 47.93 44.23 51.70 54.24
1.04 2.45 0.44 0.24 47.97 44.27 51.71 54.34
1.21 2.87 0.51 0.26 47.33 43.61 51.08 53.97
1.23 2.95 0.49 0.25 47.28 43.49 51.28 54.12
