2.12 4.68 1.10 0.59 44.86 41.43 47.73 50.41
1.96 4.34 1.02 0.52 45.21 41.76 48.05 50.96
2.04 4.48 1.09 0.54 45.04 41.62 47.74 50.80
2.16 4.85 1.11 0.53 44.78 41.27 47.69 50.91
2.40 5.24 1.28 0.68 44.33 40.94 47.05 49.82
2.16 4.77 1.13 0.57 44.79 41.35 47.58 50.58
2.32 5.09 1.23 0.64 44.48 41.06 47.23 50.09
2.41 5.31 1.28 0.64 44.31 40.88 47.05 50.09
2.66 5.91 1.33 0.75 43.88 40.42 46.88 49.38
2.62 5.82 1.34 0.70 43.95 40.48 46.87 49.69
2.45 5.46 1.24 0.66 44.23 40.76 47.19 49.92
2.87 6.47 1.36 0.78 43.55 40.02 46.79 49.22
2.78 6.25 1.41 0.66 43.70 40.17 46.64 49.93
3.14 7.10 1.52 0.78 43.17 39.62 46.30 49.22
2.83 6.44 1.37 0.69 43.61 40.04 46.77 49.76
3.41 7.74 1.67 0.81 42.81 39.25 45.91 49.03
3.15 7.21 1.52 0.72 43.15 39.55 46.32 49.57
3.62 8.34 1.69 0.84 42.54 38.92 45.86 48.88
3.47 8.06 1.64 0.72 42.72 39.07 45.98 49.53
3.99 9.34 1.81 0.84 42.12 38.43 45.56 48.91
3.65 8.62 1.61 0.73 42.50 38.78 46.05 49.50
3.81 8.95 1.63 0.84 42.32 38.61 46.01 48.88
3.25 7.59 1.41 0.76 43.01 39.33 46.63 49.30
3.35 7.73 1.48 0.85 42.88 39.25 46.44 48.86
2.68 6.05 1.32 0.67 43.85 40.31 46.92 49.89
2.56 5.68 1.32 0.67 44.06 40.58 46.94 49.88
1.79 3.82 0.96 0.58 45.61 42.31 48.33 50.47
1.72 3.46 0.99 0.72 45.77 42.73 48.18 49.59
1.46 2.92 0.84 0.60 46.50 43.47 48.89 50.32
1.68 3.30 0.94 0.81 45.87 42.95 48.40 49.05
1.52 3.02 0.86 0.67 46.32 43.33 48.78 49.89
1.87 3.63 1.07 0.90 45.42 42.53 47.86 48.58
1.90 3.71 1.10 0.89 45.34 42.43 47.70 48.66
2.11 4.16 1.19 0.98 44.88 41.94 47.38 48.20
2.02 3.99 1.13 0.94 45.08 42.12 47.61 48.39
2.51 4.94 1.32 1.28 44.13 41.20 46.93 47.06
2.36 4.76 1.24 1.07 44.41 41.35 47.19 47.85
2.41 4.77 1.27 1.19 44.31 41.34 47.10 47.38
2.25 4.46 1.23 1.07 44.61 41.64 47.24 47.85
2.86 5.69 1.51 1.40 43.56 40.58 46.35 46.67
2.48 4.95 1.35 1.15 44.18 41.19 46.83 47.52
2.88 5.93 1.47 1.23 43.54 40.40 46.46 47.22
2.70 5.41 1.40 1.29 43.82 40.80 46.66 47.02
3.34 6.92 1.61 1.50 42.89 39.73 46.07 46.38
3.13 6.54 1.57 1.27 43.18 39.97 46.17 47.09
3.55 7.41 1.75 1.49 42.63 39.44 45.69 46.41
3.11 6.45 1.61 1.28 43.20 40.03 46.07 47.06
3.95 8.21 2.00 1.65 42.16 38.99 45.12 45.95
3.47 7.43 1.61 1.38 42.72 39.42 46.07 46.72
3.65 7.60 1.78 1.57 42.51 39.32 45.62 46.17
3.92 8.40 1.80 1.54 42.20 38.89 45.57 46.25
4.52 9.46 2.20 1.91 41.58 38.37 44.70 45.33
4.05 8.54 1.88 1.72 42.06 38.82 45.38 45.78
4.36 9.23 2.05 1.80 41.74 38.48 45.01 45.58
4.30 9.29 1.95 1.67 41.80 38.45 45.24 45.91
5.13 10.98 2.23 2.17 41.03 37.73 44.64 44.78
4.80 10.44 2.11 1.84 41.32 37.95 44.89 45.48
5.01 10.62 2.28 2.13 41.13 37.87 44.56 44.85
5.12 10.96 2.32 2.09 41.04 37.73 44.47 44.94
6.53 14.14 2.81 2.64 39.98 36.63 43.64 43.92
5.22 11.09 2.47 2.09 40.96 37.68 44.21 44.93
6.01 12.98 2.66 2.38 40.34 37.00 43.89 44.36
5.93 12.68 2.56 2.57 40.40 37.10 44.05 44.03
6.25 13.22 2.79 2.74 40.17 36.92 43.67 43.75
5.13 10.65 2.45 2.28 41.03 37.86 44.24 44.55
4.09 8.62 1.94 1.72 42.01 38.78 45.25 45.79
3.00 6.15 1.43 1.42 43.36 40.24 46.58 46.59
2.32 4.62 1.15 1.21 44.47 41.49 47.52 47.32
1.37 2.48 0.75 0.89 46.76 44.18 49.38 48.66
1.51 2.59 0.85 1.10 46.34 44.00 48.85 47.72
1.47 2.63 0.86 0.92 46.45 43.93 48.77 48.49
1.66 2.74 0.94 1.29 45.93 43.76 48.39 47.01
1.48 2.57 0.87 1.01 46.42 44.04 48.72 48.10
1.79 3.01 1.00 1.37 45.60 43.35 48.13 46.77
1.59 2.65 0.97 1.14 46.13 43.90 48.27 47.57
1.83 3.12 1.06 1.30 45.51 43.19 47.88 46.99
1.73 2.95 1.10 1.14 45.75 43.43 47.73 47.54
2.01 3.43 1.12 1.47 45.10 42.78 47.63 46.46
1.93 3.33 1.14 1.33 45.27 42.90 47.57 46.91
2.14 3.55 1.31 1.56 44.83 42.63 46.95 46.21
2.06 3.48 1.30 1.41 44.99 42.72 46.98 46.64
2.52 4.29 1.56 1.71 44.12 41.81 46.19 45.81
2.23 3.85 1.35 1.49 44.65 42.28 46.84 46.40
2.37 4.10 1.49 1.52 44.38 42.00 46.40 46.31
2.36 4.12 1.54 1.42 44.40 41.98 46.26 46.60
2.91 5.09 1.77 1.86 43.50 41.07 45.64 45.43
2.47 4.29 1.62 1.49 44.21 41.80 46.05 46.40
2.89 4.92 1.87 1.90 43.51 41.21 45.41 45.35
2.64 4.64 1.68 1.60 43.92 41.47 45.89 46.10
3.25 5.51 2.06 2.19 43.01 40.72 44.98 44.73
2.97 5.27 1.99 1.65 43.41 40.92 45.14 45.97
3.51 6.19 2.26 2.09 42.67 40.21 44.60 44.93
3.36 5.90 2.15 2.03 42.87 40.42 44.81 45.06
3.79 6.70 2.30 2.39 42.34 39.87 44.52 44.35
3.42 6.04 2.22 2.01 42.79 40.32 44.66 45.10
3.96 7.00 2.37 2.52 42.15 39.68 44.39 44.12
3.71 6.60 2.19 2.35 42.43 39.93 44.73 44.42
3.89 7.20 2.28 2.18 42.23 39.56 44.56 44.74
3.17 6.03 1.79 1.71 43.11 40.33 45.61 45.81
2.75 5.34 1.54 1.37 43.74 40.86 46.26 46.78
2.23 4.35 1.49 0.86 44.64 41.75 46.41 48.77
1.68 3.52 1.02 0.49 45.89 42.67 48.04 51.21
1.22 2.61 0.73 0.34 47.25 43.97 49.51 52.81
1.27 2.76 0.74 0.32 47.08 43.72 49.44 53.10
1.39 3.06 0.78 0.33 46.70 43.28 49.19 52.98
1.51 3.27 0.85 0.39 46.35 42.98 48.83 52.22
1.36 2.92 0.81 0.36 46.79 43.48 49.03 52.57
1.40 3.07 0.81 0.33 46.67 43.27 49.06 52.95
1.37 3.00 0.76 0.35 46.76 43.36 49.29 52.73
1.54 3.36 0.84 0.42 46.26 42.87 48.88 51.95
1.46 3.14 0.87 0.38 46.48 43.16 48.75 52.36
1.44 3.14 0.78 0.38 46.56 43.16 49.20 52.30
1.42 3.05 0.83 0.39 46.60 43.29 48.93 52.26
1.71 3.71 0.94 0.48 45.80 42.44 48.38 51.35
1.55 3.32 0.89 0.43 46.24 42.92 48.65 51.83
1.59 3.49 0.86 0.43 46.11 42.70 48.79 51.84
1.63 3.63 0.84 0.43 46.00 42.53 48.87 51.80
1.86 4.22 0.90 0.47 45.43 41.88 48.58 51.42
1.73 3.88 0.92 0.40 45.74 42.24 48.51 52.10
1.70 3.81 0.89 0.42 45.81 42.32 48.66 51.91
1.64 3.61 0.91 0.41 45.98 42.56 48.55 52.03
1.92 4.28 0.97 0.50 45.31 41.81 48.29 51.14
1.93 4.35 0.99 0.44 45.28 41.75 48.16 51.72
1.91 4.31 1.00 0.42 45.32 41.79 48.13 51.91
1.82 4.05 0.97 0.43 45.54 42.05 48.27 51.82
2.23 5.04 1.14 0.53 44.64 41.11 47.56 50.92
2.12 4.75 1.14 0.48 44.86 41.36 47.57 51.36
2.21 5.03 1.14 0.46 44.68 41.11 47.56 51.47
2.33 5.32 1.20 0.48 44.45 40.87 47.35 51.28
2.53 5.72 1.31 0.55 44.11 40.56 46.96 50.75
2.79 6.36 1.47 0.55 43.67 40.09 46.45 50.76
2.90 6.68 1.39 0.62 43.51 39.88 46.70 50.19
2.72 6.25 1.35 0.56 43.79 40.18 46.82 50.66
3.01 6.94 1.44 0.64 43.35 39.72 46.54 50.09
3.09 7.14 1.54 0.59 43.23 39.60 46.27 50.39
2.96 6.87 1.43 0.58 43.42 39.76 46.59 50.51
2.79 6.43 1.44 0.52 43.67 40.05 46.56 50.98
2.90 6.71 1.43 0.57 43.50 39.86 46.58 50.58
2.60 5.97 1.36 0.48 43.97 40.37 46.79 51.31
2.35 5.42 1.20 0.43 44.42 40.79 47.34 51.77
1.88 4.28 0.97 0.40 45.39 41.82 48.27 52.14
1.95 4.43 0.94 0.46 45.24 41.66 48.38 51.46
1.74 4.03 0.85 0.34 45.72 42.07 48.84 52.84
1.67 3.86 0.77 0.39 45.90 42.27 49.27 52.19
1.42 3.23 0.69 0.33 46.61 43.04 49.74 52.89
1.56 3.55 0.73 0.41 46.19 42.63 49.48 52.03
1.35 3.11 0.63 0.31 46.83 43.21 50.16 53.18
1.47 3.34 0.68 0.39 46.46 42.89 49.82 52.20
1.47 3.35 0.69 0.37 46.46 42.88 49.75 52.45
1.80 4.11 0.80 0.48 45.58 41.99 49.09 51.32
1.44 3.27 0.67 0.38 46.55 42.99 49.84 52.38
1.59 3.57 0.76 0.45 46.11 42.60 49.33 51.63
1.69 3.84 0.78 0.46 45.85 42.29 49.21 51.52
1.99 4.46 0.91 0.60 45.14 41.63 48.55 50.32
1.76 4.00 0.81 0.48 45.67 42.11 49.05 51.36
1.99 4.45 0.92 0.59 45.15 41.65 48.52 50.39
1.88 4.31 0.85 0.48 45.39 41.79 48.86 51.31
2.22 5.07 0.99 0.61 44.66 41.08 48.18 50.29
2.11 4.81 0.98 0.53 44.89 41.31 48.20 50.91
2.14 4.85 1.00 0.57 44.83 41.28 48.15 50.60
2.37 5.34 1.11 0.65 44.39 40.86 47.69 49.98
2.50 5.68 1.22 0.60 44.15 40.59 47.28 50.38
2.33 5.34 1.10 0.56 44.45 40.86 47.70 50.66
2.71 6.23 1.24 0.66 43.80 40.19 47.19 49.95
2.68 6.09 1.33 0.61 43.85 40.28 46.88 50.26
2.74 6.25 1.33 0.65 43.75 40.17 46.89 50.00
2.77 6.30 1.38 0.63 43.71 40.13 46.75 50.16
3.11 7.14 1.42 0.76 43.21 39.59 46.60 49.34
3.18 7.34 1.49 0.70 43.11 39.47 46.41 49.65
3.40 7.91 1.60 0.70 42.81 39.15 46.10 49.67
3.08 7.13 1.42 0.67 43.25 39.60 46.60 49.86
3.64 8.52 1.66 0.75 42.51 38.82 45.93 49.40
3.70 8.72 1.60 0.77 42.45 38.73 46.08 49.29
4.18 9.77 1.89 0.87 41.92 38.23 45.36 48.73
3.46 8.14 1.51 0.72 42.74 39.02 46.34 49.57
3.64 8.51 1.57 0.84 42.52 38.83 46.16 48.90
3.71 8.64 1.65 0.83 42.44 38.77 45.97 48.92
3.13 7.38 1.36 0.65 43.17 39.45 46.78 49.99
3.27 7.64 1.46 0.71 42.99 39.30 46.49 49.64
2.20 4.95 1.05 0.60 44.70 41.18 47.90 50.37
1.99 4.20 1.06 0.72 45.14 41.90 47.90 49.55
1.82 3.87 0.92 0.67 45.53 42.26 48.50 49.87
2.06 4.33 1.07 0.77 45.00 41.76 47.83 49.26
1.95 4.12 1.01 0.71 45.23 41.98 48.07 49.59
2.10 4.31 1.12 0.89 44.90 41.79 47.65 48.62
1.94 3.96 1.07 0.80 45.24 42.15 47.84 49.09
2.10 4.20 1.17 0.92 44.91 41.90 47.43 48.49
1.95 3.83 1.12 0.89 45.24 42.30 47.62 48.66
2.24 4.51 1.19 1.01 44.63 41.59 47.36 48.07
2.08 4.20 1.12 0.92 44.95 41.90 47.62 48.51
2.30 4.56 1.26 1.08 44.51 41.54 47.12 47.80
2.12 4.28 1.09 1.00 44.86 41.82 47.76 48.15
2.42 4.90 1.20 1.15 44.30 41.23 47.34 47.51
2.19 4.49 1.13 0.97 44.72 41.61 47.60 48.28
2.39 4.98 1.13 1.05 44.35 41.16 47.59 47.93
2.27 4.72 1.13 0.97 44.56 41.39 47.59 48.26
2.49 5.17 1.21 1.09 44.17 41.00 47.32 47.75
2.50 5.18 1.29 1.05 44.15 40.99 47.04 47.94
2.70 5.60 1.35 1.16 43.82 40.65 46.84 47.49
2.57 5.37 1.32 1.02 44.03 40.84 46.91 48.06
2.80 5.80 1.41 1.19 43.65 40.49 46.62 47.37
2.59 5.31 1.34 1.12 43.99 40.88 46.85 47.64
3.16 6.56 1.61 1.31 43.14 39.96 46.07 46.97
3.08 6.48 1.56 1.19 43.25 40.01 46.21 47.39
3.19 6.65 1.71 1.20 43.10 39.90 45.81 47.34
2.97 6.28 1.51 1.11 43.41 40.15 46.35 47.66
3.56 7.42 1.89 1.39 42.61 39.43 45.37 46.71
3.62 7.62 1.89 1.36 42.54 39.31 45.38 46.80
3.92 8.24 2.02 1.49 42.20 38.97 45.07 46.40
3.91 8.25 2.00 1.47 42.21 38.96 45.11 46.46
3.99 8.42 2.05 1.50 42.12 38.88 45.02 46.38
4.54 9.56 2.29 1.78 41.56 38.32 44.53 45.63
5.18 10.96 2.56 2.03 40.99 37.73 44.05 45.07
4.16 8.63 2.03 1.82 41.94 38.77 45.06 45.53
3.90 8.05 1.99 1.65 42.22 39.07 45.13 45.95
3.46 7.21 1.74 1.43 42.74 39.55 45.72 46.59
3.11 6.34 1.64 1.35 43.20 40.11 45.98 46.83
2.26 4.54 1.26 0.98 44.59 41.56 47.13 48.20
1.88 3.74 1.07 0.83 45.39 42.40 47.82 48.96
1.46 2.72 0.92 0.74 46.49 43.79 48.48 49.44
1.43 2.55 0.91 0.83 46.58 44.07 48.52 48.96
1.33 2.38 0.85 0.78 46.88 44.37 48.85 49.23
1.48 2.68 0.96 0.81 46.43 43.86 48.31 49.06
1.42 2.48 0.89 0.88 46.61 44.19 48.63 48.66
1.64 2.93 1.05 0.95 45.97 43.46 47.94 48.33
1.62 2.78 1.00 1.09 46.03 43.68 48.14 47.76
1.43 2.46 0.90 0.92 46.58 44.23 48.57 48.48
1.70 2.92 1.22 0.96 45.83 43.47 47.28 48.30
1.70 2.87 1.07 1.14 45.84 43.55 47.82 47.55
1.69 2.86 1.11 1.10 45.86 43.57 47.67 47.73
1.86 3.18 1.18 1.23 45.43 43.11 47.40 47.24
1.79 3.10 1.10 1.16 45.61 43.22 47.70 47.48
2.16 3.55 1.27 1.65 44.79 42.62 47.11 45.96
1.81 3.06 1.24 1.13 45.56 43.28 47.20 47.61
2.02 3.34 1.30 1.42 45.08 42.90 46.98 46.62
1.86 3.16 1.15 1.28 45.43 43.14 47.53 47.05
2.10 3.55 1.24 1.51 44.91 42.63 47.20 46.35
2.03 3.45 1.29 1.34 45.06 42.76 47.01 46.86
2.29 3.78 1.44 1.66 44.53 42.36 46.56 45.93
2.36 3.84 1.50 1.75 44.40 42.29 46.37 45.71
2.40 4.02 1.40 1.78 44.33 42.09 46.68 45.62
3.01 4.73 1.87 2.44 43.34 41.38 45.41 44.25
3.28 5.16 2.01 2.67 42.97 41.00 45.10 43.87
3.08 4.63 1.71 2.90 43.25 41.48 45.79 43.51
3.39 5.26 1.94 2.96 42.83 40.92 45.25 43.42
3.25 5.17 2.15 2.43 43.01 41.00 44.80 44.28
3.76 5.36 2.08 3.85 42.37 40.84 44.96 42.27
3.47 5.53 2.14 2.73 42.73 40.70 44.84 43.77
4.04 6.09 2.24 3.80 42.06 40.29 44.62 42.33
3.55 5.67 1.96 3.02 42.63 40.60 45.20 43.33
4.02 6.21 1.97 3.89 42.09 40.20 45.19 42.23
3.10 5.40 1.81 2.10 43.22 40.81 45.56 44.92
2.65 4.66 1.49 1.80 43.90 41.45 46.41 45.57
1.53 3.01 1.01 0.57 46.29 43.35 48.10 50.55
0.98 2.23 0.54 0.18 48.21 44.64 50.84 55.59
0.89 2.03 0.50 0.16 48.62 45.06 51.17 56.19
0.96 2.16 0.57 0.17 48.29 44.80 50.59 55.90
0.92 2.08 0.53 0.16 48.47 44.96 50.85 55.96
1.10 2.51 0.61 0.18 47.72 44.14 50.31 55.56
0.98 2.24 0.53 0.17 48.23 44.63 50.90 55.95
1.02 2.34 0.56 0.16 48.05 44.43 50.69 56.08
1.03 2.34 0.58 0.17 48.00 44.44 50.51 55.81
1.16 2.64 0.64 0.18 47.50 43.91 50.07 55.46
1.10 2.53 0.62 0.17 47.70 44.11 50.20 55.93
1.07 2.44 0.59 0.17 47.85 44.26 50.42 55.80
1.15 2.69 0.61 0.16 47.51 43.84 50.26 55.97
1.22 2.82 0.66 0.19 47.26 43.63 49.93 55.40
1.22 2.79 0.68 0.18 47.28 43.68 49.82 55.48
1.22 2.80 0.67 0.19 47.27 43.66 49.86 55.36
1.29 2.94 0.72 0.21 47.02 43.44 49.58 54.85
1.33 3.04 0.75 0.21 46.88 43.30 49.38 54.95
1.38 3.21 0.73 0.21 46.72 43.07 49.50 54.88
1.42 3.26 0.77 0.23 46.62 43.00 49.29 54.58
1.53 3.58 0.77 0.25 46.27 42.59 49.29 54.10
1.58 3.71 0.80 0.24 46.13 42.44 49.09 54.30
1.57 3.70 0.78 0.21 46.18 42.45 49.19 54.84
1.58 3.64 0.86 0.24 46.15 42.52 48.80 54.41
1.63 3.89 0.80 0.21 46.00 42.23 49.11 54.81
1.86 4.38 0.96 0.25 45.43 41.72 48.32 54.13
1.78 4.12 0.95 0.26 45.63 41.98 48.33 53.98
1.98 4.64 1.01 0.28 45.17 41.46 48.09 53.66
1.84 4.27 1.01 0.26 45.47 41.83 48.10 54.05
2.12 4.93 1.11 0.30 44.88 41.20 47.67 53.30
2.04 4.72 1.10 0.30 45.04 41.39 47.74 53.33
2.39 5.66 1.19 0.33 44.34 40.60 47.38 52.93
2.50 5.87 1.29 0.33 44.15 40.44 47.02 52.96
2.64 6.22 1.33 0.35 43.92 40.19 46.89 52.70
2.49 5.91 1.24 0.32 44.17 40.42 47.20 53.02
2.55 6.13 1.16 0.34 44.07 40.26 47.47 52.78
2.52 6.11 1.11 0.34 44.12 40.27 47.67 52.75
2.36 5.69 1.07 0.32 44.40 40.58 47.83 53.04
2.01 4.82 0.93 0.28 45.10 41.30 48.46 53.71
1.94 4.56 0.95 0.31 45.25 41.54 48.36 53.24
1.70 3.99 0.81 0.29 45.84 42.12 49.04 53.56
1.88 4.43 0.87 0.33 45.40 41.67 48.74 52.92
1.41 3.36 0.63 0.25 46.64 42.87 50.13 54.22
1.25 2.93 0.54 0.28 47.16 43.46 50.79 53.63
1.17 2.70 0.53 0.27 47.47 43.81 50.93 53.85
1.36 3.17 0.61 0.29 46.81 43.12 50.26 53.54
1.40 3.35 0.56 0.29 46.66 42.88 50.62 53.48
