1.86 3.92 1.06 0.60 45.44 42.20 47.86 50.36
1.62 3.42 0.95 0.49 46.04 42.79 48.37 51.25
1.73 3.66 1.02 0.52 45.74 42.50 48.04 50.99
1.73 3.69 1.01 0.50 45.74 42.46 48.07 51.16
2.05 4.39 1.16 0.62 45.01 41.71 47.50 50.21
1.83 3.90 1.06 0.52 45.51 42.22 47.87 51.00
2.00 4.24 1.17 0.58 45.12 41.86 47.45 50.47
1.98 4.31 1.09 0.54 45.17 41.79 47.76 50.83
2.33 5.04 1.29 0.66 44.46 41.11 47.02 49.93
2.07 4.46 1.17 0.59 44.97 41.64 47.46 50.44
2.28 4.94 1.27 0.63 44.55 41.20 47.08 50.11
2.38 5.11 1.28 0.75 44.37 41.05 47.05 49.39
2.53 5.44 1.42 0.71 44.11 40.77 46.60 49.60
2.65 5.78 1.43 0.74 43.90 40.51 46.56 49.45
2.73 5.98 1.51 0.69 43.77 40.36 46.34 49.73
2.65 5.76 1.44 0.76 43.89 40.53 46.54 49.33
2.85 6.27 1.57 0.72 43.58 40.16 46.16 49.56
2.83 6.23 1.52 0.75 43.61 40.18 46.33 49.37
2.74 6.06 1.52 0.63 43.76 40.31 46.30 50.14
3.22 7.17 1.71 0.79 43.05 39.58 45.81 49.14
2.89 6.49 1.49 0.68 43.53 40.00 46.41 49.86
2.91 6.57 1.43 0.74 43.49 39.95 46.57 49.47
2.63 5.85 1.35 0.68 43.94 40.46 46.81 49.84
2.68 5.88 1.40 0.76 43.85 40.43 46.67 49.31
2.22 4.82 1.22 0.63 44.66 41.30 47.28 50.13
2.05 4.40 1.18 0.59 45.01 41.70 47.43 50.44
1.54 3.20 0.89 0.51 46.27 43.08 48.61 51.05
1.52 3.03 0.91 0.63 46.29 43.32 48.52 50.13
1.23 2.37 0.75 0.55 47.24 44.37 49.35 50.69
1.38 2.64 0.85 0.66 46.73 43.92 48.86 49.95
1.24 2.30 0.81 0.62 47.19 44.51 49.05 50.21
1.37 2.56 0.86 0.71 46.74 44.05 48.77 49.60
1.40 2.59 0.84 0.75 46.69 44.00 48.88 49.38
1.54 2.93 0.91 0.78 46.25 43.46 48.52 49.22
1.52 2.88 0.91 0.76 46.32 43.53 48.55 49.33
1.67 3.14 0.98 0.90 45.90 43.17 48.22 48.58
1.58 3.04 0.91 0.80 46.13 43.30 48.54 49.10
1.75 3.29 1.06 0.89 45.71 42.95 47.88 48.64
1.75 3.29 1.07 0.88 45.71 42.95 47.83 48.72
2.05 3.86 1.27 1.02 45.01 42.27 47.09 48.02
1.77 3.32 1.13 0.86 45.66 42.92 47.60 48.83
1.95 3.77 1.17 0.91 45.22 42.36 47.45 48.53
1.94 3.79 1.13 0.91 45.24 42.35 47.60 48.53
2.19 4.25 1.22 1.09 44.73 41.85 47.26 47.77
1.99 3.91 1.14 0.92 45.15 42.21 47.56 48.49
2.18 4.28 1.21 1.04 44.75 41.81 47.30 47.99
2.05 4.03 1.19 0.92 45.02 42.07 47.39 48.49
2.42 4.75 1.35 1.16 44.29 41.36 46.83 47.49
2.13 4.28 1.18 0.92 44.85 41.81 47.42 48.46
2.46 4.92 1.37 1.10 44.22 41.21 46.76 47.72
2.55 5.23 1.37 1.06 44.06 40.95 46.76 47.87
2.74 5.44 1.50 1.25 43.77 40.77 46.36 47.15
2.51 5.02 1.39 1.13 44.13 41.13 46.70 47.62
2.74 5.53 1.49 1.19 43.76 40.70 46.41 47.37
2.76 5.73 1.40 1.16 43.72 40.55 46.66 47.47
3.18 6.42 1.71 1.40 43.11 40.06 45.81 46.66
3.10 6.31 1.63 1.35 43.22 40.13 46.00 46.82
3.18 6.52 1.65 1.36 43.11 39.99 45.95 46.80
3.29 6.70 1.81 1.38 42.96 39.87 45.57 46.74
3.71 7.71 1.85 1.57 42.44 39.26 45.45 46.16
3.74 7.65 2.01 1.56 42.40 39.29 45.11 46.21
3.63 7.60 1.83 1.48 42.53 39.33 45.52 46.43
3.57 7.35 1.82 1.52 42.61 39.47 45.53 46.30
3.66 7.45 1.88 1.64 42.50 39.41 45.38 45.97
3.25 6.49 1.80 1.46 43.02 40.01 45.59 46.50
2.57 5.10 1.45 1.16 44.03 41.06 46.52 47.49
2.26 4.43 1.27 1.08 44.59 41.67 47.11 47.79
1.80 3.42 1.00 0.98 45.58 42.79 48.13 48.21
1.27 2.25 0.75 0.82 47.08 44.62 49.36 49.00
1.31 2.28 0.77 0.87 46.97 44.56 49.24 48.74
1.24 2.14 0.76 0.80 47.21 44.82 49.30 49.09
1.29 2.24 0.81 0.82 47.03 44.63 49.08 48.98
1.36 2.33 0.85 0.92 46.78 44.46 48.86 48.52
1.45 2.47 0.90 0.98 46.50 44.19 48.59 48.20
1.39 2.39 0.88 0.89 46.70 44.34 48.69 48.62
1.43 2.38 0.91 1.01 46.57 44.37 48.53 48.11
1.51 2.54 0.97 1.02 46.34 44.09 48.27 48.03
1.67 2.85 1.04 1.13 45.90 43.59 47.95 47.61
1.57 2.66 1.02 1.04 46.16 43.88 48.03 47.95
1.68 2.87 1.08 1.10 45.88 43.55 47.81 47.74
1.92 3.27 1.30 1.18 45.30 42.98 46.99 47.40
1.97 3.34 1.31 1.25 45.19 42.89 46.95 47.16
1.85 3.18 1.24 1.11 45.47 43.10 47.19 47.66
1.87 3.13 1.28 1.19 45.42 43.18 47.04 47.38
2.19 3.76 1.52 1.30 44.71 42.37 46.31 46.99
2.24 3.82 1.58 1.32 44.64 42.31 46.15 46.93
2.10 3.58 1.55 1.17 44.91 42.60 46.22 47.45
2.13 3.64 1.53 1.23 44.85 42.53 46.30 47.24
2.35 4.01 1.70 1.35 44.41 42.10 45.83 46.82
2.51 4.34 1.70 1.49 44.13 41.75 45.83 46.40
2.56 4.50 1.82 1.38 44.04 41.60 45.54 46.75
2.75 4.91 1.92 1.43 43.73 41.22 45.30 46.59
2.91 5.13 2.05 1.53 43.50 41.03 45.01 46.28
3.00 5.34 1.95 1.69 43.37 40.86 45.22 45.85
2.82 4.93 1.98 1.55 43.63 41.21 45.16 46.22
2.91 5.13 1.92 1.68 43.49 41.03 45.30 45.87
2.92 5.12 1.95 1.69 43.48 41.04 45.24 45.84
2.99 5.53 1.85 1.59 43.37 40.71 45.46 46.11
2.63 4.86 1.65 1.39 43.93 41.27 45.96 46.70
2.24 4.23 1.42 1.08 44.62 41.86 46.60 47.79
1.82 3.57 1.19 0.71 45.52 42.61 47.38 49.61
1.50 3.13 0.94 0.44 46.37 43.18 48.42 51.68
1.08 2.29 0.66 0.30 47.80 44.53 49.96 53.41
1.11 2.35 0.68 0.30 47.68 44.42 49.81 53.34
1.21 2.52 0.76 0.35 47.31 44.11 49.34 52.73
1.28 2.70 0.78 0.36 47.05 43.81 49.22 52.54
1.16 2.46 0.72 0.31 47.48 44.23 49.59 53.16
1.23 2.62 0.76 0.33 47.23 43.96 49.35 53.01
1.24 2.56 0.79 0.39 47.18 44.05 49.17 52.28
1.33 2.78 0.81 0.40 46.89 43.70 49.06 52.10
1.18 2.47 0.73 0.34 47.41 44.20 49.51 52.76
1.22 2.55 0.75 0.37 47.26 44.07 49.40 52.46
1.32 2.73 0.82 0.41 46.92 43.77 48.97 51.97
1.42 2.95 0.85 0.44 46.62 43.43 48.83 51.69
1.32 2.75 0.81 0.39 46.94 43.74 49.03 52.22
1.32 2.75 0.80 0.40 46.94 43.74 49.12 52.11
1.44 3.01 0.87 0.43 46.55 43.35 48.75 51.76
1.49 3.18 0.84 0.44 46.41 43.10 48.91 51.70
1.33 2.85 0.77 0.36 46.89 43.58 49.25 52.51
1.36 2.89 0.78 0.40 46.81 43.52 49.21 52.14
1.43 3.01 0.85 0.43 46.58 43.35 48.86 51.79
1.54 3.29 0.87 0.46 46.26 42.95 48.76 51.54
1.48 3.20 0.84 0.39 46.44 43.09 48.86 52.20
1.48 3.18 0.86 0.39 46.43 43.11 48.77 52.16
1.57 3.33 0.91 0.45 46.19 42.90 48.53 51.59
1.63 3.49 0.92 0.47 46.02 42.70 48.52 51.40
1.57 3.39 0.92 0.42 46.16 42.83 48.50 51.94
1.72 3.76 0.99 0.43 45.76 42.38 48.17 51.84
1.89 4.04 1.14 0.49 45.37 42.07 47.59 51.20
1.96 4.28 1.09 0.52 45.20 41.82 47.78 50.93
1.87 4.04 1.09 0.49 45.40 42.07 47.76 51.20
2.12 4.65 1.15 0.55 44.88 41.46 47.53 50.75
2.04 4.39 1.17 0.54 45.05 41.71 47.44 50.81
2.15 4.71 1.20 0.55 44.80 41.40 47.33 50.74
2.08 4.54 1.22 0.47 44.96 41.56 47.28 51.38
2.08 4.55 1.20 0.50 44.94 41.55 47.34 51.15
2.25 4.91 1.31 0.54 44.60 41.22 46.96 50.81
2.12 4.62 1.19 0.54 44.87 41.48 47.36 50.83
1.84 4.00 1.08 0.44 45.48 42.11 47.82 51.65
1.73 3.79 0.99 0.41 45.75 42.34 48.18 51.99
1.71 3.73 0.97 0.43 45.80 42.41 48.25 51.82
1.64 3.60 0.87 0.46 45.98 42.57 48.76 51.46
1.39 3.01 0.78 0.37 46.71 43.35 49.22 52.37
1.42 3.14 0.73 0.39 46.61 43.17 49.48 52.23
1.30 2.81 0.71 0.39 46.97 43.64 49.60 52.18
1.34 2.88 0.71 0.42 46.87 43.54 49.64 51.86
1.18 2.52 0.66 0.36 47.42 44.12 49.97 52.55
1.22 2.62 0.67 0.38 47.25 43.94 49.88 52.31
1.33 2.81 0.74 0.43 46.90 43.65 49.45 51.77
1.38 2.95 0.75 0.46 46.72 43.44 49.38 51.52
1.27 2.70 0.71 0.41 47.09 43.82 49.61 52.03
1.36 2.86 0.74 0.47 46.80 43.56 49.43 51.39
1.50 3.19 0.82 0.50 46.35 43.09 48.98 51.14
1.51 3.18 0.81 0.55 46.33 43.10 49.03 50.70
1.43 3.00 0.80 0.50 46.57 43.36 49.12 51.16
1.50 3.14 0.81 0.53 46.38 43.16 49.03 50.85
1.63 3.47 0.88 0.55 46.00 42.72 48.70 50.75
1.71 3.64 0.93 0.56 45.80 42.52 48.45 50.64
1.60 3.40 0.88 0.52 46.08 42.81 48.67 50.98
1.55 3.33 0.85 0.48 46.22 42.91 48.84 51.34
1.83 3.91 1.01 0.58 45.50 42.21 48.09 50.51
1.76 3.85 0.92 0.50 45.68 42.27 48.47 51.14
1.75 3.77 0.96 0.52 45.71 42.37 48.33 50.93
2.04 4.43 1.10 0.59 45.03 41.66 47.71 50.43
2.07 4.49 1.14 0.58 44.97 41.61 47.55 50.50
2.02 4.41 1.09 0.58 45.06 41.69 47.76 50.48
2.05 4.44 1.12 0.58 45.02 41.66 47.62 50.53
2.31 5.07 1.22 0.66 44.49 41.08 47.26 49.97
2.37 5.16 1.27 0.67 44.39 41.00 47.08 49.88
2.41 5.31 1.30 0.64 44.30 40.88 47.00 50.10
2.27 5.04 1.19 0.57 44.58 41.10 47.39 50.59
2.54 5.51 1.43 0.67 44.09 40.72 46.59 49.86
2.38 5.29 1.24 0.60 44.37 40.89 47.21 50.38
2.76 6.09 1.44 0.75 43.72 40.29 46.54 49.35
2.34 5.19 1.21 0.60 44.45 40.98 47.30 50.35
2.56 5.56 1.36 0.75 44.05 40.68 46.79 49.38
2.27 4.97 1.19 0.66 44.56 41.17 47.36 49.92
2.14 4.61 1.19 0.63 44.82 41.50 47.38 50.13
2.02 4.33 1.10 0.63 45.07 41.76 47.72 50.13
1.80 3.72 1.03 0.65 45.59 42.43 48.01 50.03
1.71 3.41 1.00 0.72 45.80 42.81 48.13 49.57
1.52 2.94 0.92 0.69 46.32 43.45 48.50 49.73
1.53 2.97 0.92 0.69 46.30 43.41 48.50 49.72
1.56 2.97 0.97 0.74 46.21 43.41 48.29 49.45
1.73 3.33 1.04 0.83 45.74 42.91 47.95 48.94
1.66 3.17 0.98 0.82 45.94 43.12 48.22 49.01
1.67 3.20 1.00 0.82 45.90 43.09 48.12 49.00
1.80 3.43 1.10 0.87 45.59 42.79 47.74 48.73
1.94 3.72 1.13 0.99 45.25 42.44 47.59 48.19
1.85 3.56 1.10 0.90 45.46 42.62 47.73 48.60
1.79 3.40 1.06 0.90 45.62 42.82 47.90 48.60
1.87 3.59 1.08 0.94 45.42 42.59 47.79 48.42
1.98 3.82 1.12 1.01 45.16 42.32 47.63 48.08
1.82 3.53 1.05 0.88 45.53 42.67 47.93 48.67
1.80 3.50 1.02 0.88 45.58 42.69 48.05 48.67
1.93 3.75 1.15 0.90 45.28 42.40 47.54 48.58
2.03 3.98 1.13 0.98 45.06 42.14 47.61 48.22
1.89 3.65 1.13 0.89 45.37 42.51 47.60 48.62
1.98 3.88 1.15 0.91 45.17 42.25 47.52 48.54
2.07 4.06 1.21 0.93 44.99 42.06 47.31 48.46
2.25 4.44 1.28 1.01 44.62 41.66 47.07 48.07
2.15 4.24 1.23 0.96 44.83 41.87 47.24 48.31
2.26 4.54 1.24 1.00 44.60 41.57 47.20 48.15
2.29 4.52 1.33 1.01 44.55 41.59 46.89 48.09
2.55 5.12 1.41 1.12 44.08 41.05 46.65 47.66
2.50 5.04 1.44 1.03 44.16 41.12 46.57 48.01
2.55 5.16 1.43 1.06 44.07 41.02 46.58 47.86
2.79 5.72 1.56 1.09 43.68 40.57 46.20 47.74
3.00 6.10 1.70 1.21 43.37 40.29 45.83 47.32
2.90 5.88 1.70 1.13 43.51 40.45 45.84 47.59
3.14 6.43 1.75 1.23 43.17 40.05 45.70 47.24
3.25 6.55 1.83 1.35 43.02 39.97 45.51 46.83
3.41 6.86 1.96 1.41 42.81 39.77 45.21 46.64
2.82 5.51 1.66 1.28 43.64 40.72 45.94 47.07
2.68 5.22 1.58 1.24 43.85 40.96 46.15 47.18
2.44 4.77 1.41 1.14 44.26 41.35 46.65 47.55
2.26 4.37 1.33 1.08 44.59 41.72 46.90 47.79
1.88 3.62 1.16 0.85 45.39 42.54 47.48 48.81
1.48 2.78 0.89 0.77 46.43 43.69 48.62 49.27
1.33 2.41 0.88 0.68 46.90 44.31 48.68 49.77
1.22 2.17 0.77 0.71 47.28 44.76 49.28 49.63
1.17 2.10 0.77 0.65 47.44 44.91 49.28 49.98
1.29 2.31 0.86 0.70 47.03 44.51 48.79 49.67
1.31 2.35 0.88 0.71 46.96 44.44 48.67 49.65
1.45 2.60 0.99 0.75 46.52 43.98 48.17 49.36
1.36 2.39 0.95 0.74 46.80 44.36 48.34 49.43
1.29 2.21 0.87 0.78 47.04 44.68 48.76 49.23
1.44 2.52 0.99 0.81 46.55 44.13 48.18 49.03
1.40 2.36 0.95 0.88 46.69 44.41 48.35 48.71
1.46 2.50 1.04 0.82 46.51 44.16 47.96 48.99
1.52 2.61 1.03 0.91 46.33 43.96 48.01 48.56
1.55 2.71 1.06 0.89 46.22 43.80 47.88 48.64
1.58 2.71 1.08 0.95 46.15 43.80 47.81 48.38
1.57 2.69 1.12 0.89 46.18 43.84 47.65 48.62
1.61 2.71 1.14 0.98 46.07 43.80 47.58 48.23
1.75 2.96 1.26 1.04 45.70 43.42 47.13 47.98
1.87 3.20 1.32 1.10 45.42 43.09 46.95 47.75
1.79 3.03 1.31 1.02 45.62 43.32 46.97 48.05
1.98 3.34 1.47 1.13 45.18 42.91 46.48 47.60
2.08 3.55 1.50 1.18 44.96 42.64 46.39 47.40
2.05 3.42 1.41 1.32 45.01 42.79 46.65 46.92
2.00 3.31 1.45 1.22 45.13 42.93 46.52 47.25
2.12 3.53 1.55 1.27 44.87 42.65 46.23 47.08
2.27 3.73 1.67 1.41 44.57 42.41 45.91 46.64
2.55 4.22 1.85 1.56 44.07 41.88 45.45 46.19
2.32 3.84 1.72 1.40 44.47 42.29 45.77 46.68
2.34 3.80 1.67 1.55 44.44 42.33 45.92 46.22
2.68 4.37 2.00 1.68 43.84 41.72 45.12 45.88
2.69 4.50 1.85 1.73 43.83 41.60 45.46 45.76
2.58 4.36 1.76 1.61 44.02 41.73 45.68 46.07
2.24 3.98 1.50 1.23 44.64 42.13 46.37 47.25
2.06 3.69 1.43 1.07 44.99 42.46 46.59 47.82
1.71 3.28 1.12 0.74 45.79 42.98 47.64 49.43
1.27 2.55 0.89 0.39 47.07 44.06 48.63 52.24
0.78 1.72 0.44 0.17 49.24 45.79 51.66 55.94
0.72 1.59 0.41 0.14 49.59 46.12 51.96 56.55
0.73 1.60 0.44 0.14 49.51 46.09 51.69 56.61
0.71 1.56 0.43 0.14 49.61 46.19 51.80 56.54
0.81 1.78 0.49 0.16 49.04 45.62 51.23 56.08
0.77 1.70 0.46 0.15 49.28 45.82 51.52 56.51
0.82 1.82 0.48 0.15 49.02 45.55 51.30 56.33
0.79 1.73 0.48 0.16 49.16 45.76 51.32 56.14
0.89 1.97 0.53 0.16 48.65 45.18 50.91 56.02
0.82 1.79 0.51 0.15 49.01 45.60 51.03 56.46
0.87 1.94 0.52 0.16 48.70 45.25 50.91 56.07
0.84 1.85 0.52 0.15 48.90 45.46 50.98 56.43
0.94 2.08 0.56 0.17 48.40 44.93 50.66 55.84
0.91 1.99 0.56 0.18 48.53 45.14 50.62 55.55
1.00 2.21 0.59 0.19 48.16 44.68 50.45 55.43
1.07 2.35 0.65 0.21 47.84 44.41 50.03 55.01
1.05 2.30 0.65 0.20 47.91 44.51 49.99 55.15
1.08 2.37 0.66 0.21 47.79 44.38 49.90 54.98
1.07 2.35 0.66 0.22 47.81 44.43 49.92 54.78
1.15 2.55 0.68 0.23 47.50 44.06 49.78 54.50
1.17 2.55 0.73 0.23 47.44 44.07 49.47 54.54
1.09 2.42 0.65 0.20 47.76 44.31 49.98 55.07
1.20 2.69 0.70 0.21 47.34 43.84 49.64 54.95
1.16 2.60 0.69 0.21 47.47 43.99 49.76 54.83
1.36 3.04 0.79 0.24 46.81 43.30 49.14 54.31
1.31 2.92 0.77 0.24 46.95 43.48 49.24 54.34
1.38 3.10 0.77 0.26 46.74 43.22 49.22 54.01
1.33 2.93 0.80 0.24 46.90 43.46 49.07 54.36
1.52 3.38 0.89 0.28 46.31 42.83 48.62 53.58
1.52 3.38 0.90 0.28 46.31 42.84 48.61 53.68
1.65 3.64 0.98 0.32 45.97 42.52 48.23 53.07
1.63 3.65 0.94 0.29 46.03 42.52 48.40 53.43
1.89 4.27 1.08 0.33 45.36 41.83 47.81 52.92
1.69 3.75 1.00 0.31 45.85 42.39 48.12 53.21
1.68 3.78 0.91 0.34 45.89 42.36 48.56 52.85
1.66 3.74 0.89 0.33 45.94 42.41 48.62 52.91
1.49 3.38 0.80 0.30 46.37 42.84 49.05 53.41
1.31 2.97 0.70 0.26 46.97 43.40 49.68 54.05
1.27 2.87 0.66 0.27 47.10 43.55 49.95 53.81
1.24 2.91 0.60 0.22 47.19 43.50 50.36 54.61
1.34 3.10 0.64 0.28 46.85 43.21 50.08 53.63
1.03 2.41 0.47 0.21 48.01 44.32 51.42 54.88
0.89 2.03 0.42 0.23 48.63 45.06 51.94 54.59
0.91 2.07 0.41 0.24 48.57 44.97 51.99 54.46
0.96 2.20 0.44 0.25 48.32 44.73 51.76 54.19
1.01 2.34 0.45 0.24 48.09 44.44 51.61 54.32
