1.86 3.92 1.06 0.60 45.44 42.20 47.86 50.36
1.62 3.42 0.95 0.49 46.04 42.79 48.37 51.25
1.73 3.66 1.02 0.52 45.74 42.50 48.04 50.99
1.73 3.69 1.01 0.50 45.74 42.46 48.07 51.16
2.05 4.39 1.16 0.62 45.01 41.71 47.50 50.21
1.83 3.90 1.06 0.52 45.51 42.22 47.87 51.00
2.00 4.24 1.17 0.58 45.12 41.86 47.45 50.47
1.98 4.31 1.09 0.54 45.17 41.79 47.76 50.83
2.33 5.04 1.29 0.66 44.46 41.11 47.02 49.93
2.07 4.46 1.17 0.59 44.97 41.64 47.46 50.44
2.28 4.94 1.27 0.63 44.55 41.20 47.08 50.11
2.38 5.11 1.28 0.75 44.37 41.05 47.05 49.39
2.53 5.44 1.42 0.71 44.11 40.77 46.60 49.60
2.65 5.78 1.43 0.74 43.90 40.51 46.56 49.45
2.73 5.98 1.51 0.69 43.77 40.36 46.34 49.73
2.65 5.76 1.44 0.76 43.89 40.53 46.54 49.33
2.85 6.27 1.57 0.72 43.58 40.16 46.16 49.56
2.83 6.23 1.52 0.75 43.61 40.18 46.34 49.37
2.74 6.05 1.52 0.63 43.76 40.31 46.31 50.11
3.22 7.17 1.71 0.79 43.05 39.58 45.81 49.14
2.88 6.51 1.48 0.66 43.53 40.00 46.43 49.92
2.94 6.62 1.45 0.74 43.45 39.92 46.52 49.44
2.62 5.83 1.36 0.68 43.94 40.47 46.78 49.81
2.68 5.89 1.40 0.76 43.85 40.43 46.67 49.34
2.21 4.78 1.22 0.62 44.70 41.34 47.29 50.20
2.06 4.39 1.18 0.59 45.00 41.70 47.40 50.39
1.51 3.12 0.88 0.52 46.35 43.18 48.67 50.99
1.53 3.02 0.93 0.62 46.29 43.32 48.44 50.19
1.22 2.35 0.75 0.56 47.26 44.41 49.38 50.64
1.36 2.60 0.82 0.66 46.79 43.97 49.00 49.96
1.20 2.23 0.76 0.60 47.35 44.65 49.30 50.37
1.29 2.39 0.80 0.69 47.01 44.36 49.09 49.72
1.31 2.40 0.81 0.72 46.96 44.33 49.04 49.56
1.46 2.74 0.87 0.77 46.49 43.76 48.75 49.25
1.43 2.67 0.87 0.73 46.58 43.86 48.72 49.46
1.58 2.90 0.94 0.89 46.15 43.50 48.40 48.64
1.53 2.87 0.91 0.79 46.30 43.55 48.53 49.15
1.69 3.15 1.01 0.91 45.86 43.15 48.09 48.54
1.67 3.12 1.04 0.87 45.89 43.19 47.96 48.77
1.88 3.44 1.19 1.00 45.40 42.77 47.39 48.12
1.69 3.16 1.07 0.83 45.86 43.14 47.82 48.94
1.88 3.59 1.12 0.92 45.40 42.58 47.65 48.51
1.81 3.46 1.08 0.88 45.56 42.74 47.81 48.69
2.07 3.99 1.18 1.04 44.96 42.12 47.40 47.95
1.88 3.69 1.09 0.87 45.38 42.47 47.77 48.71
2.10 4.12 1.19 1.00 44.91 41.99 47.38 48.14
1.97 3.89 1.14 0.89 45.18 42.23 47.58 48.64
2.24 4.35 1.30 1.09 44.62 41.75 47.00 47.77
1.98 3.93 1.12 0.88 45.17 42.19 47.65 48.67
2.28 4.50 1.28 1.05 44.56 41.60 47.07 47.92
2.34 4.74 1.26 1.02 44.44 41.37 47.14 48.05
2.52 4.99 1.37 1.21 44.12 41.16 46.78 47.30
2.36 4.68 1.29 1.10 44.41 41.43 47.02 47.72
2.52 5.08 1.35 1.14 44.11 41.07 46.84 47.56
2.54 5.17 1.31 1.14 44.09 41.00 46.98 47.57
2.92 5.85 1.56 1.36 43.48 40.47 46.20 46.78
2.61 5.30 1.37 1.14 43.98 40.90 46.76 47.55
2.86 5.85 1.48 1.26 43.57 40.47 46.44 47.14
2.84 5.75 1.54 1.23 43.61 40.55 46.27 47.24
3.25 6.65 1.68 1.43 43.02 39.92 45.89 46.59
3.24 6.64 1.73 1.36 43.03 39.92 45.75 46.79
3.28 6.78 1.64 1.40 42.98 39.82 45.99 46.66
3.21 6.56 1.64 1.44 43.07 39.97 45.99 46.55
3.29 6.61 1.73 1.54 42.96 39.93 45.76 46.25
2.97 5.91 1.62 1.36 43.41 40.42 46.02 46.80
2.42 4.76 1.38 1.12 44.30 41.36 46.73 47.63
2.07 3.98 1.17 1.06 44.97 42.13 47.45 47.89
1.67 3.12 0.93 0.96 45.90 43.19 48.43 48.33
1.21 2.13 0.71 0.79 47.30 44.85 49.60 49.17
1.23 2.15 0.71 0.81 47.25 44.81 49.63 49.02
1.18 2.05 0.72 0.77 47.41 45.01 49.56 49.27
1.20 2.06 0.74 0.81 47.33 44.99 49.45 49.05
1.30 2.23 0.79 0.87 47.01 44.66 49.17 48.73
1.37 2.34 0.83 0.95 46.76 44.44 48.94 48.37
1.30 2.20 0.81 0.88 47.01 44.71 49.06 48.69
1.35 2.26 0.84 0.96 46.82 44.60 48.88 48.31
1.41 2.35 0.90 0.98 46.65 44.44 48.58 48.24
1.54 2.60 0.95 1.07 46.26 43.98 48.36 47.85
1.46 2.41 0.94 1.02 46.50 44.32 48.38 48.05
1.56 2.61 1.00 1.07 46.20 43.96 48.11 47.86
1.74 2.91 1.16 1.15 45.73 43.50 47.48 47.55
1.82 3.02 1.22 1.20 45.55 43.33 47.27 47.34
1.71 2.89 1.15 1.09 45.80 43.52 47.51 47.78
1.77 2.95 1.22 1.13 45.66 43.43 47.27 47.59
2.01 3.41 1.38 1.24 45.10 42.81 46.73 47.20
2.05 3.45 1.44 1.26 45.02 42.75 46.55 47.13
1.87 3.15 1.36 1.10 45.42 43.15 46.81 47.72
1.98 3.37 1.39 1.17 45.18 42.86 46.70 47.46
2.12 3.60 1.49 1.27 44.88 42.57 46.40 47.11
2.26 3.90 1.53 1.37 44.58 42.22 46.28 46.78
2.26 3.93 1.58 1.27 44.59 42.19 46.14 47.08
2.51 4.42 1.74 1.38 44.13 41.67 45.72 46.75
2.63 4.55 1.87 1.47 43.93 41.55 45.42 46.45
2.74 4.83 1.80 1.60 43.75 41.29 45.59 46.08
2.53 4.36 1.75 1.47 44.11 41.74 45.71 46.44
2.63 4.55 1.71 1.62 43.94 41.55 45.79 46.05
2.60 4.51 1.68 1.62 43.97 41.59 45.87 46.04
2.63 4.77 1.62 1.51 43.93 41.35 46.05 46.34
2.30 4.19 1.40 1.31 44.52 41.91 46.67 46.97
2.05 3.84 1.30 1.01 45.01 42.28 47.01 48.08
1.66 3.20 1.09 0.67 45.94 43.08 47.75 49.86
1.33 2.74 0.83 0.42 46.88 43.75 48.91 51.86
1.04 2.18 0.65 0.30 47.95 44.74 50.02 53.42
1.06 2.23 0.65 0.29 47.88 44.65 49.97 53.48
1.12 2.32 0.72 0.32 47.63 44.47 49.56 53.07
1.21 2.52 0.76 0.36 47.30 44.12 49.32 52.58
1.15 2.39 0.72 0.33 47.54 44.36 49.59 52.90
1.15 2.42 0.71 0.32 47.51 44.29 49.59 53.09
1.14 2.35 0.72 0.36 47.55 44.42 49.55 52.60
1.26 2.61 0.77 0.40 47.13 43.96 49.27 52.15
1.16 2.39 0.72 0.37 47.50 44.36 49.56 52.49
1.17 2.43 0.71 0.37 47.45 44.28 49.63 52.41
1.22 2.49 0.77 0.41 47.27 44.18 49.29 52.04
1.35 2.81 0.82 0.43 46.81 43.65 48.99 51.76
1.30 2.67 0.82 0.40 47.01 43.87 48.99 52.09
1.27 2.65 0.77 0.39 47.09 43.90 49.26 52.18
1.35 2.81 0.82 0.41 46.84 43.65 49.02 51.97
1.38 2.91 0.80 0.43 46.73 43.49 49.08 51.81
1.28 2.67 0.77 0.38 47.07 43.86 49.24 52.34
1.25 2.63 0.75 0.39 47.14 43.94 49.37 52.27
1.29 2.69 0.80 0.40 47.01 43.83 49.13 52.15
1.48 3.13 0.85 0.45 46.44 43.17 48.86 51.59
1.42 3.00 0.85 0.40 46.62 43.36 48.87 52.10
1.37 2.93 0.81 0.38 46.75 43.46 49.05 52.33
1.43 3.01 0.86 0.43 46.57 43.35 48.77 51.84
1.54 3.27 0.88 0.46 46.26 42.98 48.71 51.49
1.51 3.20 0.90 0.43 46.35 43.08 48.60 51.85
1.57 3.36 0.93 0.42 46.18 42.87 48.46 51.94
1.66 3.52 0.99 0.47 45.93 42.67 48.16 51.46
1.83 3.95 1.04 0.50 45.51 42.16 47.98 51.13
1.77 3.79 1.04 0.49 45.65 42.35 47.95 51.25
1.89 4.10 1.06 0.52 45.36 42.01 47.87 50.96
1.90 4.07 1.11 0.51 45.35 42.04 47.67 51.03
1.92 4.13 1.09 0.54 45.30 41.97 47.75 50.83
1.87 4.04 1.11 0.47 45.41 42.08 47.66 51.45
1.92 4.12 1.14 0.49 45.31 41.98 47.58 51.24
2.05 4.38 1.23 0.53 45.02 41.72 47.24 50.90
1.94 4.19 1.13 0.51 45.24 41.91 47.61 51.08
1.71 3.68 1.03 0.42 45.80 42.47 48.00 51.88
1.56 3.38 0.91 0.40 46.19 42.84 48.56 52.12
1.56 3.35 0.91 0.42 46.20 42.88 48.54 51.94
1.47 3.15 0.83 0.44 46.45 43.15 48.94 51.68
1.32 2.83 0.75 0.37 46.94 43.61 49.37 52.50
1.33 2.92 0.69 0.38 46.89 43.48 49.74 52.30
1.24 2.66 0.67 0.39 47.19 43.88 49.84 52.28
1.26 2.69 0.67 0.41 47.13 43.84 49.85 51.93
1.14 2.42 0.62 0.36 47.58 44.29 50.19 52.52
1.18 2.48 0.66 0.39 47.42 44.18 49.97 52.21
1.31 2.77 0.73 0.44 46.95 43.71 49.49 51.71
1.32 2.79 0.73 0.46 46.92 43.68 49.53 51.54
1.23 2.60 0.68 0.41 47.23 43.98 49.78 52.04
1.27 2.65 0.70 0.46 47.10 43.89 49.70 51.53
1.42 2.97 0.78 0.50 46.62 43.41 49.20 51.14
1.42 2.95 0.78 0.54 46.60 43.44 49.23 50.81
1.34 2.77 0.76 0.50 46.85 43.71 49.32 51.16
1.40 2.88 0.78 0.54 46.67 43.54 49.21 50.82
1.51 3.14 0.83 0.55 46.35 43.16 48.95 50.72
1.56 3.26 0.85 0.56 46.21 43.00 48.84 50.67
1.47 3.07 0.84 0.51 46.46 43.26 48.91 51.08
1.40 2.94 0.79 0.47 46.67 43.45 49.14 51.43
1.60 3.35 0.90 0.56 46.08 42.88 48.57 50.67
1.58 3.39 0.87 0.47 46.15 42.82 48.73 51.40
1.46 3.11 0.83 0.45 46.48 43.20 48.95 51.57
1.69 3.60 0.93 0.53 45.86 42.57 48.46 50.86
1.55 3.33 0.87 0.46 46.21 42.90 48.75 51.48
1.69 3.61 0.94 0.53 45.85 42.56 48.41 50.90
1.70 3.70 0.92 0.48 45.82 42.45 48.49 51.29
1.92 4.18 1.01 0.59 45.29 41.92 48.11 50.45
1.83 3.98 0.98 0.53 45.51 42.13 48.23 50.92
2.06 4.44 1.14 0.61 44.98 41.65 47.55 50.30
1.97 4.27 1.08 0.54 45.19 41.82 47.78 50.77
2.35 5.05 1.32 0.68 44.42 41.10 46.91 49.83
2.16 4.76 1.13 0.59 44.79 41.36 47.61 50.41
2.45 5.28 1.33 0.74 44.24 40.91 46.89 49.44
2.07 4.52 1.11 0.60 44.96 41.58 47.69 50.35
2.34 5.00 1.28 0.75 44.43 41.14 47.06 49.35
2.07 4.45 1.12 0.65 44.96 41.65 47.63 50.00
1.85 3.93 1.04 0.57 45.46 42.18 47.97 50.53
1.82 3.82 1.02 0.62 45.54 42.31 48.07 50.20
1.74 3.57 1.00 0.66 45.73 42.61 48.15 49.96
1.65 3.25 0.98 0.71 45.97 43.01 48.22 49.62
1.42 2.76 0.85 0.65 46.61 43.72 48.83 50.05
1.46 2.81 0.89 0.68 46.48 43.64 48.64 49.80
1.55 2.92 0.96 0.76 46.24 43.47 48.31 49.36
1.65 3.13 1.00 0.81 45.96 43.18 48.12 49.04
1.54 2.92 0.94 0.77 46.25 43.48 48.42 49.24
1.60 3.01 0.98 0.82 46.08 43.35 48.23 48.99
1.79 3.38 1.10 0.89 45.60 42.84 47.72 48.63
1.87 3.53 1.10 0.97 45.42 42.66 47.70 48.26
1.74 3.30 1.05 0.87 45.73 42.95 47.90 48.76
1.70 3.19 1.03 0.89 45.82 43.10 48.00 48.62
1.87 3.58 1.10 0.95 45.40 42.60 47.70 48.37
1.89 3.60 1.09 0.97 45.37 42.57 47.74 48.24
1.65 3.14 0.97 0.83 45.96 43.16 48.26 48.93
1.72 3.32 0.98 0.86 45.78 42.92 48.23 48.79
1.90 3.66 1.13 0.90 45.35 42.49 47.60 48.59
1.89 3.66 1.06 0.96 45.36 42.50 47.87 48.33
1.75 3.33 1.07 0.86 45.69 42.90 47.85 48.79
1.87 3.61 1.09 0.90 45.42 42.56 47.74 48.58
2.03 3.95 1.20 0.94 45.05 42.17 47.35 48.38
2.11 4.12 1.23 0.99 44.88 41.98 47.23 48.18
1.93 3.75 1.13 0.90 45.28 42.39 47.60 48.58
2.15 4.33 1.18 0.95 44.81 41.77 47.40 48.37
2.25 4.43 1.30 1.02 44.61 41.66 47.00 48.05
2.38 4.71 1.32 1.09 44.37 41.39 46.92 47.75
2.31 4.57 1.34 1.01 44.50 41.53 46.87 48.10
2.40 4.76 1.37 1.06 44.33 41.35 46.76 47.85
2.68 5.40 1.55 1.10 43.84 40.81 46.24 47.70
2.79 5.60 1.61 1.17 43.67 40.65 46.07 47.44
2.63 5.25 1.56 1.07 43.93 40.93 46.20 47.82
2.93 5.95 1.65 1.20 43.46 40.39 45.97 47.35
3.11 6.17 1.82 1.35 43.21 40.23 45.55 46.84
3.22 6.44 1.85 1.37 43.06 40.04 45.47 46.77
2.54 4.92 1.50 1.20 44.09 41.22 46.38 47.35
2.47 4.75 1.45 1.21 44.21 41.37 46.52 47.32
2.34 4.55 1.35 1.13 44.44 41.55 46.84 47.61
2.11 4.02 1.27 1.05 44.88 42.09 47.10 47.90
1.74 3.32 1.07 0.82 45.73 42.92 47.83 49.00
1.39 2.62 0.85 0.72 46.69 43.95 48.84 49.58
1.25 2.27 0.82 0.67 47.15 44.57 49.00 49.85
1.15 2.04 0.74 0.69 47.50 45.04 49.44 49.72
1.12 1.98 0.75 0.64 47.64 45.17 49.41 50.08
1.21 2.12 0.82 0.69 47.31 44.88 49.00 49.75
1.22 2.13 0.84 0.70 47.25 44.85 48.87 49.70
1.33 2.36 0.91 0.73 46.88 44.40 48.54 49.49
1.27 2.19 0.88 0.73 47.11 44.73 48.67 49.52
1.19 2.01 0.81 0.74 47.39 45.09 49.08 49.47
1.32 2.26 0.92 0.78 46.93 44.59 48.51 49.20
1.28 2.14 0.87 0.84 47.05 44.82 48.73 48.91
1.33 2.26 0.92 0.79 46.91 44.59 48.49 49.14
1.39 2.35 0.95 0.87 46.71 44.42 48.35 48.76
1.44 2.47 0.98 0.88 46.54 44.20 48.20 48.71
1.45 2.45 1.00 0.90 46.51 44.24 48.12 48.57
1.42 2.39 1.00 0.87 46.61 44.35 48.11 48.76
1.48 2.48 1.05 0.93 46.42 44.19 47.93 48.47
1.58 2.63 1.13 0.98 46.15 43.93 47.61 48.22
1.67 2.80 1.18 1.04 45.90 43.66 47.41 47.98
1.57 2.60 1.14 0.97 46.16 43.98 47.57 48.24
1.76 2.93 1.29 1.07 45.68 43.47 47.05 47.84
1.88 3.15 1.36 1.12 45.40 43.15 46.80 47.65
1.85 3.10 1.25 1.21 45.45 43.21 47.15 47.32
1.84 3.05 1.32 1.14 45.49 43.28 46.92 47.57
1.95 3.26 1.39 1.20 45.23 43.00 46.71 47.32
2.06 3.38 1.47 1.32 45.00 42.85 46.46 46.92
2.25 3.71 1.62 1.41 44.61 42.43 46.02 46.64
2.13 3.54 1.53 1.31 44.85 42.64 46.28 46.95
2.03 3.25 1.44 1.42 45.05 43.02 46.56 46.62
2.27 3.67 1.66 1.50 44.56 42.49 45.95 46.37
2.44 4.06 1.69 1.59 44.25 42.05 45.86 46.12
2.25 3.76 1.55 1.45 44.61 42.38 46.24 46.51
1.82 3.15 1.26 1.04 45.53 43.15 47.11 47.96
1.74 3.09 1.16 0.97 45.72 43.23 47.49 48.26
1.52 2.85 1.06 0.65 46.31 43.58 47.88 49.98
1.07 2.07 0.77 0.37 47.83 44.98 49.24 52.44
0.67 1.44 0.42 0.15 49.86 46.53 51.94 56.35
0.66 1.43 0.41 0.13 49.96 46.56 52.05 56.97
0.68 1.47 0.43 0.14 49.83 46.47 51.86 56.78
0.65 1.43 0.40 0.13 49.97 46.58 52.10 56.83
0.71 1.54 0.43 0.16 49.63 46.26 51.78 56.22
0.66 1.44 0.41 0.13 49.94 46.57 52.02 56.80
0.72 1.57 0.45 0.14 49.55 46.17 51.56 56.58
0.69 1.51 0.44 0.14 49.72 46.35 51.71 56.78
0.77 1.67 0.47 0.16 49.30 45.91 51.43 56.16
0.74 1.61 0.46 0.15 49.45 46.06 51.53 56.53
0.77 1.70 0.48 0.15 49.24 45.83 51.37 56.40
0.75 1.64 0.47 0.14 49.38 45.98 51.48 56.57
0.81 1.78 0.48 0.16 49.06 45.62 51.34 55.99
0.83 1.79 0.51 0.17 48.97 45.59 51.04 55.91
0.83 1.82 0.50 0.16 48.94 45.53 51.09 55.97
0.89 1.95 0.55 0.18 48.62 45.23 50.72 55.65
0.88 1.91 0.56 0.17 48.68 45.32 50.66 55.78
0.93 2.02 0.58 0.19 48.46 45.08 50.50 55.42
0.92 2.00 0.55 0.19 48.50 45.11 50.67 55.27
1.02 2.25 0.59 0.21 48.06 44.62 50.42 54.85
1.03 2.27 0.62 0.21 47.98 44.56 50.25 54.88
0.99 2.20 0.59 0.20 48.16 44.71 50.44 55.18
1.11 2.47 0.66 0.21 47.68 44.21 49.97 54.97
1.13 2.50 0.67 0.22 47.60 44.15 49.87 54.65
1.23 2.72 0.73 0.24 47.24 43.79 49.52 54.39
1.25 2.74 0.75 0.24 47.18 43.76 49.38 54.26
1.28 2.85 0.76 0.25 47.04 43.59 49.36 54.10
1.29 2.84 0.79 0.24 47.03 43.60 49.17 54.26
1.36 3.01 0.80 0.27 46.80 43.35 49.13 53.77
1.34 2.94 0.81 0.27 46.86 43.45 49.03 53.87
1.46 3.23 0.85 0.29 46.49 43.04 48.82 53.40
1.52 3.36 0.90 0.30 46.32 42.88 48.57 53.37
1.64 3.65 0.95 0.33 45.98 42.51 48.37 52.97
1.55 3.43 0.92 0.30 46.23 42.78 48.51 53.29
1.45 3.21 0.83 0.31 46.51 43.07 48.92 53.17
1.41 3.18 0.75 0.30 46.64 43.10 49.41 53.31
1.37 3.06 0.73 0.30 46.77 43.27 49.49 53.30
1.24 2.79 0.66 0.26 47.21 43.68 49.90 54.01
1.25 2.78 0.66 0.29 47.18 43.68 49.92 53.52
1.08 2.42 0.58 0.23 47.80 44.29 50.47 54.48
1.20 2.70 0.61 0.29 47.34 43.82 50.26 53.59
0.94 2.14 0.44 0.23 48.41 44.82 51.73 54.49
0.94 2.10 0.46 0.26 48.40 44.91 51.55 53.91
0.90 2.03 0.43 0.25 48.57 45.05 51.80 54.19
0.95 2.13 0.45 0.26 48.36 44.84 51.53 54.01
1.00 2.26 0.47 0.27 48.13 44.59 51.43 53.83
