1.86 3.92 1.06 0.60 45.44 42.20 47.86 50.36
1.62 3.42 0.95 0.49 46.04 42.79 48.37 51.25
1.73 3.66 1.02 0.52 45.74 42.50 48.04 50.99
1.73 3.69 1.01 0.50 45.74 42.46 48.07 51.16
2.05 4.39 1.16 0.62 45.01 41.71 47.50 50.21
1.83 3.90 1.06 0.52 45.51 42.22 47.87 51.00
2.00 4.24 1.17 0.58 45.12 41.86 47.45 50.47
1.98 4.31 1.09 0.54 45.17 41.79 47.76 50.83
2.33 5.04 1.29 0.66 44.46 41.11 47.02 49.93
2.07 4.46 1.17 0.59 44.97 41.64 47.46 50.44
2.28 4.94 1.27 0.63 44.55 41.20 47.08 50.11
2.38 5.11 1.28 0.75 44.37 41.05 47.05 49.39
2.53 5.44 1.42 0.71 44.11 40.77 46.60 49.60
2.65 5.78 1.43 0.74 43.90 40.51 46.56 49.45
2.73 5.98 1.51 0.69 43.77 40.36 46.34 49.73
2.65 5.76 1.44 0.76 43.89 40.53 46.54 49.33
2.85 6.27 1.57 0.72 43.58 40.16 46.16 49.56
2.83 6.23 1.52 0.75 43.61 40.18 46.33 49.37
2.74 6.06 1.52 0.63 43.76 40.31 46.30 50.14
3.22 7.17 1.71 0.79 43.05 39.58 45.81 49.15
2.89 6.52 1.48 0.68 43.52 39.98 46.43 49.85
2.92 6.58 1.44 0.74 43.48 39.95 46.55 49.42
2.63 5.85 1.35 0.68 43.94 40.46 46.82 49.82
2.69 5.88 1.41 0.77 43.84 40.44 46.65 49.28
2.23 4.83 1.22 0.63 44.65 41.29 47.25 50.14
2.05 4.40 1.16 0.58 45.02 41.69 47.47 50.49
1.53 3.17 0.89 0.51 46.29 43.12 48.63 51.05
1.53 3.04 0.91 0.63 46.29 43.30 48.53 50.12
1.23 2.36 0.74 0.57 47.25 44.40 49.40 50.60
1.38 2.64 0.85 0.65 46.73 43.92 48.83 49.97
1.26 2.38 0.80 0.60 47.13 44.37 49.05 50.35
1.37 2.52 0.87 0.72 46.76 44.11 48.75 49.57
1.38 2.55 0.85 0.75 46.72 44.06 48.84 49.38
1.53 2.90 0.90 0.79 46.29 43.51 48.60 49.15
1.50 2.85 0.90 0.76 46.36 43.58 48.58 49.34
1.67 3.12 0.99 0.92 45.90 43.19 48.19 48.50
1.60 3.04 0.94 0.81 46.09 43.30 48.38 49.01
1.75 3.28 1.08 0.90 45.69 42.97 47.80 48.59
1.75 3.31 1.08 0.87 45.70 42.94 47.80 48.73
2.03 3.77 1.29 1.04 45.06 42.37 47.04 47.97
1.76 3.33 1.13 0.84 45.66 42.90 47.63 48.90
1.97 3.81 1.18 0.91 45.19 42.32 47.42 48.52
1.93 3.75 1.15 0.89 45.27 42.39 47.53 48.62
2.16 4.19 1.23 1.07 44.78 41.91 47.21 47.86
1.98 3.88 1.16 0.91 45.16 42.24 47.49 48.55
2.16 4.24 1.23 1.01 44.79 41.86 47.24 48.08
2.06 4.07 1.20 0.93 44.98 42.04 47.34 48.47
2.42 4.75 1.37 1.15 44.29 41.37 46.77 47.53
2.10 4.23 1.16 0.91 44.91 41.87 47.48 48.56
2.44 4.86 1.38 1.08 44.25 41.26 46.72 47.79
2.52 5.16 1.36 1.04 44.12 41.00 46.81 47.95
2.73 5.43 1.52 1.23 43.77 40.78 46.32 47.21
2.50 5.03 1.37 1.11 44.15 41.12 46.76 47.68
2.71 5.50 1.44 1.18 43.80 40.72 46.54 47.41
2.76 5.73 1.39 1.16 43.72 40.55 46.71 47.47
3.17 6.39 1.70 1.41 43.12 40.07 45.82 46.63
3.10 6.34 1.63 1.34 43.21 40.11 46.01 46.87
3.16 6.46 1.63 1.38 43.14 40.03 46.01 46.73
3.28 6.67 1.80 1.37 42.97 39.89 45.59 46.75
3.71 7.67 1.85 1.61 42.43 39.28 45.45 46.07
3.72 7.60 2.01 1.56 42.43 39.32 45.11 46.21
3.64 7.61 1.83 1.49 42.51 39.32 45.51 46.39
3.56 7.35 1.82 1.51 42.62 39.47 45.54 46.34
3.63 7.37 1.88 1.63 42.53 39.46 45.38 46.01
3.23 6.43 1.80 1.45 43.04 40.05 45.57 46.51
2.58 5.11 1.49 1.16 44.00 41.05 46.41 47.48
2.26 4.42 1.28 1.09 44.58 41.67 47.07 47.77
1.78 3.36 1.00 0.98 45.63 42.87 48.13 48.22
1.26 2.23 0.74 0.81 47.14 44.66 49.45 49.07
1.30 2.26 0.77 0.86 47.01 44.59 49.29 48.79
1.23 2.12 0.77 0.81 47.22 44.87 49.25 49.04
1.26 2.15 0.80 0.84 47.12 44.81 49.10 48.90
1.35 2.29 0.83 0.92 46.84 44.53 48.94 48.49
1.43 2.43 0.89 0.99 46.57 44.28 48.65 48.19
1.38 2.37 0.87 0.89 46.74 44.39 48.73 48.61
1.43 2.38 0.91 1.00 46.58 44.37 48.54 48.13
1.50 2.51 0.98 1.02 46.36 44.14 48.20 48.04
1.66 2.82 1.05 1.11 45.93 43.63 47.90 47.67
1.57 2.65 1.02 1.04 46.17 43.89 48.05 47.95
1.66 2.80 1.08 1.10 45.93 43.66 47.80 47.72
1.91 3.24 1.29 1.20 45.32 43.02 47.03 47.36
1.97 3.31 1.33 1.26 45.19 42.93 46.90 47.13
1.84 3.17 1.24 1.10 45.49 43.13 47.20 47.70
1.86 3.13 1.29 1.16 45.44 43.18 47.01 47.49
2.17 3.72 1.51 1.30 44.75 42.43 46.34 46.99
2.22 3.78 1.56 1.32 44.67 42.36 46.19 46.94
2.07 3.51 1.54 1.16 44.96 42.67 46.26 47.47
2.12 3.62 1.52 1.20 44.88 42.54 46.31 47.35
2.32 3.96 1.67 1.34 44.47 42.16 45.90 46.87
2.46 4.26 1.66 1.45 44.23 41.84 45.93 46.51
2.53 4.44 1.78 1.37 44.10 41.65 45.62 46.76
2.73 4.86 1.91 1.43 43.77 41.27 45.32 46.58
2.87 5.04 2.05 1.52 43.55 41.11 45.02 46.31
2.98 5.31 1.94 1.69 43.39 40.89 45.25 45.84
2.79 4.88 1.93 1.56 43.67 41.25 45.27 46.20
2.88 5.09 1.88 1.68 43.53 41.06 45.38 45.88
2.89 5.09 1.90 1.67 43.53 41.07 45.35 45.91
2.96 5.46 1.83 1.59 43.42 40.76 45.51 46.12
2.59 4.80 1.61 1.38 43.99 41.32 46.06 46.74
2.20 4.14 1.40 1.07 44.70 41.96 46.68 47.83
1.79 3.47 1.18 0.71 45.61 42.72 47.42 49.60
1.45 3.00 0.92 0.45 46.51 43.36 48.51 51.64
1.08 2.25 0.67 0.32 47.79 44.60 49.87 53.02
1.07 2.26 0.67 0.30 47.83 44.60 49.90 53.43
1.10 2.30 0.70 0.30 47.72 44.52 49.69 53.33
1.25 2.59 0.78 0.37 47.18 44.00 49.23 52.43
1.20 2.50 0.75 0.37 47.32 44.16 49.38 52.52
1.16 2.43 0.72 0.33 47.49 44.28 49.56 52.99
1.12 2.30 0.71 0.35 47.64 44.51 49.64 52.72
1.29 2.67 0.78 0.41 47.04 43.86 49.23 52.01
1.24 2.55 0.76 0.40 47.22 44.07 49.31 52.15
1.18 2.44 0.71 0.38 47.43 44.26 49.62 52.38
1.21 2.48 0.74 0.39 47.31 44.18 49.43 52.15
1.40 2.92 0.83 0.45 46.67 43.48 48.95 51.61
1.38 2.85 0.87 0.42 46.74 43.58 48.76 51.93
1.28 2.68 0.78 0.39 47.04 43.85 49.21 52.20
1.33 2.76 0.81 0.41 46.91 43.73 49.04 52.04
1.42 3.01 0.83 0.44 46.59 43.35 48.96 51.73
1.37 2.87 0.82 0.41 46.78 43.56 48.98 52.01
1.30 2.74 0.77 0.39 46.98 43.75 49.25 52.19
1.30 2.72 0.78 0.38 47.01 43.79 49.19 52.30
1.53 3.27 0.87 0.46 46.28 42.99 48.76 51.47
1.52 3.24 0.88 0.43 46.32 43.02 48.66 51.81
1.41 3.04 0.82 0.37 46.64 43.31 49.01 52.39
1.43 3.05 0.85 0.40 46.57 43.29 48.84 52.11
1.59 3.42 0.90 0.47 46.11 42.79 48.61 51.45
1.61 3.44 0.95 0.45 46.06 42.76 48.37 51.65
1.66 3.61 0.96 0.41 45.93 42.56 48.30 51.98
1.71 3.67 1.02 0.43 45.81 42.48 48.04 51.80
1.91 4.17 1.06 0.50 45.31 41.93 47.86 51.11
1.92 4.14 1.12 0.49 45.30 41.96 47.62 51.21
2.02 4.43 1.12 0.52 45.08 41.67 47.66 50.99
1.90 4.09 1.11 0.49 45.35 42.01 47.69 51.28
2.06 4.48 1.17 0.54 44.99 41.62 47.46 50.78
2.08 4.53 1.22 0.50 44.95 41.58 47.29 51.15
2.01 4.36 1.19 0.49 45.10 41.74 47.38 51.22
2.11 4.55 1.24 0.51 44.90 41.55 47.19 51.02
2.05 4.46 1.17 0.53 45.01 41.64 47.47 50.92
1.87 4.08 1.08 0.46 45.41 42.03 47.80 51.53
1.66 3.63 0.94 0.41 45.93 42.53 48.41 52.04
1.62 3.54 0.90 0.41 46.04 42.64 48.59 52.03
1.58 3.45 0.83 0.45 46.15 42.75 48.95 51.60
1.40 3.03 0.78 0.39 46.68 43.32 49.23 52.26
1.38 3.06 0.71 0.38 46.72 43.28 49.64 52.31
1.25 2.68 0.67 0.38 47.18 43.85 49.85 52.32
1.30 2.79 0.68 0.42 46.99 43.67 49.76 51.90
1.22 2.59 0.66 0.39 47.28 43.99 49.91 52.20
1.20 2.57 0.66 0.39 47.32 44.04 49.93 52.20
1.26 2.65 0.71 0.41 47.13 43.89 49.62 51.94
1.36 2.89 0.73 0.46 46.79 43.52 49.47 51.53
1.32 2.78 0.75 0.44 46.92 43.69 49.41 51.69
1.31 2.75 0.72 0.47 46.95 43.74 49.56 51.47
1.43 3.04 0.77 0.48 46.59 43.31 49.27 51.38
1.51 3.17 0.81 0.54 46.35 43.12 49.04 50.80
1.47 3.07 0.81 0.52 46.47 43.27 49.04 50.96
1.46 3.03 0.82 0.53 46.48 43.31 48.99 50.87
1.52 3.21 0.84 0.53 46.30 43.07 48.91 50.92
1.67 3.56 0.90 0.56 45.89 42.61 48.59 50.68
1.64 3.45 0.91 0.55 45.99 42.75 48.54 50.77
1.52 3.26 0.83 0.48 46.30 43.00 48.94 51.29
1.76 3.75 0.97 0.56 45.67 42.39 48.24 50.62
1.76 3.84 0.93 0.51 45.68 42.29 48.46 51.06
1.78 3.79 0.97 0.57 45.64 42.35 48.29 50.62
1.99 4.33 1.06 0.57 45.15 41.77 47.88 50.54
1.95 4.21 1.09 0.55 45.23 41.90 47.75 50.74
1.99 4.33 1.05 0.57 45.15 41.77 47.90 50.54
2.10 4.56 1.13 0.61 44.91 41.54 47.60 50.29
2.26 4.93 1.20 0.66 44.59 41.20 47.35 49.97
2.23 4.85 1.21 0.64 44.64 41.27 47.31 50.06
2.35 5.15 1.26 0.65 44.42 41.01 47.14 50.02
2.35 5.20 1.26 0.61 44.42 40.98 47.15 50.30
2.43 5.28 1.35 0.65 44.28 40.90 46.85 49.97
2.42 5.36 1.26 0.63 44.30 40.84 47.14 50.11
2.68 5.88 1.42 0.76 43.84 40.44 46.62 49.34
2.46 5.41 1.30 0.68 44.23 40.81 47.01 49.85
2.44 5.28 1.31 0.73 44.26 40.91 46.97 49.47
2.20 4.79 1.16 0.65 44.71 41.32 47.50 50.02
2.00 4.30 1.11 0.58 45.13 41.80 47.69 50.46
1.90 4.06 1.05 0.61 45.33 42.05 47.93 50.25
1.77 3.66 1.02 0.64 45.64 42.50 48.03 50.07
1.67 3.32 0.99 0.71 45.90 42.92 48.18 49.60
1.42 2.75 0.87 0.63 46.62 43.74 48.75 50.11
1.47 2.84 0.90 0.68 46.45 43.60 48.59 49.80
1.56 2.96 0.97 0.75 46.20 43.42 48.28 49.38
1.67 3.18 1.01 0.81 45.92 43.11 48.09 49.07
1.57 2.96 0.95 0.78 46.18 43.42 48.33 49.20
1.60 3.01 0.98 0.80 46.09 43.34 48.20 49.11
1.81 3.41 1.12 0.88 45.57 42.80 47.62 48.70
1.89 3.57 1.12 0.97 45.38 42.61 47.63 48.27
1.74 3.32 1.05 0.86 45.72 42.92 47.90 48.79
1.72 3.23 1.04 0.89 45.78 43.05 47.96 48.66
1.89 3.59 1.12 0.95 45.38 42.58 47.65 48.35
1.89 3.59 1.10 0.97 45.37 42.58 47.74 48.25
1.67 3.20 0.99 0.83 45.89 43.08 48.17 48.94
1.73 3.33 0.99 0.86 45.75 42.90 48.16 48.78
1.89 3.66 1.13 0.89 45.36 42.50 47.61 48.63
1.91 3.69 1.07 0.95 45.32 42.45 47.81 48.33
1.77 3.38 1.08 0.86 45.65 42.84 47.80 48.81
1.89 3.66 1.09 0.90 45.37 42.50 47.74 48.57
2.05 3.98 1.22 0.95 45.01 42.13 47.27 48.34
2.14 4.19 1.24 1.00 44.82 41.92 47.18 48.12
1.96 3.84 1.14 0.91 45.20 42.28 47.58 48.53
2.20 4.43 1.19 0.97 44.71 41.67 47.36 48.25
2.28 4.47 1.33 1.03 44.55 41.62 46.89 48.01
2.40 4.78 1.33 1.09 44.33 41.34 46.88 47.76
2.33 4.65 1.34 1.01 44.45 41.45 46.86 48.11
2.42 4.81 1.38 1.07 44.30 41.31 46.75 47.83
2.71 5.49 1.55 1.10 43.79 40.74 46.22 47.70
2.83 5.69 1.62 1.17 43.61 40.58 46.02 47.44
2.67 5.35 1.59 1.08 43.86 40.85 46.12 47.79
3.10 6.33 1.74 1.23 43.22 40.12 45.74 47.25
3.29 6.65 1.86 1.38 42.95 39.90 45.45 46.74
3.38 6.79 1.95 1.40 42.84 39.81 45.22 46.68
2.72 5.32 1.60 1.22 43.79 40.87 46.08 47.25
2.64 5.12 1.55 1.25 43.91 41.04 46.22 47.15
2.46 4.80 1.42 1.16 44.22 41.32 46.62 47.48
2.23 4.31 1.32 1.06 44.64 41.78 46.93 47.86
1.81 3.48 1.12 0.84 45.55 42.72 47.64 48.91
1.44 2.70 0.87 0.74 46.56 43.82 48.72 49.46
1.29 2.33 0.85 0.68 47.03 44.46 48.82 49.82
1.17 2.07 0.74 0.70 47.45 44.97 49.43 49.69
1.14 2.04 0.76 0.64 47.54 45.03 49.36 50.09
1.22 2.16 0.82 0.69 47.25 44.78 48.99 49.75
1.24 2.18 0.85 0.69 47.21 44.75 48.85 49.74
1.37 2.46 0.93 0.73 46.76 44.21 48.46 49.52
1.27 2.21 0.89 0.71 47.09 44.68 48.63 49.63
1.21 2.06 0.81 0.74 47.32 44.99 49.06 49.40
1.34 2.31 0.93 0.78 46.86 44.49 48.46 49.23
1.30 2.19 0.88 0.84 46.98 44.72 48.69 48.90
1.35 2.33 0.94 0.79 46.82 44.47 48.42 49.13
1.40 2.39 0.95 0.88 46.65 44.36 48.34 48.70
1.49 2.59 1.00 0.87 46.41 44.00 48.15 48.74
1.48 2.52 1.02 0.90 46.42 44.11 48.05 48.58
1.44 2.45 1.01 0.86 46.54 44.23 48.07 48.80
1.52 2.55 1.08 0.92 46.32 44.06 47.80 48.50
1.62 2.70 1.16 1.00 46.04 43.81 47.51 48.14
1.71 2.88 1.21 1.06 45.79 43.54 47.32 47.89
1.62 2.70 1.17 0.99 46.03 43.81 47.43 48.17
1.80 3.01 1.32 1.08 45.58 43.35 46.94 47.79
1.93 3.27 1.40 1.13 45.27 42.99 46.67 47.59
1.99 3.33 1.36 1.28 45.14 42.91 46.79 47.05
1.94 3.23 1.40 1.19 45.26 43.05 46.68 47.36
2.07 3.45 1.48 1.26 44.98 42.75 46.42 47.12
2.21 3.62 1.61 1.39 44.69 42.54 46.07 46.71
2.45 4.05 1.78 1.51 44.25 42.06 45.64 46.33
2.28 3.78 1.66 1.39 44.56 42.35 45.94 46.72
2.26 3.64 1.60 1.54 44.59 42.52 46.09 46.25
2.59 4.21 1.93 1.64 44.00 41.90 45.29 45.98
2.63 4.36 1.83 1.70 43.93 41.73 45.50 45.83
2.48 4.17 1.71 1.56 44.19 41.94 45.80 46.19
2.13 3.78 1.43 1.18 44.85 42.37 46.59 47.39
2.01 3.59 1.38 1.06 45.12 42.59 46.74 47.89
1.63 3.09 1.09 0.72 46.00 43.23 47.76 49.56
1.18 2.35 0.83 0.36 47.41 44.43 48.95 52.53
0.73 1.60 0.42 0.15 49.52 46.08 51.88 56.20
0.68 1.49 0.41 0.13 49.82 46.41 51.98 56.84
0.71 1.55 0.43 0.13 49.63 46.22 51.74 56.79
0.68 1.50 0.43 0.14 49.76 46.39 51.83 56.73
0.77 1.68 0.46 0.16 49.28 45.88 51.45 56.18
0.72 1.57 0.44 0.15 49.58 46.18 51.73 56.49
0.76 1.65 0.46 0.15 49.35 45.95 51.46 56.48
0.74 1.62 0.45 0.14 49.44 46.04 51.53 56.55
0.83 1.82 0.49 0.16 48.96 45.52 51.21 56.06
0.80 1.78 0.49 0.14 49.08 45.64 51.22 56.57
0.84 1.84 0.50 0.16 48.92 45.47 51.11 56.16
0.81 1.78 0.50 0.16 49.05 45.63 51.19 56.30
0.89 1.96 0.52 0.18 48.67 45.21 50.97 55.70
0.87 1.88 0.54 0.18 48.75 45.39 50.76 55.70
0.94 2.05 0.57 0.19 48.42 45.01 50.60 55.36
1.01 2.23 0.61 0.19 48.09 44.66 50.31 55.26
1.01 2.20 0.63 0.20 48.09 44.71 50.16 55.12
1.01 2.21 0.62 0.20 48.08 44.69 50.18 55.07
1.02 2.20 0.63 0.22 48.06 44.70 50.15 54.77
1.10 2.44 0.65 0.23 47.69 44.26 50.00 54.54
1.11 2.42 0.69 0.23 47.67 44.30 49.76 54.50
1.04 2.31 0.61 0.20 47.97 44.50 50.26 55.14
1.14 2.54 0.68 0.22 47.54 44.08 49.81 54.81
1.11 2.44 0.67 0.20 47.69 44.25 49.90 54.96
1.28 2.86 0.76 0.23 47.05 43.58 49.31 54.46
1.24 2.74 0.73 0.23 47.21 43.75 49.48 54.56
1.34 2.96 0.80 0.26 46.86 43.42 49.12 54.00
1.28 2.85 0.76 0.24 47.05 43.59 49.30 54.36
1.44 3.18 0.85 0.29 46.55 43.11 48.83 53.49
1.39 3.08 0.81 0.27 46.72 43.25 49.07 53.86
1.55 3.44 0.91 0.31 46.23 42.77 48.57 53.18
1.52 3.38 0.88 0.29 46.32 42.85 48.67 53.51
1.77 3.96 1.02 0.33 45.65 42.16 48.05 52.90
1.56 3.44 0.93 0.31 46.21 42.77 48.45 53.27
1.58 3.52 0.88 0.34 46.16 42.67 48.69 52.90
1.55 3.49 0.82 0.33 46.26 42.72 49.04 52.93
1.44 3.23 0.77 0.30 46.57 43.04 49.28 53.40
1.26 2.83 0.68 0.25 47.15 43.61 49.81 54.06
1.25 2.81 0.66 0.27 47.17 43.65 49.93 53.85
1.17 2.69 0.60 0.22 47.45 43.84 50.35 54.72
1.28 2.94 0.63 0.26 47.07 43.45 50.18 53.89
0.98 2.30 0.43 0.22 48.21 44.52 51.79 54.71
0.90 2.06 0.43 0.24 48.56 45.00 51.82 54.47
0.89 2.02 0.41 0.24 48.64 45.07 52.00 54.40
0.94 2.14 0.44 0.25 48.39 44.84 51.69 54.20
0.97 2.23 0.45 0.25 48.24 44.65 51.65 54.19
