1.86 3.92 1.06 0.60 45.44 42.20 47.86 50.36
1.62 3.42 0.95 0.49 46.04 42.79 48.37 51.25
1.73 3.66 1.02 0.52 45.74 42.50 48.04 50.99
1.73 3.69 1.01 0.50 45.74 42.46 48.07 51.16
2.05 4.39 1.16 0.62 45.01 41.71 47.50 50.21
1.83 3.91 1.06 0.51 45.51 42.21 47.88 51.01
1.99 4.24 1.16 0.58 45.13 41.86 47.48 50.47
1.97 4.30 1.09 0.53 45.18 41.80 47.76 50.86
2.33 5.03 1.29 0.66 44.46 41.11 47.01 49.92
2.09 4.50 1.18 0.59 44.93 41.60 47.41 50.41
2.29 4.95 1.28 0.63 44.53 41.19 47.03 50.12
2.37 5.09 1.29 0.74 44.38 41.06 47.04 49.42
2.52 5.43 1.43 0.70 44.11 40.78 46.57 49.66
2.66 5.79 1.44 0.73 43.89 40.50 46.53 49.49
2.72 5.95 1.51 0.70 43.78 40.38 46.33 49.72
2.65 5.75 1.45 0.75 43.90 40.53 46.53 49.36
2.86 6.28 1.58 0.73 43.57 40.15 46.13 49.49
2.84 6.24 1.53 0.76 43.60 40.18 46.30 49.33
2.73 6.05 1.51 0.62 43.77 40.32 46.34 50.16
3.21 7.14 1.69 0.79 43.07 39.59 45.87 49.15
2.89 6.53 1.47 0.66 43.53 39.98 46.47 49.95
2.91 6.55 1.43 0.74 43.50 39.97 46.57 49.41
2.60 5.78 1.34 0.68 43.98 40.51 46.85 49.80
2.69 5.92 1.39 0.76 43.83 40.41 46.69 49.32
2.21 4.79 1.21 0.62 44.69 41.33 47.28 50.17
2.07 4.40 1.20 0.61 44.97 41.69 47.34 50.26
1.50 3.11 0.88 0.52 46.36 43.20 48.67 50.97
1.51 3.01 0.91 0.62 46.33 43.34 48.55 50.21
1.23 2.37 0.76 0.55 47.25 44.39 49.34 50.70
1.37 2.65 0.82 0.65 46.75 43.89 48.97 50.01
1.36 2.65 0.81 0.61 46.81 43.90 49.06 50.29
1.46 2.74 0.89 0.74 46.50 43.76 48.63 49.46
1.49 2.82 0.88 0.77 46.40 43.62 48.68 49.29
1.61 3.08 0.95 0.82 46.05 43.25 48.36 49.01
1.66 3.23 0.97 0.80 45.92 43.05 48.27 49.12
1.90 3.65 1.07 0.96 45.36 42.51 47.83 48.30
1.74 3.39 1.01 0.84 45.71 42.84 48.09 48.87
1.95 3.74 1.14 0.96 45.25 42.41 47.56 48.34
1.96 3.83 1.14 0.89 45.22 42.30 47.55 48.62
2.28 4.37 1.36 1.10 44.56 41.73 46.79 47.73
2.03 3.97 1.22 0.91 45.05 42.15 47.26 48.53
2.21 4.38 1.25 0.99 44.70 41.72 47.16 48.16
2.15 4.27 1.22 0.95 44.81 41.83 47.26 48.35
2.58 5.16 1.42 1.15 44.03 41.01 46.60 47.54
2.35 4.72 1.32 1.00 44.43 41.40 46.93 48.14
2.57 5.22 1.40 1.08 44.04 40.96 46.68 47.78
2.41 4.91 1.34 1.00 44.31 41.23 46.87 48.14
2.81 5.63 1.55 1.24 43.66 40.63 46.24 47.21
2.55 5.23 1.40 1.01 44.07 40.95 46.66 48.07
2.79 5.68 1.50 1.19 43.68 40.59 46.37 47.39
2.95 6.13 1.58 1.13 43.44 40.26 46.16 47.62
3.22 6.57 1.74 1.35 43.05 39.96 45.72 46.83
2.98 6.18 1.57 1.19 43.39 40.23 46.18 47.39
3.35 7.06 1.72 1.29 42.88 39.66 45.78 47.02
3.32 7.03 1.65 1.26 42.93 39.67 45.95 47.13
3.90 8.18 1.97 1.57 42.23 39.02 45.19 46.18
3.36 7.02 1.74 1.33 42.86 39.67 45.72 46.90
3.68 7.77 1.86 1.42 42.47 39.23 45.45 46.60
3.77 8.01 1.90 1.39 42.37 39.10 45.34 46.69
4.27 9.02 2.12 1.66 41.83 38.58 44.87 45.93
4.11 8.68 2.19 1.46 42.00 38.75 44.73 46.50
4.36 9.32 2.19 1.57 41.73 38.43 44.73 46.16
3.96 8.39 2.00 1.50 42.15 38.89 45.13 46.36
4.59 9.78 2.30 1.69 41.51 38.23 44.51 45.85
3.45 7.12 1.83 1.39 42.76 39.61 45.50 46.70
3.00 6.10 1.68 1.21 43.36 40.28 45.86 47.29
2.37 4.76 1.32 1.04 44.38 41.36 46.91 47.97
2.02 3.91 1.19 0.98 45.07 42.21 47.39 48.25
1.20 2.15 0.73 0.73 47.34 44.82 49.49 49.54
1.29 2.28 0.77 0.81 47.04 44.55 49.29 49.05
1.20 2.14 0.74 0.72 47.34 44.83 49.42 49.55
1.31 2.27 0.80 0.86 46.96 44.57 49.08 48.79
1.28 2.24 0.79 0.80 47.07 44.64 49.14 49.09
1.45 2.52 0.87 0.97 46.51 44.12 48.72 48.26
1.37 2.41 0.84 0.87 46.76 44.32 48.89 48.72
1.42 2.38 0.89 0.98 46.62 44.36 48.65 48.23
1.42 2.46 0.89 0.90 46.63 44.23 48.66 48.59
1.74 2.94 1.12 1.15 45.74 43.46 47.63 47.55
1.57 2.69 1.01 1.01 46.18 43.84 48.07 48.10
1.75 3.01 1.12 1.11 45.71 43.35 47.65 47.68
1.84 3.20 1.22 1.10 45.49 43.09 47.28 47.72
2.02 3.45 1.38 1.21 45.09 42.76 46.72 47.31
1.81 3.16 1.20 1.06 45.56 43.13 47.33 47.88
1.96 3.33 1.37 1.19 45.21 42.91 46.78 47.38
2.14 3.70 1.50 1.20 44.84 42.45 46.36 47.34
2.34 4.03 1.67 1.31 44.45 42.08 45.90 46.97
2.13 3.75 1.55 1.09 44.84 42.39 46.22 47.75
2.28 3.95 1.63 1.25 44.57 42.17 46.02 47.17
2.31 4.02 1.65 1.25 44.51 42.10 45.97 47.18
2.63 4.64 1.79 1.47 43.93 41.47 45.61 46.47
2.71 4.83 1.93 1.37 43.80 41.30 45.28 46.75
3.06 5.45 2.17 1.57 43.28 40.78 44.77 46.18
3.03 5.48 2.16 1.46 43.32 40.75 44.79 46.49
3.23 5.87 2.11 1.70 43.05 40.45 44.89 45.83
3.11 5.58 2.15 1.59 43.21 40.68 44.81 46.12
3.31 5.91 2.17 1.84 42.95 40.43 44.78 45.49
3.13 5.70 2.01 1.67 43.19 40.58 45.12 45.91
3.13 5.85 1.96 1.58 43.18 40.46 45.21 46.16
2.86 5.38 1.73 1.48 43.57 40.83 45.75 46.43
2.65 5.13 1.65 1.16 43.92 41.05 45.98 47.48
2.04 4.04 1.34 0.73 45.04 42.07 46.88 49.47
1.56 3.30 0.93 0.44 46.21 42.95 48.42 51.72
1.09 2.35 0.65 0.28 47.74 44.42 49.99 53.68
1.14 2.44 0.69 0.30 47.56 44.26 49.76 53.43
1.25 2.66 0.76 0.34 47.16 43.88 49.33 52.87
1.31 2.81 0.78 0.35 46.94 43.64 49.20 52.66
1.21 2.58 0.73 0.31 47.31 44.01 49.49 53.17
1.27 2.73 0.77 0.33 47.07 43.77 49.27 53.01
1.27 2.65 0.80 0.38 47.08 43.90 49.12 52.38
1.34 2.84 0.80 0.39 46.84 43.59 49.09 52.20
1.21 2.56 0.73 0.34 47.30 44.05 49.51 52.81
1.26 2.64 0.76 0.37 47.14 43.91 49.35 52.43
1.39 2.91 0.85 0.41 46.70 43.49 48.84 51.98
1.47 3.12 0.86 0.44 46.45 43.19 48.81 51.66
1.39 2.94 0.84 0.38 46.71 43.45 48.90 52.28
1.41 2.99 0.84 0.39 46.64 43.37 48.92 52.15
1.57 3.34 0.92 0.44 46.18 42.89 48.49 51.69
1.61 3.52 0.88 0.44 46.06 42.66 48.71 51.73
1.42 3.09 0.81 0.36 46.60 43.23 49.04 52.52
1.45 3.14 0.83 0.39 46.51 43.16 48.96 52.24
1.58 3.41 0.92 0.42 46.13 42.81 48.48 51.88
1.65 3.60 0.90 0.45 45.95 42.57 48.58 51.57
1.61 3.54 0.91 0.39 46.06 42.64 48.56 52.27
1.64 3.60 0.92 0.40 45.99 42.58 48.50 52.12
1.70 3.66 0.97 0.45 45.84 42.49 48.26 51.54
1.76 3.85 0.96 0.47 45.67 42.28 48.30 51.37
1.77 3.91 1.00 0.42 45.65 42.22 48.14 51.91
1.94 4.32 1.07 0.43 45.25 41.78 47.83 51.78
2.05 4.47 1.20 0.49 45.01 41.63 47.33 51.19
2.18 4.83 1.18 0.53 44.75 41.30 47.41 50.89
2.09 4.58 1.19 0.50 44.93 41.53 47.37 51.11
2.31 5.15 1.25 0.54 44.50 41.02 47.18 50.83
2.34 5.19 1.30 0.54 44.44 40.99 47.00 50.82
2.51 5.61 1.36 0.55 44.15 40.66 46.81 50.69
2.43 5.42 1.37 0.49 44.29 40.80 46.79 51.26
2.38 5.27 1.35 0.52 44.37 40.92 46.83 50.96
2.55 5.69 1.43 0.54 44.06 40.58 46.57 50.84
2.30 5.11 1.26 0.54 44.51 41.05 47.12 50.84
2.05 4.58 1.15 0.44 45.01 41.53 47.54 51.72
1.82 4.03 1.02 0.42 45.53 42.08 48.06 51.90
1.91 4.23 1.05 0.44 45.33 41.87 47.93 51.71
1.80 4.03 0.90 0.47 45.58 42.08 48.57 51.46
1.55 3.44 0.83 0.38 46.24 42.77 48.95 52.36
1.56 3.51 0.77 0.39 46.21 42.68 49.26 52.20
1.38 3.01 0.74 0.39 46.73 43.34 49.45 52.21
1.42 3.11 0.73 0.41 46.62 43.21 49.52 51.95
1.25 2.71 0.67 0.36 47.17 43.80 49.91 52.53
1.30 2.83 0.70 0.38 46.98 43.61 49.69 52.29
1.42 3.04 0.77 0.44 46.62 43.31 49.27 51.69
1.46 3.15 0.77 0.47 46.49 43.15 49.30 51.43
1.38 2.98 0.74 0.41 46.74 43.39 49.42 51.93
1.48 3.19 0.77 0.48 46.43 43.10 49.25 51.30
1.63 3.49 0.88 0.52 46.02 42.71 48.70 50.97
1.66 3.54 0.85 0.57 45.94 42.64 48.81 50.58
1.57 3.36 0.84 0.51 46.17 42.86 48.92 51.06
1.67 3.59 0.87 0.54 45.91 42.58 48.74 50.81
1.77 3.84 0.91 0.55 45.66 42.29 48.55 50.69
1.97 4.29 1.03 0.58 45.19 41.81 47.99 50.52
1.77 3.85 0.94 0.52 45.65 42.27 48.40 50.99
1.93 4.22 1.01 0.57 45.27 41.88 48.07 50.60
2.04 4.50 1.04 0.58 45.03 41.60 47.94 50.50
2.02 4.53 1.01 0.53 45.07 41.57 48.07 50.85
1.87 4.15 0.98 0.49 45.41 41.95 48.23 51.27
2.26 5.01 1.16 0.59 44.59 41.13 47.49 50.37
2.03 4.55 1.05 0.48 45.06 41.55 47.92 51.30
2.25 5.03 1.16 0.56 44.61 41.11 47.49 50.65
2.22 4.98 1.16 0.52 44.66 41.16 47.48 50.99
2.67 6.08 1.32 0.62 43.86 40.29 46.92 50.18
2.49 5.64 1.27 0.56 44.17 40.62 47.08 50.67
2.81 6.38 1.42 0.63 43.64 40.08 46.61 50.14
2.87 6.55 1.47 0.58 43.55 39.96 46.47 50.48
3.05 6.82 1.65 0.69 43.29 39.79 45.95 49.78
2.79 6.32 1.42 0.62 43.68 40.12 46.61 50.20
3.29 7.46 1.66 0.76 42.95 39.40 45.94 49.31
2.73 6.22 1.35 0.61 43.78 40.19 46.83 50.26
2.99 6.68 1.53 0.77 43.37 39.88 46.30 49.26
2.60 5.83 1.29 0.67 43.99 40.48 47.02 49.84
2.45 5.46 1.28 0.61 44.24 40.76 47.05 50.27
2.23 4.89 1.17 0.63 44.64 41.24 47.45 50.14
2.12 4.56 1.13 0.66 44.88 41.54 47.62 49.94
1.85 3.75 1.07 0.73 45.46 42.39 47.84 49.46
1.53 3.01 0.92 0.66 46.29 43.35 48.50 49.94
1.64 3.24 0.98 0.70 45.98 43.02 48.22 49.71
1.72 3.31 1.06 0.78 45.79 42.94 47.88 49.25
1.82 3.51 1.10 0.84 45.54 42.68 47.72 48.88
1.67 3.20 1.00 0.81 45.90 43.07 48.13 49.05
1.82 3.52 1.07 0.85 45.54 42.66 47.83 48.84
1.95 3.76 1.19 0.90 45.23 42.38 47.36 48.61
2.04 3.93 1.19 1.00 45.04 42.19 47.38 48.15
1.88 3.64 1.11 0.88 45.40 42.52 47.67 48.70
1.94 3.75 1.14 0.92 45.27 42.39 47.55 48.53
2.01 3.89 1.15 0.98 45.10 42.23 47.52 48.20
2.12 4.18 1.17 1.03 44.86 41.92 47.45 48.02
1.91 3.75 1.10 0.89 45.32 42.39 47.73 48.66
1.95 3.87 1.09 0.91 45.22 42.26 47.76 48.55
2.14 4.21 1.25 0.96 44.82 41.89 47.16 48.31
2.22 4.41 1.22 1.01 44.68 41.69 47.26 48.07
2.01 3.90 1.21 0.91 45.11 42.22 47.30 48.57
2.18 4.32 1.26 0.95 44.75 41.78 47.11 48.37
2.26 4.45 1.35 0.98 44.59 41.65 46.82 48.24
2.44 4.89 1.38 1.05 44.26 41.24 46.75 47.91
2.29 4.61 1.32 0.94 44.53 41.50 46.93 48.39
2.42 4.91 1.32 1.01 44.30 41.22 46.91 48.07
2.47 4.97 1.40 1.04 44.21 41.17 46.68 47.94
2.79 5.69 1.54 1.14 43.67 40.58 46.25 47.55
2.67 5.49 1.50 1.03 43.86 40.74 46.36 47.99
2.81 5.75 1.56 1.12 43.64 40.54 46.20 47.64
3.12 6.43 1.75 1.17 43.19 40.04 45.71 47.46
3.29 6.81 1.80 1.27 42.96 39.80 45.58 47.11
3.11 6.42 1.76 1.14 43.21 40.06 45.68 47.55
3.72 7.83 2.04 1.30 42.42 39.20 45.05 46.98
4.05 8.47 2.23 1.45 42.06 38.85 44.65 46.51
4.02 8.30 2.24 1.51 42.09 38.94 44.63 46.33
3.12 6.26 1.72 1.36 43.20 40.16 45.78 46.79
3.19 6.44 1.78 1.36 43.09 40.04 45.62 46.79
2.89 5.82 1.61 1.24 43.53 40.49 46.07 47.21
2.52 4.94 1.46 1.16 44.12 41.19 46.49 47.50
2.02 3.96 1.22 0.87 45.08 42.15 47.26 48.72
1.71 3.36 0.99 0.78 45.80 42.87 48.16 49.20
1.43 2.65 0.94 0.70 46.58 43.90 48.42 49.67
1.25 2.25 0.79 0.72 47.16 44.62 49.17 49.55
1.21 2.17 0.81 0.67 47.29 44.77 49.06 49.90
1.35 2.40 0.91 0.74 46.83 44.33 48.52 49.46
1.37 2.46 0.93 0.73 46.75 44.22 48.46 49.50
1.55 2.76 1.09 0.79 46.24 43.72 47.78 49.16
1.47 2.56 1.05 0.80 46.46 44.04 47.92 49.10
1.34 2.28 0.92 0.81 46.88 44.56 48.50 49.04
1.53 2.67 1.06 0.85 46.29 43.86 47.88 48.82
1.48 2.51 1.03 0.92 46.41 44.14 48.00 48.49
1.53 2.61 1.11 0.87 46.28 43.96 47.67 48.72
1.62 2.78 1.10 0.97 46.05 43.69 47.71 48.28
1.64 2.85 1.14 0.92 46.00 43.59 47.58 48.49
1.65 2.83 1.15 0.97 45.95 43.61 47.51 48.24
1.70 2.92 1.24 0.95 45.82 43.48 47.21 48.36
1.72 2.88 1.24 1.05 45.77 43.54 47.21 47.93
1.87 3.16 1.37 1.08 45.41 43.13 46.77 47.78
2.02 3.46 1.45 1.16 45.07 42.74 46.51 47.50
1.95 3.29 1.47 1.08 45.24 42.96 46.45 47.82
2.14 3.63 1.63 1.17 44.82 42.54 46.00 47.47
2.21 3.78 1.61 1.24 44.69 42.35 46.06 47.21
2.31 3.94 1.59 1.39 44.50 42.18 46.11 46.69
2.26 3.80 1.64 1.34 44.59 42.34 45.98 46.87
2.37 3.90 1.75 1.46 44.39 42.23 45.69 46.50
2.69 4.43 2.03 1.60 43.85 41.67 45.07 46.08
2.93 4.88 2.13 1.78 43.47 41.25 44.85 45.64
2.68 4.44 1.98 1.63 43.85 41.67 45.17 46.02
2.85 4.68 2.02 1.84 43.60 41.43 45.10 45.48
3.07 5.03 2.29 1.89 43.26 41.12 44.53 45.37
3.26 5.41 2.34 2.03 43.01 40.81 44.46 45.07
3.03 5.17 2.08 1.85 43.32 41.00 44.96 45.48
2.66 4.64 1.89 1.45 43.89 41.47 45.37 46.52
2.59 4.57 1.83 1.38 44.00 41.54 45.52 46.73
2.06 3.90 1.33 0.96 45.00 42.23 46.91 48.34
1.47 2.93 1.03 0.46 46.45 43.47 48.00 51.54
0.83 1.84 0.50 0.16 48.92 45.48 51.16 56.05
0.76 1.68 0.44 0.15 49.35 45.88 51.72 56.40
0.82 1.82 0.51 0.15 48.97 45.54 51.06 56.42
0.76 1.69 0.46 0.14 49.29 45.86 51.49 56.52
0.88 1.95 0.52 0.16 48.69 45.23 50.95 55.99
0.81 1.82 0.47 0.15 49.03 45.54 51.35 56.44
0.86 1.92 0.51 0.15 48.78 45.30 51.06 56.30
0.82 1.83 0.51 0.15 48.95 45.50 51.12 56.42
0.96 2.17 0.55 0.17 48.29 44.76 50.72 55.89
0.91 2.02 0.55 0.15 48.55 45.07 50.73 56.38
0.95 2.13 0.54 0.17 48.36 44.84 50.76 55.94
0.89 2.00 0.52 0.15 48.62 45.11 50.93 56.34
1.00 2.23 0.57 0.18 48.15 44.64 50.53 55.65
0.97 2.16 0.58 0.18 48.26 44.79 50.51 55.64
1.07 2.41 0.61 0.19 47.85 44.31 50.31 55.42
1.12 2.52 0.64 0.19 47.65 44.12 50.04 55.34
1.09 2.42 0.66 0.19 47.76 44.29 49.96 55.30
1.18 2.64 0.68 0.21 47.42 43.91 49.80 54.95
1.14 2.51 0.69 0.22 47.57 44.13 49.77 54.78
1.25 2.80 0.71 0.24 47.17 43.66 49.60 54.37
1.33 2.97 0.80 0.22 46.90 43.40 49.12 54.67
1.25 2.81 0.73 0.20 47.17 43.65 49.46 55.07
1.40 3.16 0.82 0.23 46.66 43.13 49.02 54.49
1.37 3.11 0.77 0.21 46.78 43.20 49.24 54.89
1.60 3.63 0.92 0.26 46.10 42.54 48.53 54.08
1.49 3.36 0.86 0.24 46.40 42.87 48.78 54.25
1.63 3.69 0.92 0.27 46.02 42.47 48.52 53.79
1.57 3.53 0.93 0.25 46.18 42.66 48.44 54.13
1.83 4.14 1.04 0.30 45.53 41.98 47.97 53.39
1.78 4.02 1.05 0.27 45.64 42.10 47.94 53.78
1.90 4.23 1.14 0.31 45.36 41.87 47.57 53.12
1.90 4.29 1.10 0.30 45.36 41.81 47.74 53.34
2.17 4.96 1.22 0.34 44.77 41.19 47.28 52.86
2.05 4.66 1.17 0.32 45.04 41.48 47.47 53.11
2.03 4.63 1.10 0.34 45.08 41.49 47.72 52.75
1.94 4.47 1.01 0.34 45.27 41.65 48.11 52.83
1.85 4.24 0.98 0.32 45.48 41.88 48.24 53.04
1.59 3.69 0.83 0.25 46.12 42.47 48.97 54.06
1.54 3.58 0.78 0.26 46.26 42.61 49.20 53.97
1.46 3.44 0.72 0.23 46.49 42.78 49.59 54.49
1.58 3.69 0.75 0.28 46.16 42.46 49.37 53.58
1.09 2.57 0.50 0.22 47.74 44.04 51.16 54.64
0.99 2.26 0.49 0.24 48.17 44.60 51.29 54.40
0.96 2.21 0.43 0.23 48.34 44.68 51.85 54.65
1.11 2.58 0.49 0.26 47.69 44.02 51.26 54.12
1.11 2.59 0.48 0.25 47.69 43.98 51.32 54.17
