1.86 3.92 1.06 0.60 45.44 42.20 47.86 50.36
1.62 3.42 0.95 0.49 46.04 42.79 48.37 51.25
1.73 3.66 1.02 0.52 45.74 42.50 48.04 50.99
1.73 3.69 1.01 0.50 45.74 42.46 48.07 51.16
2.05 4.39 1.16 0.62 45.01 41.71 47.50 50.21
1.83 3.90 1.06 0.52 45.51 42.22 47.87 51.00
2.00 4.24 1.17 0.58 45.12 41.86 47.45 50.47
1.98 4.31 1.09 0.54 45.17 41.79 47.76 50.83
2.33 5.04 1.29 0.66 44.46 41.11 47.02 49.93
2.07 4.46 1.17 0.59 44.97 41.64 47.46 50.44
2.28 4.94 1.27 0.63 44.55 41.20 47.08 50.11
2.38 5.11 1.28 0.75 44.37 41.05 47.05 49.39
2.53 5.44 1.42 0.71 44.11 40.77 46.60 49.60
2.65 5.78 1.43 0.74 43.90 40.51 46.56 49.45
2.73 5.98 1.51 0.69 43.77 40.36 46.34 49.73
2.65 5.76 1.44 0.76 43.89 40.53 46.54 49.33
2.85 6.27 1.57 0.72 43.58 40.16 46.16 49.56
2.83 6.23 1.52 0.75 43.61 40.18 46.33 49.37
2.74 6.06 1.52 0.63 43.76 40.31 46.30 50.13
3.22 7.17 1.71 0.79 43.05 39.58 45.81 49.14
2.88 6.51 1.47 0.67 43.53 39.99 46.44 49.88
2.93 6.60 1.44 0.75 43.46 39.93 46.55 49.39
2.63 5.86 1.36 0.68 43.93 40.45 46.81 49.80
2.69 5.89 1.40 0.77 43.84 40.43 46.66 49.30
2.21 4.80 1.21 0.63 44.68 41.32 47.30 50.15
2.06 4.41 1.17 0.59 45.00 41.68 47.46 50.43
1.52 3.15 0.90 0.51 46.32 43.15 48.62 51.04
1.53 3.03 0.92 0.64 46.28 43.32 48.50 50.08
1.22 2.34 0.75 0.57 47.26 44.44 49.36 50.57
1.37 2.61 0.84 0.65 46.77 43.96 48.90 50.00
1.23 2.32 0.80 0.59 47.21 44.49 49.11 50.40
1.36 2.52 0.85 0.72 46.78 44.12 48.85 49.55
1.37 2.54 0.83 0.73 46.77 44.08 48.91 49.49
1.52 2.88 0.90 0.78 46.32 43.54 48.59 49.21
1.48 2.79 0.90 0.74 46.44 43.67 48.62 49.42
1.65 3.05 0.98 0.92 45.96 43.28 48.21 48.51
1.58 3.01 0.92 0.82 46.13 43.34 48.47 48.98
1.74 3.28 1.04 0.91 45.72 42.98 47.97 48.53
1.74 3.28 1.06 0.88 45.72 42.97 47.87 48.69
2.01 3.76 1.25 1.02 45.10 42.38 47.16 48.05
1.76 3.33 1.11 0.84 45.68 42.91 47.67 48.88
1.96 3.82 1.16 0.92 45.20 42.31 47.50 48.51
1.92 3.73 1.13 0.91 45.29 42.42 47.60 48.54
2.15 4.18 1.22 1.07 44.80 41.92 47.27 47.85
1.98 3.89 1.14 0.91 45.17 42.23 47.57 48.56
2.16 4.25 1.21 1.02 44.79 41.85 47.31 48.05
2.08 4.12 1.21 0.92 44.95 41.99 47.32 48.48
2.38 4.67 1.35 1.14 44.35 41.44 46.84 47.55
2.11 4.23 1.17 0.91 44.90 41.87 47.47 48.53
2.43 4.86 1.33 1.09 44.28 41.26 46.89 47.76
2.50 5.12 1.33 1.04 44.16 41.03 46.91 47.96
2.69 5.37 1.46 1.24 43.83 40.83 46.50 47.19
2.48 4.95 1.35 1.14 44.18 41.18 46.81 47.58
2.69 5.44 1.43 1.19 43.84 40.77 46.58 47.39
2.72 5.67 1.35 1.16 43.77 40.60 46.82 47.48
3.15 6.35 1.68 1.42 43.15 40.10 45.89 46.61
2.98 6.08 1.57 1.29 43.40 40.30 46.17 47.05
3.09 6.35 1.59 1.34 43.23 40.10 46.11 46.88
3.21 6.54 1.74 1.35 43.07 39.98 45.73 46.84
3.65 7.58 1.84 1.55 42.50 39.34 45.49 46.23
3.54 7.25 1.91 1.47 42.64 39.53 45.33 46.47
3.57 7.50 1.76 1.45 42.61 39.38 45.68 46.53
3.44 7.12 1.74 1.46 42.77 39.61 45.74 46.49
3.55 7.23 1.84 1.58 42.63 39.54 45.48 46.14
3.07 6.13 1.70 1.38 43.27 40.27 45.85 46.75
2.53 4.99 1.46 1.15 44.10 41.15 46.50 47.53
2.16 4.24 1.22 1.03 44.79 41.86 47.28 48.01
1.72 3.26 0.96 0.95 45.78 43.01 48.31 48.39
1.18 2.08 0.70 0.76 47.42 44.95 49.69 49.33
1.23 2.14 0.72 0.83 47.24 44.83 49.56 48.97
1.16 2.01 0.71 0.74 47.51 45.11 49.59 49.44
1.21 2.08 0.76 0.81 47.28 44.95 49.34 49.03
1.27 2.19 0.79 0.84 47.10 44.74 49.17 48.91
1.37 2.32 0.83 0.95 46.78 44.48 48.95 48.37
1.30 2.22 0.82 0.86 47.00 44.67 49.03 48.78
1.37 2.27 0.87 0.97 46.77 44.57 48.75 48.27
1.40 2.34 0.90 0.95 46.70 44.46 48.60 48.36
1.59 2.68 1.01 1.08 46.12 43.85 48.10 47.81
1.49 2.50 0.97 1.00 46.40 44.16 48.26 48.12
1.62 2.74 1.04 1.07 46.04 43.76 47.97 47.83
1.78 3.00 1.20 1.13 45.65 43.36 47.36 47.63
1.89 3.16 1.28 1.21 45.38 43.14 47.05 47.29
1.76 3.01 1.19 1.08 45.68 43.35 47.38 47.82
1.81 3.02 1.26 1.14 45.57 43.34 47.13 47.58
2.05 3.50 1.43 1.22 45.02 42.69 46.59 47.28
2.15 3.64 1.54 1.27 44.81 42.52 46.26 47.08
1.95 3.31 1.45 1.10 45.23 42.93 46.52 47.73
2.04 3.47 1.48 1.18 45.03 42.73 46.44 47.41
2.18 3.71 1.57 1.26 44.75 42.44 46.17 47.12
2.36 4.06 1.63 1.40 44.40 42.05 46.03 46.67
2.33 4.05 1.65 1.29 44.46 42.07 45.95 47.02
2.58 4.54 1.80 1.39 44.02 41.57 45.57 46.70
2.63 4.59 1.87 1.42 43.95 41.53 45.42 46.61
2.79 4.93 1.84 1.61 43.68 41.21 45.48 46.09
2.58 4.48 1.80 1.46 44.03 41.63 45.59 46.49
2.69 4.69 1.77 1.62 43.83 41.42 45.66 46.03
2.61 4.55 1.70 1.59 43.98 41.57 45.86 46.13
2.73 5.01 1.69 1.50 43.77 41.14 45.85 46.38
2.36 4.32 1.46 1.30 44.41 41.79 46.51 46.99
2.07 3.88 1.33 1.00 44.98 42.24 46.90 48.15
1.62 3.14 1.07 0.64 46.07 43.19 47.86 50.09
1.32 2.71 0.83 0.42 46.94 43.81 48.95 51.89
1.01 2.13 0.62 0.29 48.09 44.86 50.23 53.57
1.03 2.19 0.63 0.28 48.00 44.74 50.16 53.65
1.06 2.23 0.65 0.28 47.90 44.65 49.98 53.64
1.17 2.42 0.72 0.35 47.48 44.31 49.56 52.65
1.12 2.34 0.69 0.34 47.66 44.47 49.76 52.91
1.11 2.33 0.68 0.31 47.69 44.45 49.80 53.21
1.05 2.15 0.66 0.32 47.95 44.81 49.94 53.12
1.21 2.51 0.74 0.39 47.31 44.15 49.44 52.30
1.14 2.36 0.70 0.36 47.60 44.41 49.75 52.66
1.11 2.32 0.66 0.35 47.68 44.49 49.94 52.68
1.12 2.29 0.71 0.37 47.64 44.53 49.66 52.45
1.31 2.72 0.79 0.42 46.98 43.80 49.16 51.93
1.27 2.62 0.79 0.38 47.14 43.97 49.17 52.37
1.22 2.54 0.74 0.38 47.28 44.08 49.47 52.38
1.23 2.59 0.75 0.37 47.22 44.01 49.42 52.42
1.35 2.84 0.78 0.41 46.86 43.62 49.22 51.95
1.27 2.67 0.76 0.37 47.13 43.89 49.33 52.47
1.24 2.62 0.73 0.37 47.19 43.95 49.49 52.42
1.21 2.55 0.73 0.35 47.31 44.07 49.50 52.70
1.45 3.09 0.82 0.44 46.52 43.24 48.97 51.71
1.40 2.98 0.82 0.39 46.70 43.40 49.01 52.28
1.35 2.88 0.79 0.37 46.84 43.54 49.18 52.41
1.35 2.86 0.80 0.38 46.84 43.57 49.12 52.32
1.50 3.21 0.85 0.44 46.37 43.07 48.86 51.67
1.50 3.19 0.89 0.41 46.40 43.11 48.68 52.00
1.56 3.38 0.91 0.40 46.20 42.85 48.54 52.10
1.58 3.39 0.93 0.42 46.15 42.83 48.44 51.95
1.81 3.91 1.02 0.50 45.56 42.21 48.03 51.19
1.80 3.85 1.06 0.48 45.60 42.28 47.91 51.34
1.90 4.12 1.08 0.51 45.34 41.98 47.82 51.04
1.82 3.92 1.05 0.48 45.54 42.20 47.93 51.34
1.92 4.16 1.09 0.52 45.29 41.94 47.74 50.99
1.89 4.12 1.11 0.45 45.36 41.99 47.70 51.58
1.90 4.10 1.12 0.48 45.34 42.00 47.62 51.30
1.97 4.25 1.18 0.49 45.19 41.85 47.44 51.28
1.93 4.19 1.11 0.50 45.28 41.91 47.70 51.15
1.72 3.73 1.01 0.41 45.79 42.42 48.09 51.99
1.57 3.41 0.90 0.39 46.19 42.81 48.58 52.26
1.53 3.32 0.87 0.39 46.31 42.93 48.78 52.21
1.48 3.21 0.82 0.43 46.42 43.08 49.00 51.82
1.31 2.83 0.74 0.35 46.97 43.62 49.43 52.70
1.34 2.96 0.69 0.38 46.85 43.43 49.74 52.33
1.22 2.63 0.65 0.36 47.29 43.94 49.98 52.59
1.25 2.68 0.66 0.41 47.17 43.86 49.91 52.04
1.13 2.43 0.61 0.35 47.61 44.29 50.27 52.76
1.17 2.49 0.64 0.38 47.45 44.17 50.06 52.36
1.24 2.64 0.68 0.41 47.21 43.93 49.82 52.10
1.31 2.78 0.70 0.45 46.97 43.70 49.66 51.62
1.21 2.58 0.67 0.39 47.31 44.02 49.92 52.22
1.28 2.70 0.70 0.44 47.06 43.83 49.66 51.66
1.37 2.92 0.74 0.46 46.76 43.49 49.44 51.52
1.44 3.03 0.77 0.53 46.55 43.32 49.28 50.93
1.36 2.85 0.75 0.47 46.82 43.60 49.42 51.41
1.43 2.98 0.79 0.51 46.59 43.39 49.15 51.06
1.50 3.17 0.82 0.51 46.38 43.13 49.02 51.04
1.63 3.46 0.88 0.55 46.01 42.74 48.69 50.71
1.55 3.29 0.85 0.51 46.23 42.96 48.87 51.07
1.51 3.23 0.82 0.48 46.34 43.04 48.97 51.27
1.73 3.69 0.94 0.56 45.75 42.46 48.39 50.63
1.73 3.77 0.91 0.51 45.75 42.37 48.52 51.08
1.68 3.59 0.93 0.52 45.88 42.58 48.46 50.96
1.94 4.21 1.04 0.57 45.26 41.90 47.96 50.57
1.95 4.21 1.08 0.56 45.24 41.90 47.80 50.63
1.93 4.18 1.05 0.56 45.28 41.92 47.92 50.63
1.99 4.30 1.09 0.57 45.16 41.81 47.78 50.57
2.19 4.77 1.18 0.64 44.72 41.35 47.43 50.09
2.22 4.82 1.21 0.64 44.67 41.31 47.32 50.08
2.30 5.02 1.25 0.64 44.51 41.13 47.15 50.10
2.21 4.86 1.18 0.57 44.70 41.27 47.41 50.57
2.46 5.31 1.37 0.68 44.23 40.88 46.77 49.78
2.33 5.17 1.20 0.61 44.47 41.00 47.35 50.28
2.64 5.74 1.41 0.77 43.92 40.55 46.63 49.28
2.29 5.01 1.22 0.63 44.55 41.14 47.29 50.14
2.44 5.25 1.32 0.76 44.25 40.93 46.91 49.34
2.20 4.79 1.15 0.65 44.71 41.33 47.52 50.00
1.96 4.20 1.09 0.59 45.21 41.90 47.73 50.46
1.89 4.01 1.04 0.62 45.37 42.09 47.98 50.22
1.77 3.63 1.01 0.65 45.66 42.54 48.08 49.98
1.66 3.28 0.98 0.70 45.95 42.97 48.22 49.67
1.41 2.73 0.86 0.64 46.64 43.76 48.81 50.06
1.46 2.82 0.89 0.68 46.48 43.62 48.66 49.82
1.55 2.94 0.96 0.74 46.23 43.44 48.30 49.41
1.66 3.16 1.01 0.81 45.93 43.13 48.10 49.01
1.55 2.95 0.94 0.77 46.22 43.43 48.40 49.30
1.61 3.04 0.98 0.81 46.07 43.31 48.21 49.06
1.81 3.42 1.11 0.89 45.56 42.80 47.67 48.64
1.88 3.57 1.10 0.97 45.39 42.60 47.70 48.29
1.74 3.30 1.05 0.87 45.73 42.94 47.93 48.74
1.71 3.22 1.03 0.89 45.79 43.05 48.00 48.65
1.87 3.57 1.10 0.95 45.41 42.60 47.73 48.37
1.89 3.61 1.09 0.98 45.36 42.55 47.77 48.22
1.67 3.20 0.97 0.83 45.91 43.08 48.25 48.93
1.72 3.32 0.98 0.86 45.78 42.93 48.23 48.81
1.89 3.66 1.11 0.90 45.36 42.50 47.67 48.57
1.90 3.68 1.07 0.96 45.34 42.47 47.85 48.32
1.76 3.35 1.06 0.86 45.68 42.88 47.88 48.78
1.88 3.66 1.08 0.90 45.39 42.50 47.78 48.59
2.03 3.96 1.20 0.94 45.05 42.16 47.35 48.37
2.13 4.16 1.23 1.01 44.84 41.94 47.22 48.10
1.95 3.79 1.14 0.91 45.24 42.35 47.57 48.53
2.17 4.37 1.18 0.96 44.77 41.73 47.41 48.31
2.26 4.46 1.30 1.01 44.59 41.64 46.98 48.07
2.39 4.76 1.32 1.08 44.35 41.36 46.92 47.79
2.31 4.61 1.33 0.99 44.50 41.49 46.91 48.18
2.41 4.80 1.38 1.06 44.31 41.32 46.74 47.89
2.70 5.45 1.55 1.10 43.82 40.77 46.23 47.72
2.81 5.65 1.62 1.18 43.64 40.61 46.05 47.41
2.63 5.28 1.56 1.06 43.92 40.91 46.19 47.88
3.07 6.27 1.73 1.20 43.26 40.16 45.74 47.32
3.26 6.56 1.85 1.37 43.00 39.97 45.46 46.76
3.35 6.71 1.92 1.41 42.89 39.86 45.29 46.66
2.69 5.24 1.60 1.23 43.83 40.94 46.09 47.23
2.62 5.09 1.53 1.23 43.95 41.07 46.29 47.21
2.42 4.74 1.38 1.15 44.29 41.38 46.73 47.53
2.21 4.26 1.32 1.06 44.68 41.84 46.94 47.86
1.80 3.46 1.12 0.82 45.58 42.74 47.64 48.97
1.43 2.70 0.87 0.73 46.57 43.82 48.71 49.52
1.28 2.34 0.84 0.67 47.05 44.44 48.89 49.86
1.17 2.06 0.75 0.69 47.46 44.99 49.41 49.75
1.13 2.01 0.74 0.63 47.61 45.10 49.45 50.10
1.23 2.18 0.83 0.68 47.24 44.75 48.96 49.81
1.23 2.16 0.85 0.69 47.22 44.79 48.82 49.76
1.36 2.42 0.93 0.72 46.80 44.29 48.45 49.56
1.27 2.21 0.90 0.71 47.08 44.68 48.61 49.61
1.19 2.03 0.81 0.74 47.37 45.06 49.06 49.45
1.33 2.30 0.92 0.77 46.90 44.51 48.51 49.27
1.30 2.18 0.88 0.84 47.00 44.75 48.71 48.89
1.35 2.32 0.95 0.78 46.83 44.47 48.37 49.19
1.41 2.38 0.96 0.88 46.65 44.37 48.29 48.70
1.47 2.55 1.00 0.87 46.44 44.06 48.14 48.72
1.46 2.50 0.99 0.91 46.47 44.16 48.17 48.56
1.43 2.42 1.01 0.86 46.57 44.29 48.07 48.78
1.50 2.51 1.06 0.92 46.38 44.13 47.88 48.51
1.60 2.67 1.15 0.99 46.09 43.86 47.54 48.19
1.70 2.86 1.19 1.04 45.83 43.56 47.36 47.97
1.59 2.66 1.16 0.97 46.10 43.88 47.50 48.27
1.82 3.03 1.33 1.09 45.54 43.31 46.90 47.77
1.92 3.26 1.39 1.12 45.28 43.00 46.69 47.62
1.95 3.27 1.34 1.26 45.22 42.99 46.88 47.13
1.92 3.18 1.39 1.19 45.30 43.10 46.70 47.39
2.06 3.44 1.49 1.25 44.99 42.77 46.41 47.16
2.18 3.56 1.59 1.37 44.76 42.61 46.12 46.78
2.41 3.96 1.76 1.50 44.32 42.15 45.67 46.37
2.27 3.76 1.67 1.37 44.58 42.38 45.91 46.76
2.21 3.55 1.57 1.50 44.69 42.63 46.17 46.36
2.54 4.13 1.89 1.60 44.09 41.98 45.38 46.10
2.60 4.33 1.80 1.67 43.98 41.77 45.58 45.89
2.45 4.12 1.68 1.55 44.24 41.99 45.88 46.22
2.05 3.61 1.36 1.17 45.03 42.57 46.79 47.46
1.98 3.52 1.36 1.05 45.18 42.68 46.81 47.91
1.63 3.07 1.09 0.74 46.01 43.26 47.74 49.49
1.14 2.27 0.78 0.37 47.56 44.57 49.19 52.51
0.71 1.56 0.41 0.14 49.64 46.19 52.01 56.45
0.67 1.48 0.42 0.13 49.84 46.43 51.95 56.97
0.71 1.55 0.44 0.13 49.61 46.22 51.66 56.83
0.66 1.45 0.42 0.13 49.90 46.53 51.91 56.92
0.74 1.62 0.45 0.15 49.44 46.04 51.57 56.42
0.69 1.52 0.43 0.14 49.71 46.33 51.74 56.79
0.75 1.65 0.47 0.14 49.37 45.97 51.41 56.63
0.72 1.58 0.46 0.14 49.54 46.16 51.56 56.70
0.81 1.79 0.50 0.15 49.03 45.60 51.16 56.26
0.77 1.68 0.48 0.13 49.28 45.87 51.30 56.83
0.81 1.79 0.50 0.15 49.04 45.60 51.17 56.47
0.81 1.76 0.51 0.15 49.06 45.67 51.06 56.41
0.86 1.90 0.51 0.17 48.79 45.35 51.03 55.96
0.86 1.87 0.54 0.17 48.77 45.40 50.81 55.71
0.91 2.01 0.55 0.18 48.53 45.10 50.73 55.56
1.00 2.21 0.61 0.20 48.11 44.68 50.28 55.21
0.98 2.13 0.61 0.19 48.22 44.86 50.25 55.21
0.99 2.13 0.63 0.20 48.19 44.85 50.16 55.11
0.98 2.12 0.60 0.22 48.21 44.87 50.31 54.71
1.09 2.39 0.65 0.23 47.75 44.34 49.98 54.53
1.08 2.33 0.68 0.23 47.79 44.45 49.78 54.62
1.01 2.24 0.61 0.20 48.07 44.64 50.25 55.19
1.10 2.43 0.66 0.21 47.71 44.28 49.93 54.79
1.06 2.34 0.64 0.21 47.87 44.45 50.06 54.97
1.24 2.73 0.74 0.23 47.22 43.77 49.45 54.44
1.20 2.67 0.72 0.22 47.33 43.88 49.56 54.65
1.32 2.91 0.79 0.27 46.91 43.49 49.15 53.91
1.24 2.71 0.77 0.23 47.20 43.80 49.26 54.49
1.40 3.07 0.84 0.28 46.68 43.27 48.88 53.61
1.34 2.95 0.81 0.26 46.86 43.43 49.07 53.90
1.47 3.25 0.87 0.30 46.45 43.01 48.75 53.41
1.43 3.16 0.85 0.28 46.58 43.14 48.84 53.67
1.69 3.75 0.99 0.32 45.86 42.40 48.18 53.03
1.48 3.24 0.91 0.29 46.43 43.02 48.58 53.51
1.48 3.28 0.85 0.31 46.44 42.98 48.85 53.22
1.46 3.31 0.77 0.31 46.49 42.94 49.29 53.20
1.40 3.16 0.74 0.30 46.67 43.13 49.43 53.35
1.26 2.85 0.68 0.26 47.11 43.57 49.80 54.02
1.27 2.84 0.67 0.29 47.09 43.59 49.85 53.42
1.14 2.57 0.60 0.23 47.58 44.04 50.31 54.45
1.24 2.83 0.61 0.29 47.20 43.62 50.29 53.60
0.96 2.21 0.44 0.23 48.32 44.69 51.74 54.51
0.96 2.18 0.45 0.26 48.30 44.76 51.57 53.96
0.92 2.10 0.43 0.25 48.47 44.91 51.83 54.18
0.96 2.16 0.46 0.25 48.31 44.78 51.53 54.04
1.03 2.35 0.47 0.27 48.02 44.42 51.43 53.88
