2.12 4.68 1.10 0.59 44.86 41.43 47.73 50.41
1.96 4.34 1.02 0.52 45.21 41.76 48.05 50.96
2.04 4.48 1.09 0.54 45.04 41.62 47.74 50.80
2.16 4.85 1.11 0.53 44.78 41.27 47.69 50.91
2.40 5.24 1.28 0.68 44.33 40.94 47.05 49.82
2.16 4.77 1.13 0.57 44.79 41.35 47.58 50.56
2.32 5.10 1.23 0.64 44.48 41.06 47.25 50.07
2.41 5.31 1.28 0.64 44.31 40.88 47.05 50.09
2.64 5.85 1.32 0.72 43.93 40.46 46.93 49.54
2.64 5.89 1.33 0.70 43.91 40.43 46.88 49.66
2.46 5.46 1.25 0.67 44.22 40.76 47.16 49.87
2.87 6.47 1.36 0.78 43.55 40.02 46.78 49.22
2.74 6.16 1.39 0.66 43.75 40.23 46.69 49.92
3.12 7.06 1.51 0.77 43.20 39.64 46.32 49.25
2.87 6.54 1.40 0.69 43.54 39.97 46.67 49.77
3.42 7.78 1.68 0.80 42.79 39.22 45.88 49.08
3.14 7.18 1.54 0.71 43.16 39.57 46.27 49.63
3.58 8.24 1.67 0.84 42.59 38.97 45.90 48.91
3.45 7.99 1.65 0.71 42.76 39.11 45.95 49.65
3.98 9.28 1.80 0.86 42.13 38.46 45.56 48.79
3.63 8.54 1.60 0.73 42.54 38.82 46.10 49.50
3.81 8.98 1.62 0.83 42.32 38.60 46.05 48.93
3.25 7.58 1.41 0.76 43.01 39.33 46.65 49.34
3.33 7.69 1.44 0.85 42.91 39.27 46.54 48.84
2.63 6.00 1.26 0.65 43.92 40.36 47.12 50.04
2.51 5.58 1.28 0.65 44.14 40.67 47.03 50.01
1.79 3.82 0.97 0.59 45.59 42.31 48.25 50.41
1.73 3.45 1.00 0.73 45.75 42.74 48.11 49.49
1.48 2.95 0.85 0.64 46.43 43.44 48.82 50.08
1.69 3.34 0.95 0.79 45.85 42.89 48.33 49.18
1.21 2.27 0.78 0.59 47.28 44.56 49.23 50.38
1.31 2.39 0.83 0.72 46.95 44.36 48.94 49.58
1.32 2.42 0.83 0.71 46.93 44.29 48.96 49.62
1.43 2.65 0.87 0.78 46.57 43.91 48.73 49.23
1.44 2.68 0.89 0.75 46.56 43.86 48.66 49.37
1.61 2.93 0.97 0.92 46.08 43.47 48.29 48.49
1.56 2.93 0.94 0.81 46.20 43.47 48.40 49.05
1.71 3.19 1.03 0.92 45.80 43.11 48.02 48.49
1.65 3.05 1.03 0.87 45.96 43.30 48.02 48.71
1.90 3.51 1.15 1.04 45.35 42.68 47.52 47.97
1.68 3.16 1.04 0.85 45.87 43.15 47.95 48.83
1.92 3.67 1.13 0.94 45.31 42.48 47.59 48.40
1.80 3.43 1.07 0.90 45.58 42.78 47.86 48.58
2.09 4.00 1.20 1.07 44.93 42.12 47.33 47.86
1.98 3.88 1.14 0.91 45.18 42.25 47.55 48.57
2.13 4.17 1.22 1.00 44.85 41.94 47.26 48.11
1.97 3.86 1.13 0.92 45.18 42.26 47.60 48.48
2.25 4.34 1.31 1.10 44.62 41.77 46.96 47.71
1.94 3.82 1.12 0.90 45.25 42.32 47.66 48.61
2.25 4.39 1.28 1.07 44.62 41.72 47.08 47.84
2.21 4.36 1.22 1.06 44.68 41.74 47.26 47.91
2.56 5.00 1.42 1.25 44.06 41.15 46.60 47.17
2.36 4.70 1.28 1.11 44.41 41.42 47.04 47.69
2.48 4.94 1.32 1.18 44.19 41.20 46.91 47.44
2.52 5.08 1.32 1.15 44.12 41.08 46.92 47.52
2.92 5.81 1.56 1.38 43.49 40.50 46.21 46.73
2.48 4.96 1.33 1.14 44.21 41.19 46.91 47.58
2.85 5.75 1.47 1.32 43.59 40.53 46.45 46.94
2.85 5.76 1.54 1.26 43.60 40.55 46.28 47.12
3.22 6.49 1.67 1.48 43.07 40.02 45.91 46.44
2.87 5.82 1.57 1.23 43.55 40.49 46.17 47.22
3.06 6.21 1.61 1.36 43.27 40.20 46.07 46.78
2.95 6.05 1.49 1.32 43.44 40.32 46.42 46.93
3.11 6.24 1.62 1.45 43.21 40.17 46.02 46.50
2.56 5.04 1.41 1.23 44.05 41.11 46.64 47.22
2.33 4.50 1.36 1.12 44.46 41.60 46.79 47.64
1.96 3.79 1.09 0.99 45.22 42.35 47.78 48.17
1.53 2.85 0.83 0.91 46.28 43.59 48.93 48.53
1.13 2.01 0.67 0.70 47.63 45.11 49.90 49.71
1.26 2.23 0.73 0.81 47.14 44.65 49.50 49.03
1.21 2.21 0.71 0.72 47.31 44.70 49.65 49.57
1.30 2.28 0.75 0.85 47.01 44.56 49.36 48.81
1.28 2.28 0.77 0.80 47.05 44.56 49.25 49.12
1.42 2.47 0.81 0.98 46.61 44.21 49.05 48.21
1.32 2.27 0.80 0.89 46.93 44.58 49.11 48.64
1.45 2.49 0.85 1.02 46.52 44.17 48.85 48.05
1.42 2.45 0.88 0.92 46.62 44.24 48.68 48.48
1.65 2.81 0.98 1.17 45.96 43.66 48.23 47.48
1.55 2.66 0.95 1.04 46.24 43.90 48.35 47.98
1.67 2.83 1.03 1.13 45.93 43.63 48.00 47.60
1.74 3.00 1.10 1.10 45.75 43.37 47.73 47.71
2.03 3.47 1.32 1.28 45.09 42.74 46.93 47.08
1.81 3.20 1.17 1.07 45.55 43.08 47.46 47.86
1.95 3.35 1.29 1.21 45.24 42.90 47.02 47.31
2.05 3.62 1.36 1.19 45.01 42.56 46.82 47.38
2.33 4.10 1.51 1.40 44.47 42.03 46.36 46.70
2.05 3.62 1.42 1.11 45.02 42.56 46.61 47.67
2.16 3.75 1.46 1.27 44.80 42.40 46.51 47.09
2.15 3.81 1.41 1.24 44.81 42.33 46.65 47.21
2.56 4.55 1.64 1.51 44.05 41.57 46.00 46.37
2.15 3.77 1.46 1.22 44.81 42.37 46.49 47.28
2.33 4.07 1.63 1.30 44.46 42.04 46.00 47.01
2.27 3.98 1.60 1.24 44.57 42.14 46.11 47.20
2.53 4.47 1.67 1.45 44.10 41.63 45.90 46.51
2.28 3.94 1.57 1.32 44.56 42.18 46.16 46.93
2.39 4.14 1.55 1.47 44.35 41.96 46.24 46.45
2.28 3.96 1.45 1.42 44.56 42.16 46.52 46.60
2.48 4.54 1.53 1.37 44.19 41.56 46.27 46.78
2.18 3.97 1.32 1.24 44.76 42.14 46.93 47.23
1.97 3.73 1.20 0.99 45.19 42.42 47.35 48.18
1.60 3.10 1.03 0.66 46.10 43.22 47.99 49.92
1.34 2.77 0.82 0.44 46.85 43.71 49.00 51.69
1.04 2.19 0.64 0.29 47.95 44.72 50.04 53.49
1.11 2.36 0.68 0.30 47.66 44.41 49.83 53.29
1.21 2.54 0.76 0.34 47.30 44.09 49.35 52.81
1.30 2.73 0.79 0.37 47.01 43.77 49.16 52.48
1.15 2.42 0.71 0.32 47.54 44.30 49.64 53.09
1.19 2.51 0.74 0.32 47.38 44.13 49.47 53.10
1.24 2.56 0.78 0.37 47.21 44.05 49.21 52.44
1.34 2.80 0.81 0.41 46.86 43.66 49.04 52.02
1.18 2.48 0.73 0.34 47.40 44.18 49.52 52.80
1.25 2.60 0.76 0.38 47.18 43.98 49.32 52.38
1.29 2.62 0.82 0.41 47.04 43.94 49.00 52.00
1.43 2.96 0.86 0.45 46.59 43.42 48.78 51.55
1.26 2.62 0.79 0.38 47.11 43.95 49.15 52.29
1.33 2.79 0.80 0.40 46.89 43.67 49.13 52.07
1.43 3.02 0.85 0.42 46.59 43.34 48.85 51.89
1.49 3.20 0.83 0.45 46.39 43.08 48.93 51.60
1.28 2.70 0.77 0.36 47.07 43.81 49.28 52.62
1.31 2.80 0.76 0.38 46.94 43.66 49.31 52.34
1.34 2.79 0.81 0.40 46.88 43.67 49.04 52.12
1.50 3.17 0.86 0.46 46.38 43.12 48.81 51.50
1.37 2.92 0.81 0.38 46.76 43.48 49.03 52.33
1.40 3.01 0.81 0.38 46.66 43.34 49.03 52.28
1.43 3.02 0.86 0.43 46.56 43.33 48.79 51.83
1.59 3.39 0.91 0.46 46.13 42.84 48.55 51.49
1.45 3.09 0.86 0.39 46.52 43.23 48.77 52.22
1.59 3.42 0.94 0.43 46.10 42.79 48.41 51.79
1.62 3.44 0.95 0.45 46.05 42.76 48.36 51.55
1.81 3.89 1.03 0.51 45.56 42.23 48.01 51.04
1.73 3.72 0.99 0.48 45.75 42.42 48.16 51.38
1.91 4.13 1.08 0.54 45.31 41.97 47.82 50.83
1.79 3.83 1.06 0.49 45.60 42.30 47.88 51.24
1.90 4.04 1.10 0.56 45.35 42.06 47.73 50.69
1.81 3.89 1.06 0.46 45.56 42.23 47.88 51.49
1.87 4.03 1.11 0.49 45.40 42.08 47.68 51.26
1.88 4.04 1.14 0.47 45.39 42.07 47.59 51.42
1.89 4.06 1.10 0.51 45.37 42.04 47.71 51.10
1.61 3.42 0.99 0.42 46.07 42.79 48.19 51.97
1.55 3.34 0.92 0.40 46.23 42.90 48.50 52.15
1.49 3.22 0.86 0.40 46.39 43.05 48.79 52.13
1.46 3.13 0.82 0.44 46.48 43.18 49.03 51.69
1.26 2.72 0.73 0.34 47.12 43.78 49.50 52.85
1.33 2.92 0.69 0.38 46.89 43.47 49.72 52.35
1.19 2.53 0.67 0.35 47.39 44.09 49.88 52.64
1.25 2.68 0.68 0.41 47.14 43.85 49.80 52.05
1.10 2.36 0.61 0.34 47.71 44.40 50.32 52.86
1.18 2.50 0.65 0.39 47.41 44.14 49.99 52.28
1.23 2.60 0.69 0.40 47.24 43.98 49.78 52.10
1.34 2.85 0.72 0.46 46.86 43.58 49.59 51.53
1.20 2.52 0.69 0.39 47.35 44.12 49.78 52.21
1.30 2.72 0.72 0.46 47.00 43.79 49.56 51.53
1.38 2.90 0.76 0.47 46.75 43.51 49.32 51.42
1.49 3.08 0.80 0.58 46.41 43.25 49.08 50.53
1.34 2.81 0.74 0.46 46.88 43.65 49.46 51.48
1.46 3.04 0.79 0.55 46.49 43.31 49.15 50.76
1.47 3.11 0.80 0.51 46.46 43.21 49.12 51.08
1.66 3.50 0.89 0.58 45.94 42.69 48.66 50.49
1.54 3.26 0.86 0.49 46.27 43.00 48.82 51.19
1.49 3.15 0.81 0.49 46.42 43.15 49.06 51.19
1.71 3.60 0.93 0.59 45.81 42.57 48.42 50.43
1.68 3.64 0.91 0.50 45.87 42.53 48.54 51.15
1.64 3.53 0.88 0.50 45.99 42.66 48.68 51.15
1.91 4.12 1.01 0.60 45.33 41.99 48.10 50.36
1.78 3.84 0.97 0.53 45.64 42.30 48.28 50.94
1.86 3.94 1.02 0.61 45.45 42.18 48.04 50.29
1.88 4.07 1.02 0.54 45.41 42.04 48.06 50.82
2.16 4.70 1.12 0.66 44.80 41.42 47.65 49.96
2.09 4.57 1.11 0.60 44.94 41.55 47.70 50.36
2.33 5.10 1.22 0.66 44.47 41.06 47.26 49.91
2.13 4.65 1.16 0.59 44.84 41.46 47.49 50.39
2.49 5.43 1.35 0.70 44.17 40.78 46.84 49.70
2.27 4.99 1.18 0.64 44.58 41.16 47.42 50.05
2.58 5.61 1.33 0.80 44.02 40.65 46.90 49.10
2.25 4.95 1.16 0.65 44.61 41.19 47.49 50.02
2.48 5.34 1.29 0.81 44.19 40.86 47.03 49.07
2.39 5.20 1.21 0.75 44.36 40.98 47.31 49.37
2.31 4.99 1.24 0.69 44.51 41.15 47.21 49.75
2.17 4.66 1.17 0.69 44.77 41.46 47.46 49.76
1.88 4.01 0.99 0.64 45.40 42.11 48.19 50.09
1.76 3.50 1.03 0.75 45.68 42.69 48.01 49.38
1.63 3.26 0.96 0.68 46.01 43.00 48.32 49.83
1.74 3.51 0.99 0.70 45.74 42.68 48.17 49.66
1.68 3.35 0.98 0.72 45.87 42.88 48.20 49.58
1.83 3.51 1.08 0.89 45.52 42.68 47.80 48.64
1.73 3.37 1.02 0.80 45.75 42.86 48.05 49.10
1.72 3.31 1.01 0.83 45.78 42.94 48.07 48.92
1.75 3.39 1.04 0.82 45.70 42.83 47.95 48.97
2.05 3.95 1.17 1.02 45.02 42.17 47.46 48.04
1.97 3.82 1.16 0.92 45.20 42.31 47.49 48.51
1.91 3.71 1.07 0.94 45.32 42.44 47.82 48.39
1.83 3.56 1.03 0.90 45.51 42.62 48.01 48.59
2.04 4.00 1.10 1.03 45.03 42.11 47.72 48.00
1.95 3.86 1.08 0.91 45.23 42.26 47.80 48.55
2.00 4.00 1.05 0.95 45.13 42.12 47.91 48.38
2.01 4.01 1.09 0.92 45.10 42.10 47.74 48.49
2.18 4.34 1.16 1.05 44.74 41.76 47.48 47.94
2.12 4.18 1.21 0.96 44.87 41.92 47.29 48.30
2.13 4.22 1.17 1.00 44.86 41.89 47.46 48.14
2.11 4.18 1.18 0.96 44.90 41.92 47.41 48.30
2.35 4.66 1.30 1.09 44.42 41.45 47.00 47.76
2.31 4.61 1.33 1.00 44.49 41.50 46.91 48.11
2.42 4.94 1.25 1.06 44.30 41.20 47.15 47.89
2.41 4.86 1.30 1.07 44.31 41.27 46.98 47.84
2.61 5.19 1.45 1.20 43.96 40.98 46.53 47.35
2.70 5.55 1.47 1.08 43.82 40.69 46.45 47.80
2.74 5.53 1.50 1.19 43.75 40.70 46.36 47.39
2.86 5.80 1.60 1.17 43.57 40.50 46.10 47.45
3.20 6.51 1.75 1.33 43.09 40.00 45.70 46.90
3.18 6.54 1.75 1.25 43.11 39.98 45.70 47.17
2.82 5.67 1.58 1.20 43.63 40.60 46.14 47.33
2.81 5.48 1.70 1.27 43.64 40.74 45.84 47.10
3.11 6.15 1.78 1.40 43.21 40.24 45.63 46.68
2.52 4.80 1.51 1.25 44.11 41.32 46.34 47.15
2.39 4.56 1.41 1.22 44.34 41.54 46.65 47.27
2.17 4.17 1.26 1.08 44.77 41.94 47.14 47.79
2.10 3.99 1.21 1.09 44.92 42.12 47.30 47.78
1.75 3.30 1.09 0.86 45.70 42.95 47.76 48.77
1.43 2.67 0.88 0.75 46.58 43.87 48.71 49.40
1.24 2.23 0.81 0.69 47.19 44.64 49.03 49.78
1.31 2.36 0.83 0.74 46.97 44.41 48.96 49.41
1.30 2.39 0.83 0.68 46.99 44.35 48.91 49.82
1.32 2.40 0.85 0.71 46.93 44.34 48.83 49.63
1.31 2.37 0.86 0.71 46.96 44.39 48.79 49.65
1.52 2.78 0.97 0.80 46.32 43.69 48.25 49.11
1.40 2.50 0.91 0.78 46.68 44.15 48.55 49.22
1.33 2.33 0.87 0.78 46.90 44.46 48.74 49.19
1.36 2.37 0.93 0.78 46.79 44.38 48.45 49.20
1.49 2.50 0.93 1.02 46.42 44.15 48.44 48.05
1.50 2.54 0.97 0.99 46.36 44.07 48.25 48.18
1.54 2.66 0.97 0.98 46.26 43.88 48.25 48.22
1.48 2.61 0.93 0.89 46.44 43.96 48.46 48.65
1.65 2.86 1.06 1.03 45.95 43.57 47.90 47.99
1.62 2.78 1.12 0.96 46.04 43.70 47.65 48.30
1.57 2.71 1.02 0.98 46.18 43.81 48.06 48.22
1.60 2.78 1.02 1.00 46.09 43.70 48.04 48.14
1.91 3.28 1.28 1.19 45.31 42.97 47.08 47.39
1.74 3.00 1.15 1.07 45.72 43.37 47.51 47.83
1.89 3.21 1.31 1.15 45.36 43.07 46.95 47.51
1.99 3.39 1.41 1.17 45.15 42.84 46.65 47.46
1.87 3.12 1.24 1.25 45.42 43.19 47.21 47.16
1.91 3.22 1.36 1.15 45.32 43.05 46.79 47.51
1.89 3.14 1.36 1.18 45.35 43.16 46.79 47.42
1.87 3.07 1.32 1.22 45.42 43.26 46.92 47.28
2.22 3.72 1.55 1.39 44.67 42.43 46.23 46.69
2.07 3.43 1.43 1.34 44.98 42.78 46.58 46.86
2.01 3.24 1.40 1.39 45.09 43.02 46.67 46.70
2.13 3.43 1.53 1.44 44.84 42.78 46.30 46.54
2.32 3.81 1.59 1.55 44.48 42.32 46.11 46.22
2.26 3.75 1.51 1.51 44.59 42.39 46.34 46.34
1.84 3.26 1.22 1.04 45.48 43.00 47.26 47.97
1.69 3.03 1.11 0.94 45.84 43.32 47.69 48.39
1.46 2.77 0.97 0.65 46.47 43.71 48.24 50.00
1.07 2.10 0.75 0.36 47.84 44.91 49.41 52.59
0.75 1.63 0.45 0.17 49.40 46.02 51.60 55.88
0.68 1.50 0.41 0.15 49.78 46.38 52.00 56.53
0.70 1.52 0.44 0.15 49.67 46.33 51.71 56.35
0.70 1.52 0.42 0.15 49.69 46.31 51.87 56.31
0.76 1.65 0.47 0.17 49.31 45.95 51.43 55.89
0.72 1.57 0.43 0.15 49.58 46.17 51.82 56.38
0.73 1.60 0.45 0.15 49.48 46.09 51.62 56.37
0.74 1.61 0.46 0.15 49.45 46.06 51.52 56.47
0.82 1.79 0.49 0.16 49.03 45.61 51.23 56.02
0.80 1.74 0.50 0.14 49.13 45.73 51.16 56.54
0.80 1.74 0.49 0.16 49.12 45.73 51.23 56.18
0.79 1.77 0.48 0.14 49.13 45.67 51.31 56.70
0.88 1.95 0.50 0.17 48.72 45.24 51.13 55.84
0.87 1.91 0.53 0.18 48.74 45.34 50.93 55.58
0.86 1.89 0.51 0.17 48.81 45.38 51.10 55.72
0.94 2.10 0.55 0.19 48.40 44.93 50.78 55.42
0.84 1.82 0.53 0.16 48.90 45.53 50.89 56.01
0.89 1.90 0.57 0.19 48.66 45.35 50.60 55.38
0.84 1.79 0.53 0.19 48.90 45.59 50.89 55.34
0.97 2.12 0.58 0.22 48.26 44.87 50.51 54.71
0.99 2.18 0.58 0.21 48.18 44.75 50.50 55.03
0.95 2.09 0.57 0.19 48.35 44.92 50.58 55.42
1.04 2.30 0.63 0.20 47.94 44.51 50.13 55.12
1.07 2.36 0.64 0.21 47.86 44.42 50.08 55.04
1.14 2.54 0.66 0.22 47.56 44.08 49.94 54.61
1.15 2.53 0.68 0.23 47.54 44.10 49.82 54.51
1.18 2.62 0.67 0.24 47.41 43.95 49.83 54.25
1.16 2.53 0.72 0.23 47.49 44.10 49.57 54.57
1.24 2.74 0.74 0.26 47.18 43.75 49.48 54.03
1.23 2.70 0.75 0.25 47.23 43.82 49.39 54.23
1.37 3.03 0.81 0.27 46.76 43.32 49.05 53.71
1.47 3.22 0.89 0.29 46.47 43.06 48.63 53.55
1.49 3.32 0.86 0.29 46.39 42.92 48.76 53.51
1.38 3.07 0.80 0.27 46.74 43.27 49.11 53.83
1.40 3.12 0.77 0.30 46.68 43.19 49.27 53.46
1.31 2.97 0.69 0.29 46.94 43.41 49.74 53.59
1.24 2.79 0.66 0.26 47.20 43.67 49.93 53.94
1.11 2.49 0.61 0.23 47.68 44.17 50.30 54.46
1.08 2.44 0.56 0.23 47.81 44.26 50.64 54.48
1.05 2.36 0.56 0.23 47.92 44.40 50.69 54.52
1.14 2.59 0.57 0.27 47.55 44.00 50.56 53.78
0.88 2.01 0.42 0.21 48.67 45.09 51.94 54.75
0.82 1.85 0.39 0.23 48.98 45.47 52.18 54.50
0.83 1.87 0.40 0.22 48.93 45.41 52.10 54.70
0.95 2.16 0.45 0.25 48.34 44.79 51.57 54.17
0.92 2.08 0.43 0.24 48.51 44.96 51.77 54.36
