2.12 4.68 1.10 0.59 44.86 41.43 47.73 50.41
1.96 4.34 1.02 0.52 45.21 41.76 48.05 50.96
2.04 4.48 1.09 0.54 45.04 41.62 47.74 50.80
2.16 4.85 1.11 0.53 44.78 41.27 47.69 50.91
2.40 5.24 1.28 0.68 44.33 40.94 47.05 49.82
2.17 4.79 1.14 0.59 44.76 41.33 47.58 50.42
2.33 5.11 1.23 0.65 44.46 41.05 47.25 50.01
2.41 5.30 1.28 0.64 44.32 40.89 47.04 50.09
2.65 5.87 1.33 0.73 43.91 40.44 46.88 49.48
2.64 5.87 1.35 0.70 43.91 40.44 46.83 49.66
2.44 5.43 1.25 0.65 44.25 40.78 47.17 50.01
2.88 6.48 1.38 0.78 43.54 40.02 46.72 49.22
2.74 6.16 1.41 0.65 43.75 40.24 46.62 49.99
3.14 7.07 1.54 0.80 43.17 39.64 46.26 49.09
2.85 6.50 1.40 0.67 43.58 40.00 46.66 49.90
3.42 7.75 1.69 0.82 42.79 39.24 45.85 49.00
3.16 7.21 1.55 0.71 43.14 39.55 46.23 49.64
3.61 8.25 1.70 0.86 42.56 38.97 45.82 48.75
3.47 8.05 1.66 0.70 42.73 39.07 45.92 49.70
4.02 9.34 1.84 0.88 42.09 38.43 45.49 48.69
3.64 8.53 1.63 0.75 42.53 38.82 46.02 49.37
3.83 9.05 1.65 0.80 42.30 38.56 45.97 49.09
3.27 7.61 1.44 0.76 42.98 39.32 46.55 49.31
3.33 7.67 1.46 0.85 42.91 39.29 46.47 48.83
2.67 6.07 1.30 0.65 43.86 40.30 46.99 50.04
2.52 5.61 1.28 0.66 44.12 40.64 47.06 49.96
1.77 3.79 0.94 0.59 45.64 42.34 48.41 50.46
1.73 3.49 0.99 0.69 45.77 42.71 48.15 49.73
1.45 2.93 0.82 0.61 46.51 43.47 48.99 50.29
1.68 3.30 0.93 0.80 45.88 42.94 48.44 49.10
1.18 2.17 0.75 0.61 47.43 44.77 49.36 50.28
1.23 2.22 0.79 0.68 47.23 44.66 49.14 49.79
1.25 2.25 0.79 0.71 47.17 44.61 49.15 49.64
1.32 2.40 0.82 0.73 46.93 44.33 48.98 49.47
1.33 2.44 0.84 0.71 46.90 44.25 48.91 49.62
1.44 2.58 0.87 0.86 46.55 44.01 48.69 48.80
1.44 2.69 0.88 0.76 46.54 43.83 48.69 49.31
1.59 2.92 0.97 0.88 46.12 43.49 48.25 48.68
1.57 2.87 0.99 0.86 46.17 43.55 48.18 48.82
1.74 3.14 1.10 0.98 45.72 43.16 47.70 48.20
1.56 2.88 0.98 0.81 46.20 43.53 48.20 49.03
1.75 3.32 1.04 0.88 45.71 42.93 47.98 48.67
1.67 3.14 1.01 0.86 45.90 43.16 48.07 48.80
1.91 3.58 1.14 1.01 45.32 42.60 47.57 48.09
1.80 3.47 1.06 0.87 45.58 42.73 47.88 48.76
1.94 3.76 1.11 0.96 45.24 42.37 47.68 48.31
1.83 3.55 1.08 0.85 45.51 42.63 47.79 48.82
2.04 3.86 1.23 1.04 45.03 42.26 47.24 47.96
1.80 3.51 1.06 0.84 45.57 42.67 47.88 48.91
2.09 4.03 1.22 1.01 44.94 42.07 47.27 48.10
2.07 4.06 1.16 0.99 44.97 42.04 47.48 48.18
2.31 4.44 1.33 1.17 44.49 41.65 46.89 47.47
2.19 4.31 1.23 1.05 44.72 41.79 47.25 47.93
2.29 4.52 1.23 1.11 44.54 41.58 47.23 47.68
2.32 4.65 1.21 1.09 44.48 41.45 47.31 47.75
2.63 5.14 1.41 1.32 43.94 41.02 46.63 46.91
2.28 4.49 1.26 1.10 44.55 41.61 47.12 47.70
2.68 5.39 1.40 1.26 43.85 40.82 46.68 47.11
2.59 5.16 1.41 1.20 44.00 41.01 46.64 47.34
2.94 5.91 1.55 1.36 43.45 40.42 46.23 46.80
2.65 5.36 1.44 1.16 43.89 40.83 46.56 47.50
2.86 5.74 1.54 1.29 43.57 40.54 46.25 47.00
2.73 5.57 1.40 1.25 43.76 40.68 46.68 47.18
2.91 5.80 1.54 1.39 43.49 40.50 46.26 46.72
2.37 4.67 1.30 1.15 44.38 41.43 46.98 47.53
2.12 4.06 1.24 1.05 44.87 42.04 47.20 47.91
1.75 3.36 0.99 0.91 45.70 42.87 48.18 48.57
1.33 2.42 0.74 0.82 46.90 44.29 49.45 48.98
0.95 1.63 0.57 0.64 48.36 46.00 50.56 50.07
1.03 1.73 0.62 0.72 48.03 45.76 50.21 49.56
1.00 1.71 0.64 0.64 48.16 45.82 50.09 50.05
1.05 1.73 0.62 0.78 47.94 45.75 50.17 49.20
1.05 1.77 0.67 0.73 47.89 45.65 49.89 49.48
1.13 1.86 0.68 0.83 47.62 45.44 49.79 48.91
1.08 1.78 0.71 0.76 47.79 45.62 49.63 49.35
1.19 1.95 0.79 0.85 47.35 45.24 49.15 48.82
1.12 1.84 0.74 0.77 47.65 45.48 49.45 49.24
1.29 2.10 0.83 0.94 47.03 44.91 48.95 48.42
1.22 1.99 0.82 0.86 47.26 45.14 49.02 48.78
1.34 2.19 0.87 0.96 46.86 44.72 48.73 48.32
1.38 2.28 0.91 0.94 46.74 44.54 48.55 48.42
1.53 2.48 1.05 1.06 46.28 44.19 47.90 47.86
1.47 2.48 1.01 0.93 46.44 44.18 48.10 48.44
1.56 2.54 1.10 1.03 46.20 44.07 47.71 48.01
1.63 2.71 1.16 1.01 46.01 43.80 47.46 48.09
1.82 3.01 1.30 1.14 45.54 43.35 46.99 47.57
1.64 2.78 1.21 0.93 45.98 43.69 47.30 48.43
1.79 2.97 1.32 1.09 45.59 43.40 46.92 47.76
1.73 2.91 1.25 1.04 45.74 43.50 47.15 47.95
1.96 3.29 1.38 1.23 45.19 42.96 46.73 47.22
1.94 3.33 1.38 1.12 45.25 42.90 46.75 47.62
2.20 3.72 1.60 1.26 44.72 42.43 46.09 47.13
2.13 3.67 1.54 1.19 44.84 42.48 46.27 47.37
2.35 4.04 1.59 1.41 44.43 42.06 46.13 46.64
2.14 3.65 1.52 1.26 44.82 42.51 46.31 47.13
2.24 3.77 1.49 1.45 44.63 42.37 46.39 46.51
2.13 3.65 1.40 1.35 44.84 42.51 46.69 46.81
2.26 4.05 1.45 1.28 44.59 42.06 46.50 47.05
1.97 3.55 1.24 1.13 45.18 42.63 47.21 47.60
1.71 3.13 1.13 0.89 45.79 43.19 47.60 48.64
1.29 2.44 0.88 0.54 47.04 44.26 48.67 50.80
1.08 2.10 0.71 0.41 47.82 44.91 49.60 52.05
0.81 1.69 0.51 0.24 49.04 45.86 51.05 54.37
0.89 1.83 0.58 0.26 48.64 45.51 50.54 53.90
0.90 1.89 0.57 0.26 48.57 45.37 50.60 54.00
0.95 1.92 0.62 0.33 48.32 45.30 50.18 52.99
0.88 1.82 0.56 0.28 48.66 45.53 50.63 53.73
0.96 1.97 0.60 0.28 48.33 45.17 50.29 53.57
0.88 1.81 0.56 0.27 48.68 45.55 50.66 53.76
0.99 1.98 0.64 0.34 48.20 45.16 50.09 52.88
0.91 1.88 0.57 0.27 48.55 45.40 50.53 53.78
0.96 1.94 0.60 0.32 48.33 45.25 50.36 52.99
0.93 1.88 0.60 0.31 48.45 45.39 50.37 53.23
1.06 2.13 0.69 0.36 47.87 44.85 49.74 52.52
0.98 1.98 0.63 0.32 48.23 45.16 50.12 53.12
1.06 2.17 0.66 0.34 47.89 44.77 49.92 52.80
1.05 2.19 0.65 0.32 47.90 44.73 49.98 53.04
1.13 2.32 0.69 0.38 47.60 44.47 49.76 52.37
1.03 2.16 0.65 0.29 48.00 44.79 50.03 53.57
1.07 2.21 0.66 0.33 47.84 44.69 49.93 52.91
1.03 2.17 0.62 0.29 48.01 44.77 50.18 53.45
1.19 2.47 0.73 0.38 47.37 44.21 49.49 52.32
1.12 2.40 0.66 0.31 47.62 44.33 49.92 53.23
1.19 2.52 0.70 0.35 47.37 44.11 49.68 52.70
1.13 2.38 0.67 0.32 47.63 44.37 49.88 53.04
1.25 2.61 0.74 0.41 47.15 43.96 49.42 52.03
1.18 2.49 0.71 0.33 47.42 44.17 49.58 52.94
1.34 2.84 0.81 0.38 46.86 43.60 49.07 52.34
1.32 2.79 0.79 0.37 46.94 43.68 49.14 52.46
1.50 3.18 0.88 0.43 46.37 43.11 48.67 51.79
1.49 3.19 0.88 0.40 46.40 43.09 48.69 52.15
1.59 3.39 0.91 0.45 46.13 42.82 48.51 51.65
1.49 3.23 0.88 0.38 46.39 43.04 48.69 52.36
1.60 3.40 0.94 0.44 46.10 42.81 48.38 51.67
1.56 3.36 0.91 0.39 46.21 42.86 48.54 52.24
1.61 3.40 1.00 0.42 46.07 42.81 48.14 51.86
1.60 3.44 0.95 0.39 46.10 42.76 48.36 52.19
1.60 3.39 0.95 0.45 46.10 42.82 48.34 51.64
1.37 2.93 0.83 0.35 46.76 43.46 48.95 52.67
1.31 2.80 0.79 0.35 46.95 43.66 49.16 52.62
1.24 2.70 0.69 0.33 47.21 43.82 49.75 53.01
1.18 2.47 0.70 0.37 47.42 44.21 49.70 52.44
1.04 2.20 0.61 0.29 47.98 44.70 50.26 53.55
1.12 2.40 0.61 0.34 47.65 44.33 50.29 52.76
0.97 2.06 0.54 0.30 48.27 44.98 50.80 53.40
1.00 2.09 0.57 0.36 48.12 44.93 50.60 52.62
0.91 1.95 0.49 0.28 48.56 45.24 51.19 53.71
0.97 2.01 0.55 0.35 48.27 45.09 50.75 52.73
0.98 2.07 0.54 0.32 48.22 44.97 50.77 53.06
1.06 2.18 0.59 0.41 47.89 44.75 50.40 52.05
0.97 2.04 0.54 0.33 48.26 45.04 50.77 53.00
1.10 2.30 0.60 0.41 47.71 44.53 50.32 52.03
1.08 2.27 0.60 0.39 47.78 44.57 50.36 52.26
1.18 2.40 0.65 0.47 47.43 44.32 49.99 51.42
1.09 2.25 0.63 0.39 47.76 44.61 50.15 52.19
1.17 2.39 0.66 0.46 47.44 44.34 49.95 51.46
1.15 2.43 0.63 0.39 47.52 44.27 50.15 52.16
1.33 2.76 0.74 0.48 46.90 43.71 49.44 51.31
1.27 2.67 0.72 0.44 47.09 43.87 49.57 51.74
1.27 2.68 0.71 0.42 47.10 43.85 49.64 51.90
1.43 3.01 0.78 0.49 46.58 43.35 49.17 51.23
1.41 3.01 0.77 0.45 46.64 43.34 49.28 51.64
1.36 2.89 0.77 0.42 46.80 43.53 49.29 51.86
1.55 3.29 0.86 0.50 46.23 42.96 48.79 51.12
1.44 3.07 0.80 0.43 46.56 43.26 49.08 51.76
1.55 3.26 0.88 0.49 46.24 43.00 48.67 51.20
1.59 3.42 0.87 0.46 46.13 42.80 48.72 51.47
1.76 3.79 0.95 0.55 45.67 42.34 48.38 50.71
1.72 3.71 0.94 0.51 45.77 42.43 48.41 51.04
1.93 4.11 1.09 0.59 45.27 41.99 47.73 50.42
1.84 3.97 1.03 0.52 45.48 42.14 48.01 50.95
2.19 4.68 1.25 0.64 44.72 41.43 47.16 50.07
1.94 4.22 1.05 0.56 45.24 41.88 47.91 50.64
2.21 4.73 1.22 0.69 44.68 41.38 47.28 49.74
1.94 4.19 1.05 0.57 45.26 41.91 47.92 50.55
2.07 4.38 1.14 0.70 44.97 41.72 47.55 49.71
1.98 4.20 1.10 0.64 45.16 41.90 47.72 50.05
1.94 4.05 1.11 0.65 45.26 42.05 47.69 50.03
1.74 3.62 0.99 0.61 45.73 42.55 48.17 50.31
1.54 3.13 0.89 0.60 46.26 43.18 48.63 50.35
1.54 3.00 0.93 0.68 46.25 43.36 48.43 49.78
1.41 2.69 0.85 0.68 46.65 43.83 48.85 49.79
1.35 2.56 0.82 0.67 46.83 44.05 48.99 49.89
1.35 2.53 0.84 0.70 46.81 44.10 48.90 49.70
1.51 2.82 0.92 0.80 46.33 43.63 48.50 49.09
1.52 2.84 0.91 0.81 46.31 43.59 48.55 49.04
1.48 2.76 0.90 0.76 46.44 43.72 48.61 49.30
1.52 2.86 0.92 0.79 46.30 43.56 48.48 49.17
1.75 3.28 1.04 0.94 45.69 42.97 47.98 48.39
1.68 3.16 1.02 0.88 45.86 43.14 48.05 48.68
1.56 2.88 0.96 0.86 46.18 43.54 48.30 48.80
1.40 2.63 0.84 0.74 46.65 43.93 48.89 49.43
1.60 3.00 0.93 0.89 46.08 43.36 48.46 48.63
1.35 2.53 0.79 0.72 46.85 44.10 49.16 49.59
1.49 2.85 0.86 0.78 46.39 43.59 48.81 49.22
1.47 2.81 0.86 0.74 46.46 43.65 48.77 49.44
1.60 3.03 0.92 0.83 46.10 43.31 48.48 48.93
1.42 2.66 0.87 0.72 46.62 43.88 48.75 49.57
1.59 2.99 0.95 0.83 46.12 43.37 48.37 48.97
1.56 2.99 0.92 0.75 46.21 43.37 48.47 49.38
1.71 3.25 1.02 0.87 45.79 43.01 48.04 48.75
1.58 3.03 0.93 0.79 46.14 43.32 48.45 49.17
1.76 3.43 1.01 0.86 45.66 42.77 48.12 48.78
1.72 3.37 0.99 0.81 45.76 42.86 48.16 49.03
1.93 3.75 1.13 0.90 45.28 42.39 47.59 48.59
1.90 3.79 1.10 0.81 45.34 42.35 47.70 49.03
2.02 3.95 1.19 0.91 45.08 42.17 47.36 48.53
2.07 4.13 1.22 0.88 44.96 41.97 47.28 48.71
2.23 4.37 1.32 1.00 44.65 41.73 46.94 48.11
2.07 4.07 1.26 0.88 44.96 42.03 47.13 48.67
2.50 5.01 1.44 1.04 44.16 41.14 46.54 47.96
2.41 4.70 1.46 1.07 44.31 41.41 46.49 47.81
2.74 5.43 1.60 1.19 43.75 40.78 46.09 47.37
2.07 3.91 1.26 1.04 44.97 42.21 47.13 47.96
2.13 4.03 1.28 1.07 44.85 42.07 47.07 47.83
1.85 3.52 1.08 0.94 45.46 42.66 47.82 48.39
1.72 3.24 1.06 0.85 45.78 43.02 47.88 48.84
1.40 2.65 0.85 0.69 46.68 43.89 48.85 49.74
1.16 2.13 0.73 0.63 47.48 44.85 49.52 50.17
0.98 1.72 0.66 0.58 48.20 45.77 49.95 50.53
0.98 1.72 0.64 0.57 48.22 45.77 50.07 50.54
0.99 1.74 0.67 0.57 48.16 45.71 49.89 50.57
1.04 1.81 0.69 0.63 47.96 45.56 49.76 50.18
1.02 1.76 0.70 0.60 48.04 45.68 49.65 50.36
1.18 2.07 0.81 0.67 47.39 44.97 49.02 49.87
1.05 1.84 0.72 0.59 47.92 45.49 49.56 50.42
1.05 1.78 0.70 0.67 47.91 45.62 49.66 49.88
1.04 1.76 0.72 0.64 47.97 45.67 49.59 50.10
1.10 1.83 0.74 0.72 47.73 45.52 49.43 49.55
1.09 1.84 0.75 0.68 47.75 45.47 49.36 49.84
1.23 2.09 0.82 0.78 47.23 44.93 48.99 49.21
1.12 1.91 0.77 0.68 47.64 45.33 49.28 49.77
1.25 2.06 0.85 0.84 47.16 45.00 48.81 48.91
1.15 1.92 0.81 0.72 47.51 45.29 49.04 49.54
1.24 2.04 0.86 0.80 47.22 45.03 48.80 49.07
1.26 2.11 0.87 0.79 47.14 44.88 48.72 49.18
1.35 2.22 0.93 0.91 46.82 44.67 48.45 48.52
1.27 2.08 0.91 0.82 47.09 44.95 48.54 49.00
1.45 2.35 1.06 0.93 46.52 44.41 47.88 48.43
1.36 2.22 0.98 0.87 46.80 44.66 48.20 48.73
1.56 2.50 1.11 1.09 46.19 44.16 47.69 47.77
1.58 2.57 1.18 0.99 46.14 44.03 47.41 48.19
1.72 2.79 1.27 1.10 45.78 43.68 47.10 47.72
1.64 2.62 1.22 1.10 45.97 43.95 47.29 47.72
1.94 3.12 1.46 1.24 45.25 43.19 46.49 47.19
1.77 2.89 1.28 1.14 45.65 43.52 47.05 47.55
1.80 2.81 1.29 1.29 45.59 43.64 47.03 47.04
1.88 2.96 1.38 1.31 45.39 43.42 46.75 46.95
2.02 3.27 1.45 1.35 45.07 42.99 46.50 46.82
1.91 3.13 1.31 1.30 45.31 43.17 46.97 46.99
1.66 2.87 1.10 1.02 45.93 43.55 47.73 48.04
1.60 2.85 1.03 0.92 46.09 43.58 48.01 48.49
1.35 2.50 0.91 0.65 46.82 44.16 48.54 50.03
0.93 1.79 0.67 0.33 48.46 45.61 49.91 52.92
0.58 1.25 0.35 0.14 50.47 47.15 52.63 56.62
0.59 1.30 0.35 0.13 50.40 47.01 52.61 57.10
0.58 1.25 0.38 0.13 50.45 47.16 52.32 57.09
0.58 1.26 0.37 0.13 50.45 47.14 52.41 56.96
0.62 1.33 0.39 0.14 50.18 46.87 52.18 56.56
0.60 1.31 0.38 0.13 50.30 46.97 52.33 56.88
0.64 1.36 0.42 0.14 50.07 46.79 51.89 56.76
0.62 1.33 0.41 0.14 50.16 46.90 51.96 56.77
0.67 1.45 0.43 0.15 49.84 46.54 51.82 56.38
0.67 1.46 0.43 0.13 49.84 46.48 51.77 56.90
0.66 1.43 0.42 0.14 49.91 46.59 51.85 56.63
0.70 1.54 0.43 0.13 49.69 46.26 51.79 57.02
0.71 1.56 0.44 0.15 49.57 46.19 51.65 56.40
0.75 1.62 0.49 0.16 49.35 46.04 51.25 56.11
0.74 1.62 0.45 0.16 49.43 46.04 51.56 56.25
0.76 1.63 0.49 0.16 49.32 46.01 51.22 56.10
0.76 1.64 0.50 0.14 49.31 45.99 51.13 56.48
0.82 1.74 0.55 0.17 48.99 45.73 50.72 55.74
0.81 1.72 0.52 0.17 49.05 45.76 50.94 55.72
0.91 1.97 0.55 0.20 48.57 45.20 50.73 55.11
0.92 2.01 0.56 0.18 48.51 45.11 50.64 55.47
0.89 1.96 0.53 0.18 48.64 45.22 50.85 55.64
0.93 2.05 0.57 0.18 48.43 45.01 50.56 55.65
0.94 2.06 0.57 0.17 48.42 44.98 50.60 55.74
1.04 2.28 0.63 0.22 47.96 44.56 50.17 54.76
1.04 2.28 0.63 0.21 47.97 44.56 50.17 54.89
1.08 2.39 0.64 0.22 47.78 44.35 50.08 54.72
1.08 2.35 0.67 0.21 47.80 44.42 49.87 54.87
1.13 2.48 0.68 0.24 47.59 44.20 49.79 54.28
1.13 2.43 0.71 0.24 47.61 44.27 49.61 54.37
1.22 2.68 0.74 0.24 47.26 43.85 49.42 54.25
1.35 2.94 0.82 0.28 46.84 43.45 49.03 53.65
1.35 2.97 0.81 0.28 46.82 43.39 49.09 53.72
1.29 2.83 0.76 0.27 47.05 43.61 49.34 53.91
1.27 2.78 0.75 0.28 47.11 43.69 49.44 53.70
1.18 2.62 0.66 0.28 47.40 43.94 49.99 53.76
1.14 2.54 0.64 0.25 47.56 44.09 50.10 54.12
1.03 2.29 0.57 0.22 48.02 44.54 50.61 54.67
0.99 2.21 0.52 0.23 48.19 44.69 50.96 54.55
0.95 2.15 0.49 0.20 48.37 44.80 51.25 55.09
1.04 2.33 0.54 0.24 47.97 44.46 50.83 54.28
0.78 1.80 0.36 0.19 49.18 45.57 52.55 55.30
0.74 1.65 0.35 0.22 49.44 45.94 52.76 54.77
0.74 1.67 0.35 0.21 49.40 45.88 52.61 55.01
0.82 1.83 0.39 0.23 49.01 45.50 52.25 54.46
0.83 1.88 0.39 0.22 48.94 45.39 52.24 54.74
