2.12 4.68 1.10 0.59 44.86 41.43 47.73 50.41
1.96 4.34 1.02 0.52 45.21 41.76 48.05 50.96
2.04 4.48 1.09 0.54 45.04 41.62 47.74 50.80
2.16 4.85 1.11 0.53 44.78 41.27 47.69 50.91
2.40 5.24 1.28 0.68 44.33 40.94 47.05 49.82
2.17 4.79 1.14 0.59 44.76 41.33 47.58 50.42
2.33 5.11 1.23 0.65 44.46 41.05 47.25 50.01
2.41 5.30 1.28 0.64 44.32 40.89 47.04 50.09
2.65 5.87 1.33 0.73 43.91 40.44 46.88 49.48
2.64 5.87 1.35 0.70 43.91 40.44 46.83 49.66
2.44 5.43 1.25 0.65 44.25 40.78 47.17 50.01
2.88 6.48 1.38 0.78 43.54 40.02 46.72 49.22
2.74 6.15 1.42 0.66 43.75 40.24 46.62 49.94
3.12 7.04 1.53 0.78 43.20 39.65 46.29 49.22
2.87 6.52 1.41 0.67 43.55 39.99 46.62 49.86
3.42 7.77 1.68 0.81 42.79 39.23 45.89 49.02
3.16 7.23 1.54 0.71 43.14 39.54 46.26 49.63
3.61 8.27 1.71 0.85 42.56 38.95 45.81 48.86
3.48 8.07 1.68 0.70 42.72 39.07 45.89 49.69
4.00 9.31 1.83 0.88 42.10 38.44 45.51 48.68
3.62 8.52 1.61 0.75 42.54 38.83 46.07 49.42
3.82 9.01 1.64 0.81 42.31 38.58 45.98 49.07
3.26 7.59 1.42 0.76 43.00 39.33 46.60 49.32
3.33 7.67 1.47 0.85 42.90 39.28 46.46 48.81
2.66 6.03 1.30 0.65 43.88 40.33 47.00 49.98
2.54 5.61 1.32 0.69 44.09 40.64 46.92 49.76
1.80 3.82 0.96 0.60 45.59 42.30 48.33 50.33
1.73 3.48 0.98 0.72 45.76 42.72 48.23 49.56
1.45 2.92 0.80 0.62 46.52 43.48 49.07 50.23
1.67 3.29 0.93 0.79 45.90 42.96 48.44 49.12
1.19 2.21 0.77 0.60 47.37 44.69 49.27 50.35
1.24 2.21 0.81 0.69 47.22 44.69 49.07 49.75
1.26 2.27 0.79 0.69 47.14 44.57 49.13 49.70
1.33 2.43 0.83 0.73 46.88 44.26 48.92 49.46
1.35 2.49 0.85 0.71 46.82 44.17 48.84 49.61
1.46 2.62 0.89 0.86 46.48 43.93 48.61 48.78
1.45 2.69 0.89 0.76 46.53 43.83 48.66 49.31
1.59 2.93 0.97 0.88 46.11 43.47 48.25 48.69
1.58 2.89 1.00 0.85 46.15 43.53 48.15 48.86
1.77 3.20 1.14 0.97 45.65 43.08 47.56 48.24
1.57 2.91 0.99 0.81 46.17 43.49 48.17 49.04
1.77 3.35 1.06 0.88 45.66 42.88 47.89 48.66
1.71 3.19 1.06 0.89 45.79 43.09 47.88 48.67
1.92 3.59 1.16 1.01 45.29 42.59 47.47 48.06
1.84 3.56 1.08 0.86 45.49 42.62 47.79 48.77
1.94 3.74 1.11 0.97 45.25 42.41 47.65 48.27
1.85 3.60 1.08 0.86 45.46 42.57 47.79 48.79
2.05 3.88 1.22 1.05 45.01 42.24 47.27 47.92
1.82 3.53 1.07 0.86 45.54 42.65 47.86 48.80
2.08 3.99 1.24 1.02 44.94 42.12 47.19 48.06
2.09 4.10 1.18 1.00 44.93 42.00 47.42 48.17
2.35 4.50 1.37 1.18 44.42 41.60 46.76 47.42
2.21 4.33 1.22 1.06 44.69 41.77 47.25 47.86
2.33 4.59 1.28 1.13 44.46 41.52 47.07 47.61
2.34 4.70 1.24 1.09 44.43 41.41 47.18 47.78
2.64 5.17 1.43 1.31 43.92 41.00 46.58 46.96
2.28 4.50 1.24 1.10 44.55 41.60 47.18 47.72
2.67 5.39 1.38 1.24 43.87 40.81 46.72 47.21
2.61 5.24 1.41 1.20 43.96 40.94 46.63 47.35
2.95 5.91 1.56 1.37 43.43 40.41 46.19 46.77
2.67 5.39 1.46 1.18 43.86 40.82 46.48 47.41
2.88 5.79 1.52 1.32 43.54 40.51 46.30 46.93
2.74 5.60 1.40 1.23 43.75 40.65 46.65 47.24
2.89 5.77 1.55 1.36 43.51 40.52 46.23 46.79
2.41 4.73 1.33 1.15 44.32 41.39 46.88 47.52
2.14 4.13 1.26 1.04 44.82 41.97 47.14 47.97
1.77 3.39 1.00 0.92 45.64 42.82 48.11 48.49
1.32 2.42 0.74 0.82 46.91 44.30 49.45 49.01
0.95 1.63 0.57 0.64 48.36 46.00 50.56 50.08
1.02 1.73 0.61 0.73 48.03 45.74 50.29 49.52
1.00 1.72 0.61 0.68 48.12 45.78 50.26 49.85
1.04 1.75 0.62 0.77 47.94 45.72 50.19 49.28
1.07 1.81 0.68 0.73 47.83 45.56 49.83 49.49
1.14 1.87 0.69 0.86 47.55 45.40 49.71 48.79
1.07 1.77 0.68 0.75 47.85 45.65 49.81 49.38
1.19 1.94 0.76 0.87 47.37 45.25 49.30 48.74
1.13 1.86 0.74 0.78 47.61 45.44 49.42 49.22
1.29 2.11 0.83 0.92 47.03 44.89 48.94 48.47
1.22 2.00 0.80 0.85 47.27 45.11 49.09 48.85
1.35 2.22 0.87 0.96 46.83 44.67 48.73 48.31
1.39 2.33 0.92 0.91 46.71 44.47 48.49 48.53
1.55 2.51 1.08 1.06 46.24 44.14 47.80 47.89
1.48 2.49 1.01 0.93 46.44 44.16 48.10 48.44
1.57 2.59 1.09 1.03 46.18 44.00 47.76 48.02
1.65 2.74 1.17 1.03 45.96 43.74 47.44 48.00
1.83 3.03 1.31 1.14 45.51 43.31 46.97 47.55
1.63 2.74 1.21 0.93 46.02 43.75 47.30 48.46
1.78 2.98 1.30 1.07 45.62 43.40 47.00 47.82
1.74 2.94 1.24 1.02 45.73 43.45 47.18 48.02
1.96 3.29 1.35 1.25 45.20 42.95 46.82 47.17
1.95 3.37 1.37 1.12 45.22 42.85 46.76 47.64
2.19 3.75 1.56 1.25 44.73 42.39 46.19 47.17
2.11 3.62 1.51 1.20 44.89 42.54 46.33 47.34
2.35 4.04 1.58 1.41 44.43 42.06 46.14 46.63
2.13 3.64 1.51 1.23 44.86 42.52 46.35 47.24
2.24 3.78 1.48 1.45 44.63 42.36 46.41 46.51
2.13 3.65 1.37 1.37 44.84 42.51 46.76 46.76
2.28 4.08 1.44 1.31 44.57 42.03 46.55 46.97
2.00 3.62 1.24 1.14 45.13 42.55 47.21 47.58
1.75 3.20 1.14 0.91 45.70 43.08 47.56 48.55
1.32 2.50 0.89 0.56 46.94 44.16 48.62 50.68
1.10 2.17 0.71 0.40 47.75 44.78 49.61 52.09
0.84 1.76 0.54 0.24 48.87 45.69 50.83 54.30
0.91 1.88 0.58 0.27 48.56 45.40 50.51 53.87
0.91 1.90 0.59 0.25 48.53 45.35 50.47 54.08
0.98 1.99 0.64 0.33 48.21 45.15 50.11 52.99
0.92 1.88 0.60 0.27 48.53 45.42 50.38 53.79
0.98 2.02 0.63 0.28 48.24 45.08 50.18 53.62
0.91 1.87 0.59 0.28 48.52 45.43 50.40 53.62
1.02 2.07 0.66 0.34 48.04 44.98 49.96 52.84
0.93 1.93 0.59 0.28 48.46 45.30 50.45 53.73
0.98 2.00 0.61 0.32 48.24 45.12 50.31 53.05
0.95 1.92 0.61 0.33 48.35 45.32 50.28 52.94
1.09 2.22 0.69 0.37 47.75 44.68 49.74 52.42
1.02 2.08 0.66 0.32 48.06 44.97 49.96 53.04
1.07 2.20 0.67 0.35 47.84 44.71 49.89 52.74
1.07 2.22 0.67 0.34 47.82 44.67 49.89 52.88
1.16 2.40 0.70 0.38 47.49 44.33 49.68 52.37
1.06 2.21 0.65 0.31 47.90 44.69 50.00 53.24
1.10 2.28 0.67 0.35 47.73 44.57 49.89 52.73
1.06 2.23 0.64 0.31 47.88 44.65 50.07 53.28
1.24 2.58 0.74 0.39 47.22 44.03 49.42 52.22
1.16 2.47 0.70 0.31 47.48 44.21 49.69 53.18
1.21 2.57 0.71 0.35 47.30 44.02 49.60 52.70
1.15 2.44 0.69 0.34 47.51 44.27 49.74 52.86
1.28 2.70 0.74 0.40 47.06 43.83 49.43 52.09
1.25 2.65 0.75 0.34 47.18 43.91 49.39 52.79
1.37 2.91 0.82 0.38 46.77 43.50 49.00 52.37
1.34 2.84 0.81 0.37 46.86 43.59 49.04 52.47
1.54 3.28 0.90 0.44 46.26 42.97 48.61 51.71
1.52 3.25 0.90 0.41 46.33 43.02 48.61 52.06
1.62 3.46 0.93 0.45 46.05 42.74 48.43 51.58
1.51 3.24 0.90 0.39 46.35 43.02 48.61 52.25
1.62 3.43 0.96 0.46 46.05 42.78 48.30 51.51
1.59 3.43 0.94 0.40 46.12 42.78 48.43 52.10
1.63 3.44 1.00 0.44 46.02 42.77 48.14 51.68
1.62 3.48 0.96 0.40 46.05 42.71 48.31 52.08
1.63 3.48 0.96 0.46 46.00 42.72 48.31 51.56
1.41 2.99 0.87 0.37 46.66 43.39 48.75 52.52
1.34 2.84 0.81 0.37 46.86 43.60 49.04 52.48
1.26 2.71 0.73 0.33 47.14 43.80 49.52 52.94
1.22 2.56 0.72 0.39 47.27 44.06 49.56 52.28
1.08 2.30 0.64 0.31 47.80 44.52 50.09 53.26
1.14 2.45 0.62 0.35 47.55 44.23 50.22 52.63
0.99 2.12 0.55 0.30 48.18 44.87 50.75 53.34
1.03 2.17 0.57 0.37 47.98 44.78 50.54 52.49
0.94 2.00 0.51 0.29 48.43 45.14 51.03 53.49
0.99 2.06 0.57 0.36 48.17 45.00 50.61 52.62
1.00 2.10 0.57 0.32 48.15 44.91 50.62 53.01
1.09 2.25 0.61 0.41 47.77 44.62 50.28 52.02
1.01 2.11 0.57 0.34 48.12 44.90 50.59 52.87
1.13 2.35 0.61 0.42 47.62 44.43 50.27 51.92
1.14 2.38 0.63 0.40 47.58 44.36 50.16 52.17
1.25 2.57 0.69 0.48 47.18 44.04 49.75 51.29
1.15 2.39 0.66 0.41 47.51 44.35 49.93 51.99
1.24 2.55 0.69 0.48 47.19 44.07 49.72 51.28
1.19 2.51 0.66 0.41 47.37 44.13 49.96 52.03
1.40 2.93 0.77 0.49 46.67 43.46 49.25 51.20
1.32 2.77 0.74 0.45 46.92 43.70 49.41 51.62
1.30 2.75 0.72 0.44 46.99 43.74 49.57 51.73
1.47 3.09 0.80 0.51 46.47 43.23 49.09 51.11
1.46 3.14 0.79 0.46 46.49 43.17 49.17 51.55
1.44 3.07 0.81 0.45 46.55 43.26 49.08 51.64
1.63 3.48 0.89 0.52 46.01 42.71 48.63 50.97
1.48 3.19 0.82 0.44 46.42 43.10 49.01 51.68
1.62 3.42 0.92 0.51 46.05 42.79 48.51 51.04
1.65 3.58 0.90 0.48 45.95 42.59 48.58 51.36
1.84 3.96 0.97 0.59 45.48 42.15 48.25 50.45
1.78 3.86 0.96 0.52 45.63 42.27 48.31 50.98
2.01 4.32 1.12 0.59 45.10 41.78 47.66 50.42
1.89 4.08 1.05 0.54 45.37 42.02 47.92 50.84
2.23 4.80 1.25 0.64 44.65 41.32 47.15 50.07
2.00 4.34 1.08 0.57 45.13 41.76 47.81 50.55
2.27 4.88 1.24 0.71 44.56 41.25 47.19 49.64
2.00 4.36 1.06 0.58 45.12 41.74 47.87 50.51
2.16 4.59 1.18 0.71 44.79 41.51 47.40 49.63
2.03 4.34 1.11 0.66 45.05 41.76 47.70 49.93
1.98 4.18 1.12 0.65 45.16 41.92 47.64 50.02
1.81 3.79 1.03 0.61 45.56 42.35 48.01 50.27
1.58 3.23 0.91 0.60 46.15 43.04 48.52 50.38
1.56 3.06 0.94 0.69 46.19 43.27 48.38 49.78
1.43 2.76 0.86 0.68 46.57 43.73 48.80 49.82
1.37 2.62 0.83 0.67 46.76 43.96 48.93 49.89
1.39 2.62 0.85 0.69 46.72 43.95 48.85 49.74
1.56 2.92 0.94 0.82 46.21 43.48 48.41 48.98
1.53 2.88 0.91 0.81 46.28 43.54 48.55 49.07
1.49 2.78 0.91 0.77 46.40 43.69 48.55 49.25
1.54 2.91 0.94 0.79 46.25 43.50 48.43 49.16
1.78 3.37 1.04 0.95 45.61 42.86 47.96 48.34
1.70 3.18 1.03 0.89 45.83 43.10 48.02 48.66
1.60 2.96 0.98 0.86 46.09 43.41 48.22 48.80
1.46 2.75 0.87 0.75 46.49 43.74 48.72 49.37
1.66 3.13 0.96 0.90 45.92 43.18 48.29 48.58
1.41 2.68 0.83 0.73 46.64 43.87 48.97 49.48
1.54 2.95 0.89 0.80 46.25 43.44 48.66 49.13
1.52 2.92 0.89 0.75 46.32 43.49 48.65 49.37
1.67 3.19 0.96 0.84 45.92 43.09 48.32 48.88
1.48 2.79 0.89 0.75 46.45 43.68 48.64 49.42
1.62 3.08 0.95 0.83 46.04 43.24 48.37 48.95
1.61 3.11 0.94 0.76 46.08 43.20 48.41 49.30
1.79 3.42 1.05 0.90 45.62 42.81 47.92 48.61
1.66 3.20 0.97 0.82 45.94 43.10 48.27 49.03
1.83 3.59 1.03 0.87 45.51 42.58 48.02 48.72
1.79 3.51 1.03 0.84 45.60 42.69 48.01 48.88
2.01 3.91 1.18 0.93 45.12 42.22 47.43 48.46
1.97 3.94 1.13 0.84 45.19 42.18 47.60 48.90
2.11 4.15 1.23 0.96 44.89 41.95 47.24 48.33
2.13 4.28 1.24 0.88 44.84 41.83 47.19 48.70
2.32 4.57 1.37 1.03 44.47 41.53 46.77 48.01
2.17 4.30 1.29 0.90 44.79 41.82 47.03 48.59
2.53 5.09 1.45 1.06 44.09 41.07 46.50 47.88
2.46 4.79 1.49 1.10 44.22 41.34 46.39 47.72
2.78 5.50 1.63 1.22 43.69 40.73 46.01 47.28
2.11 4.00 1.29 1.05 44.89 42.11 47.04 47.91
2.15 4.10 1.29 1.06 44.81 42.01 47.02 47.87
1.88 3.61 1.09 0.94 45.39 42.56 47.76 48.40
1.77 3.34 1.08 0.88 45.66 42.90 47.81 48.68
1.43 2.71 0.86 0.70 46.60 43.81 48.77 49.68
1.18 2.16 0.74 0.64 47.42 44.79 49.47 50.06
1.01 1.76 0.68 0.58 48.11 45.67 49.83 50.50
1.01 1.78 0.66 0.59 48.10 45.63 49.96 50.44
1.00 1.76 0.67 0.56 48.15 45.69 49.86 50.65
1.05 1.84 0.71 0.61 47.91 45.48 49.64 50.28
1.04 1.80 0.72 0.61 47.95 45.57 49.55 50.32
1.20 2.11 0.82 0.67 47.34 44.89 48.98 49.87
1.07 1.88 0.74 0.60 47.83 45.39 49.45 50.34
1.07 1.81 0.72 0.67 47.86 45.55 49.59 49.89
1.06 1.80 0.74 0.65 47.88 45.58 49.47 50.02
1.13 1.88 0.77 0.75 47.60 45.40 49.28 49.43
1.13 1.91 0.79 0.69 47.60 45.32 49.16 49.75
1.25 2.12 0.85 0.79 47.15 44.87 48.86 49.13
1.16 1.98 0.79 0.70 47.50 45.17 49.16 49.67
1.28 2.11 0.88 0.85 47.06 44.89 48.67 48.86
1.18 1.97 0.83 0.74 47.42 45.19 48.95 49.45
1.25 2.06 0.87 0.81 47.17 44.99 48.73 49.04
1.27 2.14 0.89 0.80 47.08 44.84 48.62 49.12
1.38 2.27 0.95 0.92 46.73 44.57 48.36 48.50
1.29 2.13 0.92 0.84 47.02 44.85 48.52 48.91
1.47 2.40 1.08 0.94 46.45 44.32 47.81 48.41
1.39 2.28 1.00 0.90 46.69 44.55 48.12 48.60
1.59 2.57 1.11 1.10 46.12 44.04 47.69 47.72
1.61 2.64 1.19 1.00 46.06 43.92 47.38 48.13
1.74 2.83 1.29 1.12 45.72 43.62 47.04 47.67
1.65 2.63 1.22 1.10 45.96 43.94 47.27 47.73
1.95 3.16 1.46 1.24 45.23 43.14 46.50 47.21
1.79 2.93 1.28 1.15 45.60 43.46 47.04 47.52
1.83 2.90 1.32 1.28 45.50 43.51 46.93 47.05
1.90 3.01 1.39 1.30 45.35 43.35 46.71 47.00
2.06 3.35 1.46 1.36 45.00 42.88 46.50 46.79
1.96 3.22 1.34 1.31 45.22 43.06 46.85 46.96
1.68 2.91 1.11 1.02 45.88 43.49 47.70 48.04
1.58 2.78 1.02 0.91 46.16 43.68 48.03 48.52
1.35 2.48 0.93 0.63 46.84 44.19 48.46 50.11
0.98 1.87 0.72 0.34 48.22 45.41 49.53 52.77
0.60 1.29 0.39 0.14 50.31 47.04 52.24 56.62
0.59 1.29 0.37 0.12 50.39 47.03 52.43 57.28
0.60 1.29 0.40 0.12 50.33 47.04 52.14 57.11
0.60 1.30 0.39 0.12 50.31 46.98 52.28 57.08
0.63 1.36 0.41 0.14 50.10 46.80 52.04 56.48
0.62 1.35 0.39 0.13 50.19 46.84 52.21 56.93
0.65 1.40 0.41 0.13 50.02 46.67 52.01 56.92
0.65 1.39 0.42 0.13 50.05 46.70 51.98 57.08
0.70 1.50 0.44 0.14 49.71 46.37 51.66 56.66
0.69 1.51 0.44 0.13 49.72 46.33 51.67 57.03
0.68 1.44 0.44 0.15 49.82 46.54 51.68 56.39
0.70 1.53 0.44 0.13 49.69 46.29 51.66 57.09
0.75 1.64 0.45 0.15 49.37 45.98 51.53 56.23
0.76 1.61 0.49 0.16 49.35 46.05 51.22 56.09
0.74 1.63 0.46 0.15 49.41 46.01 51.54 56.37
0.79 1.70 0.50 0.16 49.17 45.83 51.13 55.96
0.77 1.65 0.51 0.16 49.25 45.96 51.05 56.13
0.82 1.74 0.53 0.17 49.00 45.71 50.84 55.65
0.79 1.69 0.52 0.18 49.13 45.87 50.97 55.58
0.89 1.95 0.54 0.20 48.60 45.23 50.78 55.14
0.90 1.99 0.55 0.18 48.55 45.16 50.70 55.48
0.89 1.94 0.54 0.18 48.66 45.24 50.83 55.65
0.94 2.09 0.56 0.18 48.39 44.94 50.67 55.51
0.93 2.08 0.54 0.18 48.44 44.96 50.77 55.71
1.03 2.27 0.61 0.21 48.00 44.56 50.29 54.96
1.04 2.31 0.60 0.20 47.97 44.50 50.37 55.03
1.09 2.42 0.63 0.22 47.75 44.29 50.11 54.74
1.07 2.36 0.63 0.21 47.85 44.40 50.17 54.92
1.14 2.51 0.66 0.23 47.58 44.13 49.92 54.46
1.14 2.47 0.70 0.23 47.57 44.20 49.65 54.50
1.23 2.72 0.73 0.24 47.22 43.78 49.49 54.27
1.34 2.95 0.80 0.27 46.86 43.44 49.11 53.80
1.35 3.00 0.77 0.27 46.83 43.36 49.27 53.74
1.27 2.82 0.72 0.26 47.09 43.62 49.55 54.00
1.25 2.79 0.71 0.27 47.14 43.68 49.63 53.74
1.18 2.65 0.63 0.26 47.41 43.90 50.12 53.97
1.13 2.54 0.60 0.25 47.61 44.09 50.35 54.20
1.01 2.28 0.56 0.21 48.05 44.55 50.64 54.87
0.99 2.26 0.50 0.21 48.17 44.59 51.11 54.88
0.94 2.15 0.49 0.19 48.38 44.81 51.26 55.21
1.03 2.33 0.53 0.23 48.00 44.47 50.89 54.38
0.79 1.81 0.38 0.18 49.17 45.57 52.41 55.41
0.71 1.61 0.33 0.19 49.59 46.05 52.87 55.25
0.75 1.69 0.38 0.19 49.35 45.85 52.31 55.28
0.81 1.83 0.38 0.22 49.04 45.51 52.29 54.68
0.81 1.83 0.38 0.22 49.06 45.50 52.36 54.75
