2.12 4.68 1.10 0.59 44.86 41.43 47.73 50.41
1.96 4.34 1.02 0.52 45.21 41.76 48.05 50.96
2.04 4.48 1.09 0.54 45.04 41.62 47.74 50.80
2.16 4.85 1.11 0.53 44.78 41.27 47.69 50.91
2.40 5.24 1.28 0.68 44.33 40.94 47.05 49.82
2.17 4.79 1.14 0.59 44.76 41.33 47.58 50.44
2.33 5.11 1.23 0.65 44.46 41.05 47.25 50.01
2.41 5.30 1.28 0.64 44.31 40.89 47.04 50.09
2.63 5.82 1.33 0.73 43.94 40.48 46.91 49.52
2.65 5.88 1.35 0.71 43.90 40.44 46.83 49.64
2.45 5.45 1.25 0.66 44.23 40.77 47.16 49.95
2.88 6.47 1.38 0.78 43.54 40.02 46.73 49.22
2.77 6.23 1.41 0.65 43.72 40.19 46.64 49.98
3.11 7.06 1.50 0.79 43.20 39.65 46.37 49.18
2.88 6.57 1.40 0.69 43.53 39.96 46.67 49.77
3.41 7.77 1.65 0.82 42.80 39.22 45.95 49.00
3.12 7.14 1.52 0.70 43.19 39.59 46.31 49.67
3.59 8.25 1.67 0.87 42.58 38.97 45.90 48.73
3.46 8.00 1.64 0.72 42.75 39.10 45.97 49.56
4.00 9.34 1.79 0.87 42.11 38.43 45.58 48.75
3.63 8.55 1.59 0.74 42.54 38.81 46.13 49.43
3.82 9.01 1.61 0.83 42.31 38.58 46.06 48.94
3.25 7.58 1.39 0.77 43.01 39.34 46.68 49.25
3.31 7.64 1.45 0.85 42.93 39.30 46.50 48.85
2.65 6.03 1.28 0.65 43.89 40.33 47.06 50.04
2.50 5.60 1.25 0.66 44.15 40.65 47.16 49.98
1.79 3.81 0.98 0.59 45.60 42.33 48.23 50.41
1.73 3.48 0.98 0.72 45.77 42.72 48.22 49.57
1.47 2.91 0.85 0.64 46.47 43.48 48.86 50.10
1.68 3.31 0.95 0.80 45.87 42.94 48.35 49.12
1.19 2.21 0.78 0.60 47.36 44.70 49.24 50.33
1.28 2.31 0.82 0.71 47.06 44.49 49.01 49.61
1.27 2.31 0.82 0.70 47.07 44.49 49.02 49.69
1.37 2.50 0.85 0.76 46.76 44.15 48.84 49.34
1.36 2.53 0.85 0.72 46.78 44.10 48.85 49.57
1.51 2.73 0.91 0.88 46.36 43.78 48.55 48.71
1.47 2.74 0.90 0.78 46.45 43.75 48.58 49.22
1.62 3.02 0.97 0.89 46.02 43.34 48.24 48.65
1.59 2.92 0.98 0.86 46.13 43.48 48.21 48.80
1.81 3.33 1.10 0.99 45.56 42.91 47.71 48.18
1.60 2.99 1.00 0.81 46.09 43.38 48.11 49.05
1.81 3.44 1.07 0.91 45.57 42.77 47.83 48.56
1.73 3.30 1.03 0.86 45.75 42.95 48.00 48.74
1.99 3.76 1.16 1.02 45.15 42.38 47.47 48.03
1.86 3.62 1.09 0.87 45.44 42.54 47.76 48.75
2.00 3.88 1.15 0.98 45.12 42.25 47.53 48.24
1.91 3.73 1.10 0.90 45.32 42.42 47.70 48.62
2.11 4.04 1.23 1.06 44.89 42.07 47.22 47.87
1.85 3.62 1.08 0.86 45.45 42.54 47.80 48.79
2.16 4.19 1.24 1.04 44.79 41.91 47.19 47.95
2.15 4.20 1.21 1.02 44.81 41.89 47.30 48.04
2.45 4.75 1.38 1.21 44.25 41.36 46.74 47.32
2.24 4.40 1.25 1.09 44.62 41.69 47.18 47.78
2.37 4.70 1.29 1.13 44.38 41.41 47.04 47.60
2.39 4.80 1.25 1.10 44.35 41.31 47.14 47.71
2.74 5.40 1.48 1.33 43.76 40.81 46.43 46.88
2.34 4.65 1.29 1.08 44.44 41.46 47.02 47.78
2.72 5.51 1.39 1.24 43.79 40.72 46.69 47.19
2.65 5.33 1.42 1.19 43.90 40.87 46.60 47.36
3.01 6.07 1.56 1.38 43.35 40.30 46.19 46.72
2.68 5.45 1.44 1.17 43.84 40.77 46.54 47.45
2.88 5.83 1.52 1.28 43.54 40.47 46.31 47.05
2.81 5.73 1.44 1.26 43.65 40.54 46.56 47.13
2.98 5.95 1.59 1.39 43.39 40.38 46.13 46.71
2.42 4.74 1.34 1.16 44.30 41.38 46.85 47.48
2.18 4.19 1.29 1.05 44.75 41.91 47.02 47.91
1.79 3.44 1.03 0.91 45.59 42.77 48.01 48.52
1.38 2.56 0.77 0.83 46.71 44.05 49.26 48.95
0.97 1.68 0.58 0.64 48.28 45.88 50.49 50.06
1.09 1.89 0.64 0.73 47.76 45.36 50.04 49.47
1.04 1.85 0.63 0.65 47.95 45.46 50.14 50.01
1.09 1.88 0.65 0.75 47.74 45.39 50.01 49.37
1.12 1.94 0.68 0.73 47.65 45.25 49.80 49.50
1.20 2.04 0.72 0.84 47.33 45.03 49.55 48.87
1.12 1.89 0.71 0.77 47.63 45.37 49.63 49.28
1.25 2.08 0.78 0.88 47.17 44.95 49.20 48.70
1.18 1.97 0.76 0.80 47.43 45.18 49.34 49.11
1.36 2.30 0.85 0.95 46.78 44.52 48.82 48.37
1.27 2.13 0.82 0.85 47.09 44.84 48.97 48.82
1.40 2.34 0.90 0.96 46.67 44.44 48.59 48.33
1.44 2.43 0.94 0.94 46.55 44.28 48.39 48.39
1.64 2.73 1.12 1.07 45.98 43.77 47.65 47.82
1.55 2.67 1.04 0.95 46.22 43.86 47.97 48.36
1.65 2.80 1.12 1.04 45.95 43.65 47.65 47.98
1.71 2.91 1.19 1.04 45.80 43.50 47.38 47.98
1.92 3.27 1.33 1.15 45.31 42.99 46.90 47.52
1.71 2.93 1.24 0.97 45.80 43.47 47.19 48.29
1.88 3.25 1.32 1.09 45.38 43.02 46.93 47.78
1.82 3.16 1.25 1.05 45.53 43.13 47.18 47.93
2.08 3.58 1.39 1.26 44.96 42.60 46.70 47.12
2.02 3.52 1.39 1.14 45.09 42.67 46.70 47.58
2.24 3.87 1.59 1.25 44.64 42.26 46.11 47.15
2.17 3.76 1.54 1.20 44.77 42.38 46.26 47.34
2.42 4.22 1.61 1.43 44.29 41.87 46.06 46.59
2.17 3.74 1.51 1.27 44.76 42.40 46.34 47.10
2.28 3.91 1.49 1.44 44.55 42.21 46.39 46.54
2.17 3.75 1.38 1.37 44.77 42.39 46.73 46.75
2.35 4.27 1.47 1.30 44.43 41.82 46.46 46.99
2.11 3.86 1.28 1.19 44.89 42.27 47.06 47.39
1.88 3.51 1.17 0.95 45.39 42.68 47.43 48.35
1.53 2.95 1.00 0.65 46.27 43.43 48.11 50.03
1.29 2.64 0.80 0.43 47.03 43.92 49.10 51.82
1.02 2.14 0.64 0.29 48.02 44.82 50.08 53.47
1.05 2.19 0.66 0.29 47.93 44.72 49.96 53.53
1.13 2.34 0.73 0.33 47.59 44.43 49.53 52.96
1.22 2.54 0.77 0.36 47.26 44.08 49.29 52.59
1.12 2.34 0.71 0.33 47.62 44.45 49.60 53.00
1.15 2.41 0.72 0.32 47.52 44.30 49.54 53.13
1.15 2.36 0.75 0.35 47.52 44.41 49.42 52.67
1.27 2.63 0.79 0.39 47.10 43.94 49.18 52.21
1.13 2.34 0.71 0.34 47.60 44.44 49.62 52.79
1.15 2.37 0.70 0.36 47.54 44.38 49.65 52.52
1.22 2.47 0.78 0.40 47.28 44.21 49.20 52.15
1.33 2.73 0.83 0.44 46.89 43.78 48.96 51.69
1.22 2.49 0.79 0.39 47.27 44.18 49.19 52.28
1.24 2.59 0.76 0.38 47.19 44.01 49.32 52.29
1.34 2.78 0.82 0.41 46.87 43.69 49.00 51.99
1.43 3.02 0.82 0.44 46.59 43.33 48.98 51.72
1.24 2.59 0.75 0.37 47.21 44.01 49.36 52.49
1.25 2.63 0.75 0.37 47.16 43.92 49.42 52.42
1.28 2.67 0.78 0.39 47.06 43.87 49.20 52.19
1.42 2.99 0.83 0.45 46.61 43.38 48.97 51.64
1.34 2.82 0.82 0.39 46.85 43.63 48.98 52.23
1.34 2.86 0.79 0.38 46.85 43.57 49.15 52.36
1.38 2.88 0.84 0.43 46.73 43.54 48.90 51.85
1.51 3.20 0.88 0.46 46.33 43.07 48.70 51.52
1.44 3.04 0.88 0.41 46.54 43.31 48.69 51.97
1.53 3.25 0.92 0.42 46.28 43.02 48.48 51.92
1.59 3.32 0.97 0.46 46.14 42.92 48.29 51.47
1.76 3.75 1.02 0.50 45.68 42.39 48.04 51.13
1.69 3.63 1.00 0.47 45.84 42.54 48.16 51.45
1.88 4.08 1.03 0.52 45.39 42.02 47.99 50.97
1.79 3.82 1.07 0.49 45.59 42.32 47.84 51.20
1.86 3.95 1.07 0.55 45.44 42.16 47.82 50.75
1.80 3.85 1.08 0.47 45.58 42.28 47.79 51.41
1.83 3.89 1.12 0.48 45.51 42.24 47.66 51.31
1.93 4.11 1.17 0.50 45.28 41.99 47.45 51.18
1.88 4.01 1.10 0.52 45.39 42.09 47.70 51.01
1.62 3.45 1.00 0.43 46.02 42.76 48.13 51.80
1.50 3.19 0.90 0.41 46.36 43.09 48.57 51.98
1.47 3.13 0.87 0.41 46.45 43.18 48.73 51.99
1.43 3.03 0.81 0.45 46.59 43.32 49.06 51.64
1.24 2.64 0.73 0.37 47.18 43.92 49.51 52.46
1.29 2.80 0.69 0.38 47.02 43.66 49.73 52.34
1.19 2.51 0.68 0.38 47.37 44.13 49.79 52.31
1.25 2.64 0.67 0.42 47.18 43.91 49.84 51.90
1.11 2.34 0.63 0.37 47.68 44.44 50.16 52.51
1.15 2.39 0.65 0.40 47.54 44.35 49.99 52.18
1.23 2.57 0.70 0.43 47.22 44.03 49.66 51.86
1.29 2.71 0.70 0.46 47.01 43.79 49.65 51.47
1.22 2.55 0.70 0.42 47.25 44.07 49.70 51.87
1.28 2.67 0.71 0.47 47.06 43.87 49.64 51.44
1.39 2.89 0.78 0.49 46.72 43.52 49.23 51.27
1.46 3.01 0.81 0.57 46.49 43.34 49.07 50.60
1.36 2.83 0.78 0.48 46.79 43.62 49.24 51.31
1.44 2.97 0.80 0.54 46.56 43.40 49.12 50.82
1.49 3.09 0.83 0.53 46.42 43.24 48.93 50.87
1.66 3.49 0.92 0.57 45.92 42.70 48.49 50.54
1.54 3.23 0.88 0.52 46.25 43.04 48.69 50.95
1.46 3.07 0.81 0.50 46.49 43.25 49.07 51.15
1.68 3.49 0.95 0.59 45.89 42.70 48.36 50.46
1.66 3.57 0.92 0.50 45.92 42.60 48.49 51.13
1.60 3.40 0.89 0.50 46.10 42.81 48.64 51.16
1.85 3.95 1.01 0.59 45.46 42.17 48.08 50.45
1.69 3.65 0.93 0.49 45.85 42.51 48.46 51.20
1.79 3.78 1.02 0.56 45.62 42.36 48.05 50.65
1.79 3.87 0.98 0.51 45.61 42.25 48.21 51.05
2.05 4.39 1.10 0.64 45.03 41.70 47.72 50.07
1.94 4.22 1.05 0.56 45.24 41.88 47.90 50.63
2.21 4.80 1.21 0.64 44.68 41.32 47.31 50.06
2.06 4.46 1.14 0.57 45.00 41.64 47.57 50.57
2.42 5.26 1.33 0.66 44.30 40.92 46.87 49.95
2.15 4.71 1.14 0.60 44.81 41.40 47.54 50.36
2.46 5.35 1.29 0.75 44.22 40.85 47.02 49.36
2.16 4.70 1.14 0.63 44.80 41.41 47.58 50.13
2.33 5.01 1.22 0.75 44.46 41.13 47.25 49.40
2.23 4.86 1.15 0.70 44.64 41.26 47.54 49.70
2.20 4.76 1.20 0.65 44.71 41.36 47.34 50.03
2.04 4.33 1.13 0.65 45.04 41.77 47.61 50.02
1.80 3.81 0.97 0.61 45.58 42.32 48.28 50.24
1.64 3.21 1.00 0.71 45.98 43.07 48.13 49.61
1.48 2.88 0.90 0.68 46.41 43.53 48.61 49.84
1.54 3.04 0.91 0.68 46.25 43.32 48.54 49.79
1.53 2.97 0.92 0.70 46.29 43.41 48.48 49.70
1.68 3.17 1.01 0.85 45.89 43.12 48.11 48.83
1.60 3.07 0.94 0.80 46.08 43.27 48.40 49.08
1.60 3.03 0.98 0.80 46.09 43.33 48.24 49.10
1.62 3.11 0.97 0.80 46.02 43.21 48.25 49.11
1.90 3.64 1.08 0.98 45.34 42.52 47.79 48.24
1.78 3.37 1.09 0.89 45.63 42.86 47.78 48.65
1.73 3.29 1.02 0.88 45.75 42.96 48.05 48.68
1.68 3.23 0.97 0.85 45.87 43.04 48.25 48.84
1.90 3.66 1.06 0.98 45.34 42.49 47.89 48.20
1.80 3.46 1.04 0.89 45.59 42.74 47.97 48.64
1.80 3.51 0.99 0.89 45.59 42.68 48.18 48.64
1.81 3.53 1.02 0.86 45.57 42.66 48.02 48.80
1.97 3.83 1.10 0.98 45.19 42.30 47.72 48.23
1.86 3.56 1.11 0.91 45.44 42.63 47.68 48.53
1.86 3.57 1.06 0.94 45.44 42.61 47.87 48.39
1.93 3.78 1.11 0.90 45.28 42.36 47.66 48.60
2.15 4.20 1.24 1.02 44.80 41.91 47.21 48.03
2.11 4.13 1.24 0.97 44.88 41.98 47.19 48.24
2.15 4.30 1.17 0.99 44.80 41.80 47.45 48.17
2.17 4.27 1.22 1.00 44.78 41.83 47.26 48.13
2.39 4.70 1.36 1.12 44.35 41.42 46.81 47.64
2.47 4.96 1.40 1.04 44.21 41.18 46.67 47.96
2.51 5.03 1.40 1.10 44.14 41.12 46.69 47.72
2.54 5.08 1.46 1.08 44.09 41.08 46.50 47.81
2.79 5.53 1.60 1.24 43.68 40.72 46.10 47.20
2.81 5.64 1.61 1.17 43.66 40.63 46.06 47.46
2.74 5.53 1.54 1.16 43.75 40.71 46.25 47.49
2.75 5.36 1.63 1.25 43.75 40.84 46.01 47.17
3.06 6.04 1.78 1.36 43.28 40.32 45.64 46.80
2.48 4.71 1.50 1.21 44.20 41.40 46.36 47.29
2.33 4.44 1.36 1.18 44.47 41.66 46.79 47.42
2.10 4.02 1.22 1.07 44.90 42.09 47.28 47.82
2.01 3.79 1.18 1.04 45.11 42.34 47.40 47.95
1.68 3.18 1.03 0.84 45.87 43.11 48.00 48.90
1.35 2.51 0.81 0.73 46.84 44.14 49.05 49.54
1.18 2.10 0.78 0.66 47.40 44.90 49.19 49.94
1.19 2.12 0.74 0.70 47.39 44.88 49.42 49.68
1.23 2.23 0.79 0.66 47.24 44.64 49.14 49.94
1.21 2.15 0.80 0.68 47.31 44.80 49.13 49.81
1.22 2.18 0.82 0.66 47.27 44.75 49.00 49.95
1.41 2.57 0.93 0.74 46.64 44.04 48.46 49.46
1.27 2.25 0.85 0.72 47.08 44.61 48.82 49.57
1.19 2.08 0.78 0.72 47.36 44.96 49.20 49.55
1.23 2.14 0.83 0.72 47.23 44.83 48.92 49.55
1.33 2.26 0.90 0.83 46.89 44.59 48.57 48.93
1.34 2.30 0.93 0.81 46.85 44.52 48.47 49.05
1.43 2.48 0.95 0.85 46.59 44.19 48.37 48.81
1.33 2.31 0.89 0.81 46.88 44.50 48.65 49.07
1.48 2.55 0.98 0.92 46.42 44.07 48.24 48.48
1.47 2.51 1.02 0.88 46.46 44.13 48.05 48.69
1.45 2.46 0.98 0.89 46.53 44.23 48.21 48.62
1.46 2.49 0.97 0.91 46.50 44.17 48.28 48.53
1.68 2.86 1.12 1.06 45.88 43.57 47.64 47.86
1.56 2.65 1.06 0.97 46.20 43.90 47.89 48.26
1.64 2.73 1.16 1.02 45.98 43.76 47.49 48.03
1.63 2.72 1.16 1.02 46.01 43.79 47.51 48.03
1.83 3.02 1.25 1.21 45.51 43.32 47.17 47.31
1.88 3.12 1.38 1.15 45.38 43.18 46.73 47.54
1.92 3.13 1.39 1.22 45.31 43.17 46.70 47.26
1.79 2.92 1.29 1.17 45.60 43.48 47.02 47.45
2.14 3.53 1.54 1.36 44.82 42.65 46.26 46.80
1.95 3.21 1.38 1.26 45.24 43.07 46.73 47.14
2.02 3.25 1.41 1.41 45.07 43.02 46.63 46.64
2.11 3.39 1.50 1.45 44.88 42.83 46.37 46.52
2.31 3.79 1.60 1.55 44.48 42.35 46.08 46.22
2.25 3.72 1.50 1.52 44.61 42.42 46.36 46.31
1.80 3.16 1.19 1.04 45.59 43.14 47.39 47.96
1.65 2.97 1.06 0.93 45.95 43.41 47.88 48.45
1.43 2.69 0.97 0.63 46.57 43.83 48.25 50.13
1.04 2.04 0.73 0.36 47.95 45.04 49.49 52.54
0.70 1.50 0.43 0.16 49.70 46.38 51.80 56.02
0.65 1.41 0.40 0.13 50.01 46.65 52.10 56.74
0.66 1.41 0.41 0.14 49.96 46.63 51.98 56.53
0.67 1.47 0.41 0.14 49.85 46.47 52.06 56.46
0.71 1.53 0.45 0.16 49.60 46.28 51.65 56.06
0.69 1.49 0.42 0.14 49.76 46.39 51.87 56.55
0.69 1.48 0.43 0.14 49.77 46.42 51.79 56.62
0.71 1.53 0.45 0.14 49.65 46.29 51.65 56.55
0.76 1.64 0.47 0.16 49.34 45.97 51.41 56.16
0.74 1.59 0.48 0.14 49.47 46.13 51.37 56.57
0.74 1.61 0.47 0.15 49.44 46.07 51.48 56.42
0.75 1.65 0.46 0.14 49.39 45.96 51.52 56.60
0.82 1.80 0.48 0.17 49.03 45.59 51.36 55.88
0.81 1.75 0.49 0.17 49.07 45.69 51.22 55.74
0.80 1.74 0.49 0.18 49.10 45.73 51.25 55.72
0.87 1.91 0.52 0.19 48.72 45.32 50.94 55.40
0.81 1.77 0.50 0.16 49.03 45.65 51.12 55.99
0.85 1.84 0.54 0.18 48.82 45.49 50.85 55.50
0.82 1.76 0.51 0.18 49.00 45.67 51.05 55.44
0.93 2.03 0.55 0.22 48.42 45.05 50.70 54.75
0.96 2.13 0.55 0.21 48.28 44.84 50.71 54.90
0.95 2.10 0.56 0.20 48.33 44.92 50.60 55.12
1.02 2.26 0.61 0.21 48.04 44.61 50.31 54.98
1.09 2.41 0.63 0.22 47.76 44.32 50.10 54.63
1.17 2.60 0.67 0.25 47.45 43.99 49.89 54.18
1.18 2.60 0.68 0.25 47.44 44.00 49.80 54.20
1.19 2.63 0.68 0.25 47.39 43.94 49.81 54.08
1.19 2.61 0.71 0.25 47.38 43.97 49.61 54.20
1.25 2.76 0.72 0.28 47.16 43.73 49.56 53.76
1.24 2.68 0.76 0.27 47.21 43.85 49.31 53.86
1.39 3.06 0.81 0.29 46.72 43.28 49.06 53.49
1.46 3.20 0.89 0.30 46.49 43.09 48.67 53.39
1.47 3.23 0.87 0.30 46.48 43.04 48.75 53.44
1.39 3.10 0.79 0.28 46.70 43.22 49.12 53.71
1.38 3.06 0.78 0.29 46.75 43.29 49.20 53.49
1.28 2.87 0.69 0.28 47.07 43.56 49.76 53.68
1.18 2.64 0.64 0.26 47.40 43.91 50.05 53.92
1.09 2.44 0.60 0.24 47.74 44.25 50.32 54.43
1.05 2.35 0.56 0.24 47.93 44.42 50.69 54.42
1.01 2.26 0.54 0.22 48.10 44.59 50.81 54.67
1.09 2.42 0.57 0.26 47.77 44.28 50.58 53.94
0.84 1.92 0.40 0.21 48.87 45.29 52.11 54.99
0.79 1.78 0.38 0.22 49.14 45.63 52.35 54.70
0.77 1.75 0.37 0.21 49.25 45.71 52.46 55.01
0.87 1.97 0.42 0.24 48.71 45.18 51.92 54.38
0.86 1.94 0.42 0.23 48.78 45.25 51.94 54.52
