2.12 4.68 1.10 0.59 44.86 41.43 47.73 50.41
1.96 4.34 1.02 0.52 45.21 41.76 48.05 50.96
2.04 4.48 1.09 0.54 45.04 41.62 47.74 50.80
2.16 4.85 1.11 0.53 44.78 41.27 47.69 50.91
2.40 5.24 1.28 0.68 44.33 40.94 47.05 49.82
2.17 4.79 1.14 0.59 44.76 41.33 47.58 50.42
2.33 5.11 1.23 0.65 44.46 41.05 47.25 50.01
2.41 5.30 1.28 0.64 44.32 40.89 47.04 50.09
2.65 5.87 1.33 0.73 43.91 40.44 46.88 49.48
2.64 5.87 1.35 0.70 43.91 40.44 46.83 49.66
2.44 5.43 1.25 0.65 44.25 40.78 47.17 50.01
2.88 6.48 1.38 0.78 43.54 40.02 46.72 49.22
2.74 6.16 1.41 0.65 43.75 40.24 46.62 49.96
3.13 7.05 1.53 0.79 43.19 39.65 46.28 49.17
2.86 6.51 1.41 0.67 43.56 39.99 46.63 49.87
3.42 7.76 1.68 0.82 42.79 39.23 45.88 49.01
3.16 7.23 1.54 0.71 43.14 39.54 46.26 49.65
3.61 8.29 1.70 0.85 42.56 38.95 45.82 48.84
3.48 8.06 1.68 0.70 42.72 39.07 45.89 49.68
4.01 9.31 1.83 0.88 42.10 38.44 45.51 48.68
3.62 8.53 1.61 0.74 42.54 38.82 46.07 49.42
3.82 8.99 1.64 0.80 42.31 38.59 45.98 49.06
3.27 7.61 1.44 0.76 42.99 39.31 46.56 49.31
3.33 7.67 1.47 0.86 42.90 39.28 46.46 48.79
2.66 6.01 1.30 0.66 43.89 40.34 46.99 49.96
2.52 5.59 1.30 0.68 44.11 40.66 46.99 49.78
1.80 3.82 0.96 0.60 45.59 42.30 48.29 50.35
1.72 3.49 0.98 0.71 45.76 42.70 48.23 49.63
1.45 2.94 0.81 0.61 46.51 43.45 49.06 50.25
1.68 3.32 0.93 0.78 45.89 42.92 48.45 49.18
1.19 2.22 0.77 0.60 47.35 44.66 49.28 50.39
1.24 2.24 0.82 0.68 47.19 44.64 49.00 49.82
1.26 2.29 0.80 0.69 47.13 44.54 49.10 49.73
1.35 2.47 0.84 0.74 46.82 44.20 48.87 49.41
1.35 2.53 0.84 0.70 46.82 44.11 48.88 49.69
1.47 2.64 0.90 0.86 46.47 43.92 48.60 48.78
1.46 2.71 0.89 0.77 46.49 43.80 48.62 49.28
1.60 2.95 0.98 0.88 46.07 43.42 48.20 48.67
1.59 2.93 1.01 0.85 46.11 43.47 48.08 48.88
1.78 3.23 1.14 0.97 45.62 43.03 47.58 48.24
1.58 2.91 1.00 0.81 46.15 43.49 48.11 49.04
1.78 3.36 1.08 0.89 45.63 42.86 47.79 48.62
1.72 3.22 1.06 0.89 45.76 43.06 47.85 48.63
1.94 3.63 1.17 1.01 45.25 42.53 47.43 48.05
1.85 3.59 1.10 0.87 45.46 42.58 47.73 48.75
1.95 3.74 1.13 0.97 45.23 42.40 47.58 48.27
1.87 3.63 1.10 0.88 45.42 42.54 47.71 48.69
2.08 3.93 1.22 1.08 44.95 42.18 47.25 47.82
1.83 3.55 1.07 0.87 45.50 42.62 47.84 48.74
2.12 4.06 1.25 1.04 44.87 42.04 47.17 47.96
2.12 4.15 1.20 1.00 44.88 41.95 47.34 48.13
2.38 4.58 1.37 1.19 44.36 41.53 46.75 47.37
2.20 4.33 1.22 1.06 44.70 41.76 47.27 47.88
2.35 4.65 1.28 1.11 44.42 41.45 47.05 47.66
2.37 4.77 1.24 1.09 44.39 41.35 47.19 47.74
2.66 5.21 1.44 1.32 43.89 40.96 46.53 46.93
2.32 4.59 1.26 1.11 44.48 41.51 47.12 47.70
2.69 5.45 1.38 1.25 43.83 40.77 46.73 47.18
2.64 5.30 1.42 1.19 43.92 40.89 46.62 47.38
2.96 5.97 1.55 1.36 43.41 40.37 46.22 46.78
2.68 5.42 1.46 1.16 43.85 40.79 46.49 47.49
2.87 5.81 1.50 1.31 43.55 40.49 46.37 46.98
2.76 5.63 1.41 1.24 43.72 40.62 46.64 47.19
2.92 5.84 1.56 1.37 43.47 40.47 46.20 46.75
2.41 4.75 1.33 1.16 44.31 41.36 46.89 47.51
2.13 4.10 1.25 1.03 44.85 42.00 47.16 48.01
1.77 3.39 1.01 0.91 45.66 42.84 48.10 48.53
1.36 2.47 0.76 0.84 46.81 44.20 49.33 48.91
0.96 1.65 0.57 0.66 48.32 45.97 50.55 49.95
1.05 1.79 0.62 0.73 47.93 45.60 50.20 49.50
1.00 1.74 0.61 0.64 48.14 45.72 50.29 50.06
1.07 1.80 0.64 0.78 47.84 45.59 50.09 49.24
1.09 1.86 0.67 0.72 47.76 45.43 49.83 49.52
1.17 1.94 0.70 0.85 47.47 45.24 49.66 48.83
1.09 1.82 0.68 0.75 47.77 45.53 49.77 49.38
1.21 2.01 0.76 0.87 47.29 45.10 49.33 48.72
1.16 1.93 0.75 0.79 47.49 45.27 49.37 49.14
1.32 2.20 0.82 0.94 46.92 44.70 48.97 48.40
1.25 2.09 0.81 0.86 47.16 44.94 49.07 48.77
1.38 2.30 0.87 0.97 46.74 44.52 48.71 48.28
1.39 2.36 0.91 0.92 46.68 44.40 48.53 48.50
1.60 2.62 1.09 1.08 46.10 43.95 47.75 47.80
1.53 2.60 1.03 0.96 46.29 43.98 48.01 48.32
1.61 2.69 1.12 1.03 46.06 43.84 47.65 48.01
1.67 2.82 1.17 1.02 45.91 43.63 47.46 48.05
1.87 3.16 1.31 1.14 45.41 43.13 46.95 47.55
1.66 2.82 1.22 0.94 45.94 43.64 47.28 48.40
1.85 3.13 1.32 1.09 45.47 43.18 46.92 47.75
1.78 3.02 1.27 1.05 45.63 43.34 47.10 47.90
2.02 3.43 1.38 1.25 45.08 42.77 46.74 47.18
1.97 3.41 1.39 1.11 45.19 42.80 46.71 47.67
2.23 3.82 1.59 1.27 44.65 42.31 46.11 47.08
2.14 3.68 1.53 1.21 44.83 42.48 46.30 47.30
2.39 4.15 1.60 1.41 44.36 41.96 46.10 46.63
2.15 3.70 1.49 1.26 44.80 42.45 46.39 47.13
2.26 3.84 1.49 1.45 44.60 42.29 46.41 46.52
2.15 3.70 1.40 1.36 44.80 42.45 46.67 46.80
2.31 4.20 1.46 1.30 44.48 41.90 46.49 47.01
2.10 3.82 1.28 1.18 44.92 42.31 47.06 47.40
1.86 3.45 1.16 0.96 45.45 42.75 47.48 48.32
1.51 2.89 1.00 0.64 46.34 43.53 48.10 50.09
1.27 2.59 0.79 0.42 47.10 44.00 49.14 51.92
1.03 2.13 0.65 0.30 48.02 44.86 50.02 53.32
1.02 2.13 0.65 0.28 48.04 44.84 50.02 53.64
1.07 2.22 0.68 0.30 47.85 44.67 49.80 53.36
1.20 2.49 0.76 0.36 47.33 44.17 49.35 52.58
1.16 2.39 0.74 0.35 47.49 44.35 49.44 52.66
1.12 2.34 0.71 0.32 47.63 44.44 49.63 53.11
1.08 2.20 0.69 0.33 47.82 44.71 49.74 52.89
1.25 2.58 0.77 0.39 47.17 44.01 49.27 52.22
1.18 2.42 0.74 0.37 47.42 44.29 49.44 52.42
1.13 2.32 0.70 0.36 47.61 44.48 49.67 52.53
1.14 2.31 0.74 0.37 47.58 44.51 49.47 52.44
1.33 2.74 0.81 0.44 46.90 43.75 49.06 51.72
1.26 2.58 0.82 0.40 47.11 44.02 48.99 52.09
1.23 2.56 0.75 0.38 47.23 44.05 49.37 52.30
1.25 2.60 0.77 0.39 47.17 43.99 49.29 52.25
1.38 2.90 0.80 0.43 46.74 43.50 49.11 51.75
1.27 2.63 0.80 0.39 47.08 43.94 49.13 52.16
1.25 2.61 0.75 0.38 47.18 43.97 49.38 52.34
1.23 2.56 0.76 0.37 47.24 44.05 49.35 52.48
1.43 2.99 0.84 0.46 46.58 43.38 48.88 51.53
1.39 2.91 0.85 0.43 46.69 43.50 48.85 51.86
1.32 2.81 0.79 0.38 46.91 43.64 49.18 52.37
1.32 2.74 0.80 0.40 46.94 43.75 49.07 52.16
1.49 3.17 0.86 0.45 46.39 43.12 48.80 51.56
1.48 3.11 0.89 0.44 46.42 43.21 48.62 51.67
1.49 3.19 0.89 0.40 46.39 43.09 48.65 52.09
1.49 3.13 0.91 0.42 46.41 43.18 48.54 51.87
1.74 3.72 1.00 0.50 45.73 42.42 48.12 51.19
1.74 3.72 1.04 0.48 45.71 42.43 47.98 51.32
1.81 3.92 1.02 0.50 45.55 42.20 48.05 51.10
1.69 3.61 1.00 0.47 45.85 42.56 48.13 51.43
1.82 3.89 1.03 0.53 45.54 42.23 48.00 50.91
1.84 3.95 1.09 0.49 45.48 42.17 47.75 51.25
1.78 3.79 1.08 0.47 45.63 42.35 47.80 51.39
1.82 3.88 1.11 0.46 45.54 42.24 47.67 51.53
1.85 3.97 1.09 0.50 45.45 42.14 47.76 51.11
1.67 3.54 1.03 0.44 45.90 42.64 48.01 51.67
1.45 3.09 0.87 0.39 46.52 43.23 48.75 52.20
1.40 2.99 0.83 0.38 46.67 43.37 48.95 52.33
1.40 2.97 0.80 0.43 46.67 43.40 49.10 51.77
1.30 2.73 0.77 0.39 47.00 43.76 49.26 52.23
1.27 2.74 0.68 0.38 47.10 43.75 49.81 52.32
1.13 2.39 0.65 0.36 47.59 44.35 50.01 52.57
1.22 2.57 0.66 0.42 47.28 44.03 49.93 51.89
1.16 2.43 0.65 0.40 47.48 44.27 49.99 52.11
1.13 2.37 0.63 0.39 47.59 44.38 50.10 52.20
1.16 2.42 0.67 0.41 47.47 44.31 49.89 51.97
1.28 2.66 0.71 0.48 47.05 43.88 49.60 51.35
1.27 2.62 0.73 0.45 47.11 43.95 49.52 51.61
1.25 2.59 0.69 0.46 47.17 43.99 49.72 51.55
1.30 2.73 0.73 0.45 46.98 43.77 49.51 51.57
1.45 3.00 0.80 0.55 46.52 43.37 49.13 50.72
1.40 2.90 0.80 0.50 46.67 43.50 49.13 51.13
1.38 2.84 0.77 0.53 46.73 43.60 49.26 50.90
1.33 2.76 0.75 0.48 46.90 43.73 49.39 51.34
1.57 3.27 0.87 0.55 46.19 42.99 48.73 50.70
1.47 3.08 0.83 0.51 46.46 43.26 48.94 51.09
1.42 2.97 0.78 0.49 46.63 43.41 49.20 51.25
1.60 3.35 0.90 0.56 46.09 42.89 48.59 50.66
1.62 3.48 0.89 0.50 46.04 42.73 48.66 51.18
1.55 3.30 0.86 0.48 46.24 42.95 48.79 51.32
1.78 3.80 0.97 0.56 45.65 42.34 48.28 50.68
1.62 3.48 0.89 0.49 46.04 42.72 48.63 51.27
1.76 3.72 1.00 0.56 45.69 42.44 48.14 50.67
1.74 3.77 0.95 0.52 45.72 42.37 48.37 50.99
1.98 4.25 1.06 0.64 45.16 41.85 47.88 50.10
1.89 4.11 1.02 0.55 45.37 42.00 48.08 50.72
2.14 4.61 1.17 0.63 44.83 41.50 47.43 50.12
1.97 4.27 1.09 0.56 45.18 41.83 47.78 50.62
2.32 5.01 1.30 0.66 44.48 41.14 47.00 49.95
2.08 4.53 1.11 0.60 44.95 41.57 47.66 50.37
2.38 5.14 1.27 0.74 44.36 41.03 47.09 49.43
2.09 4.55 1.10 0.60 44.94 41.55 47.70 50.32
2.26 4.84 1.21 0.73 44.59 41.29 47.28 49.48
2.14 4.62 1.12 0.68 44.83 41.49 47.63 49.78
2.10 4.48 1.16 0.65 44.92 41.62 47.48 50.01
1.93 4.10 1.07 0.62 45.27 42.00 47.84 50.18
1.70 3.54 0.95 0.61 45.83 42.64 48.35 50.29
1.60 3.12 0.96 0.71 46.10 43.19 48.31 49.61
1.45 2.81 0.87 0.67 46.52 43.65 48.74 49.84
1.45 2.79 0.87 0.68 46.54 43.68 48.74 49.83
1.43 2.73 0.88 0.69 46.57 43.78 48.68 49.73
1.59 2.99 0.96 0.83 46.10 43.37 48.30 48.95
1.55 2.93 0.92 0.80 46.22 43.46 48.47 49.08
1.52 2.85 0.93 0.78 46.31 43.58 48.43 49.20
1.57 2.97 0.95 0.78 46.18 43.40 48.35 49.20
1.84 3.48 1.07 0.96 45.49 42.72 47.86 48.29
1.72 3.22 1.06 0.88 45.77 43.05 47.88 48.69
1.66 3.11 1.00 0.87 45.94 43.21 48.13 48.75
1.57 2.99 0.93 0.81 46.16 43.39 48.46 49.05
1.80 3.42 1.03 0.95 45.59 42.80 48.01 48.37
1.63 3.10 0.96 0.83 46.03 43.25 48.33 48.93
1.67 3.22 0.95 0.85 45.91 43.06 48.38 48.85
1.68 3.24 0.98 0.83 45.88 43.04 48.24 48.94
1.82 3.52 1.03 0.92 45.54 42.68 48.01 48.52
1.67 3.16 0.99 0.85 45.94 43.16 48.18 48.88
1.73 3.31 1.00 0.89 45.75 42.94 48.14 48.62
1.77 3.42 1.05 0.85 45.66 42.80 47.93 48.87
1.98 3.81 1.17 0.97 45.17 42.34 47.46 48.28
1.91 3.69 1.13 0.91 45.34 42.49 47.62 48.57
1.99 3.91 1.11 0.93 45.16 42.22 47.67 48.44
1.98 3.88 1.14 0.93 45.18 42.26 47.58 48.45
2.21 4.33 1.28 1.04 44.69 41.78 47.08 48.00
2.23 4.44 1.29 0.95 44.68 41.68 47.06 48.37
2.33 4.60 1.34 1.03 44.47 41.51 46.88 47.99
2.34 4.66 1.37 1.00 44.44 41.46 46.77 48.14
2.53 4.97 1.48 1.13 44.12 41.18 46.43 47.62
2.51 4.98 1.50 1.06 44.16 41.19 46.39 47.90
2.63 5.27 1.50 1.12 43.93 40.91 46.38 47.64
2.64 5.16 1.59 1.18 43.91 41.01 46.11 47.43
2.94 5.80 1.73 1.31 43.44 40.50 45.76 46.98
2.32 4.38 1.42 1.15 44.50 41.73 46.64 47.54
2.26 4.29 1.35 1.13 44.60 41.81 46.84 47.60
2.01 3.84 1.17 1.01 45.11 42.29 47.46 48.09
1.90 3.61 1.13 0.97 45.35 42.56 47.61 48.30
1.58 2.97 0.97 0.78 46.17 43.41 48.27 49.24
1.25 2.31 0.78 0.67 47.15 44.50 49.22 49.86
1.10 1.94 0.74 0.63 47.71 45.25 49.44 50.16
1.10 1.95 0.70 0.65 47.73 45.24 49.69 50.03
1.10 1.97 0.72 0.61 47.72 45.19 49.58 50.27
1.12 1.98 0.73 0.65 47.64 45.17 49.49 49.98
1.12 1.97 0.76 0.65 47.63 45.20 49.34 50.04
1.33 2.39 0.88 0.71 46.91 44.35 48.70 49.61
1.19 2.09 0.80 0.69 47.37 44.95 49.10 49.75
1.13 1.94 0.76 0.69 47.61 45.25 49.34 49.77
1.14 1.94 0.80 0.68 47.57 45.26 49.13 49.79
1.23 2.06 0.83 0.79 47.25 45.00 48.94 49.16
1.22 2.08 0.83 0.74 47.27 44.95 48.91 49.43
1.30 2.22 0.88 0.80 47.00 44.67 48.71 49.10
1.23 2.12 0.83 0.75 47.23 44.87 48.94 49.39
1.35 2.28 0.92 0.87 46.81 44.57 48.50 48.73
1.31 2.19 0.92 0.83 46.96 44.74 48.50 48.95
1.34 2.23 0.92 0.87 46.87 44.66 48.48 48.75
1.37 2.32 0.94 0.86 46.76 44.47 48.41 48.80
1.52 2.54 1.01 0.99 46.33 44.09 48.07 48.17
1.44 2.39 1.00 0.92 46.57 44.36 48.13 48.50
1.56 2.58 1.11 0.99 46.20 44.02 47.67 48.18
1.50 2.49 1.06 0.96 46.37 44.18 47.88 48.33
1.71 2.80 1.17 1.17 45.80 43.67 47.46 47.46
1.78 2.94 1.30 1.09 45.65 43.46 47.02 47.78
1.85 3.02 1.34 1.18 45.46 43.33 46.85 47.43
1.73 2.77 1.25 1.16 45.77 43.71 47.16 47.51
2.07 3.37 1.51 1.33 44.98 42.86 46.34 46.91
1.89 3.09 1.35 1.23 45.38 43.24 46.84 47.25
1.92 3.05 1.35 1.37 45.30 43.29 46.82 46.78
2.01 3.21 1.43 1.39 45.10 43.07 46.57 46.70
2.20 3.58 1.54 1.49 44.71 42.60 46.27 46.41
2.13 3.50 1.43 1.45 44.86 42.71 46.57 46.53
1.73 3.01 1.14 1.04 45.74 43.34 47.57 47.95
1.60 2.85 1.04 0.91 46.09 43.58 47.95 48.54
1.38 2.57 0.93 0.65 46.72 44.02 48.45 50.02
1.00 1.94 0.72 0.35 48.12 45.25 49.58 52.69
0.64 1.36 0.40 0.17 50.04 46.78 52.08 55.91
0.62 1.34 0.37 0.14 50.23 46.88 52.41 56.66
0.64 1.35 0.40 0.15 50.10 46.82 52.07 56.39
0.62 1.32 0.39 0.15 50.21 46.93 52.21 56.44
0.66 1.42 0.42 0.16 49.90 46.60 51.95 56.08
0.65 1.40 0.40 0.14 50.01 46.66 52.11 56.52
0.67 1.43 0.42 0.14 49.90 46.59 51.86 56.50
0.68 1.46 0.43 0.14 49.83 46.50 51.79 56.63
0.71 1.54 0.44 0.16 49.60 46.26 51.66 56.17
0.72 1.54 0.46 0.14 49.61 46.26 51.55 56.65
0.71 1.52 0.45 0.16 49.63 46.30 51.64 56.24
0.73 1.59 0.45 0.15 49.51 46.12 51.61 56.52
0.79 1.73 0.47 0.16 49.16 45.75 51.39 55.98
0.78 1.67 0.49 0.17 49.21 45.89 51.22 55.76
0.77 1.68 0.46 0.16 49.26 45.87 51.45 55.93
0.83 1.79 0.52 0.18 48.92 45.60 50.94 55.44
0.78 1.68 0.49 0.17 49.21 45.88 51.19 55.92
0.83 1.76 0.54 0.19 48.94 45.68 50.81 55.32
0.82 1.74 0.53 0.19 48.99 45.72 50.91 55.36
0.93 2.00 0.56 0.21 48.47 45.12 50.68 54.81
0.92 2.03 0.55 0.19 48.47 45.06 50.71 55.31
0.91 2.01 0.54 0.18 48.53 45.10 50.82 55.49
0.95 2.09 0.58 0.19 48.34 44.93 50.50 55.35
0.94 2.07 0.57 0.18 48.39 44.97 50.60 55.46
1.06 2.34 0.63 0.22 47.87 44.44 50.16 54.84
1.04 2.29 0.61 0.21 47.98 44.54 50.27 54.90
1.09 2.41 0.63 0.23 47.75 44.31 50.09 54.59
1.07 2.34 0.65 0.21 47.85 44.45 50.02 54.86
1.15 2.51 0.68 0.25 47.53 44.13 49.80 54.16
1.15 2.50 0.71 0.25 47.53 44.16 49.64 54.26
1.25 2.74 0.76 0.26 47.15 43.75 49.36 53.94
1.36 2.99 0.80 0.29 46.79 43.38 49.10 53.49
1.37 3.02 0.80 0.29 46.76 43.34 49.09 53.42
1.29 2.85 0.75 0.26 47.03 43.58 49.38 53.94
1.28 2.82 0.73 0.28 47.06 43.62 49.51 53.59
1.21 2.69 0.66 0.28 47.30 43.83 49.92 53.74
1.14 2.53 0.62 0.25 47.58 44.08 50.23 54.05
1.04 2.34 0.56 0.22 47.96 44.44 50.65 54.67
1.00 2.26 0.52 0.22 48.13 44.59 50.96 54.69
0.96 2.17 0.49 0.22 48.31 44.75 51.20 54.83
1.04 2.35 0.52 0.25 47.96 44.42 50.94 54.16
0.81 1.85 0.37 0.20 49.06 45.46 52.44 55.03
0.74 1.66 0.35 0.21 49.44 45.93 52.67 54.98
0.74 1.68 0.35 0.20 49.41 45.87 52.73 55.11
0.82 1.84 0.38 0.23 49.01 45.46 52.35 54.61
0.83 1.88 0.39 0.22 48.95 45.39 52.26 54.75
