0.00 0.00 0.00 0.00 0.00 0.00 0.00 0.00
0.00 0.00 0.00 0.00 0.00 0.00 0.00 0.00
0.00 0.00 0.00 0.00 0.00 0.00 0.00 0.00
0.00 0.00 0.00 0.00 0.00 0.00 0.00 0.00
0.00 0.00 0.00 0.00 0.00 0.00 0.00 0.00
0.00 0.00 0.00 0.00 0.00 0.00 0.00 0.00
0.00 0.00 0.00 0.00 0.00 0.00 0.00 0.00
0.00 0.00 0.00 0.00 0.00 0.00 0.00 0.00
0.00 0.00 0.00 0.00 0.00 0.00 0.00 0.00
0.00 0.00 0.00 0.00 0.00 0.00 0.00 0.00
0.00 0.00 0.00 0.00 0.00 0.00 0.00 0.00
0.00 0.00 0.00 0.00 0.00 0.00 0.00 0.00
0.00 0.00 0.00 0.00 0.00 0.00 0.00 0.00
0.00 0.00 0.00 0.00 0.00 0.00 0.00 0.00
0.00 0.00 0.00 0.00 0.00 0.00 0.00 0.00
0.00 0.00 0.00 0.00 0.00 0.00 0.00 0.00
0.00 0.00 0.00 0.00 0.00 0.00 0.00 0.00
0.00 0.00 0.00 0.00 0.00 0.00 0.00 0.00
0.00 0.00 0.00 0.00 0.00 0.00 0.00 0.00
0.00 0.00 0.00 0.00 0.00 0.00 0.00 0.00
0.00 0.00 0.00 0.00 0.00 0.00 0.00 0.00
0.00 0.00 0.00 0.00 0.00 0.00 0.00 0.00
0.00 0.00 0.00 0.00 0.00 0.00 0.00 0.00
0.01 0.01 0.01 0.00 0.01 0.00 0.02 0.01
0.01 0.01 0.01 0.00 0.01 0.00 0.03 0.02
0.02 0.07 0.00 0.00 0.02 0.02 0.00 0.02
0.00 0.00 0.00 0.01 0.00 0.00 0.00 0.06
0.01 0.02 0.01 0.00 0.01 0.01 0.02 0.01
0.01 0.02 0.01 0.01 0.01 0.01 0.01 0.03
0.01 0.04 0.01 0.01 0.01 0.02 0.01 0.06
1.07 2.98 0.18 0.05 1.36 1.65 0.52 0.24
1.26 3.42 0.29 0.09 1.57 1.87 0.78 0.42
1.32 3.58 0.28 0.11 1.63 1.95 0.78 0.51
1.41 3.79 0.34 0.11 1.69 1.98 0.91 0.55
1.27 3.42 0.30 0.08 1.58 1.87 0.82 0.41
1.30 3.53 0.26 0.09 1.62 1.92 0.76 0.45
1.26 3.40 0.30 0.09 1.60 1.87 0.84 0.50
1.32 3.54 0.32 0.10 1.66 1.94 0.88 0.53
1.26 3.37 0.32 0.09 1.68 1.95 0.96 0.53
1.11 3.01 0.25 0.07 1.66 1.91 0.89 0.52
1.16 3.15 0.26 0.06 1.80 2.02 0.99 0.60
1.29 3.46 0.34 0.07 1.99 2.21 1.26 0.73
1.19 3.22 0.28 0.08 1.79 2.06 0.95 0.62
1.27 3.38 0.33 0.10 1.71 1.97 0.95 0.68
1.42 3.71 0.46 0.08 1.76 2.00 1.14 0.53
1.37 3.62 0.41 0.09 1.70 1.96 1.00 0.55
1.31 3.49 0.40 0.05 1.66 1.92 1.01 0.35
1.48 3.91 0.46 0.06 1.73 1.99 1.05 0.46
1.56 4.10 0.51 0.07 1.75 1.99 1.10 0.49
1.44 3.80 0.44 0.08 1.61 1.87 0.95 0.44
1.42 3.70 0.49 0.07 1.61 1.84 1.06 0.42
1.40 3.75 0.36 0.08 1.58 1.84 0.84 0.44
1.43 3.81 0.42 0.06 1.69 1.96 1.02 0.39
1.21 3.27 0.30 0.05 1.60 1.89 0.83 0.34
0.97 2.57 0.29 0.05 1.46 1.73 0.81 0.35
0.90 2.39 0.26 0.05 1.42 1.70 0.73 0.38
0.86 2.25 0.27 0.05 1.56 1.83 0.92 0.44
0.91 2.35 0.32 0.05 1.66 1.93 1.10 0.38
0.82 2.15 0.28 0.05 1.62 1.89 1.01 0.41
0.83 2.12 0.30 0.06 1.52 1.77 1.00 0.46
0.20 0.42 0.13 0.04 0.44 0.44 0.46 0.35
0.15 0.28 0.12 0.04 0.33 0.30 0.43 0.41
0.07 0.12 0.08 0.02 0.19 0.15 0.32 0.16
0.04 0.06 0.06 0.02 0.12 0.07 0.25 0.21
0.03 0.04 0.03 0.02 0.08 0.06 0.15 0.18
0.01 0.01 0.03 0.01 0.04 0.02 0.13 0.16
0.02 0.05 0.02 0.02 0.06 0.05 0.07 0.17
0.02 0.05 0.01 0.01 0.06 0.07 0.03 0.15
0.01 0.02 0.02 0.02 0.04 0.02 0.10 0.18
0.01 0.03 0.02 0.01 0.02 0.04 0.09 0.10
0.01 0.04 0.01 0.02 0.03 0.05 0.04 0.16
0.01 0.03 0.01 0.01 0.04 0.04 0.06 0.13
0.01 0.04 0.02 0.01 0.04 0.05 0.09 0.09
0.01 0.04 0.01 0.00 0.04 0.06 0.05 0.05
0.02 0.05 0.01 0.01 0.07 0.08 0.05 0.12
0.02 0.04 0.02 0.01 0.05 0.05 0.07 0.08
0.01 0.02 0.02 0.02 0.02 0.02 0.06 0.09
0.03 0.04 0.04 0.01 0.05 0.03 0.11 0.06
0.04 0.05 0.03 0.04 0.06 0.05 0.08 0.12
0.02 0.04 0.03 0.03 0.04 0.03 0.07 0.07
0.02 0.02 0.04 0.04 0.02 0.02 0.10 0.09
0.02 0.04 0.01 0.03 0.03 0.03 0.02 0.06
0.04 0.06 0.03 0.05 0.06 0.05 0.06 0.11
0.01 0.03 0.01 0.02 0.02 0.03 0.02 0.05
0.02 0.05 0.02 0.01 0.04 0.05 0.05 0.03
0.01 0.02 0.02 0.02 0.02 0.02 0.06 0.05
0.02 0.02 0.03 0.03 0.03 0.02 0.07 0.07
0.02 0.03 0.01 0.02 0.02 0.03 0.03 0.04
0.02 0.05 0.02 0.02 0.04 0.06 0.05 0.05
0.02 0.03 0.03 0.02 0.04 0.03 0.08 0.06
0.02 0.07 0.02 0.02 0.04 0.07 0.05 0.06
0.09 0.21 0.05 0.04 0.15 0.20 0.11 0.09
0.08 0.18 0.03 0.04 0.13 0.18 0.08 0.09
0.12 0.23 0.06 0.06 0.18 0.23 0.15 0.13
0.10 0.21 0.05 0.06 0.18 0.23 0.13 0.14
0.10 0.23 0.04 0.05 0.18 0.26 0.10 0.12
0.09 0.18 0.04 0.05 0.17 0.22 0.13 0.11
0.07 0.16 0.03 0.03 0.10 0.14 0.07 0.08
0.07 0.16 0.04 0.03 0.10 0.14 0.08 0.05
0.05 0.12 0.02 0.03 0.08 0.10 0.03 0.07
0.04 0.09 0.04 0.04 0.07 0.09 0.07 0.07
0.09 0.15 0.04 0.07 0.12 0.14 0.08 0.15
0.06 0.12 0.04 0.03 0.08 0.10 0.07 0.06
0.05 0.12 0.03 0.02 0.07 0.10 0.05 0.04
0.06 0.12 0.04 0.03 0.07 0.09 0.06 0.06
0.06 0.13 0.03 0.03 0.06 0.09 0.04 0.07
0.04 0.09 0.03 0.02 0.04 0.05 0.05 0.04
0.02 0.05 0.04 0.02 0.02 0.03 0.06 0.04
0.03 0.07 0.04 0.03 0.03 0.04 0.06 0.05
0.03 0.08 0.03 0.02 0.03 0.04 0.03 0.04
0.03 0.08 0.04 0.04 0.03 0.04 0.05 0.07
0.04 0.08 0.04 0.04 0.04 0.04 0.06 0.06
0.05 0.09 0.03 0.04 0.04 0.05 0.04 0.07
0.04 0.10 0.04 0.03 0.04 0.06 0.06 0.06
0.04 0.09 0.04 0.04 0.04 0.05 0.06 0.07
0.03 0.08 0.04 0.02 0.03 0.05 0.06 0.05
0.06 0.14 0.04 0.03 0.07 0.09 0.07 0.06
0.06 0.13 0.04 0.03 0.08 0.11 0.09 0.07
0.11 0.22 0.07 0.06 0.17 0.18 0.19 0.19
0.09 0.17 0.05 0.07 0.14 0.14 0.13 0.20
0.05 0.11 0.02 0.04 0.08 0.09 0.06 0.11
0.14 0.27 0.06 0.08 0.20 0.20 0.15 0.27
0.09 0.18 0.04 0.05 0.13 0.14 0.11 0.16
0.09 0.18 0.03 0.05 0.14 0.15 0.09 0.17
0.06 0.12 0.03 0.02 0.09 0.10 0.09 0.09
0.05 0.12 0.02 0.02 0.08 0.10 0.07 0.08
0.08 0.17 0.05 0.02 0.13 0.14 0.15 0.08
0.07 0.15 0.04 0.01 0.10 0.12 0.13 0.05
0.04 0.10 0.02 0.03 0.06 0.08 0.06 0.10
0.04 0.08 0.03 0.03 0.06 0.06 0.07 0.09
0.01 0.03 0.02 0.01 0.02 0.03 0.06 0.04
0.03 0.07 0.03 0.01 0.05 0.06 0.10 0.03
0.04 0.09 0.03 0.02 0.07 0.07 0.08 0.08
0.04 0.10 0.02 0.02 0.06 0.07 0.07 0.07
0.05 0.11 0.03 0.01 0.06 0.07 0.07 0.04
0.05 0.11 0.02 0.02 0.06 0.07 0.05 0.07
0.04 0.11 0.02 0.02 0.05 0.07 0.06 0.07
0.02 0.05 0.03 0.02 0.02 0.03 0.06 0.07
0.02 0.06 0.03 0.02 0.03 0.03 0.06 0.08
0.02 0.05 0.02 0.01 0.02 0.03 0.05 0.06
0.03 0.06 0.03 0.02 0.03 0.03 0.05 0.07
0.04 0.09 0.03 0.02 0.04 0.05 0.06 0.08
0.02 0.06 0.02 0.01 0.03 0.04 0.05 0.06
0.02 0.05 0.03 0.01 0.03 0.03 0.08 0.06
0.03 0.08 0.02 0.01 0.05 0.05 0.06 0.07
0.03 0.09 0.03 0.01 0.05 0.06 0.08 0.11
0.03 0.06 0.03 0.01 0.05 0.05 0.09 0.10
0.04 0.09 0.02 0.02 0.08 0.08 0.07 0.17
0.02 0.03 0.02 0.02 0.03 0.03 0.06 0.19
0.02 0.06 0.02 0.02 0.05 0.05 0.08 0.16
0.02 0.06 0.02 0.01 0.04 0.05 0.07 0.13
0.02 0.06 0.01 0.02 0.04 0.05 0.03 0.16
0.03 0.08 0.01 0.02 0.06 0.07 0.05 0.18
0.02 0.06 0.02 0.02 0.05 0.06 0.08 0.23
0.04 0.08 0.02 0.02 0.08 0.08 0.09 0.28
0.02 0.05 0.01 0.02 0.05 0.05 0.05 0.27
0.04 0.08 0.03 0.02 0.08 0.07 0.10 0.22
0.03 0.08 0.02 0.02 0.07 0.07 0.08 0.21
0.02 0.04 0.02 0.01 0.04 0.04 0.07 0.13
0.02 0.05 0.02 0.01 0.05 0.05 0.10 0.16
0.03 0.06 0.02 0.02 0.06 0.06 0.08 0.19
0.02 0.04 0.02 0.01 0.04 0.04 0.06 0.09
0.01 0.04 0.02 0.01 0.03 0.04 0.07 0.11
0.02 0.05 0.01 0.01 0.04 0.05 0.05 0.12
0.03 0.06 0.02 0.01 0.05 0.05 0.08 0.14
0.04 0.09 0.04 0.00 0.07 0.07 0.11 0.05
0.03 0.06 0.03 0.01 0.05 0.04 0.09 0.08
0.03 0.07 0.03 0.01 0.05 0.05 0.10 0.10
0.06 0.13 0.05 0.01 0.09 0.09 0.13 0.11
0.02 0.06 0.02 0.01 0.03 0.04 0.04 0.10
0.08 0.18 0.05 0.01 0.12 0.12 0.12 0.08
0.12 0.26 0.08 0.02 0.19 0.19 0.23 0.16
0.04 0.07 0.04 0.01 0.06 0.06 0.11 0.08
0.07 0.18 0.03 0.02 0.15 0.16 0.10 0.23
0.03 0.06 0.03 0.02 0.06 0.06 0.08 0.15
0.02 0.05 0.03 0.01 0.05 0.05 0.10 0.13
0.03 0.06 0.02 0.01 0.06 0.07 0.08 0.12
0.02 0.05 0.02 0.01 0.06 0.07 0.08 0.21
0.03 0.08 0.02 0.01 0.08 0.12 0.08 0.12
0.03 0.08 0.02 0.01 0.09 0.11 0.10 0.13
0.02 0.04 0.01 0.01 0.04 0.06 0.05 0.08
0.02 0.05 0.02 0.01 0.05 0.06 0.06 0.09
0.02 0.05 0.02 0.01 0.05 0.07 0.07 0.09
0.02 0.05 0.01 0.01 0.05 0.06 0.06 0.06
0.03 0.09 0.02 0.01 0.09 0.12 0.08 0.12
0.03 0.07 0.02 0.01 0.08 0.09 0.08 0.10
0.02 0.05 0.02 0.01 0.04 0.06 0.06 0.08
0.02 0.05 0.02 0.01 0.04 0.06 0.06 0.07
0.03 0.07 0.01 0.01 0.07 0.09 0.03 0.09
0.03 0.07 0.02 0.01 0.07 0.09 0.08 0.09
0.02 0.07 0.01 0.01 0.06 0.09 0.06 0.07
0.03 0.07 0.01 0.01 0.07 0.10 0.06 0.10
0.02 0.05 0.01 0.02 0.05 0.06 0.05 0.14
0.03 0.08 0.02 0.01 0.09 0.10 0.08 0.12
0.02 0.05 0.02 0.01 0.05 0.07 0.07 0.10
0.03 0.07 0.03 0.01 0.06 0.07 0.09 0.08
0.01 0.02 0.03 0.02 0.03 0.02 0.07 0.11
0.02 0.04 0.02 0.02 0.04 0.04 0.05 0.08
0.02 0.06 0.01 0.03 0.04 0.05 0.03 0.09
0.02 0.04 0.03 0.02 0.03 0.04 0.07 0.06
0.04 0.04 0.04 0.04 0.05 0.04 0.08 0.09
0.01 0.03 0.02 0.03 0.02 0.03 0.05 0.07
0.01 0.04 0.03 0.02 0.02 0.04 0.07 0.04
0.02 0.03 0.02 0.02 0.03 0.04 0.06 0.06
0.02 0.05 0.02 0.02 0.04 0.06 0.04 0.05
0.03 0.05 0.02 0.03 0.06 0.06 0.05 0.07
0.05 0.10 0.03 0.02 0.08 0.12 0.08 0.06
0.02 0.06 0.03 0.02 0.05 0.07 0.08 0.05
0.03 0.08 0.03 0.02 0.05 0.08 0.05 0.06
0.03 0.07 0.03 0.01 0.05 0.06 0.06 0.03
0.04 0.08 0.03 0.02 0.06 0.08 0.07 0.06
0.03 0.09 0.04 0.02 0.05 0.08 0.07 0.05
0.04 0.10 0.03 0.02 0.06 0.09 0.05 0.05
0.03 0.10 0.03 0.02 0.05 0.08 0.06 0.04
0.04 0.10 0.03 0.02 0.05 0.08 0.05 0.04
0.04 0.12 0.02 0.02 0.06 0.10 0.03 0.05
0.06 0.14 0.03 0.03 0.09 0.12 0.05 0.08
0.03 0.07 0.02 0.04 0.04 0.06 0.04 0.08
0.03 0.08 0.04 0.01 0.04 0.07 0.07 0.03
0.08 0.18 0.05 0.04 0.10 0.14 0.08 0.07
0.07 0.16 0.05 0.03 0.09 0.13 0.09 0.06
0.06 0.12 0.05 0.04 0.08 0.09 0.08 0.09
0.06 0.12 0.05 0.04 0.08 0.09 0.09 0.08
0.05 0.12 0.04 0.01 0.06 0.08 0.06 0.02
0.06 0.12 0.04 0.03 0.07 0.08 0.07 0.06
0.04 0.07 0.04 0.02 0.04 0.05 0.06 0.04
0.15 0.19 0.09 0.16 0.15 0.12 0.13 0.28
0.10 0.13 0.08 0.11 0.10 0.08 0.10 0.18
0.06 0.09 0.05 0.07 0.06 0.05 0.06 0.11
0.16 0.20 0.12 0.16 0.13 0.09 0.14 0.23
0.19 0.30 0.11 0.17 0.15 0.13 0.12 0.24
0.08 0.13 0.09 0.08 0.06 0.06 0.11 0.10
0.07 0.11 0.05 0.12 0.07 0.05 0.06 0.16
0.17 0.26 0.11 0.15 0.16 0.14 0.16 0.23
0.11 0.18 0.07 0.09 0.11 0.10 0.10 0.16
0.29 0.52 0.18 0.18 0.30 0.29 0.30 0.35
0.13 0.22 0.08 0.10 0.14 0.13 0.12 0.22
0.10 0.20 0.06 0.06 0.12 0.12 0.11 0.14
0.20 0.39 0.11 0.10 0.25 0.25 0.23 0.28
0.04 0.08 0.04 0.03 0.05 0.05 0.07 0.10
0.03 0.05 0.02 0.03 0.03 0.03 0.05 0.10
0.02 0.04 0.02 0.02 0.03 0.03 0.05 0.07
0.02 0.02 0.03 0.03 0.02 0.02 0.06 0.08
0.02 0.04 0.03 0.02 0.02 0.03 0.06 0.08
0.02 0.04 0.01 0.03 0.02 0.03 0.03 0.10
0.01 0.04 0.03 0.02 0.02 0.03 0.06 0.07
0.03 0.07 0.03 0.02 0.04 0.05 0.07 0.06
0.02 0.04 0.02 0.01 0.02 0.03 0.04 0.05
0.02 0.04 0.02 0.02 0.03 0.03 0.04 0.07
0.01 0.03 0.02 0.02 0.02 0.02 0.04 0.09
0.00 0.00 0.00 0.00 0.00 0.00 0.00 0.02
0.00 0.02 0.01 0.00 0.01 0.02 0.02 0.01
0.02 0.04 0.01 0.01 0.02 0.02 0.02 0.03
0.00 0.00 0.00 0.00 0.01 0.00 0.01 0.01
0.00 0.01 0.01 0.00 0.00 0.00 0.02 0.01
0.01 0.01 0.01 0.00 0.01 0.00 0.02 0.02
0.00 0.00 0.00 0.00 0.00 0.00 0.02 0.01
0.01 0.00 0.01 0.02 0.01 0.00 0.02 0.07
0.01 0.02 0.01 0.02 0.00 0.01 0.01 0.07
0.03 0.06 0.02 0.00 0.03 0.02 0.04 0.02
0.02 0.04 0.02 0.00 0.02 0.02 0.05 0.01
0.02 0.04 0.02 0.01 0.02 0.02 0.04 0.04
0.02 0.03 0.02 0.01 0.02 0.02 0.05 0.03
0.01 0.03 0.01 0.01 0.01 0.02 0.03 0.06
0.01 0.03 0.00 0.01 0.01 0.02 0.02 0.04
0.01 0.01 0.01 0.00 0.01 0.00 0.04 0.03
0.01 0.02 0.01 0.01 0.02 0.02 0.03 0.07
0.01 0.02 0.02 0.00 0.01 0.02 0.06 0.06
0.01 0.02 0.01 0.00 0.01 0.02 0.04 0.04
0.01 0.03 0.02 0.01 0.03 0.03 0.06 0.05
0.03 0.05 0.02 0.01 0.06 0.05 0.09 0.05
0.04 0.09 0.02 0.02 0.09 0.09 0.08 0.15
0.03 0.07 0.02 0.01 0.07 0.07 0.08 0.10
0.04 0.08 0.03 0.02 0.10 0.09 0.13 0.20
0.04 0.08 0.02 0.01 0.08 0.10 0.10 0.07
0.03 0.07 0.01 0.01 0.07 0.08 0.06 0.07
0.02 0.05 0.01 0.01 0.05 0.05 0.06 0.10
0.03 0.07 0.03 0.02 0.07 0.07 0.10 0.12
0.05 0.11 0.03 0.01 0.12 0.11 0.13 0.12
0.02 0.03 0.02 0.02 0.04 0.03 0.08 0.15
0.02 0.04 0.02 0.02 0.06 0.05 0.08 0.15
0.02 0.03 0.02 0.02 0.05 0.04 0.07 0.19
0.03 0.07 0.02 0.03 0.06 0.07 0.06 0.20
0.05 0.11 0.02 0.02 0.09 0.09 0.06 0.14
0.04 0.08 0.01 0.03 0.07 0.07 0.04 0.16
0.04 0.09 0.01 0.03 0.06 0.07 0.03 0.11
0.04 0.07 0.01 0.04 0.05 0.05 0.03 0.14
0.04 0.07 0.02 0.04 0.05 0.04 0.04 0.12
0.13 0.26 0.06 0.08 0.14 0.14 0.12 0.24
0.06 0.14 0.04 0.02 0.06 0.07 0.07 0.06
0.05 0.11 0.03 0.02 0.05 0.06 0.06 0.05
0.05 0.11 0.03 0.02 0.05 0.06 0.05 0.06
0.03 0.05 0.04 0.02 0.03 0.03 0.08 0.08
0.03 0.07 0.02 0.02 0.04 0.04 0.06 0.07
0.03 0.04 0.05 0.01 0.04 0.03 0.12 0.05
0.09 0.18 0.04 0.05 0.12 0.13 0.10 0.13
0.05 0.09 0.04 0.03 0.07 0.06 0.09 0.08
0.06 0.13 0.03 0.02 0.09 0.10 0.08 0.07
0.04 0.09 0.03 0.01 0.07 0.09 0.08 0.04
0.03 0.06 0.03 0.03 0.05 0.06 0.07 0.07
0.03 0.04 0.03 0.04 0.05 0.03 0.08 0.11
0.04 0.05 0.02 0.05 0.06 0.04 0.07 0.15
0.03 0.04 0.03 0.03 0.04 0.04 0.09 0.08
0.05 0.08 0.03 0.04 0.07 0.07 0.09 0.12
0.03 0.06 0.02 0.03 0.05 0.05 0.04 0.10
0.04 0.09 0.02 0.04 0.07 0.08 0.06 0.13
0.03 0.05 0.03 0.03 0.05 0.04 0.07 0.10
0.04 0.07 0.03 0.03 0.06 0.05 0.07 0.11
0.05 0.09 0.03 0.03 0.07 0.07 0.08 0.08
0.03 0.05 0.03 0.03 0.04 0.04 0.06 0.09
0.03 0.07 0.03 0.03 0.05 0.05 0.07 0.07
0.04 0.09 0.03 0.03 0.06 0.06 0.07 0.08
0.03 0.07 0.02 0.02 0.05 0.06 0.06 0.06
0.06 0.11 0.03 0.03 0.08 0.07 0.08 0.13
0.07 0.12 0.05 0.05 0.09 0.08 0.10 0.16
0.03 0.03 0.04 0.04 0.04 0.02 0.08 0.13
0.03 0.05 0.03 0.02 0.04 0.03 0.07 0.09
0.02 0.04 0.03 0.01 0.02 0.02 0.05 0.05
0.02 0.04 0.03 0.02 0.02 0.02 0.06 0.07
0.04 0.05 0.04 0.05 0.04 0.03 0.07 0.15
0.03 0.05 0.04 0.03 0.04 0.03 0.07 0.12
0.04 0.07 0.04 0.02 0.05 0.04 0.10 0.09
0.03 0.04 0.04 0.02 0.05 0.03 0.11 0.10
0.05 0.08 0.04 0.03 0.08 0.06 0.12 0.14
0.04 0.08 0.03 0.03 0.07 0.07 0.10 0.14
0.04 0.08 0.04 0.03 0.09 0.08 0.12 0.19
0.04 0.07 0.03 0.03 0.08 0.07 0.12 0.17
0.06 0.14 0.03 0.03 0.13 0.14 0.14 0.17
0.09 0.19 0.05 0.03 0.18 0.19 0.18 0.21
0.08 0.17 0.04 0.03 0.15 0.15 0.14 0.18
0.02 0.05 0.03 0.01 0.05 0.04 0.10 0.08
0.03 0.05 0.03 0.02 0.05 0.05 0.10 0.12
0.03 0.07 0.03 0.02 0.06 0.06 0.09 0.09
0.04 0.09 0.02 0.02 0.07 0.07 0.07 0.11
0.02 0.05 0.02 0.02 0.05 0.04 0.08 0.09
0.03 0.05 0.02 0.02 0.04 0.04 0.05 0.11
0.03 0.07 0.02 0.02 0.05 0.05 0.07 0.12
0.03 0.07 0.02 0.01 0.06 0.06 0.06 0.06
0.02 0.02 0.02 0.02 0.03 0.02 0.08 0.13
0.02 0.03 0.02 0.02 0.04 0.03 0.09 0.13
0.01 0.04 0.02 0.01 0.03 0.04 0.08 0.12
0.02 0.05 0.01 0.01 0.05 0.05 0.06 0.11
0.02 0.04 0.02 0.01 0.04 0.04 0.09 0.10
0.02 0.05 0.01 0.02 0.04 0.05 0.04 0.16
0.02 0.04 0.02 0.02 0.03 0.03 0.05 0.12
0.02 0.04 0.03 0.01 0.04 0.03 0.11 0.07
0.02 0.07 0.02 0.01 0.04 0.06 0.07 0.10
0.02 0.05 0.01 0.02 0.04 0.04 0.04 0.16
0.02 0.05 0.02 0.01 0.03 0.04 0.06 0.10
0.01 0.02 0.02 0.01 0.02 0.02 0.05 0.08
0.02 0.05 0.02 0.01 0.03 0.04 0.05 0.06
0.02 0.04 0.03 0.01 0.03 0.03 0.07 0.07
0.02 0.05 0.04 0.01 0.04 0.04 0.11 0.10
0.01 0.04 0.03 0.01 0.02 0.04 0.11 0.06
0.02 0.05 0.03 0.01 0.05 0.05 0.10 0.09
0.02 0.06 0.02 0.02 0.04 0.06 0.07 0.12
0.02 0.06 0.03 0.02 0.04 0.07 0.14 0.13
0.01 0.04 0.02 0.01 0.04 0.05 0.08 0.11
0.02 0.04 0.02 0.01 0.04 0.05 0.10 0.12
0.02 0.06 0.03 0.02 0.06 0.08 0.12 0.13
0.02 0.04 0.03 0.02 0.06 0.05 0.12 0.15
0.02 0.03 0.03 0.02 0.04 0.04 0.10 0.13
0.02 0.03 0.02 0.02 0.04 0.03 0.08 0.13
0.01 0.03 0.02 0.01 0.04 0.04 0.09 0.14
0.02 0.05 0.02 0.01 0.06 0.06 0.10 0.17
0.02 0.04 0.02 0.02 0.05 0.04 0.09 0.18
0.03 0.05 0.03 0.02 0.07 0.06 0.10 0.19
0.03 0.05 0.04 0.02 0.08 0.06 0.15 0.16
0.03 0.05 0.02 0.02 0.07 0.06 0.10 0.15
0.03 0.05 0.02 0.02 0.07 0.07 0.09 0.18
0.03 0.06 0.02 0.01 0.08 0.09 0.09 0.15
0.02 0.04 0.02 0.01 0.06 0.06 0.10 0.16
0.02 0.04 0.01 0.02 0.05 0.05 0.05 0.15
0.02 0.04 0.02 0.02 0.05 0.05 0.09 0.15
0.03 0.05 0.02 0.02 0.07 0.07 0.08 0.17
0.03 0.07 0.02 0.01 0.07 0.08 0.07 0.06
0.02 0.05 0.03 0.01 0.05 0.05 0.09 0.05
0.02 0.04 0.04 0.02 0.05 0.04 0.11 0.06
0.02 0.03 0.02 0.02 0.03 0.03 0.05 0.06
0.03 0.07 0.03 0.02 0.05 0.06 0.08 0.06
0.04 0.08 0.04 0.02 0.05 0.06 0.07 0.03
0.02 0.05 0.03 0.02 0.04 0.04 0.06 0.04
0.02 0.03 0.03 0.02 0.02 0.03 0.06 0.05
0.02 0.04 0.04 0.02 0.04 0.04 0.09 0.04
0.01 0.02 0.01 0.02 0.01 0.02 0.03 0.06
0.03 0.07 0.03 0.02 0.04 0.07 0.06 0.04
0.03 0.09 0.02 0.03 0.05 0.09 0.05 0.06
0.03 0.06 0.03 0.03 0.04 0.05 0.06 0.06
0.02 0.07 0.02 0.03 0.04 0.07 0.05 0.06
0.03 0.08 0.02 0.01 0.05 0.08 0.06 0.03
0.06 0.11 0.03 0.07 0.11 0.11 0.08 0.17
0.11 0.19 0.04 0.13 0.18 0.18 0.09 0.29
0.18 0.32 0.11 0.11 0.27 0.31 0.24 0.22
0.14 0.24 0.08 0.11 0.21 0.22 0.18 0.24
0.10 0.18 0.07 0.07 0.18 0.20 0.19 0.18
0.07 0.15 0.04 0.05 0.13 0.17 0.11 0.13
0.08 0.14 0.05 0.05 0.15 0.17 0.15 0.13
0.06 0.13 0.03 0.04 0.10 0.12 0.07 0.10
0.07 0.12 0.04 0.06 0.10 0.12 0.10 0.13
0.08 0.15 0.05 0.07 0.12 0.13 0.12 0.16
0.07 0.12 0.03 0.06 0.10 0.12 0.06 0.13
0.03 0.07 0.02 0.03 0.05 0.07 0.05 0.07
0.05 0.13 0.04 0.02 0.07 0.11 0.08 0.04
0.05 0.08 0.04 0.05 0.07 0.07 0.07 0.11
0.06 0.11 0.05 0.06 0.06 0.08 0.08 0.12
0.07 0.10 0.04 0.07 0.08 0.07 0.07 0.15
0.10 0.17 0.07 0.09 0.12 0.11 0.11 0.18
0.08 0.13 0.04 0.09 0.09 0.08 0.06 0.17
0.11 0.18 0.09 0.09 0.12 0.11 0.14 0.17
0.06 0.09 0.06 0.04 0.05 0.05 0.07 0.06
0.04 0.05 0.06 0.02 0.03 0.02 0.07 0.03
0.03 0.05 0.04 0.03 0.03 0.03 0.05 0.04
0.02 0.05 0.02 0.03 0.02 0.03 0.04 0.06
0.03 0.05 0.05 0.03 0.03 0.03 0.08 0.05
0.03 0.07 0.03 0.02 0.03 0.04 0.06 0.03
0.02 0.04 0.03 0.02 0.02 0.02 0.05 0.04
0.04 0.09 0.03 0.02 0.05 0.06 0.05 0.04
0.03 0.06 0.02 0.03 0.04 0.05 0.05 0.08
0.04 0.08 0.03 0.03 0.05 0.07 0.07 0.08
0.03 0.08 0.02 0.02 0.04 0.06 0.05 0.05
0.04 0.09 0.03 0.02 0.07 0.08 0.10 0.07
0.07 0.18 0.03 0.02 0.10 0.13 0.06 0.06
0.08 0.20 0.03 0.02 0.12 0.16 0.07 0.08
0.08 0.21 0.04 0.01 0.13 0.18 0.12 0.05
0.07 0.18 0.04 0.02 0.11 0.14 0.10 0.08
0.08 0.19 0.05 0.02 0.12 0.15 0.13 0.06
0.09 0.20 0.04 0.03 0.16 0.18 0.13 0.11
0.10 0.23 0.05 0.03 0.15 0.18 0.13 0.09
0.08 0.19 0.04 0.03 0.12 0.14 0.12 0.08
0.09 0.23 0.03 0.02 0.13 0.17 0.09 0.07
0.08 0.20 0.03 0.03 0.12 0.16 0.08 0.10
0.06 0.17 0.03 0.02 0.10 0.13 0.09 0.08
0.07 0.18 0.02 0.03 0.09 0.12 0.06 0.09
0.08 0.21 0.03 0.03 0.10 0.13 0.06 0.08
0.05 0.13 0.03 0.03 0.06 0.08 0.06 0.11
0.04 0.11 0.03 0.02 0.05 0.06 0.05 0.06
0.08 0.17 0.04 0.02 0.09 0.10 0.08 0.08
0.07 0.14 0.06 0.03 0.08 0.07 0.13 0.08
0.06 0.13 0.05 0.02 0.06 0.06 0.10 0.06
0.06 0.16 0.04 0.02 0.06 0.07 0.08 0.08
0.05 0.11 0.05 0.02 0.05 0.05 0.10 0.08
0.06 0.15 0.04 0.02 0.06 0.07 0.07 0.07
0.04 0.10 0.04 0.02 0.05 0.05 0.09 0.06
0.05 0.13 0.04 0.02 0.07 0.08 0.11 0.08
0.05 0.12 0.04 0.02 0.07 0.08 0.12 0.09
0.06 0.16 0.05 0.01 0.10 0.11 0.15 0.06
0.05 0.13 0.04 0.02 0.10 0.10 0.14 0.14
0.04 0.12 0.02 0.01 0.09 0.10 0.08 0.13
0.04 0.11 0.03 0.02 0.08 0.09 0.11 0.13
0.06 0.16 0.03 0.01 0.11 0.13 0.11 0.09
0.02 0.04 0.03 0.01 0.03 0.03 0.08 0.08
0.02 0.03 0.03 0.01 0.03 0.03 0.09 0.11
0.02 0.06 0.02 0.01 0.04 0.05 0.06 0.10
0.02 0.06 0.03 0.02 0.05 0.05 0.08 0.16
0.02 0.04 0.03 0.01 0.04 0.04 0.13 0.10
0.02 0.05 0.03 0.01 0.04 0.04 0.12 0.12
0.02 0.05 0.04 0.01 0.04 0.04 0.12 0.10
0.01 0.04 0.02 0.01 0.03 0.03 0.07 0.08
0.02 0.06 0.01 0.01 0.04 0.05 0.03 0.11
0.01 0.03 0.02 0.02 0.02 0.02 0.06 0.14
0.02 0.05 0.02 0.02 0.03 0.04 0.06 0.17
0.02 0.05 0.01 0.01 0.03 0.05 0.03 0.13
0.01 0.04 0.01 0.02 0.03 0.04 0.05 0.19
0.02 0.05 0.02 0.02 0.04 0.05 0.08 0.21
0.02 0.05 0.02 0.01 0.03 0.04 0.06 0.12
0.01 0.06 0.02 0.01 0.03 0.04 0.06 0.11
0.02 0.04 0.03 0.01 0.03 0.03 0.09 0.08
0.02 0.03 0.02 0.02 0.03 0.02 0.06 0.17
0.03 0.06 0.02 0.02 0.05 0.04 0.05 0.19
0.01 0.04 0.02 0.01 0.02 0.03 0.06 0.11
0.02 0.03 0.02 0.01 0.03 0.02 0.06 0.10
0.02 0.04 0.02 0.02 0.04 0.03 0.06 0.14
0.02 0.05 0.03 0.01 0.04 0.04 0.09 0.11
0.04 0.08 0.03 0.01 0.06 0.07 0.10 0.10
0.01 0.03 0.01 0.01 0.02 0.02 0.04 0.14
0.02 0.05 0.01 0.01 0.05 0.05 0.04 0.11
0.02 0.04 0.02 0.01 0.05 0.04 0.09 0.12
0.02 0.06 0.02 0.01 0.06 0.08 0.07 0.13
0.04 0.09 0.02 0.01 0.09 0.11 0.07 0.11
0.03 0.06 0.02 0.01 0.07 0.08 0.09 0.12
0.14 0.39 0.05 0.01 0.30 0.39 0.17 0.06
0.17 0.44 0.06 0.01 0.32 0.41 0.19 0.07
0.15 0.40 0.05 0.01 0.31 0.39 0.19 0.07
0.19 0.50 0.06 0.01 0.38 0.49 0.21 0.06
0.20 0.49 0.09 0.02 0.40 0.47 0.29 0.13
0.21 0.54 0.08 0.02 0.42 0.51 0.28 0.16
0.24 0.59 0.12 0.02 0.45 0.53 0.34 0.16
0.23 0.60 0.09 0.02 0.45 0.54 0.30 0.15
0.23 0.59 0.09 0.02 0.45 0.54 0.29 0.15
0.22 0.58 0.07 0.02 0.44 0.54 0.24 0.13
0.22 0.56 0.08 0.02 0.43 0.52 0.26 0.15
0.25 0.64 0.09 0.02 0.49 0.58 0.32 0.15
0.24 0.63 0.07 0.02 0.48 0.59 0.25 0.16
0.24 0.63 0.08 0.02 0.47 0.57 0.26 0.17
0.26 0.67 0.09 0.05 0.49 0.60 0.30 0.28
0.34 0.82 0.16 0.06 0.53 0.63 0.38 0.28
0.41 0.90 0.20 0.17 0.64 0.69 0.48 0.80
0.54 1.10 0.27 0.33 0.74 0.75 0.56 1.04
0.71 1.37 0.29 0.49 0.86 0.88 0.57 1.15
0.77 1.42 0.29 0.67 0.86 0.87 0.52 1.23
0.88 1.49 0.39 0.79 0.97 0.95 0.68 1.36
0.80 1.31 0.38 0.75 0.94 0.93 0.68 1.24
0.77 1.22 0.30 0.80 0.98 0.97 0.60 1.36
0.79 1.21 0.33 0.85 1.04 1.03 0.73 1.34
0.92 1.42 0.63 0.71 1.16 1.12 1.12 1.30
1.24 1.96 0.81 0.96 1.39 1.39 1.27 1.51
0.92 1.41 0.46 0.89 1.15 1.11 0.92 1.45
0.90 1.40 0.41 0.89 1.09 1.05 0.82 1.36
0.92 1.48 0.38 0.91 1.02 1.01 0.64 1.38
0.95 1.50 0.48 0.86 0.94 0.91 0.69 1.26
0.72 1.20 0.40 0.55 0.77 0.80 0.61 0.87
0.94 1.56 0.40 0.87 0.90 0.91 0.57 1.24
1.02 1.56 0.50 1.00 0.97 0.92 0.72 1.37
1.09 1.80 0.52 0.96 1.04 1.03 0.78 1.34
0.92 1.49 0.37 0.91 0.89 0.86 0.56 1.31
0.96 1.52 0.35 1.01 0.92 0.88 0.55 1.39
1.13 1.91 0.46 1.03 1.02 1.01 0.66 1.43
1.18 1.98 0.49 1.09 1.05 1.02 0.70 1.48
0.97 1.58 0.45 0.89 0.91 0.88 0.63 1.33
1.15 1.82 0.62 1.01 1.03 0.98 0.83 1.41
1.12 1.81 0.57 0.97 1.04 1.00 0.81 1.35
1.00 1.60 0.53 0.88 0.90 0.86 0.70 1.24
0.84 1.41 0.39 0.74 0.79 0.78 0.53 1.13
1.10 1.73 0.61 0.97 0.86 0.77 0.74 1.28
1.08 1.69 0.66 0.93 0.76 0.70 0.72 1.01
1.05 1.58 0.49 1.11 0.63 0.54 0.47 1.05
0.93 1.62 0.53 0.66 0.56 0.54 0.52 0.70
1.16 1.97 0.78 0.77 0.62 0.59 0.66 0.73
1.33 2.35 0.77 0.96 0.63 0.60 0.59 0.83
1.13 2.02 0.51 0.90 0.50 0.48 0.39 0.75
1.30 2.25 0.78 0.90 0.57 0.52 0.57 0.78
1.20 2.24 0.58 0.90 0.51 0.50 0.44 0.73
1.28 2.03 0.60 1.30 0.54 0.45 0.47 0.98
1.22 2.38 0.53 0.87 0.59 0.59 0.49 0.77
1.04 1.93 0.48 0.77 0.50 0.47 0.43 0.74
0.98 2.07 0.45 0.46 0.50 0.52 0.44 0.56
1.00 2.15 0.46 0.40 0.54 0.56 0.47 0.54
0.75 1.67 0.30 0.31 0.46 0.49 0.34 0.48
0.93 2.03 0.44 0.31 0.58 0.60 0.54 0.53
0.99 2.20 0.46 0.32 0.58 0.60 0.52 0.50
0.74 1.71 0.33 0.19 0.69 0.79 0.53 0.45
0.96 2.14 0.51 0.25 0.87 0.96 0.77 0.60
1.06 2.41 0.53 0.24 0.89 0.99 0.78 0.54
0.89 2.11 0.34 0.21 0.82 0.95 0.54 0.57
1.17 2.76 0.50 0.25 1.12 1.25 0.87 0.70
1.04 2.44 0.38 0.29 1.00 1.12 0.66 0.82
0.90 2.08 0.35 0.28 0.85 0.95 0.59 0.70
1.01 2.39 0.41 0.24 0.94 1.07 0.66 0.64
1.04 2.50 0.41 0.22 1.09 1.25 0.77 0.66
1.08 2.54 0.44 0.27 1.15 1.29 0.83 0.83
1.13 2.67 0.41 0.31 1.18 1.33 0.78 0.93
0.97 2.21 0.43 0.27 0.98 1.09 0.77 0.74
0.94 2.20 0.36 0.27 0.90 1.01 0.63 0.68
0.93 2.20 0.35 0.26 0.92 1.04 0.64 0.69
1.03 2.46 0.34 0.30 0.98 1.11 0.61 0.81
0.98 2.24 0.38 0.31 0.88 0.95 0.64 0.83
1.13 2.59 0.44 0.37 1.04 1.12 0.76 0.95
1.13 2.60 0.45 0.34 0.97 1.04 0.73 0.88
1.02 2.33 0.37 0.36 0.82 0.86 0.59 0.91
0.93 2.07 0.35 0.35 0.74 0.76 0.56 0.93
0.87 1.96 0.36 0.31 0.80 0.83 0.62 0.92
0.79 1.67 0.32 0.37 0.79 0.79 0.62 1.14
0.40 0.90 0.16 0.14 0.47 0.49 0.37 0.57
0.20 0.44 0.10 0.08 0.28 0.28 0.26 0.40
0.12 0.28 0.07 0.03 0.19 0.20 0.20 0.16
0.02 0.04 0.04 0.01 0.04 0.03 0.12 0.10
0.01 0.03 0.03 0.01 0.02 0.03 0.11 0.08
0.02 0.04 0.03 0.01 0.04 0.04 0.11 0.09
0.02 0.05 0.03 0.01 0.05 0.04 0.12 0.09
0.02 0.04 0.03 0.01 0.04 0.04 0.10 0.09
0.02 0.04 0.02 0.01 0.04 0.04 0.08 0.07
0.03 0.07 0.02 0.01 0.06 0.06 0.08 0.06
0.03 0.06 0.03 0.01 0.06 0.06 0.11 0.08
0.01 0.04 0.02 0.01 0.04 0.05 0.07 0.12
0.02 0.05 0.02 0.01 0.05 0.06 0.07 0.09
0.02 0.05 0.02 0.01 0.04 0.06 0.07 0.10
0.02 0.04 0.02 0.01 0.03 0.04 0.06 0.10
0.01 0.04 0.02 0.01 0.03 0.04 0.06 0.09
0.02 0.05 0.02 0.01 0.04 0.05 0.08 0.09
0.02 0.04 0.01 0.01 0.04 0.04 0.05 0.11
0.01 0.03 0.01 0.01 0.02 0.03 0.06 0.07
0.01 0.02 0.02 0.01 0.02 0.02 0.07 0.08
0.01 0.03 0.01 0.01 0.03 0.03 0.05 0.07
0.03 0.07 0.02 0.01 0.05 0.06 0.07 0.07
0.03 0.07 0.03 0.02 0.06 0.06 0.10 0.08
0.02 0.06 0.03 0.01 0.04 0.04 0.07 0.04
0.02 0.06 0.03 0.02 0.03 0.04 0.07 0.06
0.02 0.06 0.02 0.01 0.03 0.03 0.05 0.04
0.02 0.06 0.04 0.01 0.02 0.03 0.07 0.03
0.02 0.05 0.01 0.02 0.01 0.02 0.03 0.06
0.02 0.05 0.03 0.02 0.01 0.02 0.05 0.06
0.02 0.03 0.04 0.02 0.02 0.02 0.08 0.06
0.02 0.04 0.03 0.02 0.02 0.02 0.05 0.06
0.02 0.08 0.01 0.02 0.03 0.04 0.03 0.08
0.02 0.06 0.02 0.02 0.03 0.04 0.04 0.06
0.01 0.05 0.03 0.02 0.02 0.03 0.05 0.05
0.02 0.05 0.01 0.02 0.03 0.04 0.03 0.05
0.02 0.04 0.02 0.03 0.03 0.03 0.06 0.09
0.03 0.05 0.02 0.02 0.05 0.05 0.06 0.08
0.05 0.09 0.05 0.04 0.09 0.08 0.12 0.10
0.04 0.06 0.02 0.04 0.07 0.06 0.07 0.15
0.08 0.12 0.05 0.09 0.14 0.11 0.14 0.29
0.10 0.16 0.06 0.10 0.17 0.14 0.15 0.34
0.07 0.09 0.06 0.06 0.12 0.08 0.18 0.24
0.05 0.08 0.04 0.05 0.09 0.07 0.14 0.17
0.05 0.06 0.04 0.04 0.08 0.05 0.12 0.15
0.04 0.05 0.05 0.03 0.06 0.04 0.14 0.09
0.04 0.06 0.05 0.03 0.06 0.05 0.12 0.09
0.04 0.07 0.04 0.03 0.06 0.05 0.10 0.08
0.05 0.07 0.05 0.03 0.06 0.05 0.12 0.09
0.03 0.06 0.02 0.05 0.04 0.04 0.06 0.12
0.06 0.11 0.03 0.04 0.08 0.08 0.07 0.11
0.03 0.06 0.02 0.02 0.04 0.04 0.06 0.08
0.03 0.05 0.03 0.02 0.04 0.04 0.06 0.08
0.03 0.06 0.03 0.02 0.04 0.04 0.06 0.09
0.03 0.06 0.03 0.04 0.04 0.04 0.06 0.13
0.02 0.04 0.03 0.02 0.03 0.03 0.06 0.08
0.01 0.04 0.02 0.02 0.02 0.02 0.05 0.07
0.03 0.05 0.03 0.02 0.03 0.02 0.06 0.09
0.03 0.04 0.04 0.03 0.03 0.02 0.07 0.10
0.02 0.06 0.03 0.01 0.03 0.03 0.05 0.04
0.03 0.06 0.03 0.03 0.03 0.03 0.06 0.10
0.03 0.06 0.02 0.04 0.05 0.04 0.06 0.16
0.03 0.04 0.03 0.03 0.04 0.03 0.09 0.16
0.02 0.03 0.02 0.03 0.04 0.02 0.07 0.16
0.02 0.04 0.03 0.03 0.04 0.03 0.09 0.22
0.03 0.05 0.03 0.03 0.06 0.05 0.11 0.22
0.02 0.03 0.04 0.03 0.04 0.03 0.12 0.18
0.03 0.07 0.03 0.03 0.07 0.07 0.11 0.17
0.04 0.07 0.03 0.03 0.06 0.06 0.11 0.15
0.02 0.05 0.03 0.02 0.05 0.05 0.10 0.13
0.02 0.05 0.03 0.02 0.04 0.04 0.11 0.10
0.02 0.04 0.03 0.02 0.03 0.04 0.08 0.09
0.02 0.05 0.02 0.02 0.04 0.04 0.08 0.08
0.01 0.03 0.02 0.02 0.02 0.02 0.06 0.09
0.02 0.04 0.02 0.01 0.03 0.03 0.07 0.06
0.02 0.04 0.02 0.02 0.04 0.04 0.06 0.10
0.03 0.06 0.03 0.02 0.05 0.05 0.10 0.10
0.02 0.03 0.03 0.02 0.04 0.02 0.09 0.15
0.02 0.05 0.02 0.02 0.04 0.04 0.09 0.13
0.02 0.04 0.02 0.01 0.04 0.04 0.11 0.17
0.02 0.05 0.01 0.02 0.05 0.05 0.08 0.19
0.02 0.04 0.02 0.01 0.05 0.04 0.09 0.15
0.02 0.04 0.02 0.01 0.04 0.04 0.07 0.12
0.02 0.06 0.01 0.01 0.05 0.05 0.04 0.09
0.01 0.04 0.02 0.01 0.02 0.04 0.07 0.10
0.02 0.05 0.02 0.01 0.04 0.05 0.06 0.07
0.02 0.06 0.02 0.01 0.04 0.05 0.05 0.08
0.03 0.07 0.02 0.02 0.05 0.05 0.05 0.14
0.02 0.04 0.02 0.02 0.03 0.03 0.06 0.11
0.02 0.06 0.01 0.02 0.04 0.04 0.03 0.10
0.01 0.03 0.01 0.01 0.02 0.03 0.03 0.08
0.01 0.03 0.02 0.02 0.02 0.02 0.05 0.09
0.02 0.05 0.02 0.01 0.04 0.04 0.06 0.06
0.02 0.05 0.01 0.02 0.04 0.05 0.03 0.11
0.02 0.05 0.01 0.01 0.04 0.05 0.03 0.09
0.03 0.06 0.01 0.02 0.05 0.07 0.05 0.13
0.02 0.06 0.01 0.01 0.05 0.07 0.05 0.10
0.02 0.05 0.01 0.01 0.05 0.07 0.05 0.12
0.02 0.05 0.02 0.01 0.05 0.06 0.06 0.10
0.03 0.08 0.01 0.01 0.08 0.10 0.04 0.12
0.05 0.14 0.02 0.01 0.12 0.15 0.08 0.09
0.05 0.14 0.02 0.01 0.13 0.16 0.09 0.11
0.05 0.13 0.01 0.01 0.12 0.17 0.05 0.16
0.05 0.13 0.02 0.01 0.14 0.18 0.08 0.10
0.03 0.08 0.02 0.01 0.08 0.10 0.08 0.11
0.05 0.13 0.02 0.01 0.12 0.15 0.08 0.09
0.03 0.11 0.01 0.01 0.09 0.13 0.05 0.13
0.04 0.10 0.03 0.01 0.11 0.14 0.12 0.11
0.03 0.09 0.02 0.01 0.08 0.11 0.07 0.10
0.04 0.12 0.01 0.01 0.12 0.16 0.06 0.08
0.03 0.11 0.01 0.01 0.10 0.14 0.07 0.09
0.03 0.09 0.02 0.01 0.08 0.12 0.08 0.10
0.03 0.09 0.01 0.01 0.08 0.12 0.06 0.07
0.04 0.10 0.03 0.01 0.11 0.14 0.11 0.11
0.04 0.09 0.03 0.02 0.08 0.09 0.12 0.14
0.02 0.05 0.04 0.01 0.05 0.05 0.11 0.07
0.02 0.03 0.02 0.01 0.03 0.03 0.07 0.06
0.03 0.06 0.02 0.02 0.05 0.06 0.06 0.06
0.03 0.07 0.03 0.02 0.05 0.06 0.07 0.06
0.03 0.09 0.02 0.02 0.04 0.07 0.05 0.05
0.04 0.09 0.03 0.02 0.05 0.08 0.07 0.04
0.03 0.08 0.02 0.01 0.04 0.07 0.04 0.02
0.03 0.05 0.03 0.02 0.04 0.05 0.06 0.04
0.02 0.07 0.02 0.02 0.04 0.06 0.04 0.04
0.03 0.10 0.02 0.01 0.05 0.10 0.03 0.03
0.03 0.08 0.02 0.02 0.05 0.08 0.05 0.05
0.04 0.08 0.03 0.03 0.06 0.08 0.07 0.07
0.03 0.06 0.03 0.04 0.05 0.07 0.07 0.10
0.04 0.09 0.03 0.02 0.07 0.10 0.08 0.04
0.03 0.07 0.02 0.01 0.05 0.08 0.06 0.03
0.10 0.22 0.05 0.04 0.17 0.22 0.13 0.10
0.08 0.18 0.04 0.04 0.13 0.19 0.09 0.08
0.16 0.35 0.09 0.06 0.26 0.35 0.20 0.13
0.14 0.28 0.08 0.06 0.26 0.33 0.24 0.15
0.13 0.27 0.05 0.06 0.25 0.33 0.15 0.16
0.16 0.30 0.08 0.11 0.31 0.37 0.24 0.28
0.11 0.24 0.06 0.05 0.17 0.23 0.13 0.11
0.12 0.22 0.06 0.07 0.17 0.20 0.14 0.16
0.07 0.15 0.03 0.04 0.09 0.14 0.05 0.08
0.06 0.13 0.03 0.04 0.09 0.12 0.07 0.08
0.06 0.16 0.02 0.02 0.09 0.15 0.05 0.05
0.05 0.13 0.04 0.02 0.08 0.11 0.08 0.05
0.07 0.16 0.03 0.03 0.09 0.13 0.05 0.08
0.05 0.16 0.02 0.03 0.06 0.12 0.04 0.07
0.07 0.16 0.04 0.04 0.08 0.11 0.07 0.07
0.06 0.14 0.03 0.02 0.07 0.09 0.05 0.05
0.05 0.12 0.04 0.02 0.06 0.08 0.06 0.04
0.03 0.07 0.02 0.02 0.03 0.04 0.04 0.03
0.03 0.08 0.03 0.01 0.03 0.05 0.05 0.02
0.02 0.05 0.04 0.02 0.02 0.03 0.05 0.03
0.03 0.09 0.03 0.04 0.02 0.04 0.04 0.05
0.04 0.06 0.04 0.03 0.03 0.03 0.05 0.05
0.04 0.11 0.03 0.03 0.04 0.06 0.04 0.05
0.06 0.14 0.03 0.03 0.06 0.08 0.05 0.04
0.06 0.13 0.04 0.03 0.07 0.09 0.07 0.07
0.06 0.13 0.03 0.02 0.07 0.09 0.07 0.04
0.04 0.09 0.02 0.03 0.06 0.07 0.05 0.07
0.04 0.10 0.03 0.01 0.06 0.08 0.07 0.03
0.08 0.18 0.02 0.04 0.12 0.15 0.07 0.12
0.15 0.31 0.07 0.08 0.25 0.27 0.20 0.25
0.16 0.28 0.10 0.09 0.23 0.22 0.26 0.27
0.09 0.14 0.08 0.05 0.14 0.11 0.22 0.18
0.03 0.05 0.04 0.02 0.05 0.04 0.11 0.09
0.03 0.05 0.04 0.02 0.05 0.04 0.13 0.08
0.03 0.05 0.03 0.01 0.05 0.05 0.08 0.04
0.02 0.05 0.02 0.02 0.04 0.05 0.06 0.07
0.01 0.04 0.02 0.01 0.02 0.04 0.05 0.02
0.01 0.05 0.02 0.01 0.03 0.04 0.08 0.05
0.03 0.04 0.03 0.02 0.05 0.04 0.09 0.08
0.01 0.03 0.01 0.03 0.02 0.03 0.03 0.12
0.01 0.03 0.01 0.01 0.02 0.03 0.05 0.06
0.02 0.05 0.02 0.01 0.02 0.03 0.07 0.05
0.02 0.05 0.03 0.02 0.03 0.03 0.08 0.06
0.02 0.04 0.02 0.02 0.02 0.02 0.05 0.06
0.03 0.08 0.02 0.02 0.04 0.05 0.06 0.07
0.01 0.04 0.02 0.01 0.02 0.03 0.05 0.05
0.01 0.03 0.02 0.02 0.01 0.02 0.05 0.06
0.03 0.09 0.02 0.01 0.04 0.05 0.05 0.05
0.02 0.05 0.02 0.01 0.02 0.03 0.03 0.03
0.03 0.06 0.02 0.01 0.03 0.03 0.04 0.05
0.02 0.04 0.03 0.02 0.02 0.02 0.07 0.06
0.02 0.06 0.02 0.02 0.03 0.03 0.05 0.08
0.02 0.04 0.02 0.02 0.02 0.03 0.05 0.09
0.02 0.04 0.02 0.02 0.03 0.03 0.05 0.11
0.02 0.04 0.01 0.02 0.03 0.03 0.05 0.15
0.02 0.05 0.02 0.02 0.03 0.04 0.07 0.13
0.02 0.06 0.02 0.01 0.04 0.05 0.07 0.10
0.02 0.05 0.02 0.01 0.04 0.04 0.07 0.13
0.02 0.05 0.01 0.01 0.03 0.05 0.04 0.07
0.02 0.07 0.01 0.01 0.04 0.06 0.04 0.13
0.02 0.04 0.01 0.02 0.04 0.04 0.04 0.16
0.02 0.05 0.02 0.02 0.03 0.04 0.05 0.16
0.02 0.06 0.02 0.01 0.05 0.05 0.08 0.14
0.02 0.06 0.02 0.01 0.05 0.06 0.07 0.17
0.02 0.04 0.01 0.01 0.04 0.04 0.05 0.12
0.01 0.03 0.02 0.01 0.02 0.03 0.08 0.08
0.01 0.04 0.01 0.01 0.02 0.04 0.05 0.09
0.01 0.03 0.02 0.02 0.03 0.03 0.06 0.15
0.02 0.05 0.01 0.02 0.04 0.05 0.06 0.15
0.02 0.03 0.02 0.02 0.04 0.03 0.07 0.14
0.02 0.02 0.02 0.01 0.04 0.02 0.09 0.15
0.01 0.04 0.01 0.01 0.03 0.04 0.05 0.11
0.01 0.03 0.02 0.01 0.03 0.03 0.08 0.10
0.05 0.11 0.03 0.01 0.09 0.09 0.09 0.16
0.10 0.21 0.07 0.03 0.19 0.17 0.21 0.30
0.03 0.06 0.03 0.02 0.06 0.04 0.09 0.22
0.01 0.02 0.02 0.02 0.02 0.02 0.06 0.20
0.04 0.09 0.04 0.02 0.06 0.06 0.11 0.22
0.09 0.18 0.08 0.03 0.14 0.12 0.20 0.28
0.03 0.05 0.03 0.03 0.05 0.03 0.09 0.24
0.02 0.04 0.03 0.03 0.04 0.03 0.10 0.24
0.02 0.04 0.02 0.02 0.03 0.04 0.07 0.23
0.01 0.03 0.03 0.02 0.02 0.03 0.11 0.23
0.02 0.04 0.03 0.02 0.04 0.04 0.10 0.21
0.02 0.04 0.03 0.02 0.04 0.04 0.10 0.17
0.01 0.03 0.04 0.02 0.03 0.03 0.15 0.20
0.01 0.03 0.03 0.02 0.04 0.04 0.13 0.27
0.02 0.06 0.03 0.02 0.07 0.07 0.13 0.28
0.01 0.03 0.02 0.02 0.05 0.05 0.10 0.20
0.07 0.13 0.05 0.03 0.17 0.17 0.20 0.24
0.05 0.11 0.03 0.02 0.13 0.14 0.12 0.19
0.04 0.08 0.03 0.02 0.10 0.10 0.11 0.18
0.02 0.04 0.03 0.02 0.04 0.05 0.12 0.15
0.03 0.08 0.03 0.03 0.08 0.12 0.12 0.19
0.02 0.05 0.03 0.02 0.06 0.07 0.13 0.18
0.03 0.06 0.03 0.03 0.06 0.07 0.11 0.23
0.02 0.06 0.03 0.03 0.06 0.07 0.11 0.22
0.03 0.07 0.02 0.03 0.07 0.09 0.09 0.21
0.04 0.10 0.02 0.02 0.10 0.13 0.10 0.17
0.03 0.08 0.03 0.02 0.08 0.10 0.11 0.15
0.03 0.07 0.03 0.02 0.08 0.09 0.11 0.18
0.03 0.07 0.03 0.02 0.09 0.09 0.11 0.17
0.03 0.06 0.02 0.02 0.07 0.08 0.10 0.15
0.03 0.06 0.02 0.02 0.06 0.07 0.08 0.11
0.03 0.07 0.02 0.01 0.06 0.08 0.06 0.08
0.02 0.04 0.03 0.02 0.03 0.04 0.08 0.15
0.02 0.04 0.02 0.02 0.03 0.03 0.06 0.11
0.03 0.06 0.02 0.02 0.05 0.05 0.05 0.08
0.04 0.09 0.04 0.02 0.06 0.07 0.08 0.06
0.03 0.07 0.03 0.02 0.04 0.05 0.07 0.06
0.03 0.08 0.02 0.02 0.05 0.07 0.05 0.05
0.02 0.05 0.03 0.02 0.04 0.05 0.06 0.05
0.08 0.12 0.07 0.07 0.15 0.15 0.17 0.18
0.08 0.09 0.03 0.13 0.15 0.11 0.08 0.34
0.08 0.11 0.05 0.09 0.15 0.13 0.12 0.22
0.06 0.10 0.03 0.05 0.10 0.13 0.08 0.12
0.04 0.09 0.03 0.03 0.08 0.11 0.08 0.07
0.03 0.06 0.02 0.02 0.05 0.07 0.04 0.06
0.04 0.08 0.02 0.03 0.06 0.07 0.05 0.07
0.04 0.09 0.02 0.03 0.06 0.08 0.05 0.07
0.04 0.06 0.03 0.03 0.05 0.05 0.06 0.06
0.03 0.07 0.03 0.04 0.05 0.07 0.06 0.08
0.04 0.09 0.04 0.02 0.05 0.08 0.07 0.03
0.04 0.09 0.03 0.03 0.05 0.07 0.06 0.06
0.06 0.14 0.04 0.02 0.07 0.11 0.08 0.05
0.06 0.15 0.03 0.03 0.07 0.12 0.05 0.06
0.04 0.08 0.04 0.03 0.05 0.06 0.07 0.06
0.03 0.07 0.03 0.02 0.04 0.06 0.06 0.05
0.04 0.07 0.04 0.03 0.06 0.06 0.07 0.06
0.05 0.12 0.03 0.03 0.07 0.09 0.05 0.08
0.06 0.15 0.03 0.03 0.08 0.11 0.06 0.06
0.05 0.13 0.03 0.01 0.07 0.11 0.05 0.04
0.04 0.10 0.04 0.02 0.06 0.07 0.08 0.05
0.06 0.12 0.04 0.03 0.07 0.09 0.07 0.05
0.04 0.08 0.03 0.03 0.04 0.05 0.04 0.06
0.03 0.08 0.04 0.02 0.04 0.05 0.06 0.04
0.01 0.04 0.02 0.02 0.01 0.02 0.04 0.03
0.02 0.04 0.02 0.03 0.02 0.02 0.03 0.06
0.03 0.06 0.03 0.04 0.03 0.03 0.04 0.06
0.05 0.12 0.04 0.02 0.04 0.05 0.05 0.03
0.04 0.10 0.05 0.02 0.03 0.05 0.06 0.03
0.04 0.10 0.04 0.02 0.03 0.05 0.05 0.03
0.04 0.09 0.04 0.02 0.04 0.05 0.05 0.04
0.03 0.07 0.02 0.03 0.03 0.04 0.03 0.05
0.04 0.09 0.03 0.02 0.04 0.05 0.04 0.04
0.02 0.05 0.02 0.02 0.02 0.03 0.03 0.05
0.03 0.07 0.03 0.02 0.04 0.04 0.06 0.04
0.03 0.07 0.02 0.02 0.04 0.04 0.04 0.05
0.03 0.06 0.03 0.02 0.03 0.04 0.05 0.07
0.03 0.06 0.03 0.03 0.05 0.04 0.07 0.09
0.05 0.12 0.03 0.02 0.06 0.07 0.07 0.07
0.03 0.08 0.03 0.03 0.05 0.05 0.07 0.08
0.05 0.12 0.05 0.01 0.07 0.07 0.10 0.05
0.02 0.06 0.02 0.02 0.03 0.04 0.04 0.07
0.04 0.09 0.03 0.01 0.05 0.06 0.05 0.04
0.02 0.04 0.02 0.03 0.03 0.03 0.03 0.07
0.03 0.07 0.03 0.02 0.03 0.04 0.06 0.08
0.01 0.03 0.02 0.02 0.02 0.03 0.04 0.05
0.01 0.03 0.03 0.01 0.02 0.03 0.06 0.06
0.01 0.01 0.01 0.02 0.02 0.01 0.03 0.09
0.02 0.03 0.01 0.03 0.03 0.02 0.03 0.08
0.02 0.04 0.01 0.03 0.03 0.03 0.03 0.09
0.03 0.05 0.01 0.02 0.03 0.03 0.03 0.05
0.04 0.08 0.01 0.03 0.05 0.05 0.02 0.08
0.03 0.05 0.02 0.02 0.03 0.03 0.03 0.06
0.03 0.06 0.02 0.02 0.03 0.03 0.04 0.06
0.02 0.05 0.02 0.02 0.03 0.03 0.04 0.07
0.01 0.03 0.01 0.01 0.01 0.01 0.02 0.04
0.02 0.03 0.02 0.02 0.02 0.01 0.05 0.06
0.02 0.05 0.02 0.03 0.03 0.02 0.04 0.09
0.03 0.07 0.01 0.01 0.03 0.04 0.03 0.04
0.01 0.04 0.01 0.01 0.02 0.02 0.02 0.04
0.03 0.06 0.02 0.00 0.04 0.04 0.05 0.02
0.03 0.05 0.02 0.02 0.04 0.04 0.06 0.12
0.03 0.07 0.02 0.02 0.06 0.06 0.08 0.16
0.03 0.06 0.02 0.03 0.06 0.06 0.07 0.21
0.03 0.05 0.02 0.03 0.06 0.05 0.06 0.24
0.03 0.04 0.03 0.03 0.07 0.04 0.10 0.30
0.02 0.02 0.03 0.03 0.05 0.01 0.11 0.27
0.02 0.03 0.03 0.02 0.05 0.03 0.10 0.17
0.02 0.04 0.02 0.03 0.05 0.04 0.07 0.19
0.02 0.04 0.02 0.03 0.04 0.04 0.09 0.20
0.02 0.03 0.02 0.03 0.04 0.03 0.09 0.23
0.03 0.04 0.03 0.03 0.07 0.05 0.12 0.22
0.01 0.03 0.02 0.02 0.04 0.03 0.09 0.20
0.02 0.03 0.01 0.02 0.03 0.03 0.05 0.17
0.03 0.05 0.02 0.03 0.06 0.05 0.08 0.21
0.03 0.04 0.03 0.03 0.06 0.04 0.11 0.20
0.03 0.04 0.03 0.03 0.06 0.04 0.12 0.22
0.03 0.04 0.02 0.02 0.06 0.05 0.06 0.21
0.03 0.05 0.02 0.03 0.06 0.05 0.08 0.20
0.03 0.05 0.03 0.02 0.06 0.05 0.11 0.18
0.04 0.06 0.04 0.03 0.08 0.05 0.16 0.18
0.02 0.04 0.02 0.02 0.03 0.03 0.07 0.12
0.02 0.03 0.03 0.03 0.03 0.02 0.09 0.12
0.03 0.05 0.02 0.02 0.04 0.03 0.06 0.08
0.02 0.03 0.02 0.03 0.03 0.02 0.05 0.09
0.03 0.05 0.03 0.03 0.04 0.03 0.06 0.09
0.05 0.10 0.04 0.04 0.06 0.05 0.08 0.11
0.02 0.06 0.02 0.03 0.03 0.03 0.03 0.09
0.03 0.06 0.04 0.03 0.03 0.03 0.08 0.08
0.03 0.05 0.03 0.02 0.03 0.02 0.07 0.06
0.02 0.03 0.03 0.02 0.02 0.02 0.06 0.07
0.03 0.06 0.03 0.02 0.05 0.04 0.07 0.06
0.03 0.07 0.03 0.02 0.04 0.05 0.05 0.06
0.04 0.09 0.02 0.03 0.06 0.06 0.05 0.08
0.04 0.10 0.03 0.03 0.06 0.08 0.07 0.08
0.02 0.05 0.03 0.02 0.04 0.04 0.08 0.05
0.03 0.04 0.03 0.04 0.05 0.04 0.08 0.11
