5.98 12.72 3.11 2.11 40.36 37.08 43.20 44.89
6.34 13.82 2.98 2.22 40.11 36.73 43.38 44.66
6.54 14.39 3.05 2.17 39.98 36.55 43.29 44.77
6.01 13.08 2.93 2.03 40.34 36.97 43.46 45.06
6.69 14.55 3.30 2.23 39.87 36.50 42.95 44.64
6.93 15.30 3.24 2.26 39.72 36.28 43.02 44.59
7.32 16.06 3.48 2.41 39.49 36.07 42.72 44.31
7.99 17.60 3.83 2.53 39.11 35.67 42.29 44.10
7.28 16.07 3.41 2.37 39.51 36.07 42.80 44.39
7.20 15.61 3.40 2.58 39.56 36.20 42.81 44.01
8.29 17.74 3.83 3.30 38.95 35.64 42.30 42.95
7.27 16.00 3.18 2.63 39.52 36.09 43.11 43.94
7.73 17.26 3.42 2.51 39.25 35.76 42.79 44.13
9.10 20.23 4.24 2.82 38.54 35.07 41.85 43.62
8.70 19.54 3.80 2.76 38.74 35.22 42.33 43.73
8.70 19.69 3.75 2.66 38.74 35.19 42.39 43.89
8.74 20.17 3.80 2.24 38.72 35.08 42.33 44.62
9.39 21.77 4.07 2.33 38.40 34.75 42.03 44.45
9.65 22.20 4.16 2.59 38.28 34.67 41.94 44.00
9.77 22.63 4.02 2.67 38.23 34.58 42.08 43.86
10.00 22.81 4.58 2.60 38.13 34.55 41.53 43.98
8.18 18.90 3.41 2.22 39.01 35.37 42.81 44.67
7.20 17.04 2.96 1.59 39.56 35.82 43.41 46.12
5.81 13.72 2.44 1.26 40.49 36.75 44.24 47.13
5.08 12.24 2.13 0.89 41.07 37.25 44.85 48.65
4.82 11.85 1.86 0.75 41.30 37.39 45.43 49.34
4.58 11.45 1.56 0.75 41.52 37.54 46.20 49.39
4.81 11.80 1.75 0.88 41.31 37.41 45.71 48.71
4.72 11.52 1.76 0.87 41.39 37.51 45.67 48.72
4.73 11.59 1.67 0.91 41.38 37.49 45.91 48.51
3.94 9.32 1.60 0.90 42.37 38.72 46.11 48.60
4.12 9.68 1.73 0.94 42.24 38.62 45.83 48.43
4.18 9.85 1.69 0.99 42.19 38.57 45.91 48.18
4.33 10.27 1.76 0.96 42.06 38.41 45.76 48.34
4.09 9.69 1.71 0.88 42.27 38.62 45.88 48.70
4.11 9.83 1.62 0.87 42.27 38.58 46.08 48.76
4.04 9.64 1.66 0.83 42.33 38.65 46.01 48.95
4.10 9.77 1.70 0.82 42.29 38.61 45.93 49.00
3.87 9.24 1.59 0.78 42.55 38.86 46.23 49.23
3.46 8.43 1.34 0.61 43.02 39.24 46.94 50.31
3.38 8.43 1.24 0.47 43.17 39.28 47.32 51.46
3.49 8.69 1.34 0.45 43.10 39.22 47.04 51.68
3.51 8.50 1.42 0.60 43.01 39.26 46.71 50.40
3.86 9.23 1.66 0.70 42.56 38.87 46.02 49.74
4.21 10.00 1.93 0.70 42.21 38.53 45.43 49.71
4.18 9.91 1.93 0.72 42.21 38.55 45.39 49.58
4.08 9.68 1.89 0.67 42.30 38.65 45.47 49.83
4.45 10.60 2.10 0.64 41.96 38.27 45.03 50.06
4.65 11.07 2.24 0.62 41.78 38.09 44.77 50.19
4.59 10.80 2.20 0.78 41.78 38.15 44.81 49.25
4.53 10.63 2.22 0.74 41.84 38.21 44.78 49.47
4.53 10.76 2.04 0.79 41.82 38.16 45.10 49.18
4.39 10.44 1.99 0.72 42.01 38.33 45.25 49.57
3.87 9.21 1.72 0.69 42.52 38.85 45.87 49.77
3.35 7.75 1.65 0.65 43.10 39.54 46.04 50.03
3.19 7.30 1.66 0.61 43.30 39.79 45.98 50.30
2.81 6.49 1.40 0.55 43.89 40.35 46.75 50.75
2.81 6.49 1.43 0.52 43.92 40.39 46.69 50.98
2.62 6.03 1.33 0.50 44.22 40.69 46.99 51.20
2.76 6.29 1.40 0.57 43.97 40.46 46.77 50.62
2.02 4.24 1.31 0.52 45.10 41.88 47.00 51.03
1.98 4.12 1.30 0.51 45.18 41.98 47.02 51.05
1.75 3.60 1.19 0.46 45.70 42.58 47.38 51.49
1.59 3.36 1.07 0.35 46.11 42.87 47.85 52.73
1.47 3.08 0.97 0.35 46.47 43.24 48.26 52.76
1.54 3.26 1.01 0.37 46.24 43.00 48.10 52.45
1.77 3.65 1.15 0.51 45.65 42.51 47.53 51.08
1.71 3.57 1.11 0.47 45.79 42.61 47.69 51.41
1.54 3.14 1.03 0.45 46.26 43.15 48.03 51.64
1.56 3.29 1.02 0.37 46.20 42.96 48.06 52.46
1.53 3.23 1.00 0.36 46.29 43.03 48.15 52.62
1.46 3.07 0.96 0.34 46.50 43.26 48.29 52.85
1.57 3.20 1.05 0.45 46.18 43.08 47.91 51.57
1.49 3.06 0.99 0.42 46.40 43.27 48.19 51.94
1.53 3.20 0.98 0.43 46.27 43.08 48.24 51.83
1.84 3.74 1.29 0.51 45.47 42.40 47.04 51.04
2.13 4.15 1.48 0.76 44.85 41.95 46.43 49.36
2.45 4.51 1.76 1.06 44.25 41.59 45.67 47.86
2.66 4.92 1.71 1.35 43.88 41.21 45.79 46.83
2.97 5.40 1.94 1.59 43.39 40.81 45.25 46.11
3.06 5.38 2.04 1.75 43.28 40.82 45.03 45.70
2.99 5.08 2.06 1.84 43.37 41.08 44.99 45.48
2.95 4.89 2.12 1.83 43.44 41.24 44.88 45.51
2.72 4.44 1.92 1.80 43.78 41.66 45.29 45.57
2.71 4.41 1.99 1.74 43.80 41.69 45.14 45.74
2.54 4.15 1.75 1.74 44.07 41.95 45.71 45.73
2.68 4.20 1.96 1.86 43.86 41.90 45.21 45.43
2.57 4.07 1.82 1.81 44.04 42.03 45.52 45.55
2.41 3.73 1.73 1.77 44.32 42.42 45.76 45.66
2.38 3.77 1.64 1.73 44.36 42.36 45.98 45.76
2.46 3.98 1.56 1.82 44.23 42.13 46.18 45.54
2.72 4.59 1.78 1.80 43.78 41.52 45.62 45.58
2.75 4.40 1.81 2.04 43.74 41.70 45.54 45.04
2.72 4.40 1.86 1.92 43.78 41.71 45.44 45.31
2.50 3.94 1.58 1.97 44.16 42.18 46.14 45.19
2.41 3.86 1.53 1.83 44.32 42.27 46.30 45.52
2.25 3.61 1.38 1.76 44.61 42.57 46.73 45.66
2.94 4.84 1.99 1.98 43.45 41.28 45.14 45.16
2.95 4.86 1.96 2.02 43.43 41.26 45.21 45.07
3.06 4.96 2.13 2.11 43.27 41.18 44.84 44.89
2.90 4.55 2.10 2.05 43.51 41.56 44.91 45.01
2.93 4.62 2.16 2.01 43.46 41.48 44.78 45.11
3.28 5.21 2.43 2.21 42.97 40.97 44.28 44.69
3.37 5.54 2.56 2.03 42.85 40.70 44.05 45.06
3.50 5.87 2.77 1.87 42.69 40.45 43.71 45.41
3.76 6.49 2.74 2.06 42.38 40.01 43.74 45.00
4.06 7.10 2.79 2.29 42.05 39.62 43.67 44.54
3.93 6.68 2.82 2.30 42.18 39.89 43.62 44.52
3.99 6.92 2.76 2.31 42.12 39.73 43.73 44.50
4.75 8.37 3.33 2.54 41.37 38.90 42.91 44.09
4.87 8.54 3.33 2.75 41.25 38.82 42.90 43.74
4.63 8.12 3.06 2.71 41.48 39.04 43.28 43.80
4.58 8.12 2.98 2.64 41.52 39.03 43.39 43.92
4.28 7.79 2.64 2.42 41.82 39.22 43.92 44.30
4.02 7.35 2.45 2.25 42.09 39.47 44.23 44.62
3.92 6.94 2.54 2.28 42.20 39.72 44.08 44.55
3.60 6.48 2.12 2.19 42.57 40.01 44.86 44.73
3.05 5.55 1.75 1.84 43.30 40.69 45.70 45.49
2.68 5.13 1.49 1.42 43.85 41.04 46.40 46.60
2.81 5.41 1.56 1.45 43.65 40.80 46.20 46.52
2.77 5.31 1.58 1.42 43.71 40.88 46.16 46.61
3.00 5.91 1.71 1.38 43.36 40.42 45.80 46.74
2.93 5.81 1.64 1.33 43.46 40.49 45.99 46.88
2.71 5.36 1.55 1.23 43.80 40.84 46.23 47.24
2.68 5.36 1.49 1.17 43.86 40.84 46.39 47.43
2.71 5.32 1.55 1.25 43.81 40.87 46.23 47.16
2.70 5.34 1.56 1.20 43.82 40.86 46.22 47.35
2.78 5.48 1.58 1.30 43.68 40.75 46.15 47.00
2.86 5.67 1.59 1.31 43.57 40.60 46.12 46.96
2.81 5.52 1.57 1.34 43.64 40.71 46.19 46.86
2.76 5.53 1.49 1.26 43.72 40.70 46.41 47.14
2.66 5.37 1.53 1.09 43.88 40.83 46.29 47.77
2.86 5.86 1.62 1.11 43.57 40.45 46.05 47.68
2.99 6.21 1.65 1.13 43.37 40.20 45.97 47.60
3.14 6.52 1.73 1.17 43.16 39.99 45.76 47.45
3.06 6.30 1.69 1.20 43.27 40.14 45.87 47.35
3.47 7.22 1.92 1.27 42.73 39.54 45.31 47.10
3.76 7.99 2.02 1.28 42.38 39.11 45.08 47.07
4.09 8.82 2.17 1.26 42.02 38.68 44.76 47.13
4.15 9.10 2.19 1.17 41.95 38.54 44.73 47.45
4.19 9.19 2.24 1.14 41.91 38.50 44.63 47.54
3.88 8.55 2.04 1.07 42.24 38.81 45.03 47.84
3.48 7.73 1.76 0.96 42.71 39.25 45.69 48.31
3.09 6.78 1.58 0.91 43.23 39.82 46.13 48.54
3.02 6.69 1.54 0.83 43.33 39.87 46.25 48.96
2.63 5.90 1.35 0.64 43.93 40.42 46.82 50.11
2.25 5.09 1.18 0.49 44.61 41.07 47.40 51.27
2.20 5.01 1.15 0.43 44.72 41.13 47.54 51.79
2.21 5.03 1.17 0.43 44.69 41.12 47.43 51.85
2.25 5.13 1.19 0.43 44.61 41.03 47.37 51.81
2.30 5.20 1.27 0.44 44.51 40.97 47.10 51.72
2.34 5.32 1.25 0.44 44.44 40.87 47.14 51.74
2.23 5.07 1.20 0.42 44.65 41.08 47.33 51.91
1.96 4.41 1.10 0.34 45.22 41.68 47.70 52.75
1.93 4.36 1.08 0.34 45.28 41.73 47.81 52.75
2.10 4.87 1.10 0.34 44.90 41.25 47.72 52.84
2.16 4.89 1.15 0.43 44.79 41.23 47.51 51.78
2.21 4.97 1.19 0.47 44.69 41.17 47.39 51.40
2.14 4.85 1.14 0.45 44.82 41.28 47.57 51.63
2.03 4.57 1.07 0.44 45.06 41.53 47.83 51.73
1.98 4.45 1.06 0.44 45.16 41.65 47.89 51.74
1.91 4.25 1.08 0.39 45.32 41.84 47.79 52.17
1.88 4.23 1.09 0.33 45.38 41.87 47.77 52.91
2.06 4.62 1.19 0.37 45.00 41.48 47.39 52.49
2.24 5.00 1.31 0.41 44.63 41.14 46.96 52.07
2.38 5.35 1.36 0.43 44.37 40.85 46.80 51.77
2.54 5.70 1.48 0.44 44.09 40.57 46.44 51.72
2.62 5.90 1.51 0.46 43.94 40.42 46.34 51.53
2.76 6.26 1.54 0.47 43.73 40.17 46.26 51.37
2.91 6.60 1.64 0.50 43.48 39.94 45.98 51.13
2.83 6.34 1.64 0.50 43.62 40.11 45.98 51.16
2.71 6.05 1.58 0.49 43.81 40.32 46.14 51.23
2.36 5.23 1.42 0.44 44.39 40.95 46.61 51.66
2.19 4.78 1.37 0.43 44.72 41.34 46.77 51.82
2.10 4.55 1.32 0.44 44.90 41.55 46.93 51.70
1.91 4.14 1.20 0.40 45.32 41.96 47.33 52.14
1.75 3.83 1.08 0.35 45.70 42.30 47.80 52.75
1.49 3.21 1.01 0.27 46.39 43.07 48.11 53.92
1.47 3.09 0.99 0.34 46.46 43.24 48.18 52.87
1.47 3.03 0.95 0.43 46.45 43.31 48.34 51.79
1.64 3.29 1.09 0.54 45.97 42.96 47.74 50.78
1.73 3.44 1.15 0.59 45.76 42.77 47.51 50.43
1.66 3.29 1.11 0.59 45.93 42.96 47.69 50.44
1.60 3.16 1.05 0.58 46.10 43.14 47.92 50.47
1.59 3.15 1.07 0.56 46.11 43.15 47.84 50.68
1.67 3.37 1.12 0.54 45.89 42.86 47.64 50.79
1.83 3.67 1.21 0.60 45.50 42.48 47.29 50.33
1.82 3.57 1.28 0.62 45.53 42.61 47.07 50.23
1.65 3.28 1.10 0.57 45.95 42.98 47.70 50.58
1.62 3.25 1.06 0.54 46.04 43.01 47.87 50.77
1.59 3.19 1.05 0.52 46.13 43.09 47.94 50.97
1.60 3.26 1.05 0.50 46.08 43.00 47.92 51.11
1.63 3.29 1.09 0.51 46.01 42.96 47.75 51.09
1.64 3.35 1.04 0.53 45.98 42.88 47.95 50.90
1.73 3.46 1.11 0.62 45.75 42.74 47.67 50.19
2.21 4.44 1.50 0.69 44.69 41.66 46.37 49.77
2.19 4.30 1.51 0.75 44.73 41.80 46.35 49.36
2.64 5.09 1.79 1.03 43.91 41.06 45.59 47.98
2.77 5.16 1.91 1.25 43.70 41.01 45.32 47.16
2.91 5.02 1.97 1.73 43.49 41.12 45.18 45.75
3.07 5.20 2.04 1.97 43.26 40.97 45.04 45.18
2.88 4.68 2.05 1.89 43.54 41.42 45.03 45.36
2.42 3.79 1.70 1.75 44.30 42.34 45.82 45.70
2.24 3.44 1.61 1.66 44.63 42.76 46.07 45.94
2.16 3.40 1.50 1.57 44.79 42.81 46.36 46.16
2.30 3.52 1.65 1.72 44.52 42.67 45.95 45.79
2.30 3.60 1.61 1.70 44.51 42.57 46.07 45.84
2.28 3.53 1.55 1.76 44.55 42.66 46.24 45.67
2.70 4.23 2.10 1.78 43.82 41.87 44.92 45.64
3.03 4.75 2.43 1.91 43.32 41.36 44.27 45.33
2.80 4.45 2.15 1.79 43.66 41.65 44.80 45.60
2.97 4.81 2.24 1.84 43.41 41.31 44.63 45.47
2.93 4.81 2.12 1.85 43.46 41.30 44.87 45.46
3.06 4.97 2.23 1.98 43.27 41.17 44.64 45.15
3.24 5.37 2.41 1.94 43.03 40.83 44.32 45.24
3.06 5.01 2.28 1.90 43.27 41.13 44.55 45.35
3.12 5.10 2.37 1.88 43.20 41.05 44.38 45.39
3.29 5.40 2.50 1.97 42.96 40.81 44.15 45.19
3.26 5.25 2.59 1.94 43.00 40.93 44.00 45.24
3.23 5.23 2.48 1.98 43.04 40.95 44.18 45.16
3.08 5.13 2.32 1.77 43.25 41.03 44.48 45.64
3.38 5.66 2.60 1.89 42.84 40.61 43.98 45.36
3.27 5.29 2.53 1.99 42.98 40.89 44.10 45.14
3.76 6.35 2.76 2.17 42.38 40.10 43.72 44.76
3.78 6.26 2.77 2.32 42.35 40.17 43.71 44.47
4.25 7.15 3.18 2.43 41.84 39.59 43.11 44.28
4.17 7.20 2.81 2.50 41.93 39.56 43.64 44.16
4.28 7.12 3.18 2.56 41.81 39.61 43.11 44.05
4.90 8.52 3.43 2.76 41.22 38.83 42.77 43.72
5.39 9.37 3.70 3.09 40.82 38.41 42.45 43.24
5.71 10.04 3.80 3.28 40.57 38.12 42.33 42.97
5.48 9.55 3.62 3.28 40.74 38.33 42.55 42.98
5.07 8.76 3.30 3.13 41.09 38.71 42.95 43.18
4.68 8.17 3.03 2.82 41.43 39.01 43.32 43.62
4.32 7.71 2.82 2.43 41.78 39.26 43.64 44.28
4.39 8.05 2.81 2.31 41.71 39.08 43.66 44.51
4.14 7.57 2.76 2.08 41.97 39.34 43.73 44.96
3.81 7.27 2.34 1.81 42.32 39.51 44.43 45.54
3.65 7.06 2.23 1.67 42.51 39.65 44.65 45.91
3.39 6.49 2.09 1.59 42.83 40.01 44.93 46.12
3.36 6.52 2.11 1.43 42.87 39.99 44.88 46.58
3.35 6.57 2.07 1.39 42.89 39.95 44.97 46.69
3.23 6.28 2.04 1.37 43.04 40.15 45.03 46.76
3.19 6.28 2.06 1.23 43.09 40.15 44.98 47.23
3.12 6.30 1.84 1.21 43.19 40.14 45.48 47.29
3.28 6.54 2.03 1.26 42.97 39.98 45.05 47.11
3.21 6.29 2.01 1.32 43.07 40.14 45.10 46.94
3.26 6.51 2.02 1.25 43.00 40.00 45.09 47.15
3.00 6.01 1.79 1.21 43.35 40.34 45.61 47.30
2.92 5.81 1.79 1.17 43.48 40.49 45.61 47.45
2.86 5.69 1.73 1.17 43.56 40.58 45.74 47.46
3.11 6.24 1.80 1.29 43.20 40.18 45.56 47.04
3.35 6.79 1.98 1.29 42.88 39.81 45.17 47.04
3.22 6.57 1.83 1.27 43.05 39.95 45.49 47.11
3.41 6.95 2.02 1.26 42.81 39.71 45.10 47.12
3.74 7.82 2.11 1.29 42.41 39.20 44.89 47.04
3.52 7.35 1.96 1.25 42.67 39.47 45.21 47.16
4.16 8.79 2.32 1.36 41.94 38.69 44.49 46.80
4.46 9.58 2.42 1.38 41.64 38.32 44.30 46.74
4.40 9.53 2.36 1.29 41.70 38.34 44.41 47.03
3.78 8.15 2.05 1.16 42.35 39.02 45.02 47.50
3.45 7.45 1.84 1.05 42.75 39.41 45.47 47.92
3.17 6.80 1.70 1.01 43.12 39.81 45.83 48.08
2.77 6.00 1.52 0.78 43.71 40.35 46.32 49.19
2.39 5.12 1.40 0.65 44.35 41.03 46.67 50.01
2.21 4.78 1.28 0.57 44.69 41.33 47.07 50.61
2.11 4.60 1.21 0.53 44.88 41.50 47.31 50.86
2.00 4.45 1.15 0.41 45.12 41.65 47.53 52.04
1.95 4.30 1.12 0.41 45.24 41.79 47.62 52.02
1.91 4.16 1.13 0.41 45.33 41.94 47.59 51.97
1.96 4.20 1.15 0.53 45.20 41.90 47.52 50.87
2.12 4.46 1.28 0.64 44.86 41.64 47.08 50.08
1.96 4.15 1.16 0.56 45.21 41.95 47.48 50.67
1.79 3.80 1.07 0.49 45.61 42.33 47.85 51.21
1.76 3.71 1.08 0.47 45.69 42.43 47.79 51.40
1.75 3.75 1.04 0.47 45.70 42.39 47.97 51.43
1.92 4.11 1.11 0.54 45.30 42.00 47.67 50.77
2.04 4.35 1.21 0.56 45.04 41.75 47.31 50.64
1.93 4.11 1.16 0.54 45.27 42.00 47.49 50.84
1.85 3.93 1.06 0.54 45.47 42.18 47.87 50.81
1.84 3.90 1.09 0.54 45.48 42.22 47.77 50.83
1.85 3.95 1.06 0.55 45.46 42.17 47.90 50.73
1.99 4.29 1.12 0.58 45.13 41.81 47.64 50.52
2.38 5.11 1.29 0.74 44.37 41.04 47.04 49.47
2.53 5.35 1.36 0.87 44.11 40.85 46.80 48.75
2.81 5.91 1.49 1.03 43.64 40.42 46.41 47.99
3.45 7.20 1.89 1.26 42.76 39.56 45.37 47.14
3.50 7.14 2.00 1.37 42.68 39.59 45.13 46.77
3.97 8.13 2.24 1.54 42.14 39.03 44.63 46.25
4.55 9.31 2.65 1.67 41.55 38.44 43.89 45.89
4.23 8.67 2.44 1.58 41.87 38.75 44.26 46.15
4.15 8.66 2.38 1.42 41.95 38.76 44.37 46.61
3.51 7.33 1.94 1.25 42.68 39.48 45.25 47.17
3.54 7.30 2.07 1.26 42.64 39.50 44.96 47.14
3.29 6.55 1.98 1.33 42.96 39.97 45.16 46.89
3.15 6.15 1.86 1.44 43.15 40.24 45.45 46.56
3.21 6.25 1.95 1.45 43.06 40.17 45.24 46.53
2.94 5.67 1.78 1.38 43.44 40.59 45.63 46.74
2.53 4.67 1.61 1.32 44.10 41.44 46.08 46.92
2.70 4.78 1.74 1.57 43.82 41.33 45.71 46.18
2.56 4.71 1.57 1.40 44.04 41.40 46.18 46.66
2.75 5.22 1.62 1.39 43.74 40.95 46.04 46.70
2.73 5.10 1.70 1.37 43.78 41.06 45.83 46.76
2.70 5.15 1.66 1.30 43.81 41.01 45.93 47.00
2.61 4.99 1.62 1.24 43.96 41.15 46.04 47.22
2.58 4.95 1.59 1.21 44.01 41.18 46.12 47.30
2.74 5.31 1.64 1.27 43.76 40.88 45.98 47.10
2.90 5.60 1.77 1.32 43.51 40.65 45.66 46.91
2.98 5.73 1.75 1.46 43.39 40.55 45.71 46.49
3.10 5.91 1.87 1.52 43.22 40.42 45.41 46.29
3.21 6.20 1.84 1.58 43.07 40.21 45.48 46.14
3.04 5.99 1.74 1.41 43.30 40.36 45.74 46.65
2.97 5.89 1.77 1.25 43.41 40.43 45.65 47.18
3.21 6.44 1.91 1.27 43.07 40.05 45.31 47.08
3.30 6.70 1.91 1.30 42.95 39.87 45.33 47.00
3.35 6.84 1.96 1.26 42.88 39.78 45.21 47.12
3.39 7.10 2.01 1.05 42.83 39.62 45.09 47.91
3.86 8.38 2.13 1.09 42.26 38.90 44.86 47.74
4.20 9.03 2.34 1.22 41.90 38.58 44.45 47.25
4.14 8.79 2.32 1.31 41.96 38.69 44.48 46.96
3.76 7.92 2.19 1.17 42.38 39.14 44.74 47.45
3.36 7.11 1.89 1.10 42.87 39.62 45.38 47.73
2.82 5.97 1.60 0.88 43.63 40.37 46.09 48.67
2.62 5.57 1.47 0.81 43.96 40.67 46.45 49.05
2.30 4.84 1.32 0.73 44.52 41.28 46.94 49.47
2.12 4.48 1.24 0.63 44.88 41.62 47.21 50.14
2.02 4.30 1.11 0.64 45.08 41.79 47.69 50.05
2.14 4.54 1.16 0.71 44.83 41.56 47.47 49.61
2.12 4.47 1.17 0.73 44.87 41.64 47.45 49.52
2.25 4.74 1.23 0.76 44.62 41.37 47.22 49.30
2.30 4.86 1.26 0.77 44.52 41.27 47.13 49.24
2.43 5.11 1.35 0.83 44.27 41.05 46.83 48.93
2.49 5.28 1.35 0.83 44.17 40.90 46.83 48.92
2.54 5.38 1.40 0.84 44.08 40.82 46.68 48.89
2.39 5.02 1.35 0.81 44.34 41.12 46.83 49.04
2.51 5.37 1.33 0.81 44.14 40.83 46.89 49.05
2.49 5.34 1.32 0.80 44.17 40.85 46.92 49.09
2.38 5.13 1.28 0.74 44.36 41.03 47.05 49.46
2.26 4.86 1.22 0.70 44.59 41.27 47.27 49.67
2.09 4.59 1.07 0.59 44.94 41.51 47.82 50.45
1.87 4.26 0.92 0.42 45.43 41.84 48.49 51.91
1.78 4.07 0.90 0.37 45.63 42.04 48.59 52.47
1.89 4.20 0.99 0.47 45.37 41.90 48.17 51.38
2.13 4.59 1.20 0.60 44.85 41.52 47.35 50.38
2.27 4.89 1.31 0.61 44.57 41.23 46.97 50.30
2.35 5.04 1.36 0.64 44.43 41.11 46.78 50.09
2.19 4.63 1.32 0.62 44.73 41.48 46.93 50.21
2.28 4.81 1.43 0.60 44.55 41.31 46.57 50.38
2.53 5.39 1.60 0.59 44.10 40.81 46.09 50.43
2.54 5.44 1.57 0.61 44.08 40.78 46.17 50.26
2.57 5.52 1.54 0.65 44.03 40.71 46.25 49.97
2.58 5.49 1.55 0.70 44.02 40.73 46.23 49.71
2.41 5.19 1.42 0.61 44.32 40.98 46.62 50.25
2.28 4.85 1.34 0.64 44.56 41.27 46.87 50.07
2.01 4.17 1.27 0.58 45.11 41.93 47.11 50.47
1.88 3.89 1.20 0.55 45.39 42.23 47.33 50.75
1.65 3.39 1.04 0.51 45.97 42.83 47.97 51.08
1.61 3.34 1.02 0.49 46.06 42.90 48.06 51.25
1.52 3.16 0.95 0.47 46.30 43.14 48.36 51.43
1.62 3.38 0.99 0.49 46.03 42.83 48.18 51.22
1.70 3.54 1.08 0.50 45.81 42.64 47.82 51.17
1.81 3.74 1.16 0.54 45.55 42.40 47.48 50.84
1.68 3.45 1.08 0.49 45.89 42.76 47.78 51.19
1.53 3.24 0.99 0.36 46.28 43.02 48.18 52.55
1.59 3.37 1.03 0.38 46.10 42.85 48.00 52.34
1.73 3.75 1.06 0.37 45.75 42.39 47.86 52.39
1.85 3.78 1.20 0.57 45.45 42.35 47.33 50.58
1.77 3.65 1.12 0.53 45.66 42.51 47.65 50.88
1.60 3.29 1.00 0.49 46.10 42.96 48.11 51.22
1.62 3.38 1.04 0.44 46.04 42.84 47.98 51.69
1.50 3.13 0.99 0.40 46.36 43.18 48.18 52.15
1.47 3.09 0.95 0.37 46.45 43.23 48.33 52.42
1.55 3.17 1.00 0.47 46.23 43.12 48.13 51.37
1.52 3.10 1.00 0.45 46.32 43.21 48.14 51.62
1.51 3.09 0.98 0.45 46.34 43.23 48.20 51.58
1.84 3.83 1.19 0.52 45.47 42.30 47.37 50.99
2.14 4.17 1.44 0.82 44.82 41.93 46.55 48.98
2.38 4.39 1.68 1.07 44.36 41.70 45.88 47.82
2.60 4.77 1.71 1.31 43.99 41.34 45.81 46.95
2.84 5.14 1.83 1.57 43.59 41.02 45.51 46.18
3.17 5.59 2.14 1.78 43.12 40.65 44.84 45.63
3.09 5.25 2.13 1.88 43.24 40.93 44.85 45.39
2.95 4.91 2.09 1.86 43.42 41.21 44.93 45.44
2.86 4.70 2.00 1.89 43.57 41.41 45.12 45.38
2.76 4.53 1.99 1.77 43.72 41.57 45.14 45.66
2.76 4.42 1.90 1.95 43.72 41.67 45.34 45.23
2.68 4.21 1.88 1.97 43.84 41.89 45.40 45.19
2.77 4.39 1.98 1.96 43.70 41.71 45.17 45.21
2.50 3.89 1.81 1.79 44.16 42.23 45.56 45.60
2.55 4.07 1.74 1.83 44.07 42.04 45.74 45.51
2.54 4.12 1.65 1.85 44.08 41.99 45.96 45.45
2.79 4.66 1.83 1.88 43.68 41.45 45.51 45.39
2.80 4.44 1.90 2.08 43.66 41.67 45.36 44.96
2.86 4.70 1.90 1.98 43.58 41.42 45.36 45.17
2.36 3.79 1.51 1.78 44.40 42.35 46.33 45.63
2.38 3.87 1.50 1.77 44.37 42.25 46.38 45.66
2.25 3.64 1.41 1.71 44.61 42.53 46.65 45.80
2.75 4.54 1.91 1.81 43.73 41.56 45.31 45.56
2.76 4.48 1.85 1.95 43.72 41.63 45.45 45.23
2.98 4.92 2.05 1.97 43.39 41.21 45.01 45.19
2.77 4.35 2.01 1.94 43.71 41.75 45.10 45.26
3.03 4.84 2.13 2.11 43.32 41.29 44.86 44.87
3.13 5.06 2.29 2.05 43.17 41.09 44.54 45.02
3.20 5.21 2.47 1.92 43.08 40.97 44.20 45.29
3.77 6.32 2.86 2.14 42.36 40.12 43.57 44.82
3.82 6.50 2.84 2.11 42.32 40.00 43.59 44.89
3.84 6.72 2.69 2.10 42.29 39.86 43.83 44.91
4.03 6.85 2.90 2.36 42.07 39.78 43.51 44.41
4.13 7.23 2.81 2.33 41.98 39.54 43.64 44.46
4.67 8.27 3.25 2.48 41.44 38.96 43.01 44.19
4.87 8.65 3.30 2.64 41.26 38.76 42.94 43.91
4.93 8.72 3.13 2.94 41.20 38.73 43.18 43.45
4.68 8.25 3.04 2.75 41.43 38.96 43.30 43.74
4.27 7.66 2.63 2.51 41.83 39.29 43.92 44.12
4.07 7.43 2.42 2.36 42.03 39.42 44.28 44.39
4.01 7.04 2.53 2.45 42.11 39.66 44.10 44.24
3.67 6.63 2.12 2.25 42.49 39.92 44.86 44.61
3.14 5.74 1.81 1.87 43.17 40.54 45.57 45.42
3.04 5.76 1.67 1.68 43.31 40.53 45.92 45.88
2.85 5.42 1.62 1.50 43.58 40.79 46.04 46.37
2.54 4.93 1.42 1.28 44.08 41.21 46.59 47.05
3.14 6.29 1.71 1.43 43.16 40.14 45.80 46.58
2.85 5.73 1.57 1.25 43.59 40.55 46.18 47.17
2.66 5.34 1.50 1.13 43.89 40.86 46.37 47.61
2.75 5.54 1.50 1.21 43.74 40.69 46.38 47.31
2.68 5.34 1.51 1.20 43.84 40.86 46.33 47.35
2.55 5.04 1.48 1.13 44.07 41.11 46.43 47.61
2.82 5.66 1.54 1.25 43.64 40.60 46.26 47.17
2.99 6.04 1.59 1.33 43.38 40.32 46.12 46.91
2.88 5.80 1.56 1.29 43.53 40.50 46.20 47.02
2.75 5.62 1.45 1.17 43.74 40.63 46.52 47.44
2.88 5.93 1.54 1.17 43.54 40.40 46.26 47.44
3.20 6.63 1.73 1.24 43.08 39.92 45.76 47.19
3.36 7.01 1.78 1.28 42.88 39.68 45.64 47.07
3.51 7.33 1.85 1.36 42.67 39.48 45.46 46.80
3.61 7.46 1.97 1.39 42.56 39.41 45.18 46.70
3.81 7.91 2.07 1.46 42.32 39.15 44.97 46.50
4.01 8.40 2.21 1.42 42.10 38.89 44.70 46.61
4.24 9.09 2.26 1.36 41.86 38.54 44.59 46.80
4.45 9.72 2.34 1.29 41.64 38.25 44.43 47.02
4.17 9.10 2.24 1.15 41.93 38.54 44.63 47.52
4.21 9.23 2.23 1.17 41.89 38.48 44.64 47.47
3.66 7.97 1.94 1.07 42.50 39.12 45.26 47.85
3.23 7.05 1.67 0.97 43.04 39.65 45.90 48.26
3.08 6.87 1.52 0.85 43.25 39.76 46.32 48.87
2.81 6.31 1.40 0.72 43.65 40.13 46.68 49.57
2.46 5.58 1.23 0.56 44.23 40.67 47.23 50.62
2.28 5.15 1.20 0.50 44.55 41.02 47.34 51.17
2.39 5.43 1.24 0.51 44.35 40.79 47.20 51.11
2.45 5.57 1.28 0.50 44.24 40.68 47.07 51.11
2.50 5.59 1.41 0.50 44.15 40.65 46.66 51.15
2.52 5.67 1.41 0.48 44.12 40.59 46.64 51.33
2.50 5.63 1.37 0.49 44.16 40.63 46.75 51.26
2.26 5.08 1.25 0.44 44.59 41.07 47.15 51.72
2.22 5.01 1.24 0.42 44.67 41.13 47.22 51.89
2.38 5.46 1.26 0.40 44.37 40.76 47.12 52.05
2.29 5.17 1.25 0.46 44.53 41.00 47.18 51.54
2.43 5.45 1.31 0.53 44.28 40.77 46.96 50.90
2.40 5.47 1.25 0.50 44.32 40.75 47.16 51.18
2.27 5.16 1.16 0.47 44.58 41.00 47.47 51.42
2.13 4.79 1.14 0.47 44.84 41.33 47.55 51.45
2.01 4.48 1.12 0.44 45.09 41.62 47.66 51.72
1.98 4.44 1.15 0.35 45.16 41.66 47.53 52.62
2.15 4.87 1.22 0.37 44.80 41.25 47.26 52.46
2.38 5.34 1.38 0.41 44.37 40.85 46.74 52.03
2.39 5.40 1.36 0.40 44.35 40.81 46.79 52.06
2.49 5.60 1.43 0.43 44.17 40.65 46.57 51.77
2.60 5.87 1.49 0.46 43.97 40.45 46.40 51.53
2.83 6.41 1.59 0.49 43.62 40.06 46.13 51.26
2.97 6.70 1.68 0.53 43.40 39.87 45.88 50.84
2.80 6.23 1.66 0.52 43.65 40.19 45.93 50.98
2.65 5.91 1.51 0.51 43.91 40.42 46.34 51.04
2.42 5.35 1.45 0.46 44.29 40.85 46.52 51.47
2.43 5.38 1.42 0.48 44.28 40.82 46.60 51.30
2.26 4.88 1.41 0.47 44.60 41.24 46.65 51.37
2.03 4.37 1.26 0.44 45.07 41.73 47.11 51.69
1.96 4.29 1.19 0.40 45.20 41.80 47.36 52.08
1.69 3.62 1.12 0.32 45.86 42.55 47.64 53.04
1.70 3.59 1.10 0.40 45.83 42.58 47.71 52.08
1.62 3.33 1.02 0.51 46.04 42.90 48.05 51.05
1.90 3.86 1.19 0.64 45.37 42.28 47.37 50.10
2.03 4.12 1.28 0.70 45.06 42.01 47.07 49.68
1.98 4.00 1.24 0.71 45.16 42.13 47.19 49.64
1.92 3.88 1.19 0.66 45.33 42.27 47.36 49.90
1.95 3.95 1.24 0.67 45.24 42.19 47.21 49.86
1.92 3.97 1.21 0.60 45.31 42.18 47.32 50.35
2.07 4.21 1.33 0.67 45.00 41.92 46.91 49.88
2.01 4.13 1.23 0.67 45.13 42.01 47.25 49.89
2.00 4.13 1.25 0.63 45.14 42.01 47.19 50.13
1.94 4.00 1.19 0.64 45.27 42.15 47.36 50.11
1.94 4.03 1.18 0.60 45.29 42.11 47.43 50.34
1.93 4.04 1.15 0.59 45.31 42.11 47.53 50.42
1.88 3.93 1.14 0.56 45.42 42.23 47.55 50.64
1.95 4.08 1.16 0.59 45.27 42.06 47.48 50.43
2.01 4.14 1.19 0.71 45.12 42.01 47.40 49.60
2.56 5.12 1.69 0.86 44.09 41.09 45.87 48.78
2.65 5.29 1.79 0.86 43.95 40.95 45.64 48.87
3.15 6.06 2.07 1.30 43.21 40.37 45.00 47.10
3.45 6.48 2.14 1.74 42.83 40.10 44.86 45.89
3.84 6.89 2.42 2.23 42.37 39.84 44.33 44.84
3.83 6.68 2.47 2.36 42.41 39.99 44.26 44.64
3.64 6.02 2.43 2.47 42.62 40.43 44.33 44.39
3.30 5.36 2.14 2.38 43.06 40.95 44.86 44.58
3.21 5.10 2.02 2.51 43.19 41.18 45.14 44.35
3.18 5.10 2.18 2.26 43.27 41.21 44.91 44.80
3.49 5.52 2.40 2.55 42.94 40.95 44.53 44.34
3.31 5.36 2.10 2.48 43.09 40.99 45.00 44.44
3.39 5.44 2.10 2.63 42.97 40.91 44.99 44.16
3.68 5.96 2.43 2.66 42.59 40.50 44.32 44.12
4.12 6.66 2.95 2.75 42.09 40.00 43.48 43.94
3.69 5.95 2.66 2.47 42.53 40.46 43.93 44.30
4.10 6.77 2.86 2.66 42.11 39.93 43.60 44.07
4.10 6.77 2.77 2.75 42.13 39.93 43.77 43.98
4.14 6.95 2.73 2.74 42.09 39.84 43.84 43.98
4.14 7.01 2.78 2.63 42.06 39.76 43.73 44.15
4.11 6.97 2.65 2.71 42.10 39.79 43.94 44.06
4.34 7.48 2.84 2.70 41.89 39.52 43.66 44.08
4.47 7.74 2.90 2.77 41.76 39.37 43.56 43.99
4.29 7.32 2.96 2.60 41.91 39.58 43.46 44.21
4.38 7.37 3.00 2.75 41.85 39.57 43.44 43.99
4.26 7.19 2.86 2.74 41.97 39.68 43.66 43.98
4.43 7.43 3.12 2.74 41.77 39.51 43.25 43.95
4.35 7.43 3.04 2.57 41.82 39.49 43.33 44.19
5.20 9.29 3.36 2.95 41.06 38.52 42.94 43.63
5.99 10.49 3.86 3.62 40.43 37.98 42.33 42.67
7.01 12.46 4.44 4.13 39.72 37.21 41.68 42.11
7.05 12.98 4.33 3.85 39.68 37.03 41.79 42.33
8.03 14.84 4.86 4.39 39.13 36.45 41.31 41.77
9.62 18.37 5.61 4.88 38.34 35.53 40.68 41.33
10.13 19.56 5.66 5.17 38.10 35.24 40.62 41.06
10.00 19.34 5.86 4.83 38.16 35.30 40.49 41.37
10.91 21.68 5.81 5.23 37.78 34.80 40.51 41.01
10.47 20.51 5.55 5.35 37.96 35.04 40.71 40.96
10.03 20.15 5.03 4.90 38.15 35.12 41.14 41.29
9.55 19.34 4.92 4.40 38.36 35.29 41.24 41.76
9.71 20.12 5.00 4.01 38.29 35.12 41.16 42.14
9.30 19.46 4.77 3.67 38.48 35.27 41.37 42.52
7.99 16.77 4.08 3.14 39.12 35.91 42.03 43.19
8.14 17.37 4.10 2.96 39.06 35.77 42.03 43.45
8.77 18.81 4.39 3.12 38.73 35.42 41.73 43.22
4.60 9.30 2.67 1.83 41.56 38.52 43.89 45.54
4.76 9.62 2.83 1.81 41.45 38.41 43.68 45.58
5.12 10.46 2.96 1.93 41.13 38.05 43.49 45.30
4.64 9.59 2.72 1.61 41.54 38.42 43.81 46.10
4.50 9.54 2.47 1.50 41.74 38.52 44.30 46.42
4.45 9.35 2.48 1.53 41.76 38.57 44.24 46.36
4.57 9.40 2.57 1.72 41.62 38.50 44.07 45.82
4.65 9.66 2.64 1.65 41.55 38.41 43.96 46.00
4.12 8.66 2.27 1.43 42.12 38.94 44.64 46.63
4.08 8.55 2.28 1.40 42.18 39.00 44.62 46.76
4.11 8.68 2.24 1.42 42.15 38.95 44.70 46.70
4.26 8.75 2.42 1.60 41.95 38.85 44.36 46.16
4.52 9.38 2.47 1.71 41.67 38.53 44.25 45.86
4.37 9.15 2.37 1.59 41.83 38.64 44.43 46.18
4.54 9.57 2.43 1.60 41.67 38.46 44.31 46.16
4.77 10.19 2.52 1.62 41.43 38.15 44.17 46.12
4.70 9.97 2.46 1.66 41.54 38.29 44.28 46.04
5.03 10.75 2.65 1.68 41.23 37.94 43.96 45.98
5.35 11.66 2.69 1.69 40.93 37.55 43.88 45.95
5.36 11.71 2.72 1.64 40.90 37.51 43.81 46.08
4.71 10.19 2.48 1.46 41.47 38.13 44.23 46.58
4.27 9.19 2.22 1.42 41.90 38.57 44.72 46.77
3.64 7.96 1.86 1.10 42.55 39.15 45.45 47.76
3.11 6.86 1.60 0.86 43.22 39.78 46.09 48.80
2.73 5.99 1.53 0.68 43.77 40.36 46.28 49.78
2.45 5.34 1.41 0.59 44.25 40.86 46.64 50.41
2.35 5.16 1.34 0.56 44.41 41.01 46.85 50.69
2.10 4.66 1.21 0.42 44.91 41.45 47.30 51.84
2.06 4.62 1.16 0.39 44.99 41.48 47.47 52.18
2.03 4.55 1.16 0.40 45.05 41.55 47.49 52.16
2.01 4.36 1.16 0.52 45.10 41.74 47.50 50.98
2.18 4.64 1.27 0.63 44.75 41.46 47.11 50.13
2.07 4.42 1.20 0.59 44.97 41.68 47.33 50.43
1.80 3.83 1.05 0.50 45.59 42.30 47.92 51.12
1.79 3.84 1.07 0.47 45.60 42.29 47.86 51.42
1.74 3.74 1.02 0.47 45.72 42.41 48.04 51.46
1.92 4.07 1.17 0.52 45.30 42.04 47.46 50.94
2.06 4.41 1.21 0.55 45.00 41.68 47.31 50.77
1.97 4.25 1.12 0.53 45.19 41.85 47.63 50.86
1.82 3.92 1.03 0.51 45.53 42.19 48.01 51.06
1.81 3.87 1.05 0.51 45.56 42.26 47.93 51.06
1.83 3.94 1.03 0.52 45.50 42.17 47.99 50.94
1.99 4.33 1.11 0.53 45.15 41.77 47.70 50.86
2.40 5.15 1.31 0.74 44.33 41.02 46.95 49.44
2.52 5.34 1.38 0.87 44.11 40.86 46.75 48.77
2.94 6.15 1.61 1.06 43.45 40.24 46.08 47.87
3.19 6.71 1.77 1.09 43.09 39.86 45.65 47.74
3.45 7.05 1.96 1.34 42.75 39.65 45.21 46.85
3.96 8.09 2.22 1.57 42.15 39.05 44.66 46.18
4.67 9.61 2.71 1.68 41.44 38.30 43.80 45.87
4.34 8.88 2.52 1.62 41.76 38.65 44.12 46.03
3.86 7.96 2.25 1.37 42.27 39.12 44.62 46.77
3.83 8.08 2.13 1.29 42.30 39.06 44.85 47.03
3.54 7.28 2.05 1.29 42.64 39.51 45.02 47.03
3.27 6.59 1.90 1.30 42.99 39.94 45.33 46.99
3.40 6.67 2.04 1.49 42.81 39.89 45.04 46.39
3.10 6.02 1.88 1.39 43.22 40.33 45.39 46.69
2.93 5.65 1.78 1.37 43.46 40.61 45.63 46.77
2.49 4.62 1.58 1.29 44.16 41.49 46.16 47.04
2.66 4.81 1.67 1.50 43.88 41.31 45.90 46.38
2.18 4.02 1.41 1.10 44.75 42.08 46.65 47.71
2.63 5.03 1.60 1.27 43.93 41.12 46.09 47.09
2.69 5.13 1.66 1.29 43.83 41.03 45.94 47.05
2.56 4.92 1.57 1.19 44.05 41.21 46.18 47.38
2.54 4.93 1.52 1.17 44.08 41.20 46.30 47.44
2.71 5.28 1.57 1.27 43.81 40.91 46.16 47.09
2.77 5.39 1.64 1.28 43.70 40.81 45.97 47.06
2.97 5.80 1.76 1.36 43.40 40.50 45.69 46.79
3.00 5.82 1.74 1.45 43.36 40.49 45.71 46.52
3.18 6.12 1.88 1.53 43.11 40.26 45.39 46.29
3.22 6.25 1.84 1.57 43.05 40.17 45.48 46.17
3.07 6.08 1.77 1.35 43.26 40.29 45.66 46.82
2.91 5.80 1.74 1.18 43.50 40.50 45.73 47.41
3.15 6.34 1.91 1.22 43.14 40.11 45.33 47.29
3.29 6.66 1.94 1.27 42.96 39.90 45.25 47.09
3.39 6.91 2.01 1.26 42.83 39.74 45.11 47.13
3.37 7.06 2.00 1.04 42.86 39.65 45.11 47.95
3.77 8.20 2.07 1.06 42.36 38.99 44.98 47.88
4.16 9.06 2.27 1.13 41.94 38.56 44.56 47.59
4.35 9.15 2.40 1.50 41.75 38.52 44.33 46.36
4.23 8.92 2.46 1.31 41.87 38.63 44.23 46.97
3.76 7.92 2.12 1.25 42.37 39.14 44.87 47.15
3.17 6.57 1.84 1.10 43.12 39.95 45.47 47.72
2.85 6.03 1.62 0.90 43.58 40.33 46.04 48.57
2.44 5.13 1.40 0.78 44.26 41.03 46.66 49.21
2.22 4.70 1.29 0.67 44.67 41.41 47.04 49.85
2.08 4.42 1.18 0.64 44.95 41.67 47.41 50.04
2.18 4.60 1.21 0.73 44.75 41.50 47.31 49.52
2.21 4.64 1.24 0.76 44.69 41.46 47.22 49.34
2.31 4.82 1.29 0.83 44.49 41.30 47.03 48.95
2.33 4.87 1.29 0.83 44.46 41.26 47.03 48.92
2.44 5.08 1.37 0.86 44.27 41.07 46.76 48.81
2.51 5.27 1.40 0.86 44.13 40.91 46.68 48.76
2.52 5.33 1.38 0.85 44.12 40.86 46.72 48.86
2.44 5.16 1.33 0.83 44.26 41.00 46.89 48.96
2.53 5.41 1.38 0.80 44.10 40.80 46.73 49.09
2.43 5.20 1.33 0.78 44.27 40.97 46.91 49.24
2.42 5.23 1.31 0.72 44.29 40.95 46.97 49.54
2.27 4.95 1.23 0.65 44.56 41.19 47.25 50.03
2.15 4.74 1.13 0.59 44.81 41.38 47.62 50.41
1.95 4.46 0.97 0.40 45.24 41.64 48.28 52.07
1.77 4.05 0.90 0.35 45.66 42.06 48.60 52.64
1.83 4.09 0.97 0.43 45.51 42.01 48.28 51.81
2.17 4.75 1.19 0.59 44.76 41.37 47.39 50.41
2.29 4.93 1.32 0.63 44.52 41.20 46.91 50.17
2.39 5.11 1.44 0.65 44.34 41.05 46.56 50.03
2.27 4.77 1.42 0.63 44.56 41.35 46.60 50.15
2.36 4.97 1.50 0.63 44.39 41.17 46.38 50.16
2.57 5.46 1.66 0.59 44.03 40.76 45.93 50.43
2.75 5.87 1.74 0.62 43.74 40.45 45.71 50.18
2.78 5.87 1.70 0.76 43.69 40.44 45.82 49.36
2.74 5.81 1.70 0.70 43.76 40.49 45.83 49.65
2.52 5.33 1.57 0.65 44.12 40.86 46.16 50.03
2.46 5.17 1.49 0.73 44.22 40.99 46.40 49.52
2.15 4.47 1.37 0.63 44.80 41.63 46.77 50.17
2.14 4.41 1.37 0.64 44.82 41.68 46.75 50.06
1.94 3.96 1.26 0.61 45.25 42.15 47.14 50.31
1.74 3.56 1.11 0.56 45.72 42.62 47.69 50.66
1.65 3.37 1.06 0.53 45.95 42.85 47.88 50.94
1.68 3.48 1.05 0.53 45.86 42.71 47.91 50.92
1.69 3.46 1.10 0.52 45.84 42.73 47.72 50.98
1.86 3.88 1.19 0.52 45.43 42.25 47.38 50.94
1.76 3.67 1.12 0.50 45.68 42.49 47.65 51.16
1.58 3.41 0.98 0.36 46.14 42.80 48.23 52.59
1.48 3.15 0.93 0.36 46.43 43.15 48.44 52.60
1.54 3.34 0.92 0.36 46.26 42.90 48.49 52.56
1.78 3.72 1.12 0.50 45.62 42.43 47.62 51.15
1.72 3.60 1.08 0.49 45.77 42.58 47.79 51.23
1.58 3.25 1.03 0.47 46.14 43.01 48.01 51.41
1.63 3.43 1.04 0.43 46.01 42.78 47.98 51.83
1.53 3.24 0.98 0.37 46.28 43.02 48.22 52.51
1.49 3.22 0.92 0.34 46.38 43.05 48.48 52.78
1.54 3.20 0.98 0.42 46.27 43.08 48.20 51.87
1.57 3.27 1.01 0.45 46.16 43.00 48.11 51.57
1.55 3.22 0.99 0.43 46.24 43.06 48.19 51.77
1.85 3.85 1.18 0.53 45.46 42.28 47.41 50.92
2.18 4.26 1.46 0.80 44.76 41.84 46.49 49.09
2.36 4.43 1.61 1.05 44.39 41.67 46.06 47.90
2.58 4.78 1.66 1.28 44.02 41.33 45.92 47.05
2.85 5.16 1.86 1.53 43.58 41.01 45.44 46.28
3.17 5.61 2.10 1.79 43.12 40.64 44.92 45.59
3.10 5.33 2.12 1.87 43.21 40.87 44.88 45.42
2.94 4.96 2.02 1.85 43.45 41.18 45.08 45.47
2.87 4.71 2.02 1.89 43.55 41.40 45.09 45.37
2.79 4.55 2.03 1.79 43.68 41.56 45.06 45.60
2.66 4.40 1.83 1.76 43.87 41.70 45.51 45.66
2.65 4.21 1.89 1.86 43.90 41.89 45.38 45.44
2.66 4.19 1.91 1.89 43.88 41.91 45.31 45.38
2.39 3.73 1.68 1.77 44.34 42.42 45.87 45.65
2.51 4.02 1.71 1.79 44.14 42.09 45.80 45.60
2.47 3.94 1.63 1.83 44.21 42.17 46.02 45.51
2.61 4.32 1.77 1.75 43.96 41.78 45.66 45.70
2.66 4.13 1.89 1.95 43.89 41.98 45.36 45.23
2.68 4.34 1.84 1.86 43.85 41.76 45.49 45.43
2.21 3.51 1.42 1.70 44.69 42.69 46.62 45.83
2.20 3.47 1.43 1.72 44.70 42.75 46.57 45.79
2.22 3.48 1.40 1.78 44.68 42.73 46.69 45.62
2.82 4.57 1.93 1.96 43.63 41.53 45.28 45.22
2.87 4.71 1.95 1.97 43.54 41.41 45.24 45.19
2.94 4.73 2.05 2.03 43.45 41.38 45.00 45.04
2.95 4.64 2.10 2.11 43.43 41.46 44.91 44.88
2.95 4.67 2.13 2.04 43.44 41.44 44.85 45.04
3.03 4.83 2.31 1.96 43.32 41.29 44.49 45.22
3.40 5.58 2.48 2.15 42.81 40.67 44.19 44.80
3.58 5.93 2.73 2.09 42.59 40.40 43.77 44.94
3.75 6.29 2.78 2.19 42.39 40.15 43.69 44.73
3.76 6.50 2.73 2.06 42.37 40.00 43.78 44.98
3.88 6.50 2.87 2.30 42.24 40.01 43.55 44.52
3.96 6.88 2.74 2.25 42.16 39.76 43.76 44.61
4.63 8.18 3.23 2.49 41.47 39.00 43.04 44.18
5.01 8.85 3.41 2.77 41.13 38.66 42.81 43.71
5.22 9.20 3.35 3.11 40.95 38.49 42.88 43.20
4.72 8.17 3.10 2.90 41.39 39.01 43.22 43.51
4.16 7.47 2.61 2.39 41.95 39.40 43.97 44.35
4.33 7.98 2.59 2.40 41.77 39.11 43.99 44.33
3.70 6.52 2.36 2.21 42.45 39.99 44.40 44.69
3.43 6.24 2.05 2.01 42.77 40.18 45.01 45.10
3.13 5.74 1.80 1.84 43.18 40.54 45.59 45.48
2.95 5.61 1.61 1.63 43.44 40.65 46.07 46.01
2.86 5.44 1.60 1.54 43.57 40.78 46.09 46.26
2.54 4.80 1.44 1.38 44.09 41.32 46.56 46.75
2.91 5.63 1.64 1.45 43.50 40.63 45.98 46.52
2.67 5.19 1.58 1.25 43.87 40.98 46.15 47.18
2.54 5.01 1.48 1.12 44.09 41.13 46.43 47.64
2.62 5.20 1.48 1.18 43.95 40.97 46.43 47.41
2.45 4.78 1.42 1.14 44.24 41.33 46.60 47.57
2.35 4.55 1.41 1.10 44.42 41.55 46.65 47.74
2.56 5.02 1.45 1.20 44.05 41.12 46.51 47.34
2.50 4.89 1.43 1.17 44.16 41.24 46.58 47.44
2.47 4.84 1.40 1.18 44.20 41.29 46.68 47.39
2.43 4.82 1.38 1.11 44.27 41.30 46.74 47.68
2.57 5.17 1.43 1.10 44.03 40.99 46.56 47.71
2.92 5.99 1.66 1.13 43.47 40.36 45.94 47.61
3.20 6.53 1.78 1.31 43.08 39.99 45.64 46.96
3.23 6.53 1.81 1.34 43.04 39.98 45.55 46.88
3.17 6.46 1.78 1.28 43.12 40.03 45.64 47.07
3.18 6.53 1.81 1.20 43.10 39.98 45.55 47.34
3.54 7.43 1.98 1.22 42.64 39.42 45.16 47.26
3.81 8.14 2.06 1.24 42.32 39.02 44.99 47.22
4.13 8.88 2.25 1.26 41.97 38.65 44.61 47.12
3.94 8.56 2.15 1.12 42.17 38.80 44.81 47.64
4.08 8.87 2.18 1.18 42.03 38.65 44.74 47.42
3.60 7.85 1.88 1.06 42.57 39.18 45.40 47.86
3.01 6.58 1.55 0.89 43.35 39.95 46.23 48.65
2.85 6.25 1.49 0.82 43.58 40.17 46.40 48.99
2.59 5.75 1.34 0.68 43.99 40.53 46.85 49.78
2.31 5.23 1.18 0.53 44.49 40.95 47.41 50.87
2.12 4.76 1.15 0.46 44.86 41.35 47.53 51.48
2.19 4.97 1.16 0.46 44.72 41.17 47.47 51.55
2.19 4.90 1.22 0.45 44.73 41.23 47.28 51.53
2.28 5.09 1.29 0.47 44.55 41.07 47.03 51.45
2.37 5.31 1.34 0.47 44.38 40.88 46.87 51.41
2.29 5.12 1.27 0.47 44.54 41.03 47.10 51.44
2.09 4.68 1.16 0.42 44.94 41.43 47.48 51.93
1.95 4.36 1.08 0.39 45.24 41.73 47.79 52.23
2.12 4.83 1.15 0.38 44.86 41.29 47.53 52.29
2.05 4.66 1.10 0.39 45.01 41.45 47.73 52.18
2.21 4.90 1.21 0.51 44.69 41.23 47.30 51.05
2.21 4.92 1.20 0.49 44.69 41.21 47.33 51.20
2.09 4.72 1.10 0.46 44.93 41.40 47.72 51.51
1.97 4.39 1.07 0.44 45.19 41.71 47.83 51.68
1.93 4.30 1.07 0.44 45.27 41.80 47.85 51.70
1.89 4.23 1.10 0.35 45.36 41.87 47.73 52.68
2.07 4.63 1.21 0.36 44.98 41.48 47.28 52.55
2.31 5.17 1.34 0.41 44.50 41.00 46.87 52.01
2.41 5.38 1.42 0.42 44.32 40.82 46.60 51.93
2.55 5.73 1.48 0.45 44.06 40.55 46.44 51.59
2.65 5.93 1.55 0.47 43.90 40.40 46.22 51.44
2.81 6.37 1.58 0.48 43.64 40.09 46.14 51.30
2.76 6.21 1.60 0.47 43.73 40.20 46.09 51.46
2.73 6.10 1.59 0.50 43.77 40.28 46.11 51.15
2.56 5.72 1.51 0.45 44.05 40.55 46.35 51.58
2.33 5.19 1.38 0.43 44.45 40.98 46.73 51.79
2.26 5.00 1.32 0.45 44.59 41.14 46.93 51.58
2.05 4.46 1.27 0.41 45.02 41.64 47.10 51.96
1.88 4.06 1.19 0.39 45.39 42.05 47.37 52.21
1.83 4.00 1.12 0.35 45.52 42.11 47.64 52.67
1.47 3.17 0.98 0.26 46.45 43.12 48.22 53.91
1.50 3.19 1.00 0.32 46.37 43.09 48.15 53.11
1.44 2.98 0.94 0.40 46.56 43.40 48.42 52.16
1.60 3.26 1.01 0.53 46.09 43.00 48.07 50.92
1.73 3.49 1.13 0.56 45.76 42.70 47.59 50.66
1.68 3.36 1.12 0.55 45.88 42.87 47.64 50.70
1.65 3.30 1.10 0.55 45.95 42.94 47.70 50.73
1.62 3.24 1.09 0.53 46.03 43.02 47.77 50.87
1.65 3.36 1.07 0.53 45.95 42.88 47.84 50.89
1.71 3.48 1.11 0.52 45.81 42.72 47.66 50.94
1.72 3.50 1.14 0.52 45.78 42.69 47.58 50.95
1.65 3.32 1.10 0.54 45.95 42.92 47.73 50.80
1.66 3.37 1.09 0.53 45.92 42.85 47.77 50.88
1.65 3.38 1.05 0.53 45.95 42.85 47.91 50.93
1.63 3.33 1.02 0.53 46.02 42.91 48.04 50.92
1.62 3.32 1.02 0.51 46.04 42.91 48.05 51.06
1.68 3.42 1.10 0.51 45.88 42.79 47.72 51.02
1.71 3.46 1.09 0.58 45.80 42.74 47.75 50.51
2.10 4.08 1.50 0.72 44.91 42.03 46.35 49.56
2.20 4.42 1.51 0.66 44.72 41.68 46.35 49.92
2.48 4.84 1.70 0.92 44.18 41.29 45.83 48.51
2.73 5.16 1.78 1.24 43.77 41.00 45.61 47.21
3.06 5.40 2.13 1.65 43.27 40.80 44.85 45.95
3.04 5.31 2.11 1.71 43.30 40.88 44.89 45.79
2.81 4.71 2.01 1.72 43.64 41.40 45.10 45.77
2.52 4.01 1.89 1.65 44.12 42.10 45.35 45.95
2.28 3.46 1.67 1.69 44.56 42.74 45.91 45.84
2.29 3.59 1.67 1.62 44.53 42.58 45.90 46.04
2.40 3.67 1.75 1.77 44.33 42.48 45.70 45.64
2.35 3.64 1.68 1.72 44.42 42.52 45.88 45.76
2.35 3.66 1.63 1.76 44.42 42.50 46.02 45.67
2.61 4.07 1.99 1.77 43.96 42.03 45.15 45.64
2.96 4.75 2.30 1.84 43.42 41.37 44.51 45.49
2.80 4.46 2.14 1.80 43.66 41.64 44.83 45.59
3.12 5.14 2.34 1.89 43.19 41.02 44.43 45.37
3.12 5.04 2.29 2.04 43.19 41.11 44.53 45.04
3.18 5.21 2.23 2.11 43.10 40.96 44.64 44.90
3.47 5.79 2.48 2.12 42.73 40.50 44.19 44.87
3.29 5.46 2.34 2.08 42.96 40.76 44.44 44.95
3.32 5.50 2.43 2.03 42.92 40.73 44.28 45.05
3.36 5.69 2.49 1.92 42.86 40.58 44.18 45.30
3.41 5.66 2.63 1.95 42.80 40.60 43.94 45.22
3.31 5.40 2.53 2.01 42.93 40.81 44.10 45.11
3.30 5.62 2.35 1.92 42.95 40.63 44.42 45.29
3.37 5.76 2.57 1.79 42.85 40.53 44.02 45.61
3.11 5.17 2.44 1.73 43.20 40.99 44.26 45.76
3.54 6.14 2.59 1.92 42.63 40.25 44.00 45.31
3.66 6.13 2.67 2.18 42.50 40.26 43.87 44.75
4.07 6.88 2.96 2.39 42.03 39.76 43.42 44.35
4.03 6.96 2.76 2.37 42.08 39.71 43.73 44.37
4.15 7.05 2.98 2.42 41.95 39.65 43.39 44.30
4.59 8.06 3.22 2.48 41.51 39.06 43.06 44.19
5.28 9.30 3.58 2.95 40.91 38.45 42.59 43.43
5.54 9.84 3.69 3.09 40.69 38.20 42.46 43.22
5.48 9.73 3.60 3.12 40.74 38.25 42.57 43.19
4.97 8.71 3.28 2.91 41.17 38.73 42.98 43.49
4.64 8.22 2.87 2.85 41.46 38.98 43.56 43.59
4.42 7.91 2.79 2.54 41.68 39.15 43.67 44.08
4.17 7.69 2.69 2.15 41.92 39.28 43.83 44.82
3.94 7.22 2.67 1.94 42.17 39.55 43.87 45.24
3.96 7.54 2.48 1.88 42.15 39.36 44.19 45.40
3.67 7.11 2.27 1.64 42.48 39.62 44.58 45.97
3.56 6.90 2.19 1.60 42.62 39.75 44.73 46.09
3.28 6.43 2.00 1.42 42.97 40.05 45.12 46.62
3.68 7.31 2.18 1.55 42.47 39.49 44.74 46.23
3.29 6.38 2.07 1.42 42.96 40.09 44.97 46.62
3.54 7.07 2.23 1.32 42.64 39.64 44.66 46.91
3.18 6.46 1.86 1.22 43.11 40.03 45.43 47.29
3.55 7.18 2.14 1.32 42.63 39.57 44.82 46.91
3.67 7.24 2.23 1.56 42.48 39.54 44.66 46.19
3.67 7.25 2.28 1.47 42.49 39.52 44.56 46.45
2.98 5.89 1.85 1.21 43.38 40.42 45.46 47.30
2.96 5.94 1.82 1.13 43.41 40.39 45.52 47.58
2.88 5.73 1.74 1.17 43.54 40.55 45.71 47.46
3.10 6.14 1.83 1.32 43.23 40.25 45.51 46.94
3.35 6.68 2.03 1.35 42.88 39.89 45.07 46.84
3.37 6.84 1.97 1.32 42.85 39.78 45.20 46.94
3.49 7.16 2.02 1.30 42.70 39.58 45.08 46.98
3.97 8.32 2.27 1.33 42.14 38.93 44.58 46.89
3.73 7.71 2.09 1.38 42.42 39.26 44.94 46.74
3.97 8.23 2.29 1.39 42.15 38.98 44.53 46.70
4.22 8.96 2.31 1.37 41.88 38.61 44.48 46.74
4.46 9.56 2.45 1.38 41.64 38.33 44.24 46.76
4.12 8.82 2.21 1.32 41.98 38.68 44.68 46.94
3.68 7.90 2.01 1.14 42.47 39.16 45.09 47.58
3.31 7.11 1.78 1.05 42.93 39.61 45.61 47.94
2.84 6.17 1.50 0.85 43.59 40.23 46.36 48.87
2.55 5.53 1.41 0.70 44.07 40.71 46.63 49.66
2.35 5.10 1.33 0.61 44.42 41.05 46.90 50.24
2.18 4.77 1.19 0.59 44.74 41.35 47.37 50.40
2.09 4.63 1.18 0.47 44.92 41.48 47.40 51.43
1.96 4.31 1.13 0.45 45.21 41.78 47.61 51.65
1.92 4.25 1.08 0.45 45.29 41.85 47.78 51.66
1.92 4.18 1.10 0.48 45.29 41.92 47.71 51.31
2.09 4.43 1.23 0.61 44.92 41.67 47.22 50.26
2.03 4.29 1.21 0.59 45.05 41.80 47.31 50.42
1.77 3.74 1.05 0.50 45.66 42.40 47.94 51.11
1.78 3.76 1.07 0.50 45.64 42.38 47.84 51.18
1.71 3.61 1.04 0.49 45.80 42.56 47.95 51.25
1.82 3.81 1.12 0.53 45.53 42.32 47.66 50.87
2.02 4.26 1.22 0.59 45.07 41.84 47.26 50.43
1.93 4.09 1.16 0.56 45.27 42.02 47.49 50.68
1.87 4.00 1.08 0.54 45.41 42.11 47.80 50.80
1.81 3.86 1.05 0.53 45.54 42.26 47.92 50.89
1.79 3.82 1.02 0.54 45.59 42.31 48.05 50.79
1.83 3.95 1.04 0.49 45.52 42.16 47.95 51.28
2.20 4.67 1.24 0.71 44.70 41.44 47.22 49.63
2.65 5.52 1.49 0.93 43.90 40.71 46.39 48.44
2.80 5.82 1.55 1.03 43.66 40.48 46.23 48.03
3.05 6.40 1.66 1.08 43.29 40.07 45.93 47.79
3.38 6.97 1.87 1.30 42.84 39.70 45.41 46.99
3.67 7.51 2.07 1.43 42.48 39.38 44.98 46.58
4.34 8.91 2.54 1.58 41.75 38.63 44.08 46.14
4.13 8.47 2.37 1.53 41.98 38.85 44.38 46.27
4.23 8.82 2.40 1.45 41.87 38.67 44.33 46.51
3.85 8.09 2.15 1.30 42.28 39.05 44.80 46.98
3.70 7.70 2.13 1.25 42.45 39.26 44.85 47.16
3.28 6.74 1.90 1.22 42.97 39.85 45.35 47.27
3.47 6.85 2.02 1.56 42.72 39.77 45.08 46.21
3.25 6.33 1.99 1.42 43.02 40.11 45.15 46.60
2.94 5.66 1.80 1.35 43.45 40.60 45.58 46.83
2.57 4.79 1.63 1.29 44.03 41.33 46.01 47.04
2.59 4.74 1.64 1.40 44.00 41.38 45.97 46.67
