0.00 0.00 0.00 0.00 0.00 0.00 0.00 0.00
0.00 0.00 0.00 0.00 0.00 0.00 0.00 0.00
0.00 0.00 0.00 0.00 0.00 0.00 0.00 0.00
0.00 0.00 0.00 0.00 0.00 0.00 0.00 0.00
0.00 0.00 0.00 0.00 0.00 0.00 0.00 0.00
0.00 0.00 0.00 0.00 0.00 0.00 0.00 0.00
0.00 0.00 0.00 0.00 0.00 0.00 0.00 0.00
0.00 0.00 0.00 0.00 0.00 0.00 0.00 0.00
0.00 0.00 0.00 0.00 0.00 0.00 0.00 0.00
0.00 0.00 0.00 0.00 0.00 0.00 0.00 0.00
0.00 0.00 0.00 0.00 0.00 0.00 0.00 0.00
0.00 0.00 0.00 0.00 0.00 0.00 0.00 0.00
0.00 0.00 0.00 0.00 0.00 0.00 0.00 0.00
0.00 0.00 0.00 0.00 0.00 0.00 0.00 0.00
0.00 0.00 0.00 0.00 0.00 0.00 0.00 0.00
0.00 0.00 0.00 0.00 0.00 0.00 0.00 0.00
0.00 0.00 0.00 0.00 0.00 0.00 0.00 0.00
0.00 0.00 0.00 0.00 0.00 0.00 0.00 0.00
0.00 0.00 0.00 0.00 0.00 0.00 0.00 0.00
0.00 0.00 0.00 0.00 0.00 0.00 0.00 0.00
0.00 0.00 0.00 0.00 0.00 0.00 0.00 0.00
0.00 0.00 0.00 0.00 0.00 0.00 0.00 0.00
0.00 0.00 0.00 0.00 0.00 0.00 0.00 0.00
0.00 0.00 0.00 0.00 0.00 0.00 0.00 0.00
0.00 0.00 0.00 0.00 0.00 0.00 0.00 0.00
0.00 0.00 0.00 0.00 0.00 0.00 0.00 0.00
0.00 0.00 0.00 0.00 0.00 0.00 0.00 0.00
0.00 0.00 0.00 0.00 0.00 0.00 0.00 0.00
0.00 0.00 0.00 0.00 0.00 0.00 0.00 0.00
0.00 0.00 0.00 0.00 0.00 0.00 0.00 0.00
1.15 8.91 0.03 0.00 1.84 2.74 0.27 0.06
1.60 11.69 0.08 0.01 2.47 3.51 0.61 0.17
1.74 12.79 0.08 0.01 2.66 3.79 0.61 0.26
1.99 14.33 0.11 0.01 2.87 3.94 0.83 0.30
1.60 11.69 0.09 0.01 2.51 3.50 0.68 0.17
1.68 12.49 0.07 0.01 2.63 3.69 0.57 0.20
1.59 11.55 0.09 0.01 2.56 3.49 0.71 0.25
1.74 12.53 0.10 0.01 2.77 3.78 0.78 0.29
1.59 11.32 0.10 0.01 2.84 3.80 0.92 0.28
1.24 9.07 0.06 0.01 2.75 3.64 0.79 0.27
1.34 9.93 0.07 0.00 3.24 4.10 0.99 0.35
1.66 11.95 0.12 0.01 3.97 4.87 1.59 0.53
1.43 10.39 0.08 0.01 3.20 4.24 0.90 0.38
1.62 11.46 0.11 0.01 2.94 3.87 0.91 0.47
2.01 13.79 0.21 0.01 3.11 4.00 1.31 0.28
1.87 13.07 0.17 0.01 2.88 3.83 1.00 0.31
1.73 12.18 0.16 0.00 2.76 3.70 1.02 0.12
2.18 15.31 0.21 0.00 3.00 3.95 1.09 0.21
2.43 16.81 0.26 0.00 3.06 3.98 1.20 0.24
2.07 14.45 0.19 0.01 2.59 3.48 0.90 0.20
2.02 13.72 0.24 0.00 2.59 3.39 1.12 0.17
1.95 14.04 0.13 0.01 2.49 3.38 0.71 0.19
2.05 14.51 0.18 0.00 2.87 3.83 1.03 0.15
1.45 10.71 0.09 0.00 2.56 3.56 0.68 0.12
0.94 6.61 0.08 0.00 2.13 2.99 0.66 0.12
0.80 5.70 0.07 0.00 2.01 2.89 0.53 0.15
0.74 5.07 0.07 0.00 2.43 3.36 0.85 0.19
0.82 5.50 0.10 0.00 2.76 3.72 1.20 0.15
0.68 4.62 0.08 0.00 2.61 3.59 1.02 0.17
0.68 4.51 0.09 0.00 2.31 3.14 1.01 0.21
0.04 0.17 0.02 0.00 0.19 0.20 0.21 0.12
0.02 0.08 0.02 0.00 0.11 0.09 0.19 0.16
0.01 0.01 0.01 0.00 0.03 0.02 0.10 0.03
0.00 0.00 0.00 0.00 0.01 0.01 0.06 0.04
0.00 0.00 0.00 0.00 0.01 0.00 0.02 0.03
0.00 0.00 0.00 0.00 0.00 0.00 0.02 0.03
0.00 0.00 0.00 0.00 0.00 0.00 0.01 0.03
0.00 0.00 0.00 0.00 0.00 0.00 0.00 0.02
0.00 0.00 0.00 0.00 0.00 0.00 0.01 0.03
0.00 0.00 0.00 0.00 0.00 0.00 0.01 0.01
0.00 0.00 0.00 0.00 0.00 0.00 0.00 0.03
0.00 0.00 0.00 0.00 0.00 0.00 0.00 0.02
0.00 0.00 0.00 0.00 0.00 0.00 0.01 0.01
0.00 0.00 0.00 0.00 0.00 0.00 0.00 0.00
0.00 0.00 0.00 0.00 0.01 0.01 0.00 0.02
0.00 0.00 0.00 0.00 0.00 0.00 0.00 0.01
0.00 0.00 0.00 0.00 0.00 0.00 0.00 0.01
0.00 0.00 0.00 0.00 0.00 0.00 0.01 0.00
0.00 0.00 0.00 0.00 0.00 0.00 0.01 0.01
0.00 0.00 0.00 0.00 0.00 0.00 0.01 0.00
0.00 0.00 0.00 0.00 0.00 0.00 0.01 0.01
0.00 0.00 0.00 0.00 0.00 0.00 0.00 0.00
0.00 0.00 0.00 0.00 0.00 0.00 0.00 0.01
0.00 0.00 0.00 0.00 0.00 0.00 0.00 0.00
0.00 0.00 0.00 0.00 0.00 0.00 0.00 0.00
0.00 0.00 0.00 0.00 0.00 0.00 0.00 0.00
0.00 0.00 0.00 0.00 0.00 0.00 0.01 0.00
0.00 0.00 0.00 0.00 0.00 0.00 0.00 0.00
0.00 0.00 0.00 0.00 0.00 0.00 0.00 0.00
0.00 0.00 0.00 0.00 0.00 0.00 0.01 0.00
0.00 0.00 0.00 0.00 0.00 0.01 0.00 0.00
0.01 0.04 0.00 0.00 0.02 0.04 0.01 0.01
0.01 0.03 0.00 0.00 0.02 0.03 0.01 0.01
0.01 0.05 0.00 0.00 0.03 0.05 0.02 0.02
0.01 0.04 0.00 0.00 0.03 0.05 0.02 0.02
0.01 0.05 0.00 0.00 0.03 0.07 0.01 0.01
0.01 0.03 0.00 0.00 0.03 0.05 0.02 0.01
0.00 0.03 0.00 0.00 0.01 0.02 0.00 0.01
0.01 0.03 0.00 0.00 0.01 0.02 0.01 0.00
0.00 0.01 0.00 0.00 0.01 0.01 0.00 0.01
0.00 0.01 0.00 0.00 0.00 0.01 0.01 0.01
0.01 0.02 0.00 0.00 0.01 0.02 0.01 0.02
0.00 0.01 0.00 0.00 0.01 0.01 0.01 0.00
0.00 0.01 0.00 0.00 0.01 0.01 0.00 0.00
0.00 0.01 0.00 0.00 0.00 0.01 0.00 0.00
0.00 0.02 0.00 0.00 0.00 0.01 0.00 0.00
0.00 0.01 0.00 0.00 0.00 0.00 0.00 0.00
0.00 0.00 0.00 0.00 0.00 0.00 0.00 0.00
0.00 0.00 0.00 0.00 0.00 0.00 0.00 0.00
0.00 0.01 0.00 0.00 0.00 0.00 0.00 0.00
0.00 0.01 0.00 0.00 0.00 0.00 0.00 0.00
0.00 0.01 0.00 0.00 0.00 0.00 0.00 0.00
0.00 0.01 0.00 0.00 0.00 0.00 0.00 0.00
0.00 0.01 0.00 0.00 0.00 0.00 0.00 0.00
0.00 0.01 0.00 0.00 0.00 0.00 0.00 0.01
0.00 0.01 0.00 0.00 0.00 0.00 0.00 0.00
0.00 0.02 0.00 0.00 0.01 0.01 0.01 0.00
0.00 0.02 0.00 0.00 0.01 0.01 0.01 0.00
0.01 0.05 0.00 0.00 0.03 0.03 0.04 0.03
0.01 0.03 0.00 0.00 0.02 0.02 0.02 0.04
0.00 0.01 0.00 0.00 0.01 0.01 0.00 0.01
0.02 0.07 0.00 0.01 0.04 0.04 0.02 0.07
0.01 0.03 0.00 0.00 0.02 0.02 0.01 0.03
0.01 0.03 0.00 0.00 0.02 0.02 0.01 0.03
0.00 0.02 0.00 0.00 0.01 0.01 0.01 0.01
0.00 0.01 0.00 0.00 0.01 0.01 0.00 0.01
0.01 0.03 0.00 0.00 0.02 0.02 0.02 0.01
0.00 0.02 0.00 0.00 0.01 0.01 0.02 0.00
0.00 0.01 0.00 0.00 0.00 0.01 0.00 0.01
0.00 0.01 0.00 0.00 0.00 0.00 0.01 0.01
0.00 0.00 0.00 0.00 0.00 0.00 0.00 0.00
0.00 0.01 0.00 0.00 0.00 0.00 0.01 0.00
0.00 0.01 0.00 0.00 0.00 0.00 0.01 0.01
0.00 0.01 0.00 0.00 0.00 0.01 0.00 0.00
0.00 0.01 0.00 0.00 0.00 0.00 0.00 0.00
0.00 0.01 0.00 0.00 0.00 0.01 0.00 0.01
0.00 0.01 0.00 0.00 0.00 0.00 0.00 0.01
0.00 0.00 0.00 0.00 0.00 0.00 0.00 0.00
0.00 0.00 0.00 0.00 0.00 0.00 0.00 0.01
0.00 0.00 0.00 0.00 0.00 0.00 0.00 0.00
0.00 0.00 0.00 0.00 0.00 0.00 0.00 0.00
0.00 0.01 0.00 0.00 0.00 0.00 0.00 0.01
0.00 0.00 0.00 0.00 0.00 0.00 0.00 0.00
0.00 0.00 0.00 0.00 0.00 0.00 0.01 0.00
0.00 0.01 0.00 0.00 0.00 0.00 0.00 0.00
0.00 0.01 0.00 0.00 0.00 0.00 0.01 0.01
0.00 0.00 0.00 0.00 0.00 0.00 0.01 0.01
0.00 0.01 0.00 0.00 0.01 0.01 0.00 0.03
0.00 0.00 0.00 0.00 0.00 0.00 0.00 0.04
0.00 0.00 0.00 0.00 0.00 0.00 0.01 0.03
0.00 0.00 0.00 0.00 0.00 0.00 0.01 0.02
0.00 0.00 0.00 0.00 0.00 0.00 0.00 0.03
0.00 0.01 0.00 0.00 0.00 0.00 0.00 0.03
0.00 0.00 0.00 0.00 0.00 0.00 0.01 0.05
0.00 0.01 0.00 0.00 0.01 0.01 0.01 0.08
0.00 0.00 0.00 0.00 0.00 0.00 0.00 0.07
0.00 0.01 0.00 0.00 0.01 0.01 0.01 0.05
0.00 0.01 0.00 0.00 0.00 0.01 0.01 0.04
0.00 0.00 0.00 0.00 0.00 0.00 0.01 0.02
0.00 0.00 0.00 0.00 0.00 0.00 0.01 0.02
0.00 0.00 0.00 0.00 0.00 0.00 0.01 0.04
0.00 0.00 0.00 0.00 0.00 0.00 0.00 0.01
0.00 0.00 0.00 0.00 0.00 0.00 0.00 0.01
0.00 0.00 0.00 0.00 0.00 0.00 0.00 0.01
0.00 0.00 0.00 0.00 0.00 0.00 0.01 0.02
0.00 0.01 0.00 0.00 0.01 0.00 0.01 0.00
0.00 0.00 0.00 0.00 0.00 0.00 0.01 0.01
0.00 0.01 0.00 0.00 0.00 0.00 0.01 0.01
0.00 0.02 0.00 0.00 0.01 0.01 0.02 0.01
0.00 0.00 0.00 0.00 0.00 0.00 0.00 0.01
0.01 0.03 0.00 0.00 0.01 0.02 0.01 0.01
0.01 0.07 0.01 0.00 0.04 0.03 0.05 0.03
0.00 0.01 0.00 0.00 0.00 0.00 0.01 0.01
0.01 0.03 0.00 0.00 0.02 0.03 0.01 0.05
0.00 0.00 0.00 0.00 0.00 0.00 0.01 0.02
0.00 0.00 0.00 0.00 0.00 0.00 0.01 0.02
0.00 0.00 0.00 0.00 0.00 0.00 0.01 0.01
0.00 0.00 0.00 0.00 0.00 0.00 0.01 0.04
0.00 0.01 0.00 0.00 0.01 0.01 0.01 0.01
0.00 0.01 0.00 0.00 0.01 0.01 0.01 0.02
0.00 0.00 0.00 0.00 0.00 0.00 0.00 0.01
0.00 0.00 0.00 0.00 0.00 0.00 0.00 0.01
0.00 0.00 0.00 0.00 0.00 0.00 0.01 0.01
0.00 0.00 0.00 0.00 0.00 0.00 0.00 0.00
0.00 0.01 0.00 0.00 0.01 0.01 0.01 0.01
0.00 0.00 0.00 0.00 0.01 0.01 0.01 0.01
0.00 0.00 0.00 0.00 0.00 0.00 0.00 0.01
0.00 0.00 0.00 0.00 0.00 0.00 0.00 0.00
0.00 0.00 0.00 0.00 0.00 0.01 0.00 0.01
0.00 0.00 0.00 0.00 0.00 0.01 0.01 0.01
0.00 0.00 0.00 0.00 0.00 0.01 0.00 0.00
0.00 0.01 0.00 0.00 0.01 0.01 0.00 0.01
0.00 0.00 0.00 0.00 0.00 0.00 0.00 0.02
0.00 0.01 0.00 0.00 0.01 0.01 0.01 0.01
0.00 0.00 0.00 0.00 0.00 0.00 0.00 0.01
0.00 0.00 0.00 0.00 0.00 0.00 0.01 0.01
0.00 0.00 0.00 0.00 0.00 0.00 0.00 0.01
0.00 0.00 0.00 0.00 0.00 0.00 0.00 0.01
0.00 0.00 0.00 0.00 0.00 0.00 0.00 0.01
0.00 0.00 0.00 0.00 0.00 0.00 0.00 0.00
0.00 0.00 0.00 0.00 0.00 0.00 0.01 0.01
0.00 0.00 0.00 0.00 0.00 0.00 0.00 0.00
0.00 0.00 0.00 0.00 0.00 0.00 0.00 0.00
0.00 0.00 0.00 0.00 0.00 0.00 0.00 0.00
0.00 0.00 0.00 0.00 0.00 0.00 0.00 0.00
0.00 0.00 0.00 0.00 0.00 0.00 0.00 0.00
0.00 0.01 0.00 0.00 0.01 0.01 0.01 0.00
0.00 0.00 0.00 0.00 0.00 0.00 0.01 0.00
0.00 0.01 0.00 0.00 0.00 0.01 0.00 0.00
0.00 0.00 0.00 0.00 0.00 0.00 0.00 0.00
0.00 0.01 0.00 0.00 0.00 0.01 0.00 0.00
0.00 0.01 0.00 0.00 0.00 0.01 0.00 0.00
0.00 0.01 0.00 0.00 0.00 0.01 0.00 0.00
0.00 0.01 0.00 0.00 0.00 0.01 0.00 0.00
0.00 0.01 0.00 0.00 0.00 0.01 0.00 0.00
0.00 0.01 0.00 0.00 0.00 0.01 0.00 0.00
0.00 0.02 0.00 0.00 0.01 0.01 0.00 0.01
0.00 0.01 0.00 0.00 0.00 0.00 0.00 0.01
0.00 0.01 0.00 0.00 0.00 0.00 0.00 0.00
0.01 0.03 0.00 0.00 0.01 0.02 0.01 0.01
0.00 0.03 0.00 0.00 0.01 0.02 0.01 0.00
0.00 0.01 0.00 0.00 0.01 0.01 0.01 0.01
0.00 0.01 0.00 0.00 0.01 0.01 0.01 0.01
0.00 0.01 0.00 0.00 0.00 0.01 0.00 0.00
0.00 0.02 0.00 0.00 0.00 0.01 0.00 0.00
0.00 0.01 0.00 0.00 0.00 0.00 0.00 0.00
0.02 0.04 0.01 0.03 0.02 0.01 0.02 0.08
0.01 0.02 0.01 0.01 0.01 0.01 0.01 0.03
0.00 0.01 0.00 0.01 0.00 0.00 0.00 0.01
0.02 0.04 0.01 0.02 0.02 0.01 0.02 0.05
0.04 0.09 0.01 0.03 0.02 0.02 0.01 0.06
0.01 0.02 0.01 0.01 0.00 0.00 0.01 0.01
0.01 0.01 0.00 0.01 0.00 0.00 0.00 0.03
0.03 0.07 0.01 0.02 0.03 0.02 0.03 0.05
0.01 0.03 0.00 0.01 0.01 0.01 0.01 0.03
0.09 0.27 0.03 0.03 0.09 0.09 0.09 0.12
0.02 0.05 0.01 0.01 0.02 0.02 0.02 0.05
0.01 0.04 0.00 0.00 0.01 0.01 0.01 0.02
0.04 0.15 0.01 0.01 0.06 0.06 0.05 0.08
0.00 0.01 0.00 0.00 0.00 0.00 0.01 0.01
0.00 0.00 0.00 0.00 0.00 0.00 0.00 0.01
0.00 0.00 0.00 0.00 0.00 0.00 0.00 0.00
0.00 0.00 0.00 0.00 0.00 0.00 0.00 0.01
0.00 0.00 0.00 0.00 0.00 0.00 0.00 0.01
0.00 0.00 0.00 0.00 0.00 0.00 0.00 0.01
0.00 0.00 0.00 0.00 0.00 0.00 0.00 0.00
0.00 0.01 0.00 0.00 0.00 0.00 0.00 0.00
0.00 0.00 0.00 0.00 0.00 0.00 0.00 0.00
0.00 0.00 0.00 0.00 0.00 0.00 0.00 0.01
0.00 0.00 0.00 0.00 0.00 0.00 0.00 0.01
0.00 0.00 0.00 0.00 0.00 0.00 0.00 0.00
0.00 0.00 0.00 0.00 0.00 0.00 0.00 0.00
0.00 0.00 0.00 0.00 0.00 0.00 0.00 0.00
0.00 0.00 0.00 0.00 0.00 0.00 0.00 0.00
0.00 0.00 0.00 0.00 0.00 0.00 0.00 0.00
0.00 0.00 0.00 0.00 0.00 0.00 0.00 0.00
0.00 0.00 0.00 0.00 0.00 0.00 0.00 0.00
0.00 0.00 0.00 0.00 0.00 0.00 0.00 0.00
0.00 0.00 0.00 0.00 0.00 0.00 0.00 0.00
0.00 0.00 0.00 0.00 0.00 0.00 0.00 0.00
0.00 0.00 0.00 0.00 0.00 0.00 0.00 0.00
0.00 0.00 0.00 0.00 0.00 0.00 0.00 0.00
0.00 0.00 0.00 0.00 0.00 0.00 0.00 0.00
0.00 0.00 0.00 0.00 0.00 0.00 0.00 0.00
0.00 0.00 0.00 0.00 0.00 0.00 0.00 0.00
0.00 0.00 0.00 0.00 0.00 0.00 0.00 0.00
0.00 0.00 0.00 0.00 0.00 0.00 0.00 0.00
0.00 0.00 0.00 0.00 0.00 0.00 0.00 0.00
0.00 0.00 0.00 0.00 0.00 0.00 0.00 0.00
0.00 0.00 0.00 0.00 0.00 0.00 0.00 0.00
0.00 0.00 0.00 0.00 0.00 0.00 0.01 0.00
0.00 0.01 0.00 0.00 0.01 0.01 0.01 0.02
0.00 0.01 0.00 0.00 0.01 0.01 0.01 0.01
0.00 0.01 0.00 0.00 0.01 0.01 0.02 0.04
0.00 0.01 0.00 0.00 0.01 0.01 0.01 0.00
0.00 0.01 0.00 0.00 0.00 0.01 0.00 0.01
0.00 0.00 0.00 0.00 0.00 0.00 0.00 0.01
0.00 0.00 0.00 0.00 0.00 0.00 0.01 0.01
0.00 0.01 0.00 0.00 0.01 0.01 0.02 0.01
0.00 0.00 0.00 0.00 0.00 0.00 0.01 0.02
0.00 0.00 0.00 0.00 0.00 0.00 0.01 0.02
0.00 0.00 0.00 0.00 0.00 0.00 0.01 0.04
0.00 0.00 0.00 0.00 0.00 0.00 0.00 0.04
0.00 0.01 0.00 0.00 0.01 0.01 0.00 0.02
0.00 0.01 0.00 0.00 0.00 0.01 0.00 0.02
0.00 0.01 0.00 0.00 0.00 0.00 0.00 0.01
0.00 0.01 0.00 0.00 0.00 0.00 0.00 0.02
0.00 0.00 0.00 0.00 0.00 0.00 0.00 0.01
0.02 0.07 0.00 0.01 0.02 0.02 0.01 0.06
0.00 0.02 0.00 0.00 0.00 0.00 0.00 0.00
0.00 0.01 0.00 0.00 0.00 0.00 0.00 0.00
0.00 0.01 0.00 0.00 0.00 0.00 0.00 0.00
0.00 0.00 0.00 0.00 0.00 0.00 0.01 0.01
0.00 0.00 0.00 0.00 0.00 0.00 0.00 0.01
0.00 0.00 0.00 0.00 0.00 0.00 0.01 0.00
0.01 0.03 0.00 0.00 0.01 0.02 0.01 0.02
0.00 0.01 0.00 0.00 0.00 0.00 0.01 0.01
0.00 0.02 0.00 0.00 0.01 0.01 0.01 0.00
0.00 0.01 0.00 0.00 0.00 0.01 0.01 0.00
0.00 0.00 0.00 0.00 0.00 0.00 0.01 0.00
0.00 0.00 0.00 0.00 0.00 0.00 0.01 0.01
0.00 0.00 0.00 0.00 0.00 0.00 0.01 0.02
0.00 0.00 0.00 0.00 0.00 0.00 0.01 0.01
0.00 0.01 0.00 0.00 0.01 0.00 0.01 0.01
0.00 0.00 0.00 0.00 0.00 0.00 0.00 0.01
0.00 0.01 0.00 0.00 0.01 0.01 0.00 0.02
0.00 0.00 0.00 0.00 0.00 0.00 0.01 0.01
0.00 0.00 0.00 0.00 0.00 0.00 0.01 0.01
0.00 0.01 0.00 0.00 0.00 0.01 0.01 0.01
0.00 0.00 0.00 0.00 0.00 0.00 0.00 0.01
0.00 0.00 0.00 0.00 0.00 0.00 0.01 0.01
0.00 0.01 0.00 0.00 0.00 0.00 0.00 0.01
0.00 0.01 0.00 0.00 0.00 0.00 0.00 0.00
0.00 0.01 0.00 0.00 0.01 0.00 0.01 0.02
0.00 0.01 0.00 0.00 0.01 0.01 0.01 0.02
0.00 0.00 0.00 0.00 0.00 0.00 0.01 0.02
0.00 0.00 0.00 0.00 0.00 0.00 0.00 0.01
0.00 0.00 0.00 0.00 0.00 0.00 0.00 0.00
0.00 0.00 0.00 0.00 0.00 0.00 0.00 0.01
0.00 0.00 0.00 0.00 0.00 0.00 0.01 0.02
0.00 0.00 0.00 0.00 0.00 0.00 0.01 0.01
0.00 0.01 0.00 0.00 0.00 0.00 0.01 0.01
0.00 0.00 0.00 0.00 0.00 0.00 0.01 0.01
0.00 0.01 0.00 0.00 0.01 0.00 0.01 0.02
0.00 0.01 0.00 0.00 0.01 0.01 0.01 0.02
0.00 0.01 0.00 0.00 0.01 0.01 0.02 0.03
0.00 0.00 0.00 0.00 0.01 0.00 0.01 0.03
0.00 0.02 0.00 0.00 0.02 0.02 0.02 0.03
0.01 0.04 0.00 0.00 0.03 0.03 0.03 0.05
0.01 0.03 0.00 0.00 0.02 0.02 0.02 0.03
0.00 0.00 0.00 0.00 0.00 0.00 0.01 0.01
0.00 0.00 0.00 0.00 0.00 0.00 0.01 0.01
0.00 0.00 0.00 0.00 0.00 0.00 0.01 0.01
0.00 0.01 0.00 0.00 0.00 0.00 0.00 0.01
0.00 0.00 0.00 0.00 0.00 0.00 0.01 0.01
0.00 0.00 0.00 0.00 0.00 0.00 0.00 0.01
0.00 0.00 0.00 0.00 0.00 0.00 0.01 0.01
0.00 0.00 0.00 0.00 0.00 0.00 0.00 0.00
0.00 0.00 0.00 0.00 0.00 0.00 0.01 0.02
0.00 0.00 0.00 0.00 0.00 0.00 0.01 0.02
0.00 0.00 0.00 0.00 0.00 0.00 0.01 0.01
0.00 0.00 0.00 0.00 0.00 0.00 0.00 0.01
0.00 0.00 0.00 0.00 0.00 0.00 0.01 0.01
0.00 0.00 0.00 0.00 0.00 0.00 0.00 0.03
0.00 0.00 0.00 0.00 0.00 0.00 0.00 0.01
0.00 0.00 0.00 0.00 0.00 0.00 0.01 0.01
0.00 0.00 0.00 0.00 0.00 0.00 0.00 0.01
0.00 0.00 0.00 0.00 0.00 0.00 0.00 0.02
0.00 0.00 0.00 0.00 0.00 0.00 0.00 0.01
0.00 0.00 0.00 0.00 0.00 0.00 0.00 0.01
0.00 0.00 0.00 0.00 0.00 0.00 0.00 0.00
0.00 0.00 0.00 0.00 0.00 0.00 0.01 0.01
0.00 0.00 0.00 0.00 0.00 0.00 0.01 0.01
0.00 0.00 0.00 0.00 0.00 0.00 0.01 0.00
0.00 0.00 0.00 0.00 0.00 0.00 0.01 0.01
0.00 0.00 0.00 0.00 0.00 0.00 0.01 0.01
0.00 0.00 0.00 0.00 0.00 0.01 0.02 0.02
0.00 0.00 0.00 0.00 0.00 0.00 0.01 0.01
0.00 0.00 0.00 0.00 0.00 0.00 0.01 0.02
0.00 0.00 0.00 0.00 0.00 0.01 0.01 0.02
0.00 0.00 0.00 0.00 0.00 0.00 0.01 0.02
0.00 0.00 0.00 0.00 0.00 0.00 0.01 0.02
0.00 0.00 0.00 0.00 0.00 0.00 0.01 0.02
0.00 0.00 0.00 0.00 0.00 0.00 0.01 0.02
0.00 0.00 0.00 0.00 0.00 0.00 0.01 0.03
0.00 0.00 0.00 0.00 0.00 0.00 0.01 0.03
0.00 0.00 0.00 0.00 0.00 0.00 0.01 0.03
0.00 0.00 0.00 0.00 0.01 0.00 0.02 0.03
0.00 0.00 0.00 0.00 0.00 0.00 0.01 0.02
0.00 0.00 0.00 0.00 0.00 0.00 0.01 0.03
0.00 0.00 0.00 0.00 0.01 0.01 0.01 0.02
0.00 0.00 0.00 0.00 0.00 0.00 0.01 0.03
0.00 0.00 0.00 0.00 0.00 0.00 0.00 0.02
0.00 0.00 0.00 0.00 0.00 0.00 0.01 0.02
0.00 0.00 0.00 0.00 0.01 0.01 0.01 0.03
0.00 0.01 0.00 0.00 0.00 0.01 0.00 0.00
0.00 0.00 0.00 0.00 0.00 0.00 0.01 0.00
0.00 0.00 0.00 0.00 0.00 0.00 0.01 0.00
0.00 0.00 0.00 0.00 0.00 0.00 0.00 0.00
0.00 0.00 0.00 0.00 0.00 0.00 0.01 0.00
0.00 0.01 0.00 0.00 0.00 0.00 0.01 0.00
0.00 0.00 0.00 0.00 0.00 0.00 0.00 0.00
0.00 0.00 0.00 0.00 0.00 0.00 0.00 0.00
0.00 0.00 0.00 0.00 0.00 0.00 0.01 0.00
0.00 0.00 0.00 0.00 0.00 0.00 0.00 0.00
0.00 0.00 0.00 0.00 0.00 0.00 0.00 0.00
0.00 0.01 0.00 0.00 0.00 0.01 0.00 0.00
0.00 0.00 0.00 0.00 0.00 0.00 0.00 0.00
0.00 0.00 0.00 0.00 0.00 0.01 0.00 0.00
0.00 0.01 0.00 0.00 0.00 0.01 0.00 0.00
0.00 0.01 0.00 0.01 0.01 0.01 0.01 0.03
0.01 0.04 0.00 0.02 0.03 0.03 0.01 0.09
0.03 0.10 0.01 0.01 0.07 0.10 0.06 0.05
0.02 0.06 0.01 0.01 0.04 0.05 0.03 0.06
0.01 0.03 0.00 0.01 0.03 0.04 0.04 0.03
0.01 0.02 0.00 0.00 0.02 0.03 0.01 0.02
0.01 0.02 0.00 0.00 0.02 0.03 0.02 0.02
0.00 0.02 0.00 0.00 0.01 0.01 0.01 0.01
0.00 0.01 0.00 0.00 0.01 0.01 0.01 0.02
0.01 0.02 0.00 0.01 0.01 0.02 0.01 0.03
0.00 0.01 0.00 0.00 0.01 0.01 0.00 0.02
0.00 0.01 0.00 0.00 0.00 0.00 0.00 0.00
0.00 0.02 0.00 0.00 0.00 0.01 0.01 0.00
0.00 0.01 0.00 0.00 0.00 0.00 0.00 0.01
0.00 0.01 0.00 0.00 0.00 0.01 0.01 0.01
0.00 0.01 0.00 0.01 0.01 0.00 0.00 0.02
0.01 0.03 0.00 0.01 0.01 0.01 0.01 0.03
0.01 0.02 0.00 0.01 0.01 0.01 0.00 0.03
0.01 0.03 0.01 0.01 0.01 0.01 0.02 0.03
0.00 0.01 0.00 0.00 0.00 0.00 0.01 0.00
0.00 0.00 0.00 0.00 0.00 0.00 0.01 0.00
0.00 0.00 0.00 0.00 0.00 0.00 0.00 0.00
0.00 0.00 0.00 0.00 0.00 0.00 0.00 0.00
0.00 0.00 0.00 0.00 0.00 0.00 0.01 0.00
0.00 0.00 0.00 0.00 0.00 0.00 0.00 0.00
0.00 0.00 0.00 0.00 0.00 0.00 0.00 0.00
0.00 0.01 0.00 0.00 0.00 0.00 0.00 0.00
0.00 0.00 0.00 0.00 0.00 0.00 0.00 0.01
0.00 0.01 0.00 0.00 0.00 0.00 0.00 0.01
0.00 0.01 0.00 0.00 0.00 0.00 0.00 0.00
0.00 0.01 0.00 0.00 0.00 0.01 0.01 0.00
0.00 0.03 0.00 0.00 0.01 0.02 0.00 0.00
0.01 0.04 0.00 0.00 0.02 0.02 0.01 0.01
0.01 0.05 0.00 0.00 0.02 0.03 0.01 0.00
0.00 0.03 0.00 0.00 0.01 0.02 0.01 0.01
0.01 0.03 0.00 0.00 0.01 0.02 0.02 0.00
0.01 0.04 0.00 0.00 0.02 0.03 0.02 0.01
0.01 0.05 0.00 0.00 0.02 0.03 0.02 0.01
0.01 0.04 0.00 0.00 0.02 0.02 0.01 0.01
0.01 0.05 0.00 0.00 0.02 0.03 0.01 0.00
0.01 0.04 0.00 0.00 0.01 0.03 0.01 0.01
0.00 0.03 0.00 0.00 0.01 0.02 0.01 0.01
0.00 0.03 0.00 0.00 0.01 0.01 0.00 0.01
0.01 0.04 0.00 0.00 0.01 0.02 0.00 0.01
0.00 0.02 0.00 0.00 0.00 0.01 0.00 0.01
0.00 0.01 0.00 0.00 0.00 0.00 0.00 0.00
0.01 0.03 0.00 0.00 0.01 0.01 0.01 0.01
0.01 0.02 0.00 0.00 0.01 0.01 0.02 0.01
0.00 0.02 0.00 0.00 0.00 0.00 0.01 0.00
0.00 0.03 0.00 0.00 0.00 0.01 0.01 0.01
0.00 0.01 0.00 0.00 0.00 0.00 0.01 0.01
0.00 0.02 0.00 0.00 0.00 0.01 0.00 0.00
0.00 0.01 0.00 0.00 0.00 0.00 0.01 0.00
0.00 0.02 0.00 0.00 0.00 0.01 0.01 0.01
0.00 0.02 0.00 0.00 0.01 0.01 0.02 0.01
0.00 0.03 0.00 0.00 0.01 0.01 0.02 0.00
0.00 0.02 0.00 0.00 0.01 0.01 0.02 0.02
0.00 0.01 0.00 0.00 0.01 0.01 0.01 0.02
0.00 0.01 0.00 0.00 0.01 0.01 0.01 0.02
0.00 0.03 0.00 0.00 0.01 0.02 0.01 0.01
0.00 0.00 0.00 0.00 0.00 0.00 0.01 0.01
0.00 0.00 0.00 0.00 0.00 0.00 0.01 0.01
0.00 0.00 0.00 0.00 0.00 0.00 0.00 0.01
0.00 0.00 0.00 0.00 0.00 0.00 0.01 0.03
0.00 0.00 0.00 0.00 0.00 0.00 0.02 0.01
0.00 0.00 0.00 0.00 0.00 0.00 0.01 0.01
0.00 0.00 0.00 0.00 0.00 0.00 0.02 0.01
0.00 0.00 0.00 0.00 0.00 0.00 0.01 0.01
0.00 0.00 0.00 0.00 0.00 0.00 0.00 0.01
0.00 0.00 0.00 0.00 0.00 0.00 0.00 0.02
0.00 0.00 0.00 0.00 0.00 0.00 0.00 0.03
0.00 0.00 0.00 0.00 0.00 0.00 0.00 0.02
0.00 0.00 0.00 0.00 0.00 0.00 0.00 0.04
0.00 0.00 0.00 0.00 0.00 0.00 0.01 0.04
0.00 0.00 0.00 0.00 0.00 0.00 0.00 0.01
0.00 0.00 0.00 0.00 0.00 0.00 0.00 0.01
0.00 0.00 0.00 0.00 0.00 0.00 0.01 0.01
0.00 0.00 0.00 0.00 0.00 0.00 0.00 0.03
0.00 0.00 0.00 0.00 0.00 0.00 0.00 0.04
0.00 0.00 0.00 0.00 0.00 0.00 0.00 0.01
0.00 0.00 0.00 0.00 0.00 0.00 0.00 0.01
0.00 0.00 0.00 0.00 0.00 0.00 0.00 0.02
0.00 0.00 0.00 0.00 0.00 0.00 0.01 0.01
0.00 0.01 0.00 0.00 0.00 0.00 0.01 0.01
0.00 0.00 0.00 0.00 0.00 0.00 0.00 0.02
0.00 0.00 0.00 0.00 0.00 0.00 0.00 0.01
0.00 0.00 0.00 0.00 0.00 0.00 0.01 0.02
0.00 0.00 0.00 0.00 0.00 0.01 0.00 0.02
0.00 0.01 0.00 0.00 0.01 0.01 0.01 0.01
0.00 0.00 0.00 0.00 0.01 0.01 0.01 0.01
0.02 0.15 0.00 0.00 0.09 0.15 0.03 0.00
0.03 0.19 0.00 0.00 0.10 0.17 0.04 0.01
0.02 0.16 0.00 0.00 0.09 0.15 0.04 0.01
0.04 0.25 0.00 0.00 0.15 0.24 0.05 0.00
0.04 0.24 0.01 0.00 0.16 0.23 0.08 0.02
0.04 0.29 0.01 0.00 0.18 0.26 0.08 0.03
0.06 0.35 0.01 0.00 0.20 0.28 0.12 0.03
0.06 0.36 0.01 0.00 0.20 0.29 0.09 0.02
0.05 0.35 0.01 0.00 0.20 0.29 0.08 0.02
0.05 0.34 0.00 0.00 0.19 0.29 0.06 0.02
0.05 0.31 0.01 0.00 0.19 0.27 0.07 0.02
0.06 0.41 0.01 0.00 0.24 0.34 0.10 0.02
0.06 0.40 0.01 0.00 0.23 0.35 0.06 0.03
0.06 0.39 0.01 0.00 0.22 0.32 0.07 0.03
0.07 0.45 0.01 0.00 0.24 0.36 0.09 0.08
0.11 0.67 0.02 0.00 0.28 0.39 0.15 0.08
0.16 0.81 0.04 0.03 0.41 0.47 0.23 0.64
0.29 1.21 0.07 0.11 0.54 0.57 0.31 1.09
0.50 1.86 0.08 0.24 0.73 0.78 0.32 1.32
0.60 2.00 0.09 0.45 0.73 0.76 0.27 1.52
0.77 2.21 0.15 0.62 0.94 0.91 0.46 1.84
0.65 1.71 0.15 0.56 0.88 0.87 0.46 1.53
0.59 1.49 0.09 0.63 0.95 0.93 0.36 1.84
0.62 1.47 0.11 0.73 1.08 1.06 0.54 1.80
0.84 2.02 0.39 0.50 1.35 1.26 1.26 1.69
1.54 3.86 0.66 0.91 1.92 1.94 1.62 2.28
0.84 2.00 0.21 0.79 1.33 1.23 0.84 2.12
0.81 1.97 0.17 0.79 1.18 1.11 0.67 1.85
0.85 2.19 0.14 0.82 1.03 1.03 0.41 1.91
0.89 2.24 0.23 0.74 0.88 0.83 0.48 1.58
0.51 1.45 0.16 0.30 0.59 0.65 0.37 0.76
0.88 2.42 0.16 0.75 0.82 0.83 0.33 1.53
1.04 2.44 0.25 1.00 0.95 0.84 0.52 1.87
1.19 3.25 0.27 0.93 1.09 1.07 0.61 1.79
0.85 2.23 0.14 0.84 0.79 0.73 0.31 1.72
0.91 2.31 0.12 1.02 0.85 0.77 0.31 1.94
1.28 3.64 0.21 1.06 1.05 1.03 0.44 2.04
1.40 3.92 0.24 1.18 1.09 1.04 0.48 2.19
0.94 2.49 0.20 0.79 0.83 0.77 0.40 1.76
1.32 3.31 0.39 1.02 1.07 0.96 0.68 2.00
1.24 3.28 0.33 0.95 1.07 1.01 0.66 1.83
1.00 2.55 0.28 0.77 0.82 0.75 0.49 1.53
0.71 1.99 0.15 0.54 0.63 0.61 0.29 1.28
1.21 3.01 0.37 0.95 0.73 0.59 0.54 1.63
1.18 2.87 0.44 0.86 0.57 0.49 0.51 1.02
1.11 2.50 0.24 1.23 0.39 0.29 0.22 1.11
0.87 2.64 0.28 0.44 0.32 0.29 0.27 0.49
1.35 3.88 0.61 0.59 0.39 0.34 0.44 0.53
1.77 5.54 0.59 0.92 0.39 0.36 0.35 0.69
1.27 4.09 0.26 0.82 0.25 0.23 0.15 0.57
1.70 5.08 0.61 0.81 0.32 0.27 0.32 0.61
1.44 5.03 0.34 0.82 0.26 0.25 0.20 0.53
1.65 4.13 0.36 1.70 0.29 0.20 0.22 0.97
1.48 5.68 0.29 0.76 0.34 0.35 0.24 0.59
1.07 3.72 0.23 0.59 0.25 0.22 0.19 0.55
0.96 4.28 0.20 0.21 0.25 0.27 0.19 0.31
1.00 4.64 0.21 0.16 0.29 0.32 0.23 0.29
0.57 2.78 0.09 0.09 0.21 0.24 0.12 0.23
0.86 4.12 0.20 0.10 0.34 0.36 0.29 0.28
0.98 4.85 0.21 0.10 0.33 0.36 0.27 0.25
0.55 2.92 0.11 0.04 0.48 0.62 0.28 0.20
0.93 4.56 0.26 0.06 0.76 0.92 0.60 0.36
1.13 5.82 0.28 0.06 0.80 0.99 0.61 0.29
0.79 4.46 0.12 0.05 0.68 0.90 0.30 0.33
1.37 7.61 0.25 0.06 1.26 1.56 0.76 0.49
1.07 5.94 0.15 0.08 1.00 1.26 0.43 0.68
0.82 4.32 0.12 0.08 0.72 0.91 0.35 0.49
1.03 5.73 0.17 0.06 0.88 1.14 0.44 0.41
1.09 6.27 0.16 0.05 1.19 1.56 0.59 0.43
1.17 6.47 0.19 0.07 1.32 1.65 0.69 0.69
1.27 7.13 0.17 0.09 1.40 1.77 0.60 0.87
0.94 4.87 0.19 0.07 0.96 1.18 0.59 0.55
0.89 4.85 0.13 0.07 0.81 1.02 0.40 0.46
0.87 4.83 0.12 0.07 0.85 1.07 0.40 0.48
1.07 6.04 0.12 0.09 0.97 1.22 0.37 0.66
0.95 5.01 0.14 0.10 0.77 0.89 0.42 0.69
1.28 6.71 0.19 0.14 1.08 1.26 0.58 0.91
1.28 6.78 0.20 0.12 0.94 1.09 0.53 0.77
1.03 5.41 0.13 0.13 0.67 0.74 0.35 0.83
0.86 4.30 0.13 0.13 0.55 0.58 0.31 0.86
0.76 3.84 0.13 0.10 0.64 0.69 0.39 0.84
0.62 2.80 0.10 0.14 0.63 0.62 0.38 1.29
0.16 0.81 0.02 0.02 0.22 0.24 0.14 0.32
0.04 0.19 0.01 0.01 0.08 0.08 0.07 0.16
0.01 0.08 0.01 0.00 0.04 0.04 0.04 0.03
0.00 0.00 0.00 0.00 0.00 0.00 0.02 0.01
0.00 0.00 0.00 0.00 0.00 0.00 0.01 0.01
0.00 0.00 0.00 0.00 0.00 0.00 0.01 0.01
0.00 0.00 0.00 0.00 0.00 0.00 0.01 0.01
0.00 0.00 0.00 0.00 0.00 0.00 0.01 0.01
0.00 0.00 0.00 0.00 0.00 0.00 0.01 0.00
0.00 0.00 0.00 0.00 0.00 0.00 0.01 0.00
0.00 0.00 0.00 0.00 0.00 0.00 0.01 0.01
0.00 0.00 0.00 0.00 0.00 0.00 0.01 0.02
0.00 0.00 0.00 0.00 0.00 0.00 0.00 0.01
0.00 0.00 0.00 0.00 0.00 0.00 0.00 0.01
0.00 0.00 0.00 0.00 0.00 0.00 0.00 0.01
0.00 0.00 0.00 0.00 0.00 0.00 0.00 0.01
0.00 0.00 0.00 0.00 0.00 0.00 0.01 0.01
0.00 0.00 0.00 0.00 0.00 0.00 0.00 0.01
0.00 0.00 0.00 0.00 0.00 0.00 0.00 0.01
0.00 0.00 0.00 0.00 0.00 0.00 0.00 0.01
0.00 0.00 0.00 0.00 0.00 0.00 0.00 0.00
0.00 0.00 0.00 0.00 0.00 0.00 0.01 0.00
0.00 0.00 0.00 0.00 0.00 0.00 0.01 0.01
0.00 0.00 0.00 0.00 0.00 0.00 0.01 0.00
0.00 0.00 0.00 0.00 0.00 0.00 0.00 0.00
0.00 0.00 0.00 0.00 0.00 0.00 0.00 0.00
0.00 0.00 0.00 0.00 0.00 0.00 0.01 0.00
0.00 0.00 0.00 0.00 0.00 0.00 0.00 0.00
0.00 0.00 0.00 0.00 0.00 0.00 0.00 0.00
0.00 0.00 0.00 0.00 0.00 0.00 0.01 0.00
0.00 0.00 0.00 0.00 0.00 0.00 0.00 0.00
0.00 0.01 0.00 0.00 0.00 0.00 0.00 0.01
0.00 0.00 0.00 0.00 0.00 0.00 0.00 0.00
0.00 0.00 0.00 0.00 0.00 0.00 0.00 0.00
0.00 0.00 0.00 0.00 0.00 0.00 0.00 0.00
0.00 0.00 0.00 0.00 0.00 0.00 0.00 0.01
0.00 0.00 0.00 0.00 0.00 0.00 0.00 0.01
0.00 0.01 0.00 0.00 0.01 0.01 0.02 0.01
0.00 0.00 0.00 0.00 0.00 0.00 0.01 0.02
0.01 0.01 0.00 0.01 0.02 0.01 0.02 0.08
0.01 0.03 0.00 0.01 0.03 0.02 0.02 0.11
0.00 0.01 0.00 0.00 0.01 0.01 0.03 0.06
0.00 0.01 0.00 0.00 0.01 0.00 0.02 0.03
0.00 0.00 0.00 0.00 0.01 0.00 0.01 0.02
0.00 0.00 0.00 0.00 0.00 0.00 0.02 0.01
0.00 0.00 0.00 0.00 0.00 0.00 0.02 0.01
0.00 0.01 0.00 0.00 0.00 0.00 0.01 0.01
0.00 0.00 0.00 0.00 0.00 0.00 0.01 0.01
0.00 0.00 0.00 0.00 0.00 0.00 0.00 0.01
0.00 0.01 0.00 0.00 0.01 0.01 0.01 0.01
0.00 0.00 0.00 0.00 0.00 0.00 0.00 0.01
0.00 0.00 0.00 0.00 0.00 0.00 0.00 0.01
0.00 0.00 0.00 0.00 0.00 0.00 0.00 0.01
0.00 0.00 0.00 0.00 0.00 0.00 0.00 0.02
0.00 0.00 0.00 0.00 0.00 0.00 0.00 0.01
0.00 0.00 0.00 0.00 0.00 0.00 0.00 0.00
0.00 0.00 0.00 0.00 0.00 0.00 0.00 0.01
0.00 0.00 0.00 0.00 0.00 0.00 0.00 0.01
0.00 0.00 0.00 0.00 0.00 0.00 0.00 0.00
0.00 0.00 0.00 0.00 0.00 0.00 0.00 0.01
0.00 0.00 0.00 0.00 0.00 0.00 0.00 0.02
0.00 0.00 0.00 0.00 0.00 0.00 0.01 0.03
0.00 0.00 0.00 0.00 0.00 0.00 0.01 0.03
0.00 0.00 0.00 0.00 0.00 0.00 0.01 0.05
0.00 0.00 0.00 0.00 0.00 0.00 0.01 0.05
0.00 0.00 0.00 0.00 0.00 0.00 0.02 0.03
0.00 0.01 0.00 0.00 0.00 0.00 0.01 0.03
0.00 0.00 0.00 0.00 0.00 0.00 0.01 0.02
0.00 0.00 0.00 0.00 0.00 0.00 0.01 0.02
0.00 0.00 0.00 0.00 0.00 0.00 0.01 0.01
0.00 0.00 0.00 0.00 0.00 0.00 0.01 0.01
0.00 0.00 0.00 0.00 0.00 0.00 0.01 0.01
0.00 0.00 0.00 0.00 0.00 0.00 0.00 0.01
0.00 0.00 0.00 0.00 0.00 0.00 0.00 0.00
0.00 0.00 0.00 0.00 0.00 0.00 0.00 0.01
0.00 0.00 0.00 0.00 0.00 0.00 0.01 0.01
0.00 0.00 0.00 0.00 0.00 0.00 0.01 0.02
0.00 0.00 0.00 0.00 0.00 0.00 0.01 0.02
0.00 0.00 0.00 0.00 0.00 0.00 0.01 0.03
0.00 0.00 0.00 0.00 0.00 0.00 0.01 0.04
0.00 0.00 0.00 0.00 0.00 0.00 0.01 0.02
0.00 0.00 0.00 0.00 0.00 0.00 0.00 0.01
0.00 0.00 0.00 0.00 0.00 0.00 0.00 0.01
0.00 0.00 0.00 0.00 0.00 0.00 0.00 0.01
0.00 0.00 0.00 0.00 0.00 0.00 0.00 0.01
0.00 0.00 0.00 0.00 0.00 0.00 0.00 0.01
0.00 0.00 0.00 0.00 0.00 0.00 0.00 0.02
0.00 0.00 0.00 0.00 0.00 0.00 0.00 0.01
0.00 0.00 0.00 0.00 0.00 0.00 0.00 0.01
0.00 0.00 0.00 0.00 0.00 0.00 0.00 0.01
0.00 0.00 0.00 0.00 0.00 0.00 0.00 0.01
0.00 0.00 0.00 0.00 0.00 0.00 0.00 0.00
0.00 0.00 0.00 0.00 0.00 0.00 0.00 0.01
0.00 0.00 0.00 0.00 0.00 0.00 0.00 0.01
0.00 0.00 0.00 0.00 0.00 0.00 0.00 0.02
0.00 0.00 0.00 0.00 0.00 0.00 0.00 0.01
0.00 0.00 0.00 0.00 0.00 0.00 0.00 0.02
0.00 0.00 0.00 0.00 0.00 0.00 0.00 0.01
0.00 0.01 0.00 0.00 0.01 0.01 0.00 0.02
0.00 0.02 0.00 0.00 0.01 0.02 0.01 0.01
0.00 0.02 0.00 0.00 0.02 0.03 0.01 0.01
0.00 0.02 0.00 0.00 0.02 0.03 0.00 0.03
0.00 0.02 0.00 0.00 0.02 0.03 0.01 0.01
0.00 0.01 0.00 0.00 0.01 0.01 0.01 0.01
0.00 0.02 0.00 0.00 0.01 0.02 0.01 0.01
0.00 0.01 0.00 0.00 0.01 0.02 0.00 0.02
0.00 0.01 0.00 0.00 0.01 0.02 0.02 0.01
0.00 0.01 0.00 0.00 0.01 0.01 0.00 0.01
0.00 0.01 0.00 0.00 0.01 0.03 0.00 0.01
0.00 0.01 0.00 0.00 0.01 0.02 0.00 0.01
0.00 0.01 0.00 0.00 0.01 0.01 0.01 0.01
0.00 0.01 0.00 0.00 0.01 0.01 0.00 0.00
0.00 0.01 0.00 0.00 0.01 0.02 0.01 0.01
0.00 0.01 0.00 0.00 0.01 0.01 0.01 0.02
0.00 0.00 0.00 0.00 0.00 0.00 0.01 0.01
0.00 0.00 0.00 0.00 0.00 0.00 0.00 0.00
0.00 0.00 0.00 0.00 0.00 0.00 0.00 0.00
0.00 0.00 0.00 0.00 0.00 0.00 0.01 0.00
0.00 0.01 0.00 0.00 0.00 0.00 0.00 0.00
0.00 0.01 0.00 0.00 0.00 0.01 0.00 0.00
0.00 0.01 0.00 0.00 0.00 0.00 0.00 0.00
0.00 0.00 0.00 0.00 0.00 0.00 0.00 0.00
0.00 0.00 0.00 0.00 0.00 0.00 0.00 0.00
0.00 0.01 0.00 0.00 0.00 0.01 0.00 0.00
0.00 0.01 0.00 0.00 0.00 0.01 0.00 0.00
0.00 0.01 0.00 0.00 0.00 0.01 0.00 0.00
0.00 0.00 0.00 0.00 0.00 0.00 0.00 0.01
0.00 0.01 0.00 0.00 0.00 0.01 0.01 0.00
0.00 0.01 0.00 0.00 0.00 0.01 0.00 0.00
0.01 0.05 0.00 0.00 0.03 0.05 0.02 0.01
0.01 0.03 0.00 0.00 0.02 0.04 0.01 0.01
0.03 0.12 0.01 0.00 0.07 0.12 0.04 0.02
0.02 0.08 0.01 0.00 0.07 0.11 0.06 0.02
0.02 0.07 0.00 0.00 0.06 0.11 0.02 0.03
0.03 0.09 0.01 0.01 0.10 0.14 0.06 0.08
0.01 0.06 0.00 0.00 0.03 0.05 0.02 0.01
0.01 0.05 0.00 0.01 0.03 0.04 0.02 0.02
0.00 0.02 0.00 0.00 0.01 0.02 0.00 0.01
0.00 0.02 0.00 0.00 0.01 0.01 0.01 0.01
0.00 0.03 0.00 0.00 0.01 0.02 0.00 0.00
0.00 0.02 0.00 0.00 0.01 0.01 0.01 0.00
0.01 0.03 0.00 0.00 0.01 0.02 0.00 0.01
0.00 0.03 0.00 0.00 0.00 0.01 0.00 0.00
0.00 0.03 0.00 0.00 0.01 0.01 0.00 0.01
0.00 0.02 0.00 0.00 0.00 0.01 0.00 0.00
0.00 0.01 0.00 0.00 0.00 0.01 0.00 0.00
0.00 0.00 0.00 0.00 0.00 0.00 0.00 0.00
0.00 0.01 0.00 0.00 0.00 0.00 0.00 0.00
0.00 0.00 0.00 0.00 0.00 0.00 0.00 0.00
0.00 0.01 0.00 0.00 0.00 0.00 0.00 0.00
0.00 0.00 0.00 0.00 0.00 0.00 0.00 0.00
0.00 0.01 0.00 0.00 0.00 0.00 0.00 0.00
0.00 0.02 0.00 0.00 0.00 0.01 0.00 0.00
0.00 0.02 0.00 0.00 0.00 0.01 0.01 0.00
0.00 0.02 0.00 0.00 0.01 0.01 0.01 0.00
0.00 0.01 0.00 0.00 0.00 0.01 0.00 0.00
0.00 0.01 0.00 0.00 0.00 0.01 0.00 0.00
0.01 0.03 0.00 0.00 0.01 0.02 0.00 0.01
0.02 0.09 0.00 0.01 0.06 0.07 0.04 0.06
0.02 0.08 0.01 0.01 0.05 0.05 0.07 0.07
0.01 0.02 0.01 0.00 0.02 0.01 0.05 0.03
0.00 0.00 0.00 0.00 0.00 0.00 0.01 0.01
0.00 0.00 0.00 0.00 0.00 0.00 0.02 0.01
0.00 0.00 0.00 0.00 0.00 0.00 0.01 0.00
0.00 0.00 0.00 0.00 0.00 0.00 0.00 0.01
0.00 0.00 0.00 0.00 0.00 0.00 0.00 0.00
0.00 0.00 0.00 0.00 0.00 0.00 0.01 0.00
0.00 0.00 0.00 0.00 0.00 0.00 0.01 0.01
0.00 0.00 0.00 0.00 0.00 0.00 0.00 0.01
0.00 0.00 0.00 0.00 0.00 0.00 0.00 0.00
0.00 0.00 0.00 0.00 0.00 0.00 0.00 0.00
0.00 0.00 0.00 0.00 0.00 0.00 0.01 0.00
0.00 0.00 0.00 0.00 0.00 0.00 0.00 0.00
0.00 0.01 0.00 0.00 0.00 0.00 0.00 0.01
0.00 0.00 0.00 0.00 0.00 0.00 0.00 0.00
0.00 0.00 0.00 0.00 0.00 0.00 0.00 0.00
0.00 0.01 0.00 0.00 0.00 0.00 0.00 0.00
0.00 0.00 0.00 0.00 0.00 0.00 0.00 0.00
0.00 0.00 0.00 0.00 0.00 0.00 0.00 0.00
0.00 0.00 0.00 0.00 0.00 0.00 0.00 0.00
0.00 0.00 0.00 0.00 0.00 0.00 0.00 0.01
0.00 0.00 0.00 0.00 0.00 0.00 0.00 0.01
0.00 0.00 0.00 0.00 0.00 0.00 0.00 0.01
0.00 0.00 0.00 0.00 0.00 0.00 0.00 0.02
0.00 0.00 0.00 0.00 0.00 0.00 0.01 0.02
0.00 0.00 0.00 0.00 0.00 0.00 0.01 0.01
0.00 0.00 0.00 0.00 0.00 0.00 0.01 0.02
0.00 0.00 0.00 0.00 0.00 0.00 0.00 0.01
0.00 0.00 0.00 0.00 0.00 0.00 0.00 0.02
0.00 0.00 0.00 0.00 0.00 0.00 0.00 0.03
0.00 0.00 0.00 0.00 0.00 0.00 0.00 0.02
0.00 0.00 0.00 0.00 0.00 0.00 0.01 0.02
0.00 0.00 0.00 0.00 0.00 0.00 0.01 0.03
0.00 0.00 0.00 0.00 0.00 0.00 0.00 0.01
0.00 0.00 0.00 0.00 0.00 0.00 0.01 0.01
0.00 0.00 0.00 0.00 0.00 0.00 0.00 0.01
0.00 0.00 0.00 0.00 0.00 0.00 0.00 0.02
0.00 0.00 0.00 0.00 0.00 0.00 0.00 0.02
0.00 0.00 0.00 0.00 0.00 0.00 0.01 0.02
0.00 0.00 0.00 0.00 0.00 0.00 0.01 0.02
0.00 0.00 0.00 0.00 0.00 0.00 0.00 0.01
0.00 0.00 0.00 0.00 0.00 0.00 0.01 0.01
0.00 0.01 0.00 0.00 0.01 0.01 0.01 0.03
0.01 0.04 0.00 0.00 0.04 0.03 0.05 0.09
0.00 0.00 0.00 0.00 0.00 0.00 0.01 0.05
0.00 0.00 0.00 0.00 0.00 0.00 0.00 0.04
0.00 0.01 0.00 0.00 0.00 0.00 0.01 0.05
0.01 0.03 0.01 0.00 0.02 0.01 0.04 0.08
0.00 0.00 0.00 0.00 0.00 0.00 0.01 0.06
0.00 0.00 0.00 0.00 0.00 0.00 0.01 0.06
0.00 0.00 0.00 0.00 0.00 0.00 0.00 0.05
0.00 0.00 0.00 0.00 0.00 0.00 0.01 0.05
0.00 0.00 0.00 0.00 0.00 0.00 0.01 0.04
0.00 0.00 0.00 0.00 0.00 0.00 0.01 0.03
0.00 0.00 0.00 0.00 0.00 0.00 0.02 0.04
0.00 0.00 0.00 0.00 0.00 0.00 0.02 0.07
0.00 0.00 0.00 0.00 0.00 0.01 0.02 0.08
0.00 0.00 0.00 0.00 0.00 0.00 0.01 0.04
0.00 0.02 0.00 0.00 0.03 0.03 0.04 0.06
0.00 0.01 0.00 0.00 0.02 0.02 0.02 0.04
0.00 0.01 0.00 0.00 0.01 0.01 0.01 0.03
0.00 0.00 0.00 0.00 0.00 0.00 0.01 0.02
0.00 0.01 0.00 0.00 0.01 0.01 0.01 0.04
0.00 0.00 0.00 0.00 0.00 0.00 0.02 0.03
0.00 0.00 0.00 0.00 0.00 0.01 0.01 0.05
0.00 0.00 0.00 0.00 0.00 0.01 0.01 0.05
0.00 0.01 0.00 0.00 0.01 0.01 0.01 0.04
0.00 0.01 0.00 0.00 0.01 0.02 0.01 0.03
0.00 0.01 0.00 0.00 0.01 0.01 0.01 0.02
0.00 0.00 0.00 0.00 0.01 0.01 0.01 0.03
0.00 0.01 0.00 0.00 0.01 0.01 0.01 0.03
0.00 0.00 0.00 0.00 0.01 0.01 0.01 0.02
0.00 0.00 0.00 0.00 0.00 0.00 0.01 0.01
0.00 0.01 0.00 0.00 0.00 0.01 0.00 0.01
0.00 0.00 0.00 0.00 0.00 0.00 0.01 0.02
0.00 0.00 0.00 0.00 0.00 0.00 0.00 0.01
0.00 0.00 0.00 0.00 0.00 0.00 0.00 0.01
0.00 0.01 0.00 0.00 0.00 0.01 0.01 0.00
0.00 0.00 0.00 0.00 0.00 0.00 0.00 0.00
0.00 0.01 0.00 0.00 0.00 0.01 0.00 0.00
0.00 0.00 0.00 0.00 0.00 0.00 0.00 0.00
0.01 0.01 0.00 0.00 0.02 0.02 0.03 0.03
0.01 0.01 0.00 0.02 0.02 0.01 0.01 0.12
0.01 0.01 0.00 0.01 0.02 0.02 0.02 0.05
0.00 0.01 0.00 0.00 0.01 0.02 0.01 0.02
0.00 0.01 0.00 0.00 0.01 0.01 0.01 0.00
0.00 0.00 0.00 0.00 0.00 0.00 0.00 0.00
0.00 0.01 0.00 0.00 0.00 0.00 0.00 0.00
0.00 0.01 0.00 0.00 0.00 0.01 0.00 0.01
0.00 0.00 0.00 0.00 0.00 0.00 0.00 0.00
0.00 0.01 0.00 0.00 0.00 0.00 0.00 0.01
0.00 0.01 0.00 0.00 0.00 0.01 0.00 0.00
0.00 0.01 0.00 0.00 0.00 0.00 0.00 0.00
0.00 0.02 0.00 0.00 0.01 0.01 0.01 0.00
0.00 0.02 0.00 0.00 0.01 0.01 0.00 0.00
0.00 0.01 0.00 0.00 0.00 0.00 0.01 0.00
0.00 0.01 0.00 0.00 0.00 0.00 0.00 0.00
0.00 0.00 0.00 0.00 0.00 0.00 0.01 0.00
0.00 0.01 0.00 0.00 0.00 0.01 0.00 0.01
0.00 0.02 0.00 0.00 0.01 0.01 0.00 0.00
0.00 0.02 0.00 0.00 0.00 0.01 0.00 0.00
0.00 0.01 0.00 0.00 0.00 0.00 0.01 0.00
0.00 0.02 0.00 0.00 0.01 0.01 0.00 0.00
0.00 0.01 0.00 0.00 0.00 0.00 0.00 0.00
0.00 0.01 0.00 0.00 0.00 0.00 0.00 0.00
0.00 0.00 0.00 0.00 0.00 0.00 0.00 0.00
0.00 0.00 0.00 0.00 0.00 0.00 0.00 0.00
0.00 0.00 0.00 0.00 0.00 0.00 0.00 0.00
0.00 0.01 0.00 0.00 0.00 0.00 0.00 0.00
0.00 0.01 0.00 0.00 0.00 0.00 0.00 0.00
0.00 0.01 0.00 0.00 0.00 0.00 0.00 0.00
0.00 0.01 0.00 0.00 0.00 0.00 0.00 0.00
0.00 0.01 0.00 0.00 0.00 0.00 0.00 0.00
0.00 0.01 0.00 0.00 0.00 0.00 0.00 0.00
0.00 0.00 0.00 0.00 0.00 0.00 0.00 0.00
0.00 0.01 0.00 0.00 0.00 0.00 0.00 0.00
0.00 0.00 0.00 0.00 0.00 0.00 0.00 0.00
0.00 0.00 0.00 0.00 0.00 0.00 0.00 0.00
0.00 0.00 0.00 0.00 0.00 0.00 0.00 0.01
0.00 0.01 0.00 0.00 0.00 0.01 0.00 0.00
0.00 0.01 0.00 0.00 0.00 0.00 0.00 0.01
0.00 0.01 0.00 0.00 0.00 0.01 0.01 0.00
0.00 0.00 0.00 0.00 0.00 0.00 0.00 0.01
0.00 0.01 0.00 0.00 0.00 0.00 0.00 0.00
0.00 0.00 0.00 0.00 0.00 0.00 0.00 0.01
0.00 0.01 0.00 0.00 0.00 0.00 0.00 0.01
0.00 0.00 0.00 0.00 0.00 0.00 0.00 0.00
0.00 0.00 0.00 0.00 0.00 0.00 0.00 0.00
0.00 0.00 0.00 0.00 0.00 0.00 0.00 0.01
0.00 0.00 0.00 0.00 0.00 0.00 0.00 0.01
0.00 0.00 0.00 0.00 0.00 0.00 0.00 0.01
0.00 0.00 0.00 0.00 0.00 0.00 0.00 0.00
0.00 0.01 0.00 0.00 0.00 0.00 0.00 0.01
0.00 0.00 0.00 0.00 0.00 0.00 0.00 0.00
0.00 0.00 0.00 0.00 0.00 0.00 0.00 0.00
0.00 0.00 0.00 0.00 0.00 0.00 0.00 0.00
0.00 0.00 0.00 0.00 0.00 0.00 0.00 0.00
0.00 0.00 0.00 0.00 0.00 0.00 0.00 0.00
0.00 0.00 0.00 0.00 0.00 0.00 0.00 0.01
0.00 0.00 0.00 0.00 0.00 0.00 0.00 0.00
0.00 0.00 0.00 0.00 0.00 0.00 0.00 0.00
0.00 0.00 0.00 0.00 0.00 0.00 0.00 0.00
0.00 0.00 0.00 0.00 0.00 0.00 0.00 0.01
0.00 0.00 0.00 0.00 0.00 0.00 0.01 0.02
0.00 0.00 0.00 0.00 0.00 0.00 0.00 0.04
0.00 0.00 0.00 0.00 0.00 0.00 0.00 0.06
0.00 0.00 0.00 0.00 0.00 0.00 0.01 0.09
0.00 0.00 0.00 0.00 0.00 0.00 0.01 0.07
0.00 0.00 0.00 0.00 0.00 0.00 0.01 0.03
0.00 0.00 0.00 0.00 0.00 0.00 0.01 0.04
0.00 0.00 0.00 0.00 0.00 0.00 0.01 0.04
0.00 0.00 0.00 0.00 0.00 0.00 0.01 0.05
0.00 0.00 0.00 0.00 0.00 0.00 0.01 0.05
0.00 0.00 0.00 0.00 0.00 0.00 0.01 0.04
0.00 0.00 0.00 0.00 0.00 0.00 0.00 0.03
0.00 0.00 0.00 0.00 0.00 0.00 0.01 0.04
0.00 0.00 0.00 0.00 0.00 0.00 0.01 0.04
0.00 0.00 0.00 0.00 0.00 0.00 0.01 0.05
0.00 0.00 0.00 0.00 0.00 0.00 0.00 0.04
0.00 0.00 0.00 0.00 0.00 0.00 0.01 0.04
0.00 0.00 0.00 0.00 0.00 0.00 0.01 0.03
0.00 0.00 0.00 0.00 0.01 0.00 0.03 0.03
0.00 0.00 0.00 0.00 0.00 0.00 0.00 0.01
0.00 0.00 0.00 0.00 0.00 0.00 0.01 0.01
0.00 0.00 0.00 0.00 0.00 0.00 0.00 0.01
0.00 0.00 0.00 0.00 0.00 0.00 0.00 0.01
0.00 0.00 0.00 0.00 0.00 0.00 0.00 0.01
0.00 0.01 0.00 0.00 0.00 0.00 0.01 0.01
0.00 0.00 0.00 0.00 0.00 0.00 0.00 0.01
0.00 0.00 0.00 0.00 0.00 0.00 0.01 0.01
0.00 0.00 0.00 0.00 0.00 0.00 0.00 0.00
0.00 0.00 0.00 0.00 0.00 0.00 0.00 0.00
0.00 0.00 0.00 0.00 0.00 0.00 0.01 0.00
0.00 0.01 0.00 0.00 0.00 0.00 0.00 0.00
0.00 0.01 0.00 0.00 0.00 0.00 0.00 0.01
0.00 0.01 0.00 0.00 0.00 0.01 0.00 0.01
0.00 0.00 0.00 0.00 0.00 0.00 0.01 0.00
0.00 0.00 0.00 0.00 0.00 0.00 0.01 0.01
