5.98 12.72 3.11 2.11 40.36 37.08 43.20 44.89
6.34 13.82 2.98 2.22 40.11 36.73 43.38 44.66
6.54 14.39 3.05 2.17 39.98 36.55 43.29 44.77
6.01 13.08 2.93 2.03 40.34 36.97 43.46 45.06
6.69 14.55 3.30 2.23 39.87 36.50 42.95 44.64
6.93 15.30 3.24 2.26 39.72 36.28 43.02 44.59
7.32 16.06 3.48 2.41 39.49 36.07 42.72 44.31
7.99 17.60 3.83 2.53 39.11 35.67 42.29 44.10
7.28 16.07 3.41 2.37 39.51 36.07 42.80 44.39
7.20 15.61 3.40 2.58 39.56 36.20 42.81 44.01
8.29 17.74 3.83 3.30 38.95 35.64 42.30 42.95
7.27 16.00 3.18 2.63 39.52 36.09 43.11 43.94
7.73 17.26 3.42 2.51 39.25 35.76 42.79 44.13
9.10 20.23 4.24 2.82 38.54 35.07 41.85 43.62
8.70 19.54 3.80 2.76 38.74 35.22 42.33 43.73
8.70 19.69 3.75 2.66 38.74 35.19 42.39 43.89
8.74 20.17 3.80 2.24 38.72 35.08 42.33 44.62
9.39 21.77 4.07 2.33 38.40 34.75 42.03 44.45
9.65 22.20 4.16 2.59 38.28 34.67 41.94 44.00
9.77 22.63 4.02 2.67 38.23 34.58 42.08 43.86
10.00 22.81 4.58 2.60 38.13 34.55 41.53 43.98
8.18 18.90 3.41 2.22 39.01 35.37 42.81 44.67
7.20 17.04 2.96 1.59 39.56 35.82 43.41 46.12
5.82 13.74 2.46 1.27 40.48 36.75 44.22 47.10
5.08 12.24 2.13 0.89 41.07 37.25 44.85 48.65
4.81 11.83 1.87 0.75 41.30 37.40 45.42 49.36
4.58 11.44 1.56 0.75 41.52 37.55 46.19 49.40
4.81 11.82 1.74 0.87 41.31 37.40 45.72 48.74
4.72 11.52 1.76 0.87 41.40 37.52 45.67 48.75
4.73 11.59 1.67 0.92 41.38 37.49 45.90 48.50
3.94 9.28 1.62 0.91 42.29 38.62 46.04 48.55
4.13 9.71 1.73 0.95 42.11 38.45 45.78 48.39
4.22 9.93 1.73 1.00 42.02 38.36 45.77 48.14
4.35 10.31 1.78 0.97 41.90 38.21 45.67 48.27
4.09 9.65 1.72 0.91 42.16 38.49 45.81 48.57
4.14 9.88 1.65 0.89 42.10 38.38 45.99 48.64
4.07 9.69 1.68 0.85 42.18 38.46 45.91 48.87
4.09 9.74 1.69 0.83 42.18 38.46 45.90 48.94
3.86 9.19 1.61 0.79 42.43 38.72 46.11 49.16
3.48 8.44 1.37 0.62 42.88 39.07 46.80 50.22
3.38 8.42 1.26 0.47 43.03 39.11 47.18 51.46
3.45 8.56 1.34 0.45 42.99 39.09 46.95 51.69
3.48 8.42 1.41 0.60 42.92 39.13 46.69 50.41
3.87 9.20 1.68 0.72 42.42 38.71 45.93 49.56
4.16 9.85 1.93 0.71 42.13 38.46 45.35 49.64
4.14 9.78 1.94 0.72 42.14 38.47 45.32 49.55
3.99 9.44 1.85 0.67 42.32 38.65 45.53 49.84
4.36 10.37 2.08 0.64 41.94 38.24 45.03 50.07
4.52 10.71 2.22 0.62 41.82 38.13 44.77 50.20
4.53 10.61 2.17 0.80 41.75 38.10 44.83 49.13
4.48 10.43 2.25 0.76 41.79 38.18 44.67 49.31
4.44 10.44 2.07 0.80 41.84 38.19 45.03 49.09
4.32 10.19 2.01 0.75 41.96 38.30 45.15 49.39
3.76 8.85 1.72 0.70 42.57 38.94 45.81 49.67
3.21 7.38 1.61 0.65 43.26 39.72 46.13 50.04
3.03 6.89 1.61 0.60 43.52 40.03 46.13 50.36
2.68 6.14 1.36 0.54 44.08 40.57 46.87 50.78
2.66 6.12 1.36 0.51 44.17 40.66 46.91 51.04
2.49 5.68 1.30 0.49 44.44 40.96 47.12 51.19
2.60 5.90 1.34 0.56 44.22 40.74 46.97 50.67
2.36 5.18 1.39 0.51 44.41 41.01 46.71 51.00
2.58 5.71 1.51 0.53 44.02 40.58 46.36 50.93
2.20 4.81 1.28 0.49 44.73 41.32 47.07 51.19
2.06 4.64 1.18 0.36 45.00 41.48 47.43 52.63
2.05 4.62 1.15 0.37 45.04 41.51 47.54 52.47
2.08 4.70 1.17 0.38 44.95 41.43 47.45 52.30
2.31 5.09 1.32 0.52 44.51 41.09 46.93 50.96
2.40 5.37 1.34 0.50 44.34 40.86 46.87 51.18
2.12 4.68 1.22 0.45 44.89 41.46 47.27 51.55
2.07 4.65 1.18 0.37 44.99 41.46 47.41 52.49
2.03 4.56 1.15 0.37 45.08 41.56 47.51 52.46
1.98 4.42 1.17 0.36 45.19 41.71 47.47 52.56
2.05 4.41 1.25 0.49 45.02 41.70 47.17 51.24
1.94 4.19 1.16 0.46 45.27 41.92 47.51 51.49
1.98 4.30 1.17 0.48 45.18 41.82 47.47 51.34
2.57 5.34 1.66 0.70 44.05 40.87 45.94 49.66
3.18 6.26 2.04 1.22 43.11 40.17 45.03 47.25
4.17 7.99 2.45 2.06 41.93 39.11 44.24 44.98
4.84 9.08 2.60 2.83 41.29 38.55 43.98 43.61
5.69 10.39 2.97 3.70 40.58 37.97 43.40 42.45
5.87 10.35 3.30 3.96 40.45 37.99 42.95 42.16
6.26 10.54 3.65 4.59 40.17 37.91 42.51 41.52
5.97 10.25 3.26 4.40 40.37 38.03 43.00 41.69
5.79 9.73 2.96 4.68 40.51 38.25 43.42 41.43
5.15 8.54 3.02 3.91 41.01 38.82 43.33 42.21
5.61 9.09 2.90 4.82 40.64 38.55 43.50 41.30
5.62 8.78 3.10 4.98 40.63 38.70 43.21 41.16
5.81 9.00 3.10 5.34 40.49 38.59 43.22 40.85
4.85 7.76 2.61 4.17 41.27 39.23 43.96 41.93
5.44 8.59 2.97 4.76 40.78 38.79 43.40 41.36
4.47 7.68 2.24 3.50 41.64 39.29 44.63 42.71
5.06 8.58 2.62 3.98 41.10 38.80 43.95 42.16
5.18 8.54 2.79 4.19 41.00 38.83 43.68 41.93
5.00 8.48 2.52 4.02 41.15 38.87 44.12 42.11
4.63 7.83 2.43 3.63 41.50 39.22 44.28 42.55
4.74 8.14 2.29 3.79 41.40 39.05 44.53 42.37
4.75 7.98 2.44 3.83 41.38 39.13 44.27 42.32
5.21 8.94 2.96 3.74 40.98 38.64 43.43 42.42
5.10 8.66 3.17 3.46 41.08 38.78 43.12 42.76
4.92 8.27 2.85 3.65 41.22 38.96 43.59 42.53
5.63 9.25 3.74 3.89 40.66 38.50 42.43 42.26
4.91 8.33 3.02 3.37 41.23 38.93 43.33 42.87
5.34 9.12 3.26 3.62 40.87 38.55 43.01 42.55
5.68 9.83 3.59 3.60 40.61 38.22 42.59 42.59
6.26 10.99 4.37 3.43 40.18 37.73 41.73 42.80
6.67 11.86 4.23 3.94 39.90 37.40 41.87 42.20
6.64 12.68 3.69 3.56 39.91 37.10 42.46 42.63
7.74 14.62 4.26 4.33 39.25 36.49 41.83 41.78
8.59 16.40 4.77 4.59 38.80 35.99 41.35 41.52
10.06 19.41 5.52 5.23 38.11 35.25 40.71 40.95
9.66 18.72 5.23 5.04 38.28 35.41 40.95 41.11
10.10 19.51 5.40 5.38 38.09 35.23 40.81 40.83
10.48 20.41 5.69 5.33 37.93 35.04 40.58 40.87
9.78 18.98 5.05 5.31 38.23 35.35 41.10 40.89
8.58 17.68 3.93 4.15 38.79 35.66 42.19 41.96
8.23 16.11 4.09 4.48 38.98 36.06 42.02 41.63
8.98 18.35 4.09 4.50 38.60 35.49 42.01 41.61
8.11 16.92 3.60 3.82 39.04 35.85 42.57 42.32
6.96 14.62 3.28 2.98 39.70 36.48 42.98 43.38
7.11 14.86 3.47 3.01 39.61 36.41 42.73 43.35
5.99 12.84 2.74 2.40 40.36 37.05 43.76 44.34
6.55 13.97 3.24 2.42 39.97 36.68 43.02 44.29
6.34 13.70 2.87 2.45 40.11 36.76 43.56 44.24
6.45 13.97 3.03 2.34 40.03 36.68 43.31 44.43
6.18 13.55 2.92 2.07 40.22 36.81 43.47 44.96
6.27 13.60 2.91 2.30 40.16 36.80 43.49 44.52
6.10 13.18 2.90 2.22 40.28 36.93 43.51 44.67
6.41 13.96 2.95 2.33 40.06 36.68 43.44 44.46
6.04 13.21 2.81 2.09 40.32 36.92 43.64 44.94
6.09 13.17 2.93 2.17 40.29 36.94 43.46 44.78
6.42 13.93 2.92 2.43 40.05 36.69 43.48 44.28
6.20 13.48 2.90 2.23 40.20 36.83 43.51 44.64
6.81 14.89 3.35 2.19 39.80 36.40 42.88 44.72
7.77 17.34 3.54 2.44 39.22 35.74 42.64 44.25
7.79 17.58 3.43 2.37 39.21 35.68 42.78 44.39
7.39 16.60 3.29 2.28 39.45 35.93 42.96 44.56
8.28 18.77 3.80 2.27 38.95 35.40 42.33 44.57
9.20 21.17 4.06 2.38 38.49 34.87 42.04 44.36
9.72 22.54 4.30 2.32 38.25 34.60 41.80 44.47
9.28 21.81 3.91 2.13 38.46 34.74 42.21 44.85
9.71 22.91 4.06 2.16 38.26 34.53 42.05 44.80
9.69 22.52 4.14 2.39 38.27 34.61 41.97 44.34
7.87 18.69 3.16 1.75 39.17 35.41 43.13 45.70
6.79 16.35 2.57 1.44 39.81 36.00 44.03 46.53
6.38 15.47 2.46 1.21 40.08 36.24 44.22 47.33
5.90 14.59 2.13 0.97 40.43 36.49 44.84 48.29
5.33 13.37 1.94 0.66 40.87 36.87 45.26 49.91
5.52 13.96 2.03 0.59 40.71 36.68 45.05 50.47
5.02 12.57 1.94 0.55 41.12 37.14 45.26 50.70
5.56 14.16 1.96 0.55 40.68 36.62 45.22 50.73
5.21 12.98 2.09 0.57 40.96 37.00 44.93 50.61
5.46 13.64 2.17 0.58 40.76 36.78 44.77 50.48
5.29 13.25 2.04 0.58 40.90 36.91 45.05 50.49
5.38 13.60 2.06 0.48 40.82 36.80 45.00 51.30
5.18 13.06 2.00 0.49 40.99 36.97 45.13 51.28
5.06 12.75 1.93 0.48 41.09 37.07 45.27 51.29
5.07 12.64 2.00 0.58 41.08 37.11 45.13 50.46
5.29 13.12 2.13 0.63 40.89 36.95 44.85 50.12
5.08 12.76 1.93 0.57 41.07 37.07 45.27 50.60
4.69 11.80 1.72 0.55 41.42 37.41 45.78 50.70
4.57 11.43 1.69 0.58 41.53 37.55 45.84 50.51
4.59 11.39 1.84 0.54 41.51 37.57 45.50 50.81
4.33 10.73 1.79 0.48 41.76 37.82 45.60 51.28
4.72 11.68 1.96 0.50 41.40 37.46 45.20 51.15
4.83 11.81 2.16 0.53 41.29 37.41 44.79 50.90
5.16 12.68 2.24 0.56 41.00 37.10 44.63 50.64
4.94 12.07 2.22 0.55 41.19 37.32 44.68 50.72
4.94 12.05 2.18 0.58 41.20 37.32 44.74 50.47
5.20 12.59 2.38 0.62 40.98 37.13 44.37 50.19
5.43 13.21 2.46 0.63 40.78 36.92 44.23 50.12
4.97 12.03 2.27 0.62 41.17 37.33 44.57 50.21
4.96 11.96 2.31 0.62 41.18 37.35 44.50 50.24
4.15 9.94 1.93 0.56 41.96 38.16 45.27 50.61
3.59 8.50 1.77 0.49 42.58 38.84 45.64 51.22
3.35 7.79 1.77 0.50 42.88 39.22 45.66 51.17
2.96 6.78 1.65 0.45 43.42 39.82 45.94 51.60
2.69 6.20 1.50 0.38 43.85 40.23 46.39 52.32
2.35 5.36 1.38 0.31 44.45 40.87 46.73 53.26
2.20 4.87 1.29 0.43 44.74 41.28 47.05 51.80
2.17 4.73 1.24 0.55 44.79 41.43 47.21 50.71
2.52 5.47 1.43 0.67 44.16 40.82 46.58 49.92
2.72 5.90 1.51 0.74 43.85 40.52 46.35 49.43
2.58 5.55 1.46 0.73 44.10 40.80 46.52 49.52
2.52 5.46 1.38 0.71 44.21 40.88 46.77 49.62
2.61 5.71 1.45 0.69 44.06 40.71 46.57 49.76
2.55 5.61 1.42 0.60 44.15 40.75 46.62 50.36
2.71 5.93 1.58 0.63 43.86 40.49 46.16 50.13
2.82 6.15 1.60 0.72 43.70 40.35 46.13 49.60
2.56 5.62 1.40 0.65 44.13 40.74 46.71 50.02
2.67 5.90 1.44 0.65 43.96 40.54 46.57 50.03
2.62 5.81 1.41 0.64 44.04 40.61 46.68 50.05
2.62 5.87 1.40 0.61 44.03 40.58 46.69 50.33
2.70 6.01 1.47 0.60 43.91 40.45 46.49 50.36
2.67 5.95 1.42 0.64 43.94 40.49 46.65 50.08
2.92 6.32 1.58 0.85 43.54 40.20 46.17 48.85
3.70 7.94 2.13 1.03 42.48 39.18 44.86 47.99
3.94 8.11 2.39 1.32 42.21 39.09 44.36 46.94
4.78 9.43 2.80 2.12 41.36 38.44 43.68 44.86
5.49 10.58 3.02 2.88 40.75 37.91 43.34 43.54
5.82 10.67 3.14 3.64 40.50 37.87 43.16 42.52
5.47 9.66 3.06 3.69 40.76 38.30 43.28 42.47
5.36 9.08 3.09 3.91 40.84 38.56 43.23 42.20
4.47 7.32 2.53 3.57 41.63 39.49 44.11 42.61
4.71 7.53 2.61 3.98 41.41 39.37 43.96 42.13
4.89 7.91 3.28 3.49 41.24 39.15 42.97 42.71
5.68 9.05 3.76 4.23 40.59 38.57 42.38 41.87
4.75 7.46 2.70 4.09 41.36 39.41 43.81 42.02
4.89 7.73 2.74 4.20 41.23 39.25 43.75 41.90
5.45 8.83 3.29 4.23 40.77 38.67 42.95 41.86
5.95 9.56 3.77 4.51 40.39 38.32 42.37 41.60
5.22 8.37 3.50 3.81 40.96 38.92 42.69 42.34
5.86 9.47 3.61 4.51 40.46 38.38 42.56 41.62
5.77 9.33 3.57 4.41 40.53 38.45 42.61 41.72
5.71 9.54 3.48 4.11 40.58 38.35 42.72 42.02
5.78 9.61 3.50 4.22 40.52 38.32 42.69 41.91
5.60 9.32 3.25 4.23 40.66 38.45 43.02 41.90
6.10 10.48 3.53 4.28 40.30 37.94 42.66 41.86
6.06 10.20 3.72 4.27 40.32 38.06 42.43 41.86
5.69 9.43 3.82 3.81 40.59 38.39 42.31 42.35
6.11 9.96 4.05 4.30 40.29 38.16 42.07 41.82
5.92 9.86 3.80 4.09 40.43 38.20 42.35 42.05
6.07 10.23 4.03 3.96 40.31 38.05 42.09 42.18
5.79 9.87 3.82 3.69 40.51 38.19 42.31 42.48
6.87 11.74 4.22 4.65 39.77 37.44 41.88 41.49
7.90 13.49 4.90 5.30 39.16 36.83 41.24 40.91
8.98 15.35 5.39 6.20 38.60 36.27 40.82 40.23
8.60 15.50 5.11 5.19 38.79 36.23 41.05 40.99
10.25 18.44 6.46 5.87 38.03 35.48 40.04 40.46
11.27 20.97 6.53 6.31 37.61 34.92 39.98 40.13
11.51 21.63 6.35 6.56 37.52 34.78 40.11 39.97
12.14 22.87 6.90 6.66 37.29 34.54 39.75 39.90
12.71 24.20 6.84 7.09 37.09 34.30 39.79 39.64
12.30 22.89 6.44 7.57 37.23 34.54 40.04 39.36
11.37 22.14 5.81 6.15 37.58 34.68 40.49 40.25
10.26 20.18 5.28 5.33 38.02 35.08 40.91 40.88
10.04 20.52 5.15 4.46 38.11 35.01 41.01 41.64
9.89 20.43 5.21 4.04 38.18 35.03 40.96 42.07
8.96 18.81 4.48 3.61 38.61 35.39 41.62 42.56
8.51 18.15 4.28 3.09 38.83 35.54 41.82 43.23
9.34 19.92 4.67 3.42 38.43 35.14 41.43 42.79
7.82 16.68 3.97 2.80 39.20 35.91 42.14 43.66
8.96 19.39 4.52 2.96 38.61 35.25 41.58 43.42
8.73 18.62 4.48 3.10 38.72 35.43 41.62 43.22
10.35 22.62 4.78 3.66 37.98 34.59 41.33 42.50
8.12 17.84 3.93 2.57 39.04 35.61 42.18 44.04
10.09 21.98 4.72 3.55 38.09 34.71 41.39 42.62
9.04 19.20 4.57 3.33 38.57 35.30 41.53 42.90
8.38 18.25 4.13 2.76 38.90 35.52 41.97 43.73
7.21 15.88 3.49 2.25 39.55 36.12 42.71 44.60
7.94 17.30 3.86 2.66 39.13 35.75 42.26 43.87
9.12 19.63 4.44 3.29 38.53 35.20 41.66 42.95
8.75 18.78 4.28 3.21 38.71 35.40 41.82 43.07
8.55 18.62 4.10 2.93 38.81 35.43 42.00 43.46
8.65 19.16 3.93 2.86 38.76 35.31 42.18 43.57
8.99 20.07 4.02 2.89 38.59 35.11 42.09 43.51
9.47 21.26 4.08 3.06 38.37 34.86 42.03 43.27
9.10 20.56 3.92 2.82 38.54 35.00 42.20 43.62
9.70 22.16 4.19 2.76 38.26 34.68 41.91 43.72
10.87 25.04 4.62 2.94 37.77 34.14 41.48 43.45
10.35 23.83 4.34 2.88 37.98 34.36 41.76 43.54
9.43 21.72 4.05 2.52 38.39 34.76 42.06 44.12
8.69 20.07 3.66 2.33 38.74 35.11 42.49 44.47
7.38 17.50 2.93 1.70 39.45 35.70 43.46 45.82
6.12 14.64 2.48 1.26 40.26 36.48 44.18 47.14
5.45 13.32 2.18 0.85 40.77 36.89 44.74 48.84
4.88 12.10 1.85 0.69 41.24 37.30 45.46 49.73
4.58 11.35 1.73 0.66 41.52 37.58 45.76 49.90
4.52 11.43 1.65 0.47 41.58 37.55 45.95 51.36
4.56 11.44 1.75 0.49 41.54 37.54 45.71 51.27
4.58 11.53 1.72 0.49 41.52 37.51 45.77 51.26
3.93 9.51 1.66 0.62 42.25 38.44 45.95 50.22
4.08 9.81 1.74 0.70 42.11 38.33 45.75 49.69
3.96 9.65 1.63 0.61 42.26 38.42 46.03 50.29
3.73 9.14 1.50 0.55 42.52 38.67 46.38 50.78
3.68 8.99 1.51 0.53 42.57 38.71 46.36 50.90
3.78 9.35 1.47 0.52 42.47 38.58 46.48 50.95
3.90 9.49 1.59 0.61 42.31 38.48 46.13 50.28
4.04 9.80 1.69 0.63 42.17 38.35 45.88 50.14
3.69 8.90 1.56 0.61 42.54 38.74 46.21 50.28
3.56 8.62 1.44 0.62 42.73 38.91 46.58 50.24
3.71 9.00 1.52 0.62 42.54 38.72 46.36 50.23
3.74 9.06 1.53 0.63 42.49 38.66 46.33 50.18
4.13 9.85 1.79 0.76 42.06 38.31 45.63 49.34
4.90 11.37 2.20 1.13 41.28 37.64 44.73 47.62
5.69 12.99 2.49 1.57 40.63 37.06 44.18 46.18
6.07 13.89 2.58 1.73 40.33 36.74 44.02 45.76
7.08 15.96 3.32 1.97 39.66 36.14 42.93 45.20
8.15 18.12 3.79 2.55 39.03 35.57 42.35 44.07
9.24 20.39 4.26 3.07 38.48 35.05 41.84 43.25
9.70 21.32 4.73 3.06 38.27 34.86 41.39 43.28
9.48 20.90 4.53 3.00 38.37 34.94 41.58 43.36
9.27 20.81 4.21 2.80 38.47 34.96 41.89 43.66
7.86 17.76 3.52 2.31 39.18 35.65 42.66 44.51
8.09 18.13 3.70 2.46 39.06 35.56 42.46 44.23
6.98 15.29 3.38 2.27 39.69 36.29 42.84 44.58
6.68 14.44 3.20 2.42 39.88 36.54 43.09 44.30
6.88 14.42 3.58 2.64 39.76 36.54 42.59 43.91
6.79 13.98 3.59 2.79 39.81 36.68 42.58 43.67
6.38 13.25 3.26 2.62 40.08 36.91 42.99 43.94
6.49 13.03 3.44 2.98 40.01 36.98 42.77 43.38
5.78 12.01 3.07 2.26 40.51 37.34 43.25 44.59
6.56 14.07 3.18 2.44 39.96 36.65 43.11 44.26
6.35 13.64 3.17 2.25 40.10 36.78 43.13 44.61
6.46 13.95 3.15 2.28 40.03 36.68 43.15 44.56
6.63 14.32 3.30 2.27 39.91 36.57 42.94 44.57
7.01 15.39 3.32 2.31 39.68 36.26 42.92 44.49
6.71 14.64 3.25 2.24 39.86 36.47 43.01 44.62
7.94 17.58 3.74 2.49 39.13 35.68 42.40 44.17
7.36 16.24 3.43 2.42 39.46 36.03 42.78 44.28
7.23 15.60 3.45 2.66 39.54 36.20 42.76 43.89
8.04 17.35 3.66 3.11 39.08 35.74 42.49 43.20
7.63 16.78 3.37 2.73 39.31 35.88 42.85 43.77
7.72 17.21 3.39 2.58 39.25 35.77 42.83 44.01
8.75 19.46 4.03 2.77 38.71 35.24 42.08 43.71
8.85 19.88 3.82 2.86 38.66 35.15 42.32 43.56
8.84 20.00 3.77 2.77 38.66 35.12 42.37 43.71
8.40 19.43 3.51 2.26 38.89 35.25 42.68 44.59
9.61 22.26 4.10 2.47 38.31 34.66 42.01 44.20
9.56 22.04 4.09 2.56 38.33 34.70 42.02 44.05
9.91 22.89 4.13 2.71 38.17 34.53 41.97 43.80
10.09 23.13 4.55 2.60 38.09 34.49 41.55 43.97
8.39 19.41 3.53 2.23 38.89 35.25 42.66 44.64
7.29 17.18 3.02 1.67 39.50 35.78 43.33 45.91
6.15 14.51 2.57 1.36 40.24 36.51 44.03 46.79
5.07 12.15 2.14 0.92 41.08 37.28 44.84 48.48
4.82 11.81 1.88 0.76 41.30 37.41 45.40 49.31
4.58 11.39 1.59 0.77 41.52 37.57 46.12 49.29
4.76 11.69 1.72 0.86 41.36 37.45 45.77 48.80
4.65 11.39 1.70 0.86 41.46 37.57 45.83 48.78
4.84 11.88 1.73 0.91 41.28 37.38 45.75 48.55
3.46 8.01 1.50 0.88 42.76 39.13 46.36 48.69
3.72 8.59 1.65 0.92 42.45 38.83 45.95 48.47
3.77 8.76 1.63 0.92 42.39 38.74 46.02 48.48
3.82 8.90 1.63 0.91 42.33 38.67 46.00 48.54
3.62 8.39 1.60 0.88 42.57 38.94 46.09 48.69
3.76 8.82 1.60 0.87 42.40 38.72 46.11 48.71
3.80 8.80 1.69 0.92 42.35 38.72 45.85 48.51
3.78 8.80 1.67 0.86 42.38 38.72 45.90 48.79
3.48 8.05 1.58 0.81 42.74 39.11 46.16 49.05
3.29 7.77 1.42 0.69 42.98 39.26 46.62 49.77
3.10 7.52 1.26 0.51 43.24 39.40 47.11 51.04
2.95 7.22 1.19 0.44 43.48 39.60 47.39 51.66
2.97 7.13 1.25 0.54 43.43 39.65 47.16 50.82
3.39 7.95 1.52 0.70 42.85 39.16 46.32 49.67
3.67 8.53 1.77 0.72 42.51 38.85 45.66 49.57
3.66 8.54 1.73 0.73 42.51 38.85 45.76 49.52
3.46 7.98 1.70 0.71 42.77 39.15 45.85 49.64
3.74 8.60 1.94 0.68 42.42 38.82 45.27 49.80
3.88 8.95 2.02 0.69 42.26 38.65 45.09 49.78
3.74 8.55 1.94 0.73 42.42 38.84 45.26 49.50
3.86 8.80 2.00 0.78 42.29 38.71 45.13 49.21
3.77 8.62 1.93 0.79 42.37 38.80 45.29 49.18
3.39 7.75 1.73 0.69 42.86 39.27 45.74 49.77
3.17 7.14 1.64 0.72 43.15 39.63 46.00 49.54
2.78 6.12 1.54 0.67 43.72 40.29 46.27 49.89
2.53 5.49 1.46 0.63 44.12 40.75 46.50 50.13
2.15 4.61 1.28 0.57 44.82 41.51 47.08 50.55
2.07 4.46 1.19 0.55 45.00 41.66 47.37 50.75
1.87 3.98 1.11 0.52 45.43 42.15 47.71 50.98
1.91 4.08 1.09 0.55 45.34 42.03 47.76 50.76
2.02 4.30 1.21 0.54 45.09 41.81 47.31 50.84
2.31 4.96 1.38 0.58 44.51 41.20 46.73 50.51
2.04 4.36 1.22 0.54 45.05 41.76 47.28 50.79
1.89 4.18 1.11 0.40 45.37 41.95 47.69 52.12
1.93 4.25 1.13 0.41 45.29 41.87 47.59 51.99
2.05 4.58 1.17 0.41 45.02 41.54 47.46 52.01
2.27 4.84 1.35 0.62 44.59 41.31 46.84 50.19
2.33 5.04 1.36 0.58 44.48 41.13 46.79 50.50
1.98 4.29 1.14 0.52 45.17 41.83 47.55 50.99
1.99 4.35 1.15 0.47 45.15 41.76 47.51 51.44
1.94 4.25 1.14 0.43 45.28 41.88 47.58 51.83
1.83 4.02 1.09 0.40 45.52 42.13 47.75 52.16
1.85 3.93 1.12 0.49 45.48 42.20 47.64 51.23
1.85 3.94 1.15 0.47 45.47 42.20 47.55 51.41
1.82 3.85 1.12 0.48 45.55 42.30 47.62 51.31
2.27 4.70 1.44 0.67 44.58 41.43 46.56 49.86
2.94 5.74 1.91 1.18 43.46 40.56 45.33 47.43
3.70 6.98 2.31 1.82 42.47 39.72 44.50 45.57
4.42 8.19 2.48 2.59 41.70 39.03 44.20 44.03
5.06 9.14 2.76 3.26 41.12 38.54 43.73 43.04
5.47 9.58 3.21 3.61 40.78 38.34 43.08 42.61
5.84 9.81 3.48 4.25 40.51 38.26 42.75 41.92
5.55 9.36 3.08 4.20 40.73 38.47 43.25 41.95
5.56 9.17 3.00 4.52 40.73 38.56 43.38 41.66
4.94 8.14 2.95 3.73 41.22 39.05 43.44 42.45
5.09 8.14 2.80 4.34 41.09 39.06 43.66 41.83
5.12 7.99 2.86 4.52 41.08 39.15 43.58 41.66
5.44 8.49 2.93 4.89 40.83 38.89 43.47 41.33
4.46 7.08 2.47 3.83 41.67 39.66 44.20 42.36
5.01 7.85 2.81 4.37 41.18 39.22 43.66 41.80
4.06 6.86 2.24 3.07 42.09 39.81 44.64 43.31
4.50 7.62 2.45 3.43 41.64 39.35 44.27 42.86
4.61 7.52 2.64 3.68 41.53 39.41 43.91 42.57
4.49 7.60 2.36 3.50 41.66 39.38 44.41 42.77
4.04 6.73 2.23 3.15 42.13 39.92 44.68 43.23
4.11 6.89 2.10 3.33 42.06 39.83 44.93 42.98
4.14 6.85 2.25 3.32 42.03 39.85 44.63 43.01
4.39 7.43 2.60 3.14 41.78 39.50 44.02 43.26
4.44 7.55 2.77 3.01 41.71 39.42 43.73 43.39
4.56 7.66 2.77 3.25 41.56 39.31 43.71 43.05
4.79 7.86 3.29 3.21 41.39 39.24 43.01 43.13
4.68 7.86 2.88 3.29 41.47 39.22 43.55 43.00
4.51 7.62 2.93 2.97 41.64 39.37 43.47 43.45
4.91 8.45 3.26 3.03 41.28 38.93 43.03 43.39
5.73 9.99 3.92 3.26 40.58 38.16 42.21 43.03
5.83 10.36 3.89 3.24 40.51 38.00 42.26 43.09
6.07 11.47 3.72 3.01 40.31 37.54 42.43 43.36
6.97 12.94 4.13 3.85 39.71 37.02 41.98 42.31
8.40 16.10 4.79 4.33 38.90 36.08 41.34 41.79
9.39 18.29 5.19 4.69 38.41 35.52 40.98 41.44
9.23 18.00 5.12 4.57 38.48 35.58 41.04 41.53
9.62 18.75 5.18 4.93 38.30 35.40 40.99 41.21
9.91 19.28 5.35 5.09 38.19 35.29 40.87 41.07
8.92 17.38 4.61 4.76 38.63 35.73 41.50 41.37
8.31 17.14 3.84 3.94 38.94 35.79 42.29 42.19
8.17 16.25 3.91 4.36 39.01 36.02 42.21 41.76
8.85 18.37 4.00 4.18 38.66 35.49 42.11 41.93
7.87 16.48 3.55 3.57 39.18 35.96 42.63 42.62
7.23 15.25 3.36 3.07 39.54 36.30 42.86 43.25
6.91 14.47 3.35 2.91 39.74 36.53 42.87 43.49
5.25 11.16 2.50 2.10 40.95 37.69 44.16 44.91
6.71 14.22 3.33 2.59 39.90 36.65 42.94 44.03
5.96 12.88 2.73 2.28 40.42 37.08 43.79 44.59
5.84 12.53 2.83 2.17 40.53 37.22 43.66 44.82
5.86 12.67 2.79 2.13 40.50 37.16 43.71 44.89
5.95 12.87 2.79 2.18 40.44 37.09 43.70 44.80
5.57 11.94 2.70 2.06 40.73 37.42 43.85 45.04
6.09 13.10 2.88 2.27 40.34 37.01 43.57 44.61
5.61 12.09 2.71 2.04 40.68 37.36 43.82 45.04
5.95 12.86 2.82 2.16 40.43 37.09 43.66 44.82
5.57 11.96 2.63 2.11 40.74 37.42 43.97 44.94
5.82 12.65 2.70 2.10 40.52 37.15 43.84 44.95
6.13 13.40 2.99 1.99 40.31 36.91 43.42 45.18
6.90 15.42 3.09 2.21 39.80 36.31 43.27 44.74
7.11 15.98 3.13 2.23 39.66 36.15 43.21 44.69
7.13 16.02 3.18 2.20 39.64 36.13 43.14 44.75
7.71 17.39 3.52 2.22 39.31 35.78 42.70 44.69
8.31 18.96 3.69 2.28 38.98 35.40 42.49 44.58
8.87 20.38 3.93 2.30 38.70 35.09 42.22 44.55
9.15 21.26 3.93 2.27 38.56 34.91 42.20 44.59
8.67 20.25 3.74 2.03 38.79 35.11 42.43 45.08
9.42 21.85 4.03 2.39 38.47 34.82 42.12 44.43
7.12 16.70 2.99 1.66 39.65 35.95 43.40 45.94
6.45 15.32 2.57 1.44 40.08 36.33 44.05 46.55
6.03 14.50 2.37 1.21 40.38 36.57 44.40 47.32
5.65 13.80 2.13 1.00 40.66 36.79 44.85 48.13
5.03 12.43 1.92 0.73 41.16 37.23 45.33 49.51
5.14 12.87 1.93 0.60 41.09 37.11 45.29 50.33
4.74 11.75 1.87 0.59 41.41 37.48 45.43 50.43
5.24 13.18 1.95 0.57 41.00 37.00 45.25 50.55
4.98 12.32 2.04 0.59 41.18 37.25 45.04 50.42
5.26 13.10 2.12 0.56 40.94 36.99 44.87 50.64
5.17 12.93 2.03 0.57 41.00 37.03 45.06 50.58
5.33 13.28 2.14 0.56 40.90 36.94 44.84 50.71
5.11 12.80 2.03 0.50 41.08 37.09 45.08 51.10
4.89 12.23 1.97 0.49 41.26 37.29 45.20 51.25
4.80 12.01 1.85 0.53 41.35 37.36 45.46 50.89
5.05 12.51 2.00 0.62 41.12 37.18 45.12 50.20
4.95 12.34 1.92 0.57 41.22 37.26 45.31 50.54
4.66 11.69 1.75 0.54 41.48 37.49 45.73 50.78
4.43 11.08 1.67 0.54 41.69 37.72 45.91 50.80
4.43 11.04 1.75 0.51 41.70 37.74 45.70 51.06
4.10 10.19 1.66 0.44 42.04 38.08 45.94 51.68
4.64 11.52 1.94 0.47 41.51 37.57 45.27 51.39
4.80 11.76 2.13 0.49 41.35 37.46 44.85 51.18
5.06 12.46 2.22 0.50 41.13 37.22 44.69 51.19
4.95 12.14 2.20 0.51 41.22 37.32 44.72 51.07
5.17 12.66 2.31 0.56 41.03 37.15 44.53 50.69
5.30 12.90 2.42 0.58 40.93 37.08 44.33 50.52
5.53 13.48 2.49 0.62 40.74 36.88 44.20 50.19
5.22 12.63 2.40 0.62 40.99 37.16 44.35 50.22
5.29 12.86 2.39 0.63 40.95 37.10 44.39 50.18
4.36 10.50 2.03 0.55 41.78 37.97 45.08 50.70
4.12 9.89 1.92 0.55 42.04 38.24 45.33 50.77
3.66 8.64 1.84 0.51 42.55 38.83 45.51 51.04
3.28 7.65 1.70 0.49 43.05 39.39 45.86 51.29
3.22 7.54 1.68 0.44 43.15 39.48 45.92 51.71
2.84 6.63 1.54 0.35 43.73 40.09 46.30 52.72
2.72 6.24 1.44 0.47 43.93 40.37 46.58 51.43
2.67 6.06 1.37 0.56 44.04 40.52 46.81 50.68
2.57 5.60 1.44 0.68 44.14 40.80 46.60 49.83
2.73 5.96 1.51 0.74 43.87 40.53 46.38 49.49
2.68 5.83 1.47 0.75 43.98 40.66 46.51 49.40
2.59 5.66 1.41 0.70 44.13 40.78 46.69 49.70
2.70 5.87 1.52 0.71 43.98 40.66 46.38 49.65
2.64 5.82 1.44 0.66 44.07 40.70 46.59 49.96
2.85 6.24 1.61 0.71 43.69 40.33 46.10 49.64
2.81 6.21 1.52 0.71 43.78 40.37 46.38 49.67
2.76 6.10 1.51 0.68 43.83 40.43 46.37 49.84
2.73 6.04 1.48 0.68 43.89 40.49 46.47 49.84
2.72 6.08 1.44 0.65 43.92 40.47 46.62 50.03
2.69 6.04 1.42 0.63 43.96 40.50 46.67 50.18
2.71 6.06 1.46 0.61 43.94 40.48 46.58 50.32
2.72 6.06 1.45 0.66 43.90 40.46 46.57 49.98
2.82 6.13 1.49 0.84 43.73 40.39 46.46 48.91
3.64 7.79 2.12 1.02 42.59 39.31 44.90 48.08
3.97 8.38 2.36 1.18 42.20 38.98 44.43 47.43
4.78 9.63 2.84 1.87 41.40 38.38 43.62 45.44
5.23 10.23 2.93 2.54 40.98 38.08 43.49 44.11
5.76 10.76 3.18 3.32 40.56 37.85 43.12 42.95
5.75 10.32 3.30 3.62 40.58 38.05 42.97 42.58
5.17 8.80 3.04 3.68 41.02 38.73 43.32 42.50
4.74 7.90 2.71 3.62 41.40 39.19 43.81 42.58
4.56 7.33 2.50 3.85 41.57 39.51 44.17 42.32
4.79 7.77 3.27 3.34 41.37 39.27 43.04 42.93
5.54 8.89 3.69 4.03 40.76 38.70 42.53 42.11
4.70 7.45 2.75 3.89 41.43 39.42 43.74 42.26
4.80 7.65 2.72 4.04 41.34 39.32 43.79 42.10
5.13 8.23 3.10 4.04 41.06 39.00 43.24 42.10
5.80 9.30 3.79 4.32 40.52 38.47 42.36 41.81
5.35 8.58 3.52 3.93 40.85 38.79 42.66 42.19
6.06 9.88 3.73 4.58 40.30 38.19 42.42 41.53
5.96 9.50 3.71 4.68 40.38 38.35 42.43 41.43
6.18 10.25 3.67 4.61 40.22 38.02 42.49 41.49
5.95 9.85 3.56 4.44 40.39 38.20 42.63 41.66
5.88 9.68 3.32 4.64 40.44 38.27 42.92 41.47
6.42 10.89 3.67 4.68 40.06 37.76 42.48 41.43
6.68 11.26 3.88 4.89 39.89 37.62 42.25 41.24
6.02 10.09 3.78 4.20 40.33 38.09 42.36 41.90
6.42 10.53 4.19 4.54 40.06 37.91 41.91 41.56
6.25 10.31 3.90 4.53 40.18 38.00 42.22 41.57
6.20 10.21 4.06 4.32 40.21 38.04 42.05 41.77
5.81 9.80 3.73 3.89 40.49 38.22 42.42 42.23
7.07 12.16 4.35 4.72 39.63 37.28 41.75 41.39
7.82 13.20 4.99 5.29 39.20 36.93 41.15 40.90
8.78 15.05 5.23 6.07 38.70 36.36 40.95 40.30
8.57 15.46 5.21 5.03 38.80 36.24 40.97 41.11
9.95 17.90 6.27 5.68 38.15 35.60 40.16 40.59
11.53 21.48 6.76 6.35 37.51 34.81 39.83 40.11
11.65 22.00 6.46 6.49 37.47 34.71 40.03 40.01
12.08 22.70 7.18 6.38 37.31 34.57 39.57 40.08
12.51 24.02 6.75 6.76 37.16 34.32 39.84 39.83
12.52 23.35 6.55 7.67 37.15 34.45 39.97 39.28
11.35 22.07 5.67 6.30 37.58 34.69 40.59 40.14
10.94 21.50 5.63 5.68 37.74 34.81 40.62 40.59
10.25 20.94 5.28 4.54 38.02 34.92 40.91 41.56
9.93 20.54 5.19 4.05 38.16 35.00 40.98 42.06
8.32 17.39 4.25 3.32 38.93 35.73 41.85 42.92
8.64 18.38 4.41 3.12 38.76 35.49 41.68 43.19
9.20 19.72 4.61 3.29 38.49 35.18 41.49 42.96
7.52 16.18 3.85 2.53 39.37 36.04 42.27 44.09
8.79 19.03 4.59 2.76 38.69 35.34 41.52 43.73
8.77 18.87 4.47 2.97 38.70 35.38 41.63 43.41
10.37 22.67 4.87 3.56 37.98 34.58 41.26 42.62
8.60 19.07 4.13 2.60 38.79 35.33 41.97 43.98
10.06 22.29 4.54 3.35 38.10 34.65 41.56 42.87
9.07 19.49 4.51 3.22 38.55 35.23 41.59 43.05
8.52 18.69 4.17 2.70 38.83 35.42 41.93 43.81
7.32 16.22 3.47 2.28 39.49 36.03 42.73 44.55
7.90 17.31 3.81 2.56 39.16 35.75 42.32 44.04
8.22 18.04 3.89 2.73 38.98 35.57 42.24 43.78
7.90 17.27 3.82 2.61 39.15 35.76 42.31 43.95
8.18 18.07 3.70 2.77 39.01 35.56 42.45 43.71
8.62 19.28 3.84 2.73 38.78 35.28 42.29 43.77
8.87 19.93 3.91 2.77 38.65 35.14 42.21 43.71
9.00 20.29 3.84 2.86 38.59 35.06 42.29 43.56
9.19 20.90 3.93 2.76 38.49 34.93 42.18 43.73
9.83 22.51 4.16 2.82 38.21 34.61 41.94 43.63
10.57 24.30 4.53 2.88 37.89 34.27 41.58 43.54
10.34 23.87 4.28 2.87 37.99 34.35 41.81 43.55
9.81 22.52 4.30 2.60 38.22 34.61 41.79 43.98
9.00 20.78 3.83 2.37 38.59 34.95 42.29 44.39
7.47 17.58 3.03 1.81 39.40 35.68 43.32 45.56
6.44 15.36 2.61 1.35 40.04 36.27 43.96 46.84
5.69 13.80 2.38 0.87 40.58 36.73 44.36 48.71
5.01 12.38 1.96 0.70 41.13 37.20 45.21 49.67
4.74 11.70 1.83 0.68 41.38 37.45 45.51 49.78
4.91 12.35 1.83 0.54 41.22 37.21 45.51 50.78
4.60 11.53 1.76 0.49 41.51 37.51 45.68 51.24
4.60 11.55 1.77 0.48 41.50 37.51 45.66 51.29
4.50 11.10 1.77 0.63 41.60 37.68 45.66 50.11
4.91 12.06 1.95 0.73 41.22 37.32 45.24 49.47
4.80 11.92 1.80 0.68 41.32 37.37 45.58 49.79
4.61 11.61 1.64 0.58 41.50 37.48 45.99 50.50
4.50 11.24 1.71 0.55 41.60 37.63 45.81 50.70
4.59 11.56 1.65 0.55 41.52 37.50 45.96 50.71
4.64 11.52 1.79 0.61 41.46 37.51 45.61 50.29
4.87 12.07 1.91 0.62 41.26 37.31 45.33 50.19
4.45 11.02 1.74 0.59 41.65 37.71 45.72 50.44
4.29 10.71 1.59 0.58 41.81 37.83 46.12 50.52
4.29 10.63 1.64 0.60 41.81 37.86 45.99 50.37
4.48 11.11 1.69 0.64 41.62 37.68 45.85 50.06
4.62 11.41 1.81 0.64 41.49 37.56 45.55 50.08
5.36 12.81 2.20 1.06 40.84 37.05 44.70 47.88
6.40 14.80 2.83 1.59 40.06 36.43 43.62 46.12
6.76 15.70 2.81 1.76 39.84 36.17 43.64 45.68
7.25 16.54 3.41 1.80 39.53 35.95 42.80 45.59
8.91 20.02 4.16 2.56 38.63 35.12 41.94 44.06
9.61 21.45 4.30 3.07 38.30 34.81 41.80 43.26
10.25 22.89 4.78 3.07 38.03 34.53 41.33 43.26
10.26 22.84 4.84 3.12 38.02 34.54 41.29 43.19
9.01 20.50 3.95 2.59 38.58 35.01 42.17 43.99
8.89 20.29 3.80 2.59 38.64 35.06 42.34 44.00
8.45 19.08 3.75 2.51 38.87 35.33 42.39 44.13
7.11 15.71 3.33 2.29 39.61 36.17 42.91 44.53
7.20 15.63 3.41 2.55 39.56 36.19 42.80 44.07
6.98 14.64 3.54 2.74 39.69 36.47 42.64 43.75
6.88 14.17 3.65 2.82 39.75 36.62 42.50 43.62
6.41 13.22 3.31 2.71 40.06 36.92 42.93 43.80
6.46 13.10 3.32 2.98 40.02 36.96 42.92 43.38
5.86 12.46 3.09 2.03 40.45 37.18 43.22 45.06
6.41 13.96 3.10 2.18 40.06 36.68 43.22 44.76
6.50 14.13 3.12 2.25 40.00 36.63 43.19 44.61
6.55 14.30 3.17 2.19 39.97 36.58 43.12 44.72
6.68 14.39 3.37 2.25 39.89 36.55 42.85 44.60
7.05 15.46 3.32 2.38 39.65 36.24 42.92 44.37
6.93 15.11 3.37 2.30 39.72 36.34 42.85 44.51
7.95 17.61 3.67 2.56 39.13 35.67 42.49 44.05
7.37 16.08 3.48 2.52 39.46 36.07 42.71 44.11
7.24 15.71 3.38 2.65 39.53 36.17 42.85 43.90
8.20 17.65 3.75 3.20 38.99 35.66 42.39 43.08
7.45 16.35 3.30 2.71 39.41 36.00 42.95 43.80
7.55 16.81 3.30 2.55 39.35 35.87 42.95 44.06
8.72 19.42 3.98 2.76 38.73 35.25 42.13 43.72
8.68 19.47 3.79 2.77 38.75 35.24 42.35 43.70
9.06 20.49 3.93 2.77 38.56 35.02 42.18 43.71
8.40 19.28 3.63 2.27 38.89 35.28 42.53 44.57
9.20 21.33 3.97 2.31 38.49 34.84 42.14 44.50
9.61 22.27 4.13 2.45 38.30 34.66 41.98 44.25
9.78 22.52 4.11 2.70 38.23 34.61 41.99 43.82
9.94 22.95 4.45 2.42 38.16 34.52 41.65 44.29
8.60 19.86 3.65 2.30 38.78 35.15 42.51 44.52
7.55 17.61 3.18 1.84 39.35 35.67 43.11 45.48
6.23 14.71 2.61 1.37 40.19 36.46 43.96 46.77
5.18 12.27 2.24 1.05 40.98 37.24 44.64 47.92
4.97 12.10 1.97 0.84 41.17 37.30 45.18 48.86
4.68 11.50 1.71 0.82 41.43 37.52 45.80 48.98
4.78 11.68 1.76 0.88 41.34 37.45 45.67 48.68
4.71 11.51 1.73 0.88 41.40 37.52 45.76 48.67
4.87 11.92 1.74 0.95 41.25 37.37 45.72 48.33
4.79 11.54 1.83 0.99 41.33 37.51 45.50 48.19
5.02 12.02 2.01 1.02 41.13 37.33 45.10 48.06
5.22 12.54 2.06 1.06 40.96 37.15 44.99 47.90
5.05 12.29 1.89 0.97 41.10 37.23 45.37 48.25
4.91 11.95 1.87 0.92 41.22 37.36 45.42 48.48
5.00 12.24 1.86 0.91 41.14 37.25 45.44 48.54
4.88 11.84 1.86 0.93 41.25 37.40 45.45 48.45
5.14 12.61 1.91 0.89 41.02 37.12 45.32 48.63
4.64 11.40 1.76 0.76 41.46 37.56 45.67 49.33
4.42 10.93 1.63 0.71 41.67 37.74 46.02 49.63
4.29 10.89 1.46 0.51 41.81 37.76 46.49 51.08
4.36 11.15 1.49 0.45 41.73 37.66 46.39 51.61
4.12 10.33 1.50 0.54 41.98 37.99 46.38 50.80
4.80 11.76 1.89 0.74 41.32 37.43 45.37 49.41
4.99 12.04 2.15 0.79 41.15 37.32 44.81 49.16
5.43 13.09 2.40 0.82 40.78 36.96 44.34 49.02
5.06 12.05 2.34 0.78 41.09 37.32 44.45 49.19
5.19 12.42 2.37 0.78 40.98 37.19 44.38 49.19
5.79 14.02 2.62 0.74 40.50 36.67 43.96 49.41
5.55 13.33 2.54 0.76 40.69 36.88 44.08 49.32
5.54 13.32 2.43 0.87 40.70 36.89 44.28 48.73
5.55 13.40 2.42 0.83 40.70 36.87 44.30 48.96
5.42 13.14 2.33 0.78 40.79 36.94 44.46 49.22
4.91 11.83 2.05 0.85 41.22 37.40 45.01 48.82
4.32 10.17 2.05 0.74 41.78 38.07 45.01 49.42
3.92 9.13 1.89 0.73 42.21 38.54 45.38 49.49
3.57 8.25 1.78 0.68 42.61 38.98 45.63 49.81
3.62 8.45 1.76 0.65 42.56 38.88 45.69 49.97
3.19 7.38 1.58 0.62 43.11 39.47 46.14 50.24
3.08 7.12 1.51 0.62 43.26 39.62 46.36 50.19
2.67 5.84 1.54 0.63 43.91 40.54 46.27 50.16
3.00 6.69 1.68 0.62 43.41 39.95 45.89 50.23
2.87 6.46 1.55 0.60 43.65 40.15 46.27 50.35
2.57 5.95 1.34 0.43 44.13 40.52 46.90 51.80
2.47 5.69 1.31 0.42 44.29 40.70 46.99 51.87
2.67 6.25 1.34 0.43 44.00 40.34 46.91 51.80
2.87 6.46 1.56 0.58 43.64 40.14 46.24 50.50
2.90 6.60 1.52 0.57 43.60 40.05 46.37 50.57
2.52 5.66 1.37 0.54 44.20 40.71 46.79 50.84
2.44 5.60 1.26 0.47 44.33 40.75 47.15 51.46
2.56 5.91 1.35 0.42 44.14 40.53 46.88 51.87
2.35 5.38 1.29 0.39 44.49 40.92 47.08 52.20
2.29 5.12 1.28 0.47 44.61 41.14 47.08 51.44
2.33 5.16 1.33 0.51 44.51 41.08 46.92 51.04
2.36 5.17 1.41 0.51 44.45 41.06 46.68 51.07
2.80 6.07 1.65 0.68 43.72 40.38 45.97 49.84
3.49 7.04 2.27 1.17 42.74 39.70 44.60 47.47
4.43 8.75 2.64 1.90 41.70 38.76 43.94 45.35
5.10 9.76 2.82 2.74 41.07 38.26 43.64 43.76
5.65 10.58 2.98 3.40 40.62 37.90 43.40 42.82
6.26 11.34 3.53 3.90 40.18 37.60 42.66 42.23
6.57 11.45 3.71 4.54 39.96 37.56 42.44 41.57
6.23 10.82 3.39 4.47 40.19 37.80 42.83 41.63
5.98 10.10 3.16 4.68 40.37 38.10 43.14 41.43
5.32 8.94 3.13 3.89 40.87 38.62 43.18 42.23
5.64 9.24 2.93 4.75 40.62 38.48 43.46 41.37
5.53 8.86 2.95 4.79 40.70 38.66 43.43 41.32
5.86 9.10 3.06 5.42 40.45 38.54 43.27 40.79
4.85 7.66 2.70 4.18 41.28 39.29 43.81 41.92
5.40 8.53 2.94 4.73 40.81 38.82 43.45 41.38
4.68 8.01 2.39 3.63 41.43 39.10 44.34 42.54
5.17 8.59 2.74 4.18 41.00 38.79 43.76 41.92
5.28 8.61 2.85 4.39 40.90 38.78 43.59 41.71
5.23 8.96 2.58 4.12 40.95 38.61 44.01 41.98
4.68 7.76 2.37 3.91 41.43 39.23 44.38 42.21
4.92 8.34 2.34 4.09 41.21 38.92 44.45 42.01
5.03 8.43 2.52 4.13 41.12 38.87 44.11 41.97
5.28 9.02 2.91 3.92 40.90 38.58 43.49 42.20
5.43 9.27 3.22 3.81 40.78 38.46 43.05 42.32
4.82 8.11 2.77 3.56 41.30 39.04 43.70 42.62
6.09 10.09 3.97 4.21 40.29 38.09 42.14 41.89
5.25 8.87 3.09 3.79 40.93 38.65 43.23 42.34
5.25 9.02 3.31 3.44 40.93 38.58 42.93 42.76
6.00 10.44 3.63 3.94 40.35 37.94 42.53 42.18
6.18 10.70 4.20 3.63 40.22 37.83 41.90 42.53
6.72 11.76 4.36 4.03 39.86 37.43 41.73 42.07
6.24 11.91 3.53 3.28 40.18 37.37 42.66 42.97
7.68 14.30 4.27 4.47 39.28 36.58 41.83 41.62
8.91 16.88 4.92 4.93 38.63 35.86 41.21 41.21
9.61 18.57 5.27 5.00 38.30 35.44 40.91 41.14
9.77 19.15 5.18 4.96 38.23 35.31 40.98 41.17
10.63 20.62 5.56 5.72 37.86 34.99 40.68 40.55
10.35 19.98 5.69 5.38 37.98 35.13 40.57 40.82
9.32 18.17 4.88 4.93 38.43 35.54 41.25 41.20
9.25 18.99 4.25 4.51 38.47 35.34 41.85 41.59
8.57 16.78 4.10 4.82 38.80 35.88 42.01 41.30
9.15 18.68 4.12 4.65 38.52 35.42 41.99 41.46
8.44 17.38 3.81 4.13 38.86 35.73 42.32 41.97
6.99 14.59 3.27 3.11 39.68 36.49 42.98 43.20
7.35 15.32 3.56 3.18 39.47 36.28 42.62 43.11
5.57 11.74 2.59 2.36 40.68 37.43 44.00 44.40
7.20 15.25 3.53 2.83 39.55 36.30 42.65 43.61
6.43 13.86 2.95 2.51 40.05 36.71 43.44 44.14
6.45 13.86 3.12 2.38 40.04 36.71 43.19 44.37
6.44 14.03 3.00 2.30 40.04 36.66 43.36 44.51
6.41 13.99 2.90 2.35 40.06 36.67 43.51 44.43
5.92 12.77 2.76 2.21 40.41 37.07 43.72 44.68
6.48 14.03 3.01 2.41 40.02 36.66 43.35 44.32
6.05 13.11 2.84 2.18 40.32 36.95 43.59 44.75
6.53 14.20 3.02 2.39 39.98 36.61 43.33 44.35
5.95 12.82 2.75 2.29 40.38 37.05 43.73 44.53
6.19 13.44 2.81 2.31 40.22 36.85 43.65 44.49
6.19 13.56 2.99 2.01 40.21 36.81 43.38 45.09
7.36 16.48 3.23 2.37 39.46 35.96 43.05 44.38
7.58 17.10 3.29 2.36 39.33 35.80 42.96 44.40
7.82 17.78 3.34 2.35 39.20 35.63 42.89 44.41
8.00 18.12 3.68 2.20 39.10 35.55 42.47 44.71
8.64 19.75 3.84 2.33 38.77 35.18 42.29 44.46
9.47 21.79 4.19 2.41 38.37 34.75 41.91 44.31
10.06 23.35 4.30 2.52 38.11 34.45 41.79 44.11
9.12 21.38 3.89 2.08 38.53 34.83 42.23 44.96
10.04 23.17 4.35 2.59 38.11 34.48 41.74 44.00
8.46 19.92 3.47 1.97 38.86 35.14 42.73 45.18
7.27 17.40 2.79 1.60 39.52 35.72 43.67 46.08
6.37 15.36 2.45 1.31 40.09 36.27 44.24 46.95
6.25 15.27 2.37 1.12 40.17 36.29 44.39 47.63
5.49 13.58 2.09 0.80 40.73 36.80 44.93 49.13
5.64 14.16 2.11 0.64 40.62 36.62 44.89 50.06
5.18 12.92 2.02 0.59 40.99 37.02 45.08 50.41
5.84 14.79 2.16 0.58 40.46 36.43 44.79 50.49
5.16 12.78 2.12 0.59 41.00 37.06 44.86 50.45
5.62 13.93 2.30 0.64 40.63 36.69 44.51 50.09
5.49 13.68 2.17 0.63 40.73 36.77 44.76 50.17
5.44 13.67 2.08 0.58 40.77 36.77 44.96 50.51
5.18 13.01 2.00 0.52 40.99 36.99 45.11 50.94
4.97 12.46 1.95 0.51 41.17 37.18 45.23 51.09
4.98 12.45 1.94 0.54 41.16 37.18 45.25 50.78
5.16 12.75 2.08 0.66 41.00 37.08 44.95 49.95
5.28 13.03 2.20 0.62 40.90 36.98 44.72 50.19
4.94 12.32 1.91 0.59 41.20 37.22 45.32 50.45
4.66 11.61 1.81 0.57 41.45 37.48 45.57 50.60
4.77 11.83 1.92 0.57 41.35 37.40 45.30 50.60
4.27 10.65 1.68 0.47 41.83 37.86 45.88 51.38
4.88 12.09 2.06 0.49 41.25 37.31 45.00 51.27
4.89 12.06 2.11 0.50 41.24 37.32 44.89 51.13
5.10 12.56 2.26 0.48 41.06 37.14 44.59 51.29
5.28 12.93 2.35 0.55 40.91 37.02 44.42 50.75
5.32 13.07 2.33 0.57 40.88 36.98 44.46 50.62
5.71 14.04 2.50 0.59 40.57 36.67 44.16 50.40
5.65 13.79 2.56 0.62 40.63 36.76 44.06 50.22
5.35 13.05 2.39 0.63 40.85 36.99 44.36 50.14
5.44 13.37 2.38 0.57 40.79 36.89 44.38 50.55
4.72 11.48 2.11 0.57 41.42 37.56 44.90 50.59
4.50 10.91 2.04 0.56 41.62 37.78 45.06 50.67
3.98 9.50 1.93 0.50 42.16 38.39 45.28 51.15
3.66 8.71 1.81 0.48 42.55 38.80 45.58 51.35
3.62 8.56 1.85 0.44 42.62 38.89 45.50 51.73
3.14 7.52 1.56 0.34 43.25 39.49 46.23 52.83
3.08 7.27 1.55 0.43 43.35 39.65 46.28 51.85
3.02 7.01 1.48 0.56 43.45 39.83 46.48 50.64
2.99 6.65 1.57 0.74 43.46 40.02 46.21 49.44
3.19 7.12 1.68 0.76 43.19 39.73 45.91 49.32
3.02 6.75 1.58 0.74 43.43 39.99 46.17 49.42
2.91 6.48 1.55 0.71 43.59 40.16 46.27 49.64
3.10 6.96 1.65 0.71 43.35 39.89 46.02 49.62
3.01 6.85 1.50 0.69 43.43 39.91 46.38 49.77
3.20 7.20 1.70 0.71 43.19 39.71 45.88 49.64
3.29 7.40 1.78 0.68 43.09 39.61 45.68 49.81
3.16 7.11 1.69 0.68 43.26 39.78 45.91 49.83
3.03 6.83 1.59 0.66 43.44 39.95 46.17 49.93
3.08 7.05 1.54 0.66 43.37 39.82 46.29 49.93
3.07 7.01 1.54 0.65 43.39 39.83 46.31 50.03
3.09 7.08 1.55 0.63 43.37 39.80 46.29 50.15
3.09 6.97 1.61 0.69 43.34 39.84 46.13 49.80
3.20 7.10 1.67 0.84 43.18 39.75 45.98 48.90
3.81 8.22 2.23 0.98 42.39 39.08 44.68 48.24
4.16 8.94 2.45 1.10 42.02 38.73 44.28 47.75
4.92 10.14 2.80 1.81 41.27 38.15 43.68 45.58
5.48 11.02 2.93 2.49 40.81 37.80 43.50 44.19
5.70 10.89 3.12 3.10 40.61 37.81 43.20 43.25
5.87 10.84 3.41 3.37 40.48 37.84 42.83 42.88
5.40 9.58 3.16 3.46 40.82 38.34 43.14 42.76
4.75 8.02 2.75 3.49 41.39 39.13 43.75 42.72
4.52 7.40 2.59 3.57 41.61 39.48 44.00 42.63
4.90 7.95 3.48 3.28 41.27 39.18 42.77 42.99
5.60 9.07 3.66 4.06 40.70 38.61 42.54 42.07
4.60 7.28 2.68 3.83 41.53 39.53 43.85 42.34
4.71 7.58 2.71 3.85 41.42 39.36 43.81 42.30
5.08 8.17 3.11 3.97 41.09 39.03 43.22 42.16
5.72 9.27 3.71 4.19 40.57 38.48 42.44 41.94
5.22 8.38 3.48 3.81 40.95 38.90 42.72 42.33
5.92 9.61 3.65 4.49 40.41 38.30 42.51 41.61
5.73 9.14 3.57 4.47 40.55 38.52 42.61 41.62
6.04 10.00 3.69 4.42 40.33 38.13 42.47 41.67
5.92 9.88 3.46 4.42 40.41 38.18 42.74 41.68
5.95 9.89 3.37 4.58 40.39 38.18 42.86 41.52
6.30 10.87 3.58 4.46 40.13 37.77 42.60 41.63
6.40 10.86 3.71 4.64 40.07 37.77 42.44 41.46
5.98 10.07 3.81 4.07 40.36 38.10 42.32 42.04
6.44 10.55 4.27 4.50 40.04 37.90 41.82 41.60
6.41 10.71 3.98 4.53 40.07 37.83 42.14 41.57
6.11 10.17 4.02 4.14 40.27 38.06 42.09 41.96
5.88 9.94 3.86 3.85 40.44 38.16 42.27 42.28
6.80 11.70 4.16 4.55 39.81 37.45 41.94 41.55
7.75 13.30 4.78 5.18 39.24 36.89 41.34 40.99
8.63 14.72 4.96 6.22 38.77 36.45 41.18 40.19
8.31 14.91 4.95 5.08 38.93 36.40 41.18 41.07
10.09 18.12 6.24 5.92 38.09 35.55 40.18 40.41
11.25 20.99 6.53 6.22 37.62 34.91 39.98 40.19
11.86 22.49 6.47 6.62 37.39 34.61 40.02 39.92
12.16 22.98 6.98 6.55 37.28 34.52 39.70 39.97
12.53 24.01 6.80 6.79 37.15 34.32 39.80 39.82
12.01 22.30 6.35 7.40 37.34 34.65 40.10 39.44
10.81 20.94 5.43 6.07 37.79 34.93 40.78 40.30
10.92 21.51 5.59 5.66 37.75 34.80 40.66 40.60
10.06 20.37 5.31 4.51 38.10 35.04 40.88 41.59
9.56 19.62 5.19 3.86 38.33 35.21 40.98 42.27
8.83 18.36 4.48 3.67 38.66 35.49 41.62 42.48
8.48 18.04 4.30 3.11 38.84 35.57 41.80 43.20
9.18 19.69 4.58 3.29 38.50 35.19 41.52 42.96
7.32 15.77 3.64 2.54 39.49 36.15 42.53 44.08
9.13 19.95 4.46 2.96 38.53 35.13 41.64 43.42
8.23 17.71 4.21 2.78 38.97 35.65 41.89 43.69
10.60 23.21 4.92 3.67 37.87 34.47 41.21 42.48
8.14 17.98 3.92 2.50 39.03 35.58 42.19 44.15
9.76 21.68 4.37 3.22 38.24 34.77 41.72 43.06
9.18 19.73 4.55 3.26 38.50 35.18 41.55 42.99
8.58 18.85 4.21 2.66 38.80 35.37 41.89 43.87
7.12 15.67 3.40 2.27 39.61 36.18 42.81 44.57
8.00 17.51 3.80 2.71 39.09 35.70 42.33 43.80
9.20 19.52 4.59 3.52 38.49 35.23 41.52 42.67
8.69 18.39 4.34 3.34 38.74 35.48 41.75 42.90
8.49 18.32 4.13 3.03 38.84 35.50 41.97 43.32
8.84 19.64 3.94 2.95 38.66 35.20 42.17 43.45
8.94 20.01 3.97 2.87 38.62 35.12 42.15 43.55
8.73 19.64 3.81 2.73 38.72 35.20 42.33 43.76
9.10 20.66 3.86 2.78 38.54 34.98 42.26 43.70
9.86 22.41 4.19 2.98 38.19 34.63 41.91 43.40
10.52 24.13 4.47 2.98 37.91 34.31 41.63 43.39
10.68 24.54 4.44 3.06 37.84 34.23 41.66 43.27
9.79 22.54 4.12 2.69 38.22 34.61 41.98 43.82
9.10 21.11 3.80 2.39 38.54 34.89 42.33 44.34
7.88 18.54 3.19 1.91 39.16 35.44 43.08 45.33
6.34 15.24 2.46 1.33 40.11 36.30 44.22 46.89
5.76 13.87 2.42 0.98 40.53 36.71 44.29 48.21
5.10 12.52 1.99 0.80 41.06 37.15 45.15 49.13
5.07 12.45 2.00 0.76 41.08 37.17 45.13 49.33
4.67 11.68 1.76 0.55 41.44 37.45 45.68 50.70
4.63 11.60 1.76 0.52 41.48 37.49 45.68 50.94
4.57 11.43 1.75 0.52 41.53 37.55 45.70 50.98
4.54 11.26 1.78 0.59 41.56 37.61 45.63 50.40
4.90 12.02 1.91 0.74 41.23 37.33 45.31 49.42
4.88 12.04 1.89 0.71 41.25 37.33 45.38 49.62
4.59 11.46 1.68 0.63 41.51 37.54 45.89 50.16
4.46 11.03 1.70 0.63 41.64 37.71 45.82 50.13
4.68 11.75 1.68 0.61 41.43 37.44 45.88 50.27
4.57 11.36 1.69 0.65 41.53 37.58 45.86 50.01
4.88 12.06 1.88 0.70 41.25 37.31 45.39 49.68
4.46 11.01 1.72 0.67 41.63 37.71 45.77 49.87
4.43 11.03 1.61 0.66 41.67 37.70 46.04 49.95
4.25 10.54 1.57 0.63 41.85 37.90 46.15 50.13
4.41 10.94 1.64 0.66 41.69 37.74 45.99 49.96
4.39 10.81 1.73 0.60 41.71 37.79 45.75 50.31
5.29 12.72 2.15 1.02 40.89 37.08 44.80 48.04
6.19 14.62 2.52 1.44 40.21 36.48 44.11 46.55
6.53 15.33 2.60 1.66 39.99 36.28 43.98 45.94
7.00 16.09 3.12 1.79 39.68 36.07 43.19 45.60
8.57 19.45 3.78 2.49 38.80 35.25 42.36 44.17
9.47 21.20 4.17 3.05 38.37 34.87 41.93 43.29
9.90 21.98 4.66 3.05 38.18 34.71 41.45 43.28
9.98 22.26 4.65 3.03 38.14 34.65 41.46 43.31
9.92 22.31 4.45 2.97 38.17 34.64 41.64 43.41
8.81 20.09 3.89 2.45 38.68 35.10 42.23 44.23
8.28 18.87 3.64 2.33 38.95 35.38 42.52 44.45
6.93 15.42 3.25 2.11 39.73 36.25 43.01 44.90
7.08 15.40 3.30 2.53 39.63 36.25 42.95 44.10
7.15 15.08 3.66 2.68 39.59 36.35 42.49 43.85
6.89 14.16 3.74 2.77 39.75 36.62 42.40 43.71
6.66 13.66 3.56 2.75 39.90 36.78 42.61 43.73
6.54 13.18 3.49 2.96 39.98 36.93 42.70 43.42
