0.00 0.00 0.00 0.00 0.00 0.00 0.00 0.00
0.00 0.00 0.00 0.00 0.00 0.00 0.00 0.00
0.00 0.00 0.00 0.00 0.00 0.00 0.00 0.00
0.00 0.00 0.00 0.00 0.00 0.00 0.00 0.00
0.00 0.00 0.00 0.00 0.00 0.00 0.00 0.00
0.00 0.00 0.00 0.00 0.00 0.00 0.00 0.00
0.00 0.00 0.00 0.00 0.00 0.00 0.00 0.00
0.00 0.00 0.00 0.00 0.00 0.00 0.00 0.00
0.00 0.00 0.00 0.00 0.00 0.00 0.00 0.00
0.00 0.00 0.00 0.00 0.00 0.00 0.00 0.00
0.00 0.00 0.00 0.00 0.00 0.00 0.00 0.00
0.00 0.00 0.00 0.00 0.00 0.00 0.00 0.00
0.00 0.00 0.00 0.00 0.00 0.00 0.00 0.00
0.00 0.00 0.00 0.00 0.00 0.00 0.00 0.00
0.00 0.00 0.00 0.00 0.00 0.00 0.00 0.00
0.00 0.00 0.00 0.00 0.00 0.00 0.00 0.00
0.00 0.00 0.00 0.00 0.00 0.00 0.00 0.00
0.00 0.00 0.00 0.00 0.00 0.00 0.00 0.00
0.00 0.00 0.00 0.00 0.00 0.00 0.00 0.00
0.00 0.00 0.00 0.00 0.00 0.00 0.00 0.00
0.00 0.00 0.00 0.00 0.00 0.00 0.00 0.00
0.00 0.00 0.00 0.00 0.00 0.00 0.00 0.00
0.00 0.00 0.00 0.00 0.00 0.00 0.00 0.00
0.00 0.00 0.00 0.00 0.00 0.00 0.00 0.00
0.00 0.00 0.00 0.00 0.00 0.00 0.00 0.00
0.00 0.00 0.00 0.00 0.00 0.00 0.00 0.00
0.00 0.00 0.00 0.00 0.00 0.00 0.00 0.00
0.00 0.00 0.00 0.00 0.00 0.00 0.00 0.00
0.00 0.00 0.00 0.00 0.00 0.00 0.00 0.00
0.00 0.00 0.00 0.00 0.00 0.00 0.00 0.00
0.75 5.98 0.02 0.00 1.02 1.52 0.12 0.02
1.01 7.43 0.05 0.00 1.28 1.75 0.34 0.09
1.04 7.86 0.03 0.01 1.27 1.79 0.22 0.13
1.24 9.08 0.06 0.01 1.43 1.92 0.41 0.13
1.04 7.83 0.05 0.00 1.34 1.88 0.34 0.04
1.02 7.82 0.04 0.00 1.29 1.79 0.27 0.07
0.98 7.27 0.05 0.00 1.29 1.73 0.35 0.10
1.15 8.38 0.07 0.00 1.51 2.01 0.46 0.13
1.04 7.63 0.05 0.00 1.51 2.04 0.41 0.12
0.78 5.90 0.03 0.00 1.41 1.87 0.33 0.10
0.88 6.61 0.03 0.00 1.71 2.15 0.43 0.22
1.17 8.52 0.07 0.00 2.23 2.71 0.82 0.33
0.98 7.19 0.05 0.00 1.81 2.32 0.54 0.25
1.04 7.60 0.06 0.00 1.53 2.03 0.43 0.16
1.43 10.04 0.13 0.00 1.84 2.39 0.70 0.14
1.30 9.36 0.10 0.00 1.67 2.24 0.52 0.18
1.34 9.45 0.13 0.00 1.86 2.43 0.75 0.08
1.64 11.66 0.15 0.00 1.95 2.52 0.70 0.15
1.95 13.66 0.19 0.00 2.14 2.77 0.79 0.15
1.50 10.53 0.15 0.00 1.58 2.08 0.63 0.07
1.43 10.13 0.14 0.00 1.53 2.07 0.54 0.03
1.44 10.70 0.08 0.00 1.58 2.20 0.39 0.04
1.47 10.89 0.10 0.00 1.70 2.35 0.48 0.02
1.14 8.80 0.05 0.00 1.75 2.52 0.32 0.04
0.85 5.98 0.08 0.00 1.77 2.44 0.62 0.06
0.77 5.41 0.08 0.00 1.82 2.56 0.63 0.05
0.71 4.97 0.07 0.00 2.16 3.01 0.75 0.09
0.85 5.81 0.10 0.00 2.67 3.63 1.11 0.08
0.70 4.79 0.09 0.00 2.53 3.44 1.08 0.11
0.68 4.48 0.09 0.00 2.19 2.90 1.05 0.18
0.04 0.23 0.01 0.00 0.13 0.16 0.10 0.08
0.02 0.15 0.01 0.00 0.07 0.08 0.08 0.07
0.02 0.13 0.00 0.00 0.07 0.10 0.05 0.02
0.02 0.15 0.00 0.00 0.10 0.13 0.06 0.01
0.04 0.24 0.01 0.00 0.17 0.21 0.08 0.02
0.03 0.20 0.00 0.00 0.11 0.17 0.03 0.01
0.04 0.26 0.01 0.00 0.14 0.18 0.08 0.01
0.04 0.28 0.00 0.00 0.13 0.18 0.05 0.00
0.04 0.25 0.01 0.00 0.15 0.21 0.06 0.00
0.01 0.06 0.00 0.00 0.04 0.05 0.03 0.03
0.03 0.22 0.00 0.00 0.14 0.19 0.06 0.01
0.05 0.30 0.01 0.00 0.23 0.28 0.13 0.06
0.02 0.15 0.00 0.00 0.10 0.14 0.03 0.05
0.02 0.10 0.00 0.00 0.08 0.11 0.02 0.03
0.02 0.15 0.00 0.00 0.10 0.15 0.04 0.01
0.03 0.24 0.00 0.00 0.09 0.16 0.02 0.00
0.02 0.11 0.00 0.00 0.03 0.05 0.01 0.00
0.02 0.16 0.00 0.00 0.02 0.05 0.00 0.00
0.01 0.10 0.00 0.00 0.01 0.02 0.01 0.00
0.01 0.06 0.00 0.00 0.00 0.01 0.00 0.00
0.03 0.21 0.01 0.00 0.02 0.04 0.01 0.00
0.02 0.14 0.01 0.00 0.01 0.02 0.01 0.00
0.01 0.05 0.00 0.00 0.00 0.01 0.00 0.00
0.01 0.04 0.00 0.00 0.00 0.01 0.01 0.00
0.00 0.01 0.00 0.00 0.00 0.00 0.00 0.00
0.00 0.01 0.00 0.00 0.00 0.00 0.00 0.00
0.00 0.01 0.00 0.00 0.00 0.00 0.00 0.00
0.00 0.00 0.00 0.00 0.00 0.00 0.00 0.00
0.00 0.00 0.00 0.00 0.00 0.00 0.00 0.00
0.00 0.00 0.00 0.00 0.00 0.00 0.00 0.00
0.11 0.41 0.00 0.09 0.13 0.17 0.02 0.17
0.12 0.31 0.01 0.13 0.10 0.09 0.04 0.20
0.13 0.35 0.01 0.17 0.12 0.11 0.02 0.25
0.14 0.53 0.00 0.12 0.13 0.18 0.01 0.17
0.14 0.50 0.01 0.09 0.15 0.20 0.04 0.17
0.18 0.64 0.01 0.13 0.19 0.24 0.06 0.22
0.17 0.57 0.01 0.15 0.18 0.22 0.04 0.26
0.22 0.73 0.04 0.14 0.20 0.23 0.10 0.25
0.17 0.59 0.04 0.08 0.16 0.19 0.09 0.16
0.09 0.32 0.00 0.08 0.08 0.10 0.01 0.14
0.35 1.03 0.13 0.17 0.28 0.31 0.22 0.28
0.10 0.33 0.01 0.07 0.09 0.11 0.03 0.14
0.16 0.59 0.02 0.08 0.13 0.17 0.04 0.14
0.21 0.67 0.06 0.11 0.16 0.16 0.10 0.21
0.19 0.57 0.07 0.10 0.11 0.11 0.08 0.19
0.21 0.58 0.07 0.14 0.11 0.09 0.09 0.22
0.06 0.23 0.01 0.05 0.03 0.03 0.01 0.09
0.18 0.68 0.03 0.09 0.07 0.07 0.03 0.10
0.09 0.28 0.02 0.06 0.02 0.02 0.01 0.06
0.17 0.48 0.04 0.12 0.04 0.03 0.03 0.10
0.04 0.12 0.00 0.06 0.01 0.01 0.00 0.05
0.17 0.55 0.03 0.10 0.03 0.03 0.02 0.07
0.15 0.56 0.05 0.05 0.03 0.03 0.03 0.04
0.13 0.41 0.03 0.08 0.03 0.02 0.02 0.07
0.04 0.14 0.01 0.03 0.01 0.01 0.02 0.03
0.05 0.11 0.01 0.07 0.02 0.01 0.01 0.08
0.02 0.03 0.00 0.05 0.01 0.00 0.00 0.05
0.01 0.01 0.00 0.02 0.00 0.00 0.00 0.03
0.00 0.00 0.00 0.01 0.00 0.00 0.00 0.01
0.01 0.02 0.00 0.00 0.00 0.00 0.00 0.01
0.00 0.00 0.00 0.00 0.00 0.00 0.00 0.01
0.00 0.01 0.00 0.00 0.00 0.00 0.00 0.00
0.00 0.00 0.00 0.00 0.00 0.00 0.00 0.00
0.00 0.00 0.00 0.00 0.00 0.00 0.00 0.01
0.00 0.00 0.00 0.00 0.00 0.00 0.00 0.00
0.00 0.01 0.00 0.00 0.00 0.00 0.00 0.00
0.00 0.00 0.00 0.00 0.00 0.00 0.00 0.01
0.00 0.01 0.00 0.00 0.00 0.00 0.00 0.01
0.00 0.01 0.00 0.00 0.00 0.00 0.00 0.00
0.00 0.00 0.00 0.00 0.00 0.00 0.00 0.00
0.00 0.00 0.00 0.00 0.00 0.00 0.00 0.00
0.00 0.00 0.00 0.00 0.00 0.00 0.00 0.00
0.00 0.00 0.00 0.00 0.00 0.00 0.00 0.00
0.00 0.00 0.00 0.00 0.00 0.00 0.00 0.00
0.00 0.01 0.00 0.00 0.00 0.00 0.00 0.00
0.00 0.00 0.00 0.00 0.00 0.00 0.00 0.00
0.00 0.00 0.00 0.00 0.00 0.00 0.00 0.00
0.00 0.00 0.00 0.00 0.00 0.00 0.00 0.00
0.00 0.01 0.00 0.00 0.00 0.00 0.00 0.00
0.00 0.00 0.00 0.00 0.00 0.00 0.00 0.00
0.00 0.00 0.00 0.00 0.00 0.00 0.00 0.00
0.00 0.01 0.00 0.00 0.00 0.00 0.00 0.00
0.00 0.01 0.00 0.00 0.00 0.00 0.00 0.01
0.00 0.00 0.00 0.00 0.00 0.00 0.01 0.01
0.00 0.00 0.00 0.00 0.00 0.00 0.01 0.01
0.00 0.00 0.00 0.00 0.00 0.00 0.01 0.01
0.00 0.01 0.00 0.00 0.00 0.00 0.00 0.01
0.00 0.00 0.00 0.00 0.00 0.00 0.00 0.03
0.00 0.01 0.00 0.00 0.00 0.00 0.00 0.03
0.00 0.01 0.00 0.00 0.00 0.00 0.01 0.02
0.00 0.01 0.00 0.00 0.00 0.00 0.01 0.01
0.00 0.00 0.00 0.00 0.00 0.00 0.00 0.01
0.00 0.00 0.00 0.00 0.00 0.00 0.00 0.01
0.00 0.00 0.00 0.00 0.00 0.00 0.00 0.02
0.00 0.00 0.00 0.00 0.00 0.00 0.00 0.02
0.00 0.00 0.00 0.00 0.00 0.00 0.00 0.01
0.00 0.00 0.00 0.00 0.00 0.00 0.01 0.02
0.00 0.00 0.00 0.00 0.00 0.00 0.00 0.01
0.00 0.00 0.00 0.00 0.00 0.00 0.00 0.01
0.00 0.00 0.00 0.00 0.00 0.00 0.00 0.02
0.00 0.01 0.00 0.00 0.00 0.00 0.00 0.02
0.00 0.00 0.00 0.00 0.00 0.00 0.00 0.02
0.00 0.00 0.00 0.00 0.00 0.00 0.01 0.01
0.00 0.02 0.00 0.00 0.00 0.00 0.02 0.02
0.01 0.03 0.00 0.00 0.00 0.00 0.01 0.01
0.01 0.07 0.01 0.00 0.01 0.01 0.03 0.01
0.01 0.03 0.00 0.00 0.00 0.00 0.01 0.01
0.01 0.04 0.00 0.00 0.00 0.00 0.00 0.01
0.05 0.28 0.01 0.00 0.03 0.03 0.03 0.04
0.00 0.01 0.00 0.00 0.00 0.00 0.01 0.01
0.01 0.12 0.00 0.00 0.01 0.02 0.00 0.02
0.02 0.11 0.01 0.00 0.02 0.01 0.02 0.05
0.01 0.07 0.00 0.00 0.01 0.01 0.00 0.00
0.01 0.08 0.00 0.00 0.01 0.02 0.00 0.00
0.02 0.12 0.00 0.00 0.03 0.04 0.01 0.03
0.02 0.15 0.00 0.00 0.04 0.06 0.00 0.01
0.04 0.31 0.00 0.00 0.11 0.15 0.02 0.05
0.06 0.39 0.01 0.00 0.21 0.25 0.11 0.09
0.05 0.30 0.01 0.00 0.18 0.24 0.06 0.04
0.07 0.45 0.01 0.00 0.28 0.37 0.12 0.07
0.16 1.05 0.02 0.00 0.40 0.56 0.14 0.15
0.25 1.73 0.02 0.00 0.54 0.79 0.17 0.11
0.29 1.95 0.03 0.00 0.68 0.98 0.23 0.07
0.28 1.89 0.03 0.00 0.73 1.02 0.28 0.11
0.38 2.52 0.05 0.00 0.88 1.20 0.37 0.12
0.24 1.77 0.01 0.00 0.61 0.92 0.12 0.05
0.22 1.60 0.02 0.00 0.50 0.75 0.15 0.03
0.30 2.09 0.03 0.00 0.62 0.89 0.20 0.06
0.26 1.72 0.03 0.00 0.67 0.92 0.29 0.07
0.31 2.09 0.04 0.00 0.70 0.95 0.30 0.06
0.32 2.14 0.03 0.00 0.77 1.06 0.27 0.10
0.31 2.16 0.03 0.00 0.77 1.06 0.25 0.08
0.32 2.07 0.04 0.00 0.71 0.93 0.31 0.12
0.26 1.73 0.03 0.00 0.63 0.84 0.29 0.10
0.23 1.50 0.03 0.00 0.48 0.67 0.21 0.04
0.25 1.56 0.04 0.00 0.32 0.44 0.16 0.04
0.23 1.54 0.04 0.00 0.27 0.41 0.11 0.01
0.38 2.34 0.08 0.00 0.28 0.44 0.17 0.01
0.17 1.18 0.02 0.00 0.10 0.18 0.04 0.00
0.16 1.17 0.02 0.00 0.09 0.19 0.03 0.00
0.15 0.94 0.03 0.00 0.09 0.18 0.06 0.00
0.08 0.52 0.02 0.00 0.05 0.11 0.04 0.00
0.03 0.16 0.00 0.00 0.02 0.05 0.01 0.00
0.01 0.09 0.00 0.00 0.01 0.03 0.01 0.00
0.01 0.04 0.00 0.00 0.00 0.01 0.00 0.00
0.03 0.13 0.01 0.01 0.02 0.03 0.02 0.01
0.00 0.00 0.00 0.00 0.00 0.00 0.00 0.00
0.00 0.00 0.00 0.00 0.00 0.00 0.00 0.00
0.00 0.00 0.00 0.00 0.00 0.00 0.00 0.00
0.00 0.01 0.00 0.01 0.00 0.00 0.00 0.01
0.11 0.28 0.03 0.09 0.09 0.09 0.06 0.14
0.18 0.40 0.03 0.22 0.11 0.10 0.04 0.28
0.22 0.48 0.05 0.24 0.16 0.13 0.09 0.33
0.18 0.48 0.03 0.17 0.13 0.12 0.05 0.25
0.17 0.42 0.02 0.23 0.12 0.10 0.03 0.33
0.18 0.44 0.02 0.22 0.13 0.12 0.03 0.33
0.25 0.69 0.03 0.26 0.16 0.15 0.05 0.38
0.22 0.60 0.03 0.22 0.14 0.13 0.05 0.30
0.14 0.31 0.04 0.13 0.09 0.08 0.06 0.22
0.26 0.66 0.09 0.19 0.17 0.16 0.13 0.25
0.21 0.47 0.05 0.22 0.14 0.11 0.07 0.35
0.23 0.59 0.08 0.16 0.15 0.13 0.12 0.26
0.10 0.26 0.03 0.08 0.07 0.06 0.04 0.14
0.16 0.31 0.04 0.19 0.07 0.05 0.04 0.21
0.19 0.39 0.04 0.22 0.06 0.05 0.04 0.19
0.21 0.31 0.04 0.39 0.06 0.03 0.03 0.26
0.08 0.17 0.02 0.10 0.02 0.01 0.02 0.08
0.31 0.69 0.20 0.15 0.06 0.04 0.11 0.10
0.09 0.30 0.04 0.03 0.01 0.01 0.02 0.02
0.13 0.43 0.05 0.04 0.02 0.02 0.03 0.02
0.20 0.45 0.07 0.16 0.03 0.02 0.03 0.08
0.31 0.73 0.13 0.23 0.04 0.03 0.06 0.10
0.17 0.18 0.02 0.42 0.02 0.01 0.01 0.18
0.12 0.22 0.04 0.14 0.02 0.01 0.02 0.08
0.08 0.11 0.02 0.15 0.01 0.01 0.01 0.12
0.08 0.22 0.03 0.05 0.02 0.01 0.02 0.05
0.00 0.01 0.00 0.00 0.00 0.00 0.00 0.00
0.00 0.02 0.00 0.00 0.00 0.00 0.00 0.00
0.00 0.01 0.00 0.00 0.00 0.00 0.00 0.00
0.00 0.02 0.00 0.00 0.00 0.00 0.00 0.00
0.00 0.00 0.00 0.00 0.00 0.00 0.00 0.00
0.00 0.00 0.00 0.00 0.00 0.00 0.00 0.00
0.00 0.00 0.00 0.00 0.00 0.00 0.00 0.00
0.00 0.02 0.00 0.00 0.00 0.00 0.00 0.00
0.00 0.00 0.00 0.00 0.00 0.00 0.00 0.00
0.00 0.01 0.00 0.00 0.00 0.00 0.00 0.00
0.00 0.01 0.00 0.00 0.00 0.00 0.00 0.00
0.01 0.02 0.01 0.00 0.00 0.00 0.01 0.00
0.01 0.05 0.01 0.00 0.00 0.00 0.01 0.01
0.00 0.01 0.00 0.01 0.00 0.00 0.00 0.01
0.00 0.00 0.00 0.00 0.00 0.00 0.00 0.00
0.00 0.00 0.00 0.00 0.00 0.00 0.00 0.00
0.00 0.00 0.00 0.00 0.00 0.00 0.00 0.00
0.00 0.00 0.00 0.00 0.00 0.00 0.00 0.00
0.00 0.00 0.00 0.00 0.00 0.00 0.00 0.00
0.00 0.00 0.00 0.00 0.00 0.00 0.00 0.00
0.00 0.00 0.00 0.00 0.00 0.00 0.00 0.00
0.01 0.02 0.01 0.00 0.00 0.00 0.01 0.00
0.00 0.03 0.00 0.00 0.00 0.00 0.00 0.00
0.02 0.08 0.01 0.00 0.00 0.00 0.01 0.01
0.00 0.02 0.00 0.00 0.00 0.00 0.01 0.00
0.01 0.09 0.01 0.00 0.00 0.00 0.01 0.00
0.00 0.01 0.00 0.00 0.00 0.00 0.01 0.02
0.00 0.01 0.00 0.00 0.00 0.00 0.00 0.00
0.00 0.01 0.00 0.00 0.00 0.00 0.01 0.02
0.00 0.01 0.00 0.00 0.00 0.00 0.01 0.03
0.00 0.01 0.00 0.00 0.00 0.00 0.00 0.02
0.00 0.00 0.00 0.00 0.00 0.00 0.01 0.02
0.00 0.01 0.00 0.00 0.00 0.00 0.00 0.03
0.00 0.04 0.00 0.00 0.00 0.01 0.01 0.02
0.45 3.47 0.02 0.00 0.58 0.78 0.12 0.05
0.65 4.81 0.04 0.00 0.79 1.02 0.23 0.05
0.70 5.36 0.03 0.00 0.90 1.20 0.20 0.03
0.65 5.07 0.02 0.00 0.96 1.27 0.19 0.06
0.53 4.15 0.02 0.00 0.80 1.06 0.16 0.03
0.73 5.80 0.02 0.00 1.05 1.39 0.14 0.05
0.62 4.66 0.02 0.00 0.83 1.07 0.19 0.08
0.74 5.51 0.04 0.00 0.92 1.19 0.26 0.10
0.48 3.52 0.02 0.00 0.71 0.91 0.16 0.16
0.59 4.35 0.03 0.00 0.96 1.22 0.27 0.17
0.68 4.76 0.05 0.00 1.00 1.23 0.40 0.21
0.52 3.60 0.04 0.00 0.75 0.89 0.35 0.19
0.68 4.96 0.04 0.00 0.81 1.05 0.25 0.08
0.56 4.14 0.03 0.00 0.47 0.64 0.11 0.07
0.64 4.63 0.04 0.00 0.39 0.55 0.12 0.03
0.42 3.15 0.02 0.00 0.22 0.32 0.06 0.01
0.63 4.31 0.07 0.00 0.24 0.33 0.12 0.01
0.42 2.94 0.04 0.00 0.12 0.17 0.06 0.00
0.29 2.21 0.02 0.00 0.07 0.10 0.02 0.00
0.33 2.29 0.02 0.01 0.07 0.10 0.02 0.01
0.39 2.63 0.06 0.00 0.08 0.12 0.05 0.00
0.21 1.71 0.01 0.00 0.05 0.08 0.01 0.00
0.21 1.64 0.01 0.00 0.06 0.10 0.02 0.00
0.22 1.55 0.02 0.00 0.06 0.09 0.03 0.01
0.05 0.32 0.01 0.00 0.02 0.03 0.01 0.00
0.03 0.20 0.00 0.00 0.01 0.02 0.01 0.00
0.02 0.12 0.00 0.00 0.01 0.01 0.01 0.00
0.01 0.03 0.00 0.00 0.00 0.00 0.00 0.00
0.00 0.01 0.00 0.00 0.00 0.00 0.00 0.00
0.01 0.02 0.00 0.00 0.00 0.00 0.01 0.01
0.00 0.01 0.00 0.00 0.00 0.00 0.00 0.00
0.00 0.01 0.00 0.00 0.00 0.00 0.00 0.00
0.04 0.17 0.01 0.01 0.02 0.02 0.03 0.03
0.00 0.00 0.00 0.00 0.00 0.00 0.00 0.01
0.01 0.03 0.00 0.00 0.00 0.00 0.00 0.01
0.00 0.01 0.00 0.00 0.00 0.00 0.00 0.00
0.02 0.07 0.01 0.00 0.01 0.01 0.02 0.02
0.00 0.01 0.00 0.00 0.00 0.00 0.00 0.00
0.00 0.01 0.00 0.00 0.00 0.00 0.00 0.00
0.01 0.07 0.01 0.00 0.00 0.01 0.01 0.00
0.01 0.04 0.01 0.01 0.00 0.00 0.01 0.01
0.01 0.03 0.00 0.00 0.00 0.00 0.00 0.00
0.00 0.01 0.00 0.00 0.00 0.00 0.00 0.00
0.02 0.10 0.01 0.01 0.01 0.00 0.01 0.02
0.01 0.02 0.01 0.00 0.00 0.00 0.02 0.00
0.00 0.01 0.00 0.00 0.00 0.00 0.00 0.00
0.00 0.02 0.00 0.00 0.00 0.00 0.00 0.00
0.01 0.10 0.00 0.00 0.00 0.00 0.00 0.00
0.00 0.00 0.00 0.00 0.00 0.00 0.00 0.00
0.00 0.01 0.00 0.00 0.00 0.00 0.00 0.00
0.00 0.01 0.00 0.00 0.00 0.00 0.00 0.00
0.00 0.00 0.00 0.00 0.00 0.00 0.00 0.00
0.00 0.00 0.00 0.00 0.00 0.00 0.01 0.01
0.00 0.00 0.00 0.00 0.00 0.00 0.00 0.01
0.00 0.00 0.00 0.00 0.00 0.00 0.00 0.02
0.00 0.00 0.00 0.00 0.00 0.00 0.00 0.02
0.00 0.00 0.00 0.00 0.00 0.00 0.00 0.03
0.00 0.01 0.00 0.00 0.00 0.00 0.00 0.02
0.00 0.00 0.00 0.00 0.00 0.00 0.00 0.02
0.00 0.00 0.00 0.00 0.00 0.00 0.01 0.02
0.18 1.42 0.01 0.00 0.22 0.31 0.05 0.01
0.19 1.47 0.01 0.00 0.20 0.28 0.05 0.03
0.18 1.42 0.00 0.00 0.18 0.26 0.03 0.01
0.17 1.42 0.00 0.00 0.18 0.25 0.02 0.01
0.23 1.81 0.01 0.00 0.25 0.35 0.06 0.01
0.20 1.64 0.00 0.00 0.21 0.30 0.02 0.01
0.17 1.42 0.00 0.00 0.18 0.26 0.02 0.01
0.18 1.38 0.01 0.00 0.18 0.26 0.04 0.01
0.21 1.56 0.01 0.00 0.24 0.33 0.07 0.01
0.14 1.11 0.00 0.00 0.19 0.26 0.03 0.01
0.13 1.07 0.00 0.00 0.20 0.27 0.03 0.01
0.23 1.81 0.01 0.00 0.36 0.45 0.11 0.03
0.17 1.30 0.01 0.00 0.27 0.35 0.06 0.04
0.16 1.22 0.01 0.00 0.21 0.28 0.06 0.08
0.17 1.22 0.01 0.00 0.19 0.24 0.07 0.08
0.17 1.22 0.01 0.00 0.19 0.24 0.08 0.05
0.17 1.22 0.01 0.00 0.21 0.27 0.07 0.04
0.16 1.07 0.02 0.00 0.18 0.22 0.09 0.08
0.20 1.41 0.02 0.00 0.20 0.26 0.06 0.08
0.13 0.92 0.01 0.00 0.14 0.19 0.04 0.06
0.16 1.10 0.02 0.00 0.18 0.23 0.08 0.05
0.11 0.83 0.01 0.00 0.13 0.18 0.03 0.04
0.15 1.09 0.01 0.00 0.20 0.26 0.06 0.03
0.11 0.82 0.01 0.00 0.19 0.26 0.06 0.04
0.06 0.41 0.01 0.00 0.15 0.19 0.09 0.05
0.04 0.21 0.01 0.00 0.11 0.13 0.09 0.05
0.03 0.14 0.01 0.00 0.11 0.13 0.12 0.04
0.03 0.19 0.01 0.00 0.15 0.20 0.08 0.06
0.02 0.10 0.01 0.00 0.11 0.13 0.12 0.07
0.01 0.05 0.00 0.00 0.05 0.07 0.04 0.05
0.02 0.11 0.00 0.00 0.08 0.11 0.03 0.05
0.04 0.25 0.01 0.00 0.15 0.21 0.06 0.05
0.03 0.20 0.00 0.00 0.14 0.20 0.05 0.08
0.03 0.18 0.00 0.00 0.14 0.19 0.07 0.08
0.03 0.16 0.00 0.00 0.13 0.17 0.05 0.08
0.02 0.16 0.00 0.00 0.11 0.15 0.05 0.05
0.03 0.23 0.00 0.00 0.14 0.19 0.04 0.06
0.05 0.32 0.01 0.00 0.20 0.27 0.09 0.08
0.04 0.25 0.01 0.00 0.18 0.26 0.08 0.04
0.02 0.15 0.00 0.00 0.11 0.17 0.03 0.05
0.04 0.24 0.01 0.00 0.20 0.27 0.08 0.09
0.04 0.25 0.01 0.00 0.23 0.30 0.10 0.10
0.02 0.14 0.00 0.00 0.11 0.17 0.03 0.04
0.02 0.15 0.00 0.00 0.13 0.19 0.05 0.03
0.03 0.15 0.01 0.00 0.15 0.19 0.09 0.09
0.03 0.15 0.01 0.00 0.11 0.12 0.07 0.13
0.07 0.29 0.03 0.02 0.17 0.17 0.17 0.25
0.15 0.65 0.03 0.04 0.24 0.28 0.12 0.30
0.24 0.93 0.05 0.10 0.27 0.30 0.16 0.33
0.25 0.86 0.03 0.19 0.22 0.23 0.08 0.40
0.34 1.06 0.05 0.26 0.25 0.25 0.10 0.47
0.63 1.73 0.15 0.46 0.43 0.42 0.28 0.63
0.50 1.67 0.05 0.36 0.37 0.44 0.11 0.49
0.60 1.66 0.07 0.61 0.46 0.46 0.17 0.76
0.28 0.78 0.04 0.25 0.25 0.26 0.09 0.41
0.35 0.87 0.01 0.54 0.30 0.29 0.03 0.71
0.46 1.05 0.04 0.65 0.40 0.38 0.10 0.81
0.63 1.41 0.07 0.86 0.50 0.46 0.17 0.93
0.27 0.61 0.03 0.37 0.30 0.27 0.10 0.61
0.46 1.10 0.08 0.52 0.43 0.42 0.21 0.67
0.26 0.90 0.02 0.19 0.29 0.36 0.09 0.38
0.40 0.97 0.06 0.46 0.36 0.31 0.17 0.73
0.39 0.97 0.02 0.57 0.34 0.32 0.06 0.79
0.48 1.55 0.03 0.44 0.44 0.49 0.11 0.66
0.48 1.51 0.07 0.36 0.54 0.62 0.24 0.67
0.50 1.69 0.03 0.43 0.55 0.66 0.12 0.72
0.49 1.55 0.04 0.44 0.53 0.61 0.15 0.73
0.68 2.04 0.14 0.45 0.65 0.69 0.40 0.84
0.48 1.75 0.10 0.19 0.45 0.57 0.24 0.39
0.22 0.75 0.01 0.18 0.19 0.24 0.03 0.31
0.62 1.82 0.23 0.28 0.50 0.55 0.40 0.50
0.39 1.36 0.06 0.22 0.33 0.41 0.12 0.38
0.40 1.56 0.05 0.19 0.36 0.50 0.10 0.39
0.64 2.19 0.13 0.31 0.49 0.57 0.22 0.63
0.37 1.13 0.09 0.22 0.21 0.21 0.11 0.38
0.51 1.41 0.17 0.30 0.28 0.24 0.20 0.53
0.14 0.55 0.01 0.08 0.07 0.08 0.01 0.17
0.32 0.98 0.05 0.23 0.12 0.11 0.06 0.29
0.55 1.85 0.13 0.27 0.15 0.13 0.11 0.26
0.36 1.15 0.09 0.19 0.08 0.06 0.06 0.16
0.09 0.36 0.00 0.08 0.02 0.02 0.00 0.07
0.06 0.15 0.00 0.09 0.01 0.01 0.00 0.07
0.56 2.16 0.18 0.13 0.11 0.11 0.12 0.10
0.24 0.74 0.06 0.15 0.06 0.05 0.05 0.13
0.12 0.41 0.02 0.07 0.03 0.03 0.02 0.09
0.14 0.36 0.01 0.19 0.04 0.03 0.01 0.18
0.07 0.13 0.01 0.11 0.02 0.01 0.01 0.11
0.03 0.06 0.01 0.05 0.01 0.00 0.01 0.08
0.01 0.02 0.00 0.01 0.00 0.00 0.00 0.02
0.01 0.02 0.00 0.01 0.00 0.00 0.00 0.02
0.29 1.71 0.03 0.02 0.23 0.31 0.10 0.07
0.75 3.74 0.13 0.10 0.38 0.43 0.25 0.32
0.57 3.05 0.05 0.09 0.36 0.43 0.14 0.37
0.82 4.15 0.12 0.10 0.58 0.65 0.34 0.53
0.66 3.45 0.09 0.08 0.45 0.51 0.25 0.42
0.70 3.55 0.09 0.10 0.47 0.51 0.26 0.51
0.66 3.32 0.11 0.08 0.50 0.56 0.34 0.44
0.73 3.70 0.11 0.11 0.47 0.51 0.29 0.48
0.54 3.22 0.07 0.03 0.40 0.53 0.19 0.13
0.64 3.26 0.11 0.07 0.42 0.46 0.30 0.34
0.77 3.85 0.12 0.11 0.60 0.67 0.39 0.59
0.46 2.27 0.06 0.08 0.31 0.32 0.18 0.44
0.74 3.85 0.14 0.06 0.46 0.51 0.35 0.35
1.06 5.84 0.14 0.09 0.53 0.59 0.34 0.43
0.97 5.50 0.11 0.08 0.45 0.51 0.25 0.35
0.93 5.07 0.14 0.07 0.42 0.47 0.31 0.33
1.15 6.56 0.19 0.05 0.45 0.52 0.34 0.23
1.15 6.66 0.16 0.06 0.38 0.43 0.26 0.25
1.45 8.47 0.20 0.07 0.43 0.48 0.29 0.29
1.50 9.33 0.13 0.07 0.42 0.49 0.18 0.32
1.23 7.73 0.11 0.05 0.38 0.44 0.17 0.28
2.55 14.45 0.33 0.17 0.71 0.76 0.47 0.77
0.83 5.22 0.08 0.03 0.38 0.44 0.20 0.22
0.70 4.72 0.04 0.02 0.39 0.47 0.14 0.19
0.65 4.49 0.04 0.01 0.41 0.51 0.15 0.14
0.58 4.20 0.03 0.01 0.42 0.53 0.12 0.13
0.39 2.81 0.02 0.00 0.35 0.42 0.14 0.05
0.66 4.87 0.04 0.00 0.61 0.73 0.25 0.06
0.34 2.49 0.03 0.00 0.35 0.42 0.17 0.03
0.59 4.41 0.04 0.00 0.51 0.62 0.20 0.04
0.21 1.53 0.01 0.00 0.20 0.25 0.07 0.04
0.26 1.87 0.02 0.00 0.23 0.28 0.10 0.02
0.12 0.95 0.00 0.00 0.10 0.13 0.02 0.02
0.38 2.69 0.04 0.00 0.36 0.41 0.20 0.04
0.31 2.24 0.03 0.00 0.31 0.36 0.16 0.02
0.25 1.78 0.02 0.00 0.26 0.31 0.14 0.02
0.20 1.47 0.02 0.00 0.22 0.26 0.13 0.03
0.17 1.19 0.02 0.00 0.15 0.18 0.09 0.05
0.30 2.18 0.03 0.00 0.32 0.39 0.16 0.05
0.26 1.86 0.02 0.00 0.30 0.36 0.15 0.05
0.21 1.55 0.01 0.00 0.27 0.33 0.10 0.01
0.24 1.77 0.02 0.00 0.32 0.39 0.15 0.03
0.18 1.34 0.01 0.00 0.27 0.34 0.09 0.02
0.34 2.38 0.04 0.00 0.43 0.50 0.27 0.04
0.27 1.84 0.03 0.00 0.29 0.34 0.16 0.03
0.38 2.51 0.07 0.00 0.38 0.42 0.31 0.06
0.31 2.08 0.04 0.00 0.29 0.33 0.19 0.05
0.48 3.17 0.07 0.00 0.38 0.43 0.27 0.08
0.50 3.32 0.07 0.00 0.42 0.48 0.28 0.06
0.50 3.34 0.07 0.00 0.37 0.44 0.24 0.05
0.40 2.71 0.04 0.00 0.32 0.38 0.14 0.12
0.65 4.23 0.10 0.00 0.51 0.57 0.34 0.19
0.35 2.43 0.04 0.00 0.42 0.50 0.20 0.08
0.41 2.75 0.05 0.00 0.49 0.59 0.27 0.06
0.34 2.19 0.05 0.00 0.51 0.60 0.31 0.14
0.34 2.40 0.03 0.00 0.63 0.81 0.21 0.10
0.47 3.28 0.05 0.00 0.90 1.14 0.33 0.20
0.48 3.44 0.04 0.00 1.18 1.54 0.31 0.31
0.48 3.37 0.04 0.00 1.28 1.69 0.37 0.23
0.53 3.59 0.05 0.00 1.44 1.93 0.54 0.19
0.34 2.23 0.04 0.00 0.92 1.26 0.35 0.16
0.40 2.63 0.04 0.01 0.94 1.31 0.28 0.25
0.48 3.10 0.06 0.01 1.16 1.56 0.49 0.23
0.44 2.84 0.05 0.01 1.14 1.57 0.45 0.19
0.55 3.63 0.07 0.00 1.33 1.84 0.53 0.17
0.54 3.57 0.05 0.01 1.40 1.91 0.46 0.38
0.43 2.73 0.07 0.00 0.95 1.24 0.47 0.18
0.50 3.17 0.07 0.01 1.12 1.47 0.52 0.21
0.42 2.82 0.05 0.00 0.99 1.36 0.35 0.18
0.47 3.05 0.06 0.00 1.10 1.48 0.46 0.18
0.50 3.25 0.06 0.01 1.19 1.55 0.49 0.29
0.44 3.00 0.05 0.00 1.12 1.49 0.43 0.16
0.48 3.03 0.07 0.00 1.16 1.47 0.63 0.20
0.42 2.57 0.07 0.01 1.01 1.25 0.55 0.31
0.38 2.28 0.07 0.01 0.88 1.12 0.57 0.21
0.46 2.82 0.07 0.01 0.64 0.84 0.30 0.16
0.45 2.72 0.08 0.01 0.53 0.72 0.27 0.15
0.64 3.77 0.12 0.03 0.52 0.73 0.28 0.18
0.44 2.36 0.07 0.06 0.34 0.45 0.18 0.23
0.44 2.20 0.06 0.12 0.27 0.37 0.11 0.28
0.61 2.80 0.14 0.17 0.39 0.52 0.25 0.35
0.32 1.38 0.05 0.15 0.26 0.36 0.11 0.29
0.25 0.86 0.04 0.18 0.26 0.30 0.11 0.36
0.28 0.81 0.05 0.25 0.33 0.35 0.16 0.47
0.37 1.05 0.21 0.11 0.42 0.46 0.57 0.26
0.61 1.66 0.32 0.25 0.58 0.61 0.71 0.42
0.16 0.36 0.03 0.19 0.17 0.15 0.09 0.32
0.20 0.55 0.03 0.21 0.22 0.23 0.08 0.33
0.23 0.54 0.06 0.21 0.21 0.19 0.15 0.33
0.27 0.66 0.07 0.25 0.19 0.18 0.10 0.35
0.01 0.01 0.00 0.01 0.00 0.00 0.00 0.02
0.02 0.04 0.01 0.01 0.01 0.01 0.02 0.01
0.00 0.00 0.00 0.01 0.00 0.00 0.00 0.01
0.00 0.01 0.00 0.00 0.00 0.00 0.00 0.00
0.00 0.01 0.00 0.00 0.00 0.00 0.01 0.00
0.00 0.00 0.00 0.00 0.00 0.00 0.00 0.00
0.00 0.00 0.00 0.00 0.00 0.00 0.00 0.00
0.00 0.00 0.00 0.00 0.00 0.00 0.00 0.00
0.00 0.00 0.00 0.00 0.00 0.00 0.00 0.00
0.00 0.01 0.00 0.00 0.00 0.00 0.00 0.00
0.00 0.00 0.00 0.00 0.00 0.00 0.00 0.00
0.00 0.00 0.00 0.00 0.00 0.00 0.00 0.00
0.00 0.00 0.00 0.00 0.00 0.00 0.00 0.00
0.00 0.00 0.00 0.00 0.00 0.00 0.00 0.00
0.00 0.00 0.00 0.00 0.00 0.00 0.00 0.00
0.00 0.00 0.00 0.00 0.00 0.00 0.00 0.00
0.00 0.00 0.00 0.00 0.00 0.00 0.00 0.00
0.00 0.01 0.00 0.00 0.00 0.00 0.00 0.00
0.00 0.01 0.01 0.01 0.00 0.00 0.00 0.00
0.00 0.00 0.00 0.00 0.00 0.00 0.00 0.00
0.00 0.00 0.00 0.00 0.00 0.00 0.00 0.00
0.00 0.00 0.00 0.00 0.00 0.00 0.00 0.00
0.00 0.01 0.01 0.00 0.00 0.00 0.00 0.00
0.00 0.01 0.01 0.00 0.00 0.00 0.00 0.00
0.00 0.00 0.00 0.00 0.00 0.00 0.00 0.00
0.00 0.01 0.00 0.00 0.00 0.00 0.00 0.00
0.00 0.00 0.00 0.00 0.00 0.00 0.00 0.00
0.00 0.00 0.00 0.00 0.00 0.00 0.00 0.00
0.00 0.00 0.00 0.00 0.00 0.00 0.00 0.00
0.00 0.03 0.00 0.00 0.00 0.00 0.00 0.00
0.00 0.02 0.00 0.00 0.00 0.00 0.00 0.00
0.04 0.21 0.02 0.00 0.01 0.01 0.02 0.01
0.00 0.00 0.00 0.00 0.00 0.00 0.00 0.00
0.00 0.02 0.00 0.00 0.00 0.00 0.00 0.00
0.01 0.03 0.00 0.00 0.00 0.00 0.00 0.00
0.00 0.01 0.00 0.00 0.00 0.00 0.00 0.00
0.00 0.00 0.01 0.00 0.00 0.00 0.00 0.00
0.01 0.05 0.00 0.00 0.00 0.00 0.00 0.00
0.00 0.02 0.00 0.00 0.00 0.00 0.00 0.00
0.00 0.01 0.00 0.00 0.00 0.00 0.00 0.01
0.00 0.00 0.00 0.00 0.00 0.00 0.00 0.00
0.00 0.00 0.00 0.00 0.00 0.00 0.00 0.00
0.00 0.00 0.00 0.00 0.00 0.00 0.00 0.00
0.00 0.00 0.00 0.00 0.00 0.00 0.00 0.00
0.00 0.00 0.00 0.00 0.00 0.00 0.00 0.00
0.00 0.00 0.00 0.00 0.00 0.00 0.00 0.00
0.00 0.00 0.00 0.00 0.00 0.00 0.00 0.00
0.00 0.01 0.00 0.00 0.00 0.00 0.00 0.00
0.00 0.01 0.00 0.00 0.00 0.00 0.00 0.00
0.00 0.00 0.00 0.00 0.00 0.00 0.00 0.00
0.00 0.00 0.00 0.00 0.00 0.00 0.00 0.00
0.00 0.00 0.00 0.00 0.00 0.00 0.00 0.00
0.00 0.01 0.00 0.00 0.00 0.00 0.00 0.00
0.00 0.00 0.00 0.00 0.00 0.00 0.00 0.01
0.00 0.00 0.00 0.00 0.00 0.00 0.00 0.02
0.00 0.00 0.00 0.00 0.00 0.00 0.00 0.01
0.00 0.00 0.00 0.00 0.00 0.00 0.00 0.02
0.00 0.00 0.00 0.00 0.00 0.00 0.01 0.03
0.00 0.00 0.00 0.00 0.00 0.00 0.00 0.01
0.00 0.01 0.00 0.00 0.00 0.00 0.00 0.02
0.00 0.00 0.00 0.00 0.00 0.00 0.00 0.01
0.00 0.00 0.00 0.00 0.00 0.00 0.00 0.01
0.00 0.00 0.00 0.00 0.00 0.00 0.00 0.01
0.00 0.00 0.00 0.00 0.00 0.00 0.00 0.00
0.00 0.00 0.00 0.00 0.00 0.00 0.01 0.01
0.00 0.00 0.00 0.00 0.00 0.00 0.00 0.01
0.00 0.00 0.00 0.00 0.00 0.00 0.00 0.00
0.00 0.00 0.00 0.00 0.00 0.00 0.00 0.00
0.00 0.00 0.00 0.00 0.00 0.00 0.02 0.00
0.00 0.00 0.00 0.00 0.00 0.00 0.00 0.00
0.00 0.00 0.00 0.00 0.00 0.00 0.00 0.01
0.00 0.00 0.00 0.00 0.00 0.00 0.00 0.01
0.00 0.00 0.00 0.00 0.00 0.00 0.00 0.01
0.00 0.00 0.00 0.00 0.00 0.00 0.00 0.01
0.00 0.00 0.00 0.00 0.00 0.00 0.00 0.00
0.00 0.00 0.00 0.00 0.00 0.00 0.00 0.00
0.00 0.01 0.00 0.00 0.00 0.00 0.00 0.01
0.00 0.01 0.00 0.00 0.00 0.00 0.00 0.00
0.00 0.00 0.00 0.00 0.00 0.00 0.00 0.00
0.00 0.00 0.00 0.00 0.00 0.00 0.00 0.00
0.00 0.00 0.00 0.00 0.00 0.00 0.00 0.00
0.00 0.00 0.00 0.00 0.00 0.00 0.00 0.00
0.00 0.00 0.00 0.00 0.00 0.00 0.00 0.00
0.00 0.01 0.00 0.00 0.00 0.00 0.00 0.00
0.00 0.00 0.00 0.00 0.00 0.00 0.00 0.00
0.00 0.00 0.00 0.00 0.00 0.00 0.00 0.00
0.00 0.00 0.00 0.00 0.00 0.00 0.00 0.00
0.00 0.00 0.00 0.00 0.00 0.00 0.00 0.00
0.00 0.00 0.00 0.00 0.00 0.00 0.00 0.00
0.00 0.00 0.00 0.00 0.00 0.00 0.00 0.00
0.00 0.00 0.00 0.00 0.00 0.00 0.00 0.00
0.00 0.00 0.00 0.00 0.00 0.00 0.00 0.00
0.00 0.00 0.00 0.00 0.00 0.00 0.00 0.00
0.00 0.00 0.00 0.00 0.00 0.00 0.00 0.00
0.00 0.00 0.00 0.00 0.00 0.00 0.00 0.01
0.00 0.00 0.00 0.00 0.00 0.00 0.00 0.00
0.00 0.00 0.00 0.00 0.00 0.00 0.00 0.00
0.00 0.00 0.00 0.00 0.00 0.00 0.00 0.00
0.00 0.00 0.00 0.00 0.00 0.00 0.00 0.00
0.00 0.00 0.00 0.00 0.00 0.00 0.00 0.00
0.02 0.07 0.01 0.01 0.01 0.00 0.02 0.01
0.01 0.05 0.00 0.00 0.00 0.00 0.00 0.00
0.00 0.00 0.00 0.00 0.00 0.00 0.00 0.00
0.00 0.01 0.00 0.00 0.00 0.00 0.01 0.00
0.00 0.00 0.00 0.00 0.00 0.00 0.00 0.00
0.05 0.25 0.02 0.00 0.01 0.01 0.02 0.00
0.00 0.03 0.00 0.00 0.00 0.00 0.00 0.00
0.00 0.00 0.00 0.00 0.00 0.00 0.00 0.00
0.00 0.02 0.00 0.00 0.00 0.00 0.00 0.00
0.00 0.01 0.00 0.00 0.00 0.00 0.00 0.00
0.00 0.00 0.00 0.00 0.00 0.00 0.00 0.00
0.00 0.00 0.00 0.00 0.00 0.00 0.00 0.00
0.00 0.00 0.00 0.00 0.00 0.00 0.00 0.00
0.00 0.00 0.00 0.00 0.00 0.00 0.00 0.00
0.00 0.01 0.00 0.00 0.00 0.00 0.00 0.01
0.01 0.03 0.00 0.00 0.00 0.00 0.01 0.02
0.00 0.01 0.00 0.00 0.00 0.00 0.01 0.00
0.00 0.00 0.00 0.00 0.00 0.00 0.00 0.00
0.00 0.00 0.00 0.00 0.00 0.00 0.00 0.00
0.00 0.00 0.00 0.00 0.00 0.00 0.00 0.01
0.00 0.00 0.00 0.00 0.00 0.00 0.02 0.00
0.00 0.01 0.00 0.00 0.00 0.00 0.00 0.01
0.00 0.00 0.00 0.00 0.00 0.00 0.00 0.00
0.00 0.00 0.00 0.00 0.00 0.00 0.00 0.01
0.00 0.00 0.00 0.00 0.00 0.00 0.00 0.00
0.00 0.00 0.00 0.00 0.00 0.00 0.01 0.00
0.00 0.00 0.00 0.00 0.00 0.00 0.00 0.01
0.00 0.00 0.00 0.00 0.00 0.00 0.00 0.00
0.00 0.00 0.00 0.00 0.00 0.00 0.00 0.01
0.00 0.00 0.00 0.00 0.00 0.00 0.00 0.02
0.00 0.00 0.00 0.00 0.00 0.00 0.00 0.01
0.00 0.00 0.00 0.00 0.00 0.00 0.01 0.01
0.00 0.01 0.00 0.00 0.00 0.00 0.00 0.01
0.01 0.04 0.00 0.00 0.01 0.01 0.01 0.02
0.00 0.01 0.00 0.00 0.00 0.00 0.00 0.01
0.03 0.18 0.01 0.00 0.02 0.02 0.04 0.01
0.00 0.03 0.00 0.00 0.00 0.00 0.01 0.00
0.01 0.05 0.00 0.00 0.01 0.01 0.01 0.02
0.04 0.28 0.00 0.00 0.02 0.03 0.01 0.01
0.02 0.14 0.00 0.00 0.01 0.02 0.01 0.01
0.02 0.12 0.00 0.00 0.01 0.01 0.00 0.01
0.07 0.45 0.01 0.00 0.05 0.05 0.03 0.02
0.01 0.12 0.00 0.00 0.01 0.01 0.00 0.01
0.04 0.28 0.01 0.00 0.04 0.04 0.02 0.01
0.04 0.26 0.01 0.00 0.05 0.05 0.04 0.04
0.03 0.24 0.00 0.00 0.04 0.06 0.01 0.02
0.05 0.35 0.01 0.00 0.09 0.12 0.04 0.02
0.08 0.56 0.01 0.00 0.15 0.19 0.08 0.01
0.06 0.42 0.01 0.00 0.15 0.19 0.08 0.03
0.05 0.35 0.01 0.00 0.12 0.16 0.05 0.03
0.16 1.17 0.01 0.00 0.42 0.66 0.08 0.03
0.22 1.51 0.02 0.00 0.48 0.65 0.16 0.07
0.34 2.32 0.03 0.00 0.81 1.09 0.28 0.14
0.31 2.08 0.03 0.00 0.89 1.14 0.33 0.17
0.24 1.68 0.02 0.00 0.79 1.03 0.28 0.13
0.44 2.98 0.05 0.00 1.21 1.52 0.55 0.17
0.34 2.19 0.05 0.00 0.82 1.03 0.39 0.19
0.35 2.25 0.05 0.00 0.82 1.03 0.44 0.16
0.24 1.54 0.03 0.00 0.74 0.96 0.36 0.08
0.21 1.42 0.02 0.00 0.66 0.86 0.29 0.04
0.26 1.74 0.04 0.00 0.79 0.99 0.39 0.09
0.18 1.15 0.03 0.00 0.65 0.80 0.37 0.11
0.18 1.22 0.02 0.00 0.68 0.91 0.26 0.10
0.14 0.88 0.02 0.00 0.49 0.64 0.21 0.09
0.12 0.74 0.03 0.00 0.43 0.53 0.26 0.09
0.20 1.24 0.04 0.00 0.50 0.65 0.30 0.06
0.20 1.09 0.06 0.00 0.31 0.42 0.20 0.05
0.29 1.72 0.09 0.00 0.28 0.43 0.23 0.01
0.18 1.07 0.03 0.01 0.13 0.21 0.07 0.02
0.16 0.97 0.03 0.00 0.09 0.16 0.06 0.00
0.16 0.94 0.05 0.00 0.08 0.14 0.08 0.00
0.10 0.74 0.02 0.01 0.04 0.11 0.03 0.00
0.06 0.44 0.02 0.00 0.03 0.07 0.03 0.00
0.11 0.57 0.02 0.01 0.06 0.10 0.04 0.01
0.03 0.16 0.00 0.01 0.02 0.04 0.01 0.01
0.04 0.22 0.00 0.01 0.03 0.05 0.01 0.01
0.01 0.09 0.00 0.00 0.01 0.02 0.00 0.00
0.01 0.04 0.00 0.00 0.00 0.01 0.00 0.00
0.00 0.02 0.00 0.00 0.00 0.01 0.00 0.00
0.00 0.03 0.00 0.00 0.00 0.01 0.00 0.00
0.00 0.00 0.00 0.00 0.00 0.00 0.00 0.00
0.00 0.00 0.00 0.00 0.00 0.00 0.00 0.00
0.00 0.00 0.00 0.00 0.00 0.00 0.00 0.00
0.00 0.00 0.00 0.00 0.00 0.00 0.00 0.00
0.00 0.00 0.00 0.00 0.00 0.00 0.00 0.00
0.00 0.00 0.00 0.00 0.00 0.00 0.01 0.00
0.00 0.00 0.00 0.00 0.00 0.00 0.00 0.00
0.00 0.00 0.00 0.00 0.00 0.00 0.00 0.00
0.00 0.00 0.00 0.00 0.00 0.00 0.00 0.00
0.00 0.00 0.00 0.00 0.00 0.00 0.00 0.00
0.00 0.00 0.00 0.00 0.00 0.00 0.00 0.00
0.00 0.00 0.00 0.00 0.00 0.00 0.00 0.00
0.00 0.00 0.00 0.00 0.00 0.00 0.00 0.00
0.00 0.00 0.00 0.00 0.00 0.00 0.00 0.00
0.00 0.00 0.00 0.00 0.00 0.00 0.00 0.00
0.00 0.00 0.00 0.00 0.00 0.00 0.00 0.00
0.00 0.00 0.00 0.00 0.00 0.00 0.00 0.00
0.00 0.00 0.01 0.00 0.00 0.00 0.01 0.00
0.00 0.00 0.00 0.00 0.00 0.00 0.00 0.00
0.00 0.01 0.00 0.00 0.00 0.00 0.00 0.00
0.00 0.01 0.00 0.00 0.00 0.00 0.00 0.00
0.00 0.00 0.01 0.00 0.00 0.00 0.00 0.00
0.00 0.01 0.00 0.00 0.00 0.00 0.00 0.00
0.00 0.00 0.00 0.00 0.00 0.00 0.00 0.00
0.00 0.00 0.00 0.00 0.00 0.00 0.00 0.00
0.00 0.00 0.00 0.00 0.00 0.00 0.00 0.00
0.00 0.01 0.00 0.00 0.00 0.00 0.00 0.00
0.00 0.01 0.00 0.00 0.00 0.00 0.00 0.00
0.00 0.01 0.00 0.00 0.00 0.00 0.00 0.00
0.00 0.00 0.00 0.00 0.00 0.00 0.00 0.00
0.00 0.00 0.00 0.00 0.00 0.00 0.00 0.00
0.00 0.00 0.00 0.00 0.00 0.00 0.00 0.00
0.00 0.00 0.00 0.00 0.00 0.00 0.00 0.00
0.00 0.00 0.00 0.00 0.00 0.00 0.00 0.00
0.00 0.01 0.00 0.00 0.00 0.00 0.00 0.00
0.00 0.00 0.00 0.00 0.00 0.00 0.00 0.00
0.00 0.00 0.00 0.00 0.00 0.00 0.00 0.00
0.00 0.00 0.00 0.00 0.00 0.00 0.00 0.00
0.00 0.00 0.00 0.00 0.00 0.00 0.00 0.00
0.00 0.00 0.00 0.00 0.00 0.00 0.00 0.00
0.00 0.00 0.00 0.00 0.00 0.00 0.00 0.00
0.00 0.00 0.00 0.00 0.00 0.00 0.00 0.00
0.00 0.00 0.00 0.00 0.00 0.00 0.00 0.00
0.00 0.01 0.00 0.00 0.00 0.00 0.00 0.00
0.00 0.00 0.00 0.00 0.00 0.00 0.00 0.00
0.00 0.00 0.00 0.00 0.00 0.00 0.00 0.00
0.00 0.00 0.00 0.00 0.00 0.00 0.00 0.00
0.00 0.01 0.00 0.00 0.00 0.00 0.00 0.00
0.00 0.01 0.00 0.00 0.00 0.00 0.00 0.01
0.00 0.00 0.00 0.00 0.00 0.00 0.00 0.00
0.00 0.01 0.00 0.00 0.00 0.00 0.00 0.00
0.00 0.01 0.00 0.00 0.00 0.00 0.00 0.00
0.00 0.01 0.00 0.00 0.00 0.00 0.00 0.00
0.00 0.00 0.00 0.00 0.00 0.00 0.00 0.00
0.00 0.00 0.00 0.00 0.00 0.00 0.00 0.00
0.00 0.00 0.00 0.00 0.00 0.00 0.01 0.00
0.00 0.00 0.00 0.00 0.00 0.00 0.00 0.01
0.00 0.00 0.00 0.00 0.00 0.00 0.00 0.01
0.00 0.00 0.00 0.00 0.00 0.00 0.00 0.02
0.00 0.00 0.00 0.00 0.00 0.00 0.00 0.01
0.00 0.01 0.00 0.00 0.00 0.00 0.02 0.01
0.00 0.02 0.00 0.00 0.00 0.00 0.01 0.02
0.00 0.00 0.00 0.00 0.00 0.00 0.01 0.02
0.00 0.00 0.00 0.00 0.00 0.00 0.00 0.02
0.00 0.01 0.00 0.00 0.00 0.00 0.00 0.02
0.00 0.00 0.00 0.00 0.00 0.00 0.00 0.02
0.00 0.01 0.00 0.00 0.00 0.00 0.00 0.02
0.00 0.00 0.00 0.00 0.00 0.00 0.00 0.01
0.00 0.00 0.00 0.00 0.00 0.00 0.01 0.01
0.00 0.00 0.00 0.00 0.00 0.00 0.01 0.01
0.00 0.00 0.00 0.00 0.00 0.00 0.00 0.01
0.00 0.01 0.00 0.00 0.00 0.00 0.01 0.02
0.00 0.02 0.00 0.00 0.00 0.00 0.01 0.02
0.01 0.08 0.00 0.00 0.01 0.01 0.02 0.02
0.02 0.12 0.00 0.00 0.01 0.02 0.01 0.02
0.03 0.18 0.01 0.00 0.03 0.02 0.05 0.03
0.06 0.38 0.01 0.00 0.04 0.04 0.05 0.03
0.10 0.64 0.02 0.00 0.07 0.07 0.07 0.04
0.16 1.07 0.02 0.00 0.10 0.11 0.05 0.05
0.27 1.59 0.05 0.00 0.17 0.17 0.15 0.21
0.12 0.82 0.02 0.00 0.09 0.10 0.05 0.06
0.22 1.42 0.03 0.00 0.15 0.16 0.10 0.08
0.27 1.72 0.04 0.00 0.25 0.27 0.17 0.18
0.24 1.64 0.03 0.00 0.25 0.29 0.14 0.08
0.20 1.33 0.03 0.00 0.27 0.31 0.15 0.09
0.33 2.20 0.04 0.00 0.54 0.65 0.25 0.19
0.37 2.55 0.04 0.00 0.65 0.80 0.27 0.20
0.37 2.56 0.04 0.00 0.88 1.08 0.31 0.30
0.41 2.85 0.04 0.00 1.02 1.32 0.33 0.22
0.42 2.89 0.04 0.00 1.09 1.45 0.44 0.08
0.30 2.03 0.03 0.00 0.73 1.04 0.27 0.05
0.38 2.63 0.03 0.00 0.81 1.19 0.24 0.06
0.40 2.79 0.03 0.00 0.96 1.42 0.27 0.07
0.36 2.43 0.04 0.00 0.94 1.35 0.35 0.04
0.52 3.55 0.06 0.00 1.26 1.77 0.49 0.08
0.32 2.35 0.02 0.00 0.86 1.27 0.19 0.08
0.43 2.95 0.05 0.00 1.04 1.47 0.40 0.06
0.53 3.51 0.08 0.00 1.19 1.63 0.54 0.08
0.47 3.07 0.07 0.00 1.16 1.58 0.53 0.13
0.45 2.97 0.06 0.00 1.15 1.55 0.52 0.10
0.48 3.23 0.05 0.00 1.20 1.61 0.46 0.17
0.43 2.86 0.06 0.00 1.16 1.55 0.54 0.12
0.50 3.23 0.06 0.00 1.27 1.67 0.57 0.20
0.41 2.57 0.06 0.01 1.06 1.38 0.53 0.26
0.42 2.49 0.08 0.01 1.04 1.33 0.66 0.24
0.39 2.51 0.05 0.01 0.66 0.95 0.23 0.12
0.55 3.34 0.10 0.01 0.79 1.07 0.36 0.22
0.56 3.25 0.09 0.03 0.55 0.77 0.25 0.19
0.74 3.97 0.14 0.06 0.62 0.84 0.37 0.24
0.46 2.54 0.04 0.09 0.35 0.54 0.08 0.23
0.56 2.76 0.12 0.09 0.39 0.57 0.21 0.20
0.21 1.03 0.01 0.11 0.18 0.28 0.02 0.21
0.22 0.87 0.03 0.11 0.24 0.34 0.08 0.22
0.21 0.77 0.02 0.15 0.26 0.37 0.08 0.30
0.38 1.19 0.23 0.09 0.42 0.52 0.52 0.20
0.56 1.71 0.24 0.21 0.51 0.61 0.50 0.33
0.17 0.41 0.03 0.19 0.20 0.19 0.09 0.34
0.15 0.44 0.02 0.13 0.16 0.18 0.07 0.22
0.18 0.50 0.04 0.14 0.17 0.18 0.09 0.23
0.24 0.62 0.05 0.22 0.18 0.17 0.08 0.32
0.01 0.02 0.00 0.01 0.00 0.01 0.01 0.01
0.01 0.02 0.00 0.03 0.01 0.00 0.00 0.02
0.01 0.02 0.01 0.01 0.00 0.00 0.01 0.01
0.02 0.05 0.00 0.01 0.01 0.01 0.01 0.01
0.00 0.00 0.00 0.00 0.00 0.00 0.00 0.00
0.01 0.02 0.01 0.00 0.01 0.00 0.02 0.00
0.00 0.01 0.00 0.00 0.00 0.00 0.01 0.00
0.00 0.00 0.00 0.00 0.00 0.00 0.00 0.00
0.00 0.00 0.00 0.00 0.00 0.00 0.00 0.00
0.00 0.00 0.00 0.00 0.00 0.00 0.00 0.00
0.00 0.00 0.00 0.00 0.00 0.00 0.00 0.00
0.00 0.00 0.00 0.00 0.00 0.00 0.00 0.00
0.00 0.00 0.00 0.00 0.00 0.00 0.00 0.00
0.00 0.01 0.00 0.00 0.00 0.00 0.00 0.00
0.00 0.00 0.00 0.00 0.00 0.00 0.00 0.00
0.00 0.00 0.00 0.00 0.00 0.00 0.00 0.00
0.00 0.00 0.00 0.00 0.00 0.00 0.00 0.00
0.00 0.00 0.00 0.00 0.00 0.00 0.00 0.00
0.00 0.00 0.00 0.00 0.00 0.00 0.00 0.00
0.00 0.02 0.00 0.00 0.00 0.00 0.00 0.00
0.02 0.06 0.01 0.00 0.00 0.00 0.01 0.00
0.02 0.07 0.00 0.01 0.00 0.00 0.00 0.00
0.00 0.00 0.00 0.00 0.00 0.00 0.00 0.00
0.02 0.09 0.00 0.01 0.00 0.00 0.00 0.00
0.00 0.02 0.00 0.00 0.00 0.00 0.00 0.00
0.02 0.09 0.01 0.01 0.00 0.00 0.00 0.00
0.00 0.01 0.00 0.00 0.00 0.00 0.00 0.00
0.00 0.00 0.00 0.00 0.00 0.00 0.00 0.00
0.01 0.03 0.01 0.00 0.00 0.00 0.01 0.00
0.00 0.01 0.00 0.00 0.00 0.00 0.00 0.00
0.00 0.00 0.00 0.00 0.00 0.00 0.01 0.00
0.00 0.00 0.00 0.00 0.00 0.00 0.00 0.00
0.00 0.01 0.00 0.00 0.00 0.00 0.00 0.00
0.00 0.02 0.00 0.00 0.00 0.00 0.00 0.00
0.00 0.00 0.00 0.00 0.00 0.00 0.00 0.00
0.03 0.14 0.01 0.00 0.01 0.01 0.01 0.00
0.00 0.00 0.00 0.00 0.00 0.00 0.00 0.00
0.00 0.00 0.00 0.00 0.00 0.00 0.00 0.00
0.00 0.00 0.01 0.00 0.00 0.00 0.01 0.00
0.00 0.00 0.00 0.00 0.00 0.00 0.00 0.00
0.00 0.03 0.00 0.01 0.00 0.00 0.00 0.02
0.00 0.00 0.00 0.01 0.00 0.00 0.00 0.01
0.00 0.00 0.00 0.00 0.00 0.00 0.00 0.00
0.00 0.00 0.00 0.00 0.00 0.00 0.00 0.00
0.00 0.00 0.00 0.00 0.00 0.00 0.00 0.00
0.00 0.00 0.00 0.00 0.00 0.00 0.00 0.00
0.00 0.00 0.00 0.00 0.00 0.00 0.00 0.00
0.00 0.00 0.00 0.00 0.00 0.00 0.00 0.00
0.00 0.00 0.00 0.00 0.00 0.00 0.00 0.00
0.00 0.00 0.00 0.00 0.00 0.00 0.00 0.00
0.00 0.00 0.00 0.00 0.00 0.00 0.00 0.01
0.00 0.01 0.00 0.00 0.00 0.00 0.00 0.00
0.00 0.00 0.00 0.00 0.00 0.00 0.00 0.01
0.00 0.00 0.00 0.00 0.00 0.00 0.00 0.00
0.00 0.00 0.00 0.00 0.00 0.00 0.00 0.02
0.00 0.00 0.00 0.00 0.00 0.00 0.00 0.02
0.00 0.00 0.00 0.00 0.00 0.00 0.00 0.00
0.00 0.00 0.00 0.00 0.00 0.00 0.00 0.02
0.00 0.00 0.00 0.00 0.00 0.00 0.00 0.01
0.00 0.00 0.00 0.00 0.00 0.00 0.00 0.01
0.00 0.00 0.00 0.00 0.00 0.00 0.00 0.01
0.00 0.00 0.00 0.00 0.00 0.00 0.00 0.02
0.00 0.00 0.00 0.00 0.00 0.00 0.00 0.01
0.00 0.00 0.00 0.00 0.00 0.00 0.00 0.02
0.00 0.00 0.00 0.00 0.00 0.00 0.00 0.02
0.00 0.00 0.00 0.00 0.00 0.00 0.00 0.01
0.00 0.00 0.00 0.00 0.00 0.00 0.00 0.03
0.00 0.00 0.00 0.00 0.00 0.00 0.00 0.01
0.00 0.00 0.00 0.00 0.00 0.00 0.00 0.01
0.00 0.00 0.00 0.00 0.00 0.00 0.00 0.01
0.00 0.00 0.00 0.00 0.00 0.00 0.00 0.00
0.00 0.00 0.00 0.00 0.00 0.00 0.00 0.00
0.00 0.00 0.00 0.00 0.00 0.00 0.00 0.01
0.00 0.00 0.00 0.00 0.00 0.00 0.00 0.01
0.00 0.00 0.00 0.00 0.00 0.00 0.00 0.00
0.00 0.00 0.00 0.00 0.00 0.00 0.00 0.00
0.00 0.00 0.00 0.00 0.00 0.00 0.00 0.00
0.00 0.00 0.00 0.00 0.00 0.00 0.00 0.00
0.00 0.00 0.00 0.00 0.00 0.00 0.00 0.00
0.00 0.00 0.00 0.00 0.00 0.00 0.00 0.00
0.00 0.00 0.00 0.00 0.00 0.00 0.00 0.00
0.00 0.00 0.00 0.00 0.00 0.00 0.00 0.00
0.00 0.00 0.00 0.00 0.00 0.00 0.00 0.00
0.00 0.00 0.00 0.00 0.00 0.00 0.00 0.00
0.00 0.00 0.00 0.00 0.00 0.00 0.00 0.00
0.00 0.00 0.00 0.00 0.00 0.00 0.00 0.00
0.00 0.00 0.00 0.00 0.00 0.00 0.00 0.00
0.00 0.00 0.00 0.00 0.00 0.00 0.00 0.00
0.00 0.00 0.00 0.00 0.00 0.00 0.00 0.00
0.00 0.00 0.00 0.00 0.00 0.00 0.00 0.00
