0.00 0.00 0.00 0.00 0.00 0.00 0.00 0.00
0.00 0.00 0.00 0.00 0.00 0.00 0.00 0.00
0.00 0.00 0.00 0.00 0.00 0.00 0.00 0.00
0.00 0.00 0.00 0.00 0.00 0.00 0.00 0.00
0.00 0.00 0.00 0.00 0.00 0.00 0.00 0.00
0.00 0.00 0.00 0.00 0.00 0.00 0.00 0.00
0.00 0.00 0.00 0.00 0.00 0.00 0.00 0.00
0.00 0.00 0.00 0.00 0.00 0.00 0.00 0.00
0.00 0.00 0.00 0.00 0.00 0.00 0.00 0.00
0.00 0.00 0.00 0.00 0.00 0.00 0.00 0.00
0.00 0.00 0.00 0.00 0.00 0.00 0.00 0.00
0.00 0.00 0.00 0.00 0.00 0.00 0.00 0.00
0.00 0.00 0.00 0.00 0.00 0.00 0.00 0.00
0.00 0.00 0.00 0.00 0.00 0.00 0.00 0.00
0.00 0.00 0.00 0.00 0.00 0.00 0.00 0.00
0.00 0.00 0.00 0.00 0.00 0.00 0.00 0.00
0.00 0.00 0.00 0.00 0.00 0.00 0.00 0.00
0.00 0.00 0.00 0.00 0.00 0.00 0.00 0.00
0.00 0.00 0.00 0.00 0.00 0.00 0.00 0.00
0.00 0.00 0.00 0.00 0.00 0.00 0.00 0.00
0.00 0.00 0.00 0.00 0.00 0.00 0.00 0.00
0.00 0.00 0.00 0.00 0.00 0.00 0.00 0.00
0.00 0.00 0.00 0.00 0.00 0.00 0.00 0.00
0.01 0.01 0.01 0.01 0.00 0.00 0.01 0.03
0.01 0.01 0.01 0.00 0.01 0.00 0.03 0.02
0.02 0.05 0.01 0.00 0.01 0.02 0.02 0.00
0.01 0.02 0.01 0.01 0.01 0.01 0.04 0.05
0.01 0.02 0.01 0.01 0.01 0.00 0.03 0.05
0.01 0.03 0.01 0.01 0.01 0.01 0.02 0.07
0.01 0.04 0.02 0.01 0.01 0.01 0.04 0.04
0.87 2.44 0.12 0.03 1.01 1.23 0.34 0.15
1.00 2.73 0.23 0.06 1.13 1.32 0.58 0.30
1.02 2.80 0.18 0.08 1.13 1.34 0.47 0.37
1.11 3.01 0.25 0.08 1.20 1.39 0.64 0.37
1.02 2.80 0.23 0.04 1.16 1.37 0.59 0.20
1.01 2.80 0.19 0.05 1.14 1.34 0.52 0.26
0.99 2.70 0.22 0.06 1.13 1.32 0.59 0.32
1.07 2.89 0.26 0.07 1.23 1.42 0.68 0.36
1.02 2.76 0.23 0.07 1.23 1.43 0.64 0.35
0.88 2.43 0.17 0.05 1.19 1.37 0.57 0.32
0.94 2.57 0.18 0.05 1.31 1.47 0.65 0.47
1.08 2.92 0.27 0.06 1.49 1.65 0.91 0.58
0.99 2.68 0.23 0.07 1.34 1.52 0.74 0.50
1.02 2.76 0.25 0.06 1.24 1.42 0.66 0.40
1.19 3.17 0.36 0.06 1.36 1.55 0.83 0.37
1.14 3.06 0.31 0.07 1.29 1.50 0.72 0.42
1.16 3.07 0.35 0.04 1.36 1.56 0.86 0.29
1.28 3.41 0.39 0.06 1.40 1.59 0.84 0.39
1.40 3.70 0.43 0.05 1.46 1.66 0.89 0.38
1.22 3.24 0.38 0.05 1.26 1.44 0.79 0.26
1.19 3.18 0.37 0.03 1.24 1.44 0.74 0.16
1.20 3.27 0.29 0.04 1.26 1.48 0.62 0.21
1.21 3.30 0.31 0.03 1.31 1.53 0.69 0.15
1.07 2.97 0.22 0.03 1.32 1.59 0.56 0.19
0.92 2.45 0.28 0.04 1.33 1.56 0.79 0.25
0.88 2.33 0.28 0.03 1.35 1.60 0.79 0.23
0.84 2.23 0.26 0.04 1.47 1.73 0.87 0.30
0.92 2.41 0.32 0.04 1.63 1.91 1.05 0.29
0.84 2.19 0.30 0.04 1.59 1.85 1.04 0.33
0.82 2.12 0.30 0.05 1.48 1.70 1.02 0.42
0.20 0.48 0.10 0.03 0.36 0.40 0.32 0.29
0.16 0.38 0.10 0.03 0.26 0.29 0.28 0.26
0.13 0.36 0.07 0.02 0.26 0.32 0.23 0.14
0.15 0.38 0.06 0.01 0.31 0.35 0.24 0.10
0.19 0.49 0.07 0.01 0.41 0.46 0.28 0.15
0.16 0.45 0.05 0.01 0.34 0.41 0.18 0.09
0.20 0.51 0.08 0.01 0.37 0.43 0.28 0.09
0.20 0.53 0.07 0.01 0.35 0.42 0.21 0.06
0.19 0.50 0.07 0.00 0.38 0.46 0.24 0.05
0.10 0.24 0.04 0.02 0.21 0.23 0.16 0.16
0.18 0.46 0.07 0.01 0.38 0.44 0.24 0.11
0.22 0.54 0.10 0.02 0.48 0.53 0.36 0.25
0.15 0.38 0.05 0.02 0.32 0.37 0.18 0.22
0.12 0.32 0.04 0.02 0.28 0.33 0.15 0.18
0.15 0.39 0.05 0.01 0.32 0.39 0.20 0.11
0.18 0.49 0.05 0.00 0.30 0.40 0.13 0.04
0.12 0.32 0.04 0.02 0.17 0.23 0.08 0.06
0.14 0.40 0.03 0.02 0.14 0.22 0.05 0.05
0.11 0.31 0.05 0.02 0.10 0.15 0.09 0.04
0.08 0.25 0.03 0.03 0.06 0.10 0.04 0.03
0.17 0.46 0.09 0.04 0.12 0.20 0.11 0.04
0.14 0.37 0.07 0.03 0.10 0.15 0.08 0.02
0.09 0.23 0.05 0.05 0.07 0.10 0.07 0.05
0.09 0.20 0.07 0.03 0.07 0.09 0.09 0.03
0.05 0.12 0.03 0.02 0.04 0.06 0.04 0.03
0.05 0.11 0.03 0.03 0.04 0.06 0.04 0.03
0.04 0.09 0.02 0.03 0.03 0.05 0.03 0.02
0.03 0.04 0.03 0.03 0.02 0.02 0.05 0.03
0.02 0.04 0.03 0.04 0.02 0.03 0.05 0.04
0.02 0.05 0.03 0.03 0.01 0.03 0.04 0.03
0.33 0.64 0.07 0.30 0.36 0.41 0.13 0.41
0.34 0.55 0.11 0.36 0.32 0.30 0.20 0.45
0.37 0.59 0.10 0.42 0.34 0.33 0.16 0.50
0.37 0.73 0.05 0.34 0.36 0.42 0.10 0.41
0.37 0.71 0.10 0.30 0.39 0.45 0.19 0.41
0.42 0.80 0.12 0.36 0.44 0.49 0.24 0.47
0.41 0.76 0.10 0.39 0.43 0.47 0.20 0.51
0.47 0.86 0.20 0.37 0.45 0.48 0.32 0.50
0.42 0.77 0.20 0.28 0.40 0.43 0.30 0.40
0.30 0.56 0.06 0.28 0.29 0.32 0.10 0.37
0.59 1.02 0.35 0.41 0.53 0.56 0.47 0.53
0.31 0.57 0.12 0.26 0.30 0.33 0.18 0.37
0.40 0.77 0.14 0.28 0.36 0.41 0.19 0.38
0.46 0.82 0.24 0.33 0.40 0.40 0.32 0.46
0.44 0.75 0.27 0.31 0.34 0.33 0.29 0.44
0.46 0.76 0.26 0.37 0.33 0.30 0.29 0.47
0.25 0.48 0.08 0.22 0.18 0.17 0.09 0.30
0.43 0.82 0.17 0.29 0.26 0.26 0.18 0.32
0.30 0.53 0.13 0.24 0.16 0.14 0.12 0.24
0.41 0.69 0.20 0.35 0.19 0.16 0.17 0.31
0.20 0.35 0.03 0.24 0.09 0.08 0.02 0.22
0.41 0.74 0.18 0.31 0.19 0.17 0.15 0.27
0.39 0.74 0.21 0.23 0.17 0.16 0.17 0.19
0.36 0.64 0.17 0.29 0.17 0.15 0.15 0.26
0.21 0.37 0.11 0.16 0.11 0.09 0.12 0.18
0.23 0.33 0.10 0.27 0.13 0.09 0.11 0.28
0.15 0.17 0.07 0.22 0.07 0.04 0.07 0.22
0.09 0.11 0.04 0.14 0.05 0.03 0.05 0.16
0.05 0.07 0.01 0.07 0.03 0.02 0.02 0.11
0.07 0.12 0.04 0.07 0.04 0.04 0.05 0.10
0.02 0.04 0.02 0.05 0.02 0.01 0.02 0.08
0.05 0.11 0.03 0.03 0.03 0.03 0.04 0.06
0.03 0.06 0.04 0.03 0.02 0.02 0.06 0.05
0.02 0.04 0.01 0.05 0.01 0.01 0.02 0.09
0.02 0.06 0.02 0.03 0.02 0.02 0.03 0.07
0.03 0.07 0.03 0.02 0.02 0.02 0.04 0.04
0.03 0.04 0.02 0.05 0.02 0.01 0.04 0.08
0.04 0.08 0.02 0.05 0.03 0.02 0.03 0.10
0.03 0.08 0.03 0.02 0.02 0.02 0.05 0.04
0.01 0.04 0.02 0.02 0.01 0.01 0.03 0.04
0.03 0.05 0.02 0.03 0.02 0.02 0.03 0.05
0.01 0.02 0.03 0.02 0.01 0.01 0.04 0.03
0.02 0.03 0.03 0.03 0.01 0.01 0.04 0.07
0.02 0.04 0.03 0.03 0.01 0.01 0.04 0.05
0.03 0.08 0.02 0.02 0.01 0.02 0.03 0.03
0.02 0.04 0.02 0.02 0.01 0.01 0.02 0.04
0.02 0.06 0.02 0.02 0.01 0.01 0.03 0.04
0.03 0.03 0.05 0.03 0.02 0.00 0.05 0.06
0.03 0.07 0.04 0.02 0.01 0.02 0.04 0.05
0.02 0.05 0.04 0.03 0.01 0.01 0.04 0.05
0.01 0.05 0.04 0.02 0.00 0.01 0.04 0.05
0.04 0.08 0.04 0.04 0.02 0.01 0.05 0.07
0.03 0.10 0.03 0.04 0.02 0.02 0.04 0.09
0.03 0.05 0.06 0.03 0.02 0.01 0.10 0.10
0.02 0.05 0.05 0.03 0.01 0.01 0.08 0.11
0.02 0.04 0.04 0.02 0.01 0.01 0.08 0.07
0.04 0.10 0.03 0.02 0.03 0.03 0.07 0.12
0.02 0.04 0.03 0.02 0.01 0.02 0.06 0.16
0.03 0.07 0.02 0.02 0.03 0.02 0.06 0.18
0.03 0.09 0.04 0.01 0.02 0.03 0.09 0.13
0.04 0.09 0.05 0.01 0.03 0.03 0.10 0.12
0.02 0.07 0.02 0.01 0.02 0.02 0.04 0.10
0.02 0.05 0.03 0.02 0.02 0.02 0.06 0.12
0.02 0.06 0.02 0.01 0.02 0.02 0.04 0.12
0.02 0.05 0.02 0.01 0.02 0.02 0.06 0.13
0.02 0.04 0.01 0.01 0.02 0.02 0.02 0.11
0.03 0.06 0.03 0.02 0.03 0.02 0.07 0.13
0.02 0.04 0.03 0.02 0.02 0.02 0.06 0.10
0.02 0.04 0.02 0.01 0.01 0.01 0.05 0.12
0.02 0.06 0.02 0.02 0.02 0.02 0.04 0.12
0.02 0.08 0.02 0.02 0.02 0.03 0.05 0.14
0.02 0.05 0.01 0.02 0.02 0.02 0.04 0.14
0.03 0.06 0.04 0.02 0.03 0.02 0.09 0.12
0.07 0.16 0.07 0.01 0.06 0.06 0.15 0.14
0.08 0.19 0.06 0.01 0.07 0.07 0.12 0.10
0.12 0.27 0.09 0.01 0.10 0.09 0.17 0.08
0.07 0.18 0.05 0.01 0.07 0.06 0.10 0.09
0.07 0.19 0.03 0.01 0.07 0.07 0.06 0.10
0.22 0.53 0.10 0.03 0.18 0.18 0.19 0.20
0.02 0.11 0.04 0.01 0.02 0.04 0.08 0.08
0.12 0.34 0.03 0.02 0.10 0.12 0.06 0.13
0.15 0.33 0.07 0.03 0.12 0.12 0.14 0.23
0.08 0.26 0.03 0.01 0.08 0.12 0.06 0.06
0.10 0.29 0.02 0.01 0.12 0.15 0.06 0.06
0.14 0.35 0.05 0.02 0.18 0.19 0.12 0.16
0.13 0.38 0.02 0.01 0.20 0.24 0.06 0.12
0.21 0.56 0.06 0.02 0.33 0.39 0.16 0.22
0.25 0.63 0.10 0.02 0.46 0.50 0.33 0.30
0.21 0.55 0.07 0.02 0.42 0.49 0.25 0.20
0.27 0.67 0.10 0.04 0.53 0.61 0.34 0.27
0.40 1.02 0.13 0.06 0.63 0.75 0.37 0.38
0.50 1.31 0.15 0.06 0.74 0.89 0.41 0.33
0.54 1.40 0.17 0.05 0.83 0.99 0.48 0.27
0.53 1.38 0.18 0.06 0.85 1.01 0.53 0.33
0.62 1.59 0.22 0.06 0.94 1.09 0.61 0.34
0.49 1.33 0.12 0.03 0.78 0.96 0.35 0.22
0.47 1.26 0.15 0.03 0.71 0.86 0.39 0.18
0.55 1.45 0.17 0.04 0.79 0.94 0.45 0.24
0.51 1.31 0.18 0.04 0.82 0.96 0.54 0.26
0.56 1.45 0.19 0.04 0.84 0.97 0.55 0.24
0.56 1.46 0.18 0.05 0.88 1.03 0.52 0.32
0.56 1.47 0.17 0.04 0.88 1.03 0.50 0.28
0.56 1.44 0.20 0.05 0.84 0.97 0.56 0.35
0.51 1.31 0.19 0.05 0.80 0.91 0.54 0.32
0.48 1.23 0.17 0.04 0.69 0.82 0.46 0.21
0.50 1.25 0.20 0.05 0.57 0.66 0.40 0.21
0.48 1.24 0.19 0.04 0.52 0.64 0.33 0.12
0.62 1.53 0.28 0.05 0.53 0.66 0.41 0.10
0.42 1.09 0.14 0.03 0.32 0.43 0.19 0.05
0.40 1.08 0.13 0.03 0.30 0.43 0.18 0.04
0.39 0.97 0.18 0.04 0.30 0.42 0.25 0.04
0.28 0.72 0.14 0.02 0.22 0.33 0.19 0.02
0.16 0.40 0.06 0.04 0.15 0.23 0.11 0.05
0.12 0.29 0.04 0.03 0.11 0.17 0.07 0.03
0.08 0.19 0.03 0.03 0.07 0.10 0.04 0.03
0.18 0.36 0.11 0.09 0.14 0.17 0.13 0.10
0.05 0.07 0.04 0.05 0.04 0.04 0.06 0.06
0.03 0.05 0.04 0.04 0.03 0.03 0.07 0.04
0.04 0.06 0.04 0.04 0.03 0.03 0.05 0.05
0.06 0.09 0.04 0.08 0.05 0.04 0.04 0.07
0.33 0.53 0.19 0.30 0.31 0.30 0.25 0.38
0.42 0.63 0.16 0.47 0.34 0.32 0.20 0.52
0.47 0.69 0.23 0.49 0.40 0.36 0.30 0.57
0.42 0.69 0.16 0.41 0.35 0.35 0.22 0.50
0.41 0.65 0.12 0.48 0.34 0.32 0.16 0.58
0.42 0.66 0.13 0.47 0.36 0.34 0.18 0.57
0.50 0.83 0.18 0.51 0.40 0.38 0.23 0.62
0.47 0.78 0.17 0.46 0.37 0.36 0.21 0.55
0.37 0.56 0.19 0.36 0.31 0.27 0.23 0.47
0.51 0.81 0.30 0.43 0.41 0.40 0.35 0.50
0.46 0.68 0.22 0.47 0.37 0.33 0.27 0.59
0.48 0.77 0.29 0.40 0.38 0.36 0.34 0.51
0.32 0.51 0.17 0.29 0.26 0.24 0.21 0.37
0.39 0.56 0.19 0.44 0.27 0.22 0.21 0.46
0.43 0.62 0.21 0.47 0.25 0.21 0.19 0.44
0.46 0.56 0.20 0.62 0.24 0.17 0.17 0.51
0.29 0.41 0.15 0.31 0.15 0.12 0.13 0.28
0.56 0.83 0.45 0.39 0.25 0.21 0.33 0.32
0.30 0.55 0.21 0.18 0.12 0.12 0.14 0.13
0.36 0.65 0.23 0.20 0.14 0.14 0.16 0.14
0.44 0.67 0.27 0.40 0.17 0.13 0.18 0.28
0.56 0.85 0.36 0.48 0.20 0.16 0.24 0.32
0.41 0.43 0.16 0.65 0.15 0.08 0.11 0.42
0.34 0.47 0.20 0.37 0.14 0.09 0.15 0.28
0.28 0.33 0.13 0.39 0.12 0.07 0.11 0.35
0.29 0.47 0.17 0.22 0.13 0.10 0.15 0.23
0.04 0.08 0.05 0.04 0.02 0.02 0.04 0.05
0.06 0.14 0.04 0.03 0.03 0.03 0.04 0.03
0.06 0.12 0.06 0.04 0.03 0.03 0.06 0.05
0.07 0.13 0.05 0.03 0.03 0.03 0.04 0.04
0.01 0.05 0.03 0.02 0.01 0.01 0.03 0.04
0.02 0.06 0.03 0.03 0.01 0.01 0.03 0.05
0.04 0.06 0.04 0.04 0.02 0.01 0.04 0.05
0.04 0.13 0.04 0.02 0.02 0.02 0.04 0.02
0.02 0.05 0.03 0.03 0.01 0.01 0.03 0.04
0.04 0.10 0.04 0.02 0.02 0.02 0.03 0.03
0.03 0.10 0.02 0.03 0.02 0.02 0.02 0.04
0.08 0.16 0.08 0.03 0.04 0.04 0.09 0.04
0.10 0.23 0.08 0.04 0.06 0.06 0.11 0.07
0.07 0.11 0.05 0.07 0.04 0.03 0.06 0.12
0.03 0.05 0.01 0.02 0.02 0.01 0.02 0.03
0.01 0.01 0.02 0.04 0.00 0.00 0.02 0.05
0.01 0.02 0.02 0.02 0.00 0.00 0.02 0.03
0.00 0.03 0.04 0.02 0.00 0.00 0.04 0.03
0.02 0.05 0.02 0.01 0.01 0.01 0.02 0.02
0.01 0.02 0.02 0.01 0.00 0.00 0.01 0.01
0.01 0.03 0.03 0.01 0.01 0.01 0.03 0.01
0.09 0.15 0.08 0.04 0.04 0.03 0.08 0.06
0.06 0.19 0.03 0.01 0.02 0.03 0.03 0.02
0.15 0.28 0.11 0.06 0.06 0.05 0.11 0.09
0.07 0.13 0.06 0.02 0.03 0.02 0.07 0.03
0.12 0.29 0.07 0.02 0.06 0.06 0.09 0.04
0.07 0.11 0.06 0.05 0.04 0.03 0.09 0.13
0.04 0.07 0.04 0.02 0.03 0.02 0.07 0.06
0.05 0.11 0.04 0.03 0.04 0.03 0.08 0.14
0.04 0.08 0.05 0.03 0.04 0.03 0.12 0.16
0.04 0.08 0.03 0.02 0.03 0.03 0.07 0.12
0.03 0.06 0.03 0.02 0.03 0.03 0.08 0.15
0.04 0.10 0.02 0.02 0.03 0.04 0.05 0.17
0.06 0.19 0.04 0.01 0.06 0.07 0.10 0.15
0.67 1.86 0.13 0.03 0.76 0.88 0.34 0.22
0.80 2.19 0.19 0.04 0.89 1.01 0.48 0.23
0.83 2.31 0.17 0.02 0.95 1.09 0.45 0.17
0.81 2.25 0.15 0.03 0.98 1.13 0.43 0.25
0.73 2.04 0.14 0.02 0.90 1.03 0.41 0.16
0.85 2.41 0.13 0.03 1.02 1.18 0.38 0.23
0.78 2.16 0.16 0.04 0.91 1.03 0.44 0.29
0.86 2.35 0.20 0.05 0.96 1.09 0.51 0.32
0.69 1.88 0.14 0.06 0.84 0.95 0.40 0.40
0.77 2.09 0.17 0.06 0.98 1.10 0.52 0.42
0.82 2.18 0.22 0.06 1.00 1.11 0.63 0.45
0.72 1.90 0.20 0.06 0.86 0.95 0.59 0.43
0.82 2.23 0.20 0.05 0.90 1.03 0.50 0.29
0.75 2.03 0.16 0.06 0.68 0.80 0.33 0.26
0.80 2.15 0.20 0.06 0.63 0.74 0.35 0.17
0.65 1.77 0.15 0.03 0.47 0.56 0.25 0.08
0.79 2.08 0.26 0.04 0.49 0.58 0.35 0.08
0.65 1.71 0.21 0.03 0.35 0.42 0.24 0.05
0.54 1.49 0.13 0.03 0.26 0.32 0.13 0.05
0.57 1.51 0.15 0.07 0.26 0.31 0.14 0.10
0.63 1.62 0.24 0.04 0.29 0.34 0.23 0.06
0.46 1.31 0.10 0.04 0.22 0.27 0.10 0.05
0.46 1.28 0.10 0.03 0.25 0.32 0.12 0.05
0.47 1.24 0.14 0.04 0.25 0.30 0.17 0.07
0.22 0.56 0.07 0.02 0.13 0.16 0.09 0.05
0.17 0.45 0.07 0.03 0.11 0.14 0.09 0.07
0.14 0.34 0.07 0.03 0.09 0.10 0.08 0.05
0.07 0.18 0.05 0.02 0.05 0.06 0.05 0.04
0.04 0.10 0.02 0.03 0.03 0.03 0.03 0.05
0.08 0.14 0.06 0.05 0.05 0.05 0.08 0.08
0.04 0.12 0.02 0.03 0.03 0.04 0.03 0.06
0.06 0.12 0.04 0.04 0.04 0.04 0.06 0.07
0.20 0.41 0.12 0.08 0.14 0.13 0.17 0.16
0.04 0.07 0.03 0.05 0.03 0.02 0.04 0.09
0.08 0.18 0.04 0.04 0.05 0.05 0.05 0.08
0.03 0.09 0.02 0.03 0.02 0.02 0.02 0.05
0.14 0.26 0.10 0.07 0.09 0.08 0.13 0.13
0.05 0.12 0.04 0.03 0.03 0.03 0.05 0.05
0.05 0.10 0.05 0.04 0.03 0.03 0.06 0.07
0.12 0.26 0.07 0.04 0.07 0.07 0.09 0.07
0.11 0.20 0.07 0.09 0.06 0.05 0.08 0.12
0.07 0.18 0.04 0.02 0.04 0.05 0.05 0.04
0.03 0.08 0.03 0.02 0.02 0.02 0.04 0.04
0.16 0.31 0.09 0.09 0.08 0.07 0.10 0.13
0.09 0.15 0.11 0.04 0.05 0.03 0.12 0.06
0.05 0.09 0.04 0.03 0.02 0.02 0.05 0.05
0.07 0.16 0.04 0.02 0.03 0.03 0.06 0.05
0.12 0.31 0.05 0.02 0.06 0.06 0.05 0.04
0.03 0.05 0.04 0.03 0.01 0.01 0.04 0.05
0.04 0.10 0.05 0.03 0.02 0.02 0.06 0.05
0.04 0.07 0.04 0.04 0.02 0.01 0.04 0.06
0.03 0.06 0.04 0.03 0.01 0.01 0.05 0.06
0.04 0.07 0.05 0.04 0.02 0.02 0.07 0.10
0.03 0.06 0.04 0.03 0.02 0.02 0.07 0.09
0.02 0.04 0.02 0.03 0.02 0.02 0.04 0.13
0.01 0.04 0.02 0.02 0.01 0.01 0.05 0.12
0.03 0.06 0.01 0.03 0.03 0.03 0.04 0.18
0.04 0.09 0.02 0.03 0.03 0.03 0.06 0.15
0.01 0.03 0.02 0.03 0.01 0.01 0.05 0.15
0.02 0.05 0.03 0.03 0.02 0.02 0.08 0.13
0.43 1.19 0.08 0.02 0.47 0.55 0.23 0.11
0.44 1.21 0.09 0.04 0.45 0.53 0.22 0.17
0.42 1.19 0.07 0.02 0.43 0.51 0.17 0.11
0.41 1.19 0.05 0.02 0.42 0.50 0.13 0.11
0.48 1.34 0.09 0.03 0.50 0.59 0.24 0.12
0.44 1.28 0.06 0.02 0.45 0.54 0.14 0.10
0.41 1.19 0.06 0.02 0.42 0.51 0.15 0.07
0.42 1.17 0.08 0.02 0.43 0.51 0.20 0.09
0.45 1.25 0.11 0.02 0.49 0.57 0.27 0.10
0.37 1.05 0.06 0.02 0.43 0.51 0.17 0.12
0.36 1.04 0.05 0.01 0.45 0.52 0.18 0.12
0.48 1.35 0.10 0.02 0.60 0.67 0.33 0.17
0.41 1.14 0.08 0.02 0.52 0.59 0.25 0.19
0.40 1.11 0.09 0.05 0.46 0.53 0.24 0.29
0.41 1.11 0.11 0.05 0.44 0.49 0.27 0.29
0.42 1.11 0.12 0.04 0.44 0.49 0.29 0.21
0.41 1.11 0.11 0.03 0.46 0.52 0.27 0.20
0.40 1.03 0.13 0.04 0.43 0.47 0.30 0.28
0.45 1.19 0.12 0.04 0.45 0.51 0.25 0.28
0.36 0.96 0.09 0.04 0.38 0.44 0.19 0.24
0.40 1.05 0.13 0.04 0.42 0.48 0.29 0.22
0.33 0.91 0.08 0.04 0.36 0.42 0.18 0.20
0.38 1.04 0.10 0.03 0.44 0.51 0.24 0.16
0.33 0.91 0.09 0.03 0.43 0.51 0.25 0.19
0.25 0.64 0.10 0.03 0.39 0.43 0.29 0.22
0.19 0.46 0.10 0.03 0.33 0.36 0.30 0.22
0.16 0.37 0.10 0.03 0.33 0.36 0.34 0.20
0.18 0.43 0.08 0.03 0.39 0.44 0.29 0.24
0.14 0.32 0.08 0.03 0.34 0.36 0.34 0.26
0.09 0.23 0.05 0.03 0.22 0.26 0.20 0.21
0.13 0.33 0.05 0.03 0.28 0.33 0.17 0.23
0.19 0.50 0.08 0.03 0.38 0.46 0.25 0.21
0.18 0.45 0.06 0.04 0.38 0.45 0.23 0.29
0.17 0.42 0.07 0.03 0.38 0.44 0.26 0.28
0.16 0.40 0.06 0.03 0.36 0.42 0.23 0.28
0.16 0.40 0.06 0.02 0.34 0.39 0.22 0.23
0.19 0.47 0.06 0.03 0.37 0.44 0.21 0.25
0.22 0.56 0.09 0.04 0.45 0.52 0.30 0.27
0.20 0.50 0.08 0.02 0.43 0.51 0.29 0.20
0.15 0.39 0.04 0.02 0.34 0.41 0.16 0.23
0.20 0.49 0.07 0.03 0.45 0.51 0.28 0.30
0.20 0.50 0.08 0.03 0.48 0.54 0.32 0.31
0.14 0.37 0.04 0.02 0.34 0.41 0.18 0.20
0.15 0.38 0.06 0.02 0.36 0.44 0.22 0.18
0.16 0.39 0.08 0.03 0.39 0.44 0.29 0.30
0.17 0.39 0.08 0.05 0.33 0.35 0.26 0.36
0.27 0.53 0.17 0.13 0.42 0.42 0.41 0.50
0.39 0.80 0.18 0.21 0.49 0.53 0.35 0.55
0.49 0.96 0.22 0.31 0.52 0.55 0.40 0.58
0.50 0.93 0.17 0.43 0.47 0.48 0.28 0.63
0.58 1.03 0.23 0.51 0.50 0.50 0.32 0.69
0.79 1.32 0.39 0.68 0.65 0.64 0.52 0.79
0.71 1.29 0.23 0.60 0.61 0.67 0.34 0.70
0.78 1.29 0.27 0.78 0.68 0.68 0.41 0.87
0.52 0.88 0.20 0.50 0.50 0.51 0.31 0.64
0.59 0.93 0.11 0.73 0.55 0.54 0.17 0.84
0.67 1.03 0.19 0.81 0.63 0.62 0.31 0.90
0.79 1.19 0.27 0.93 0.71 0.68 0.41 0.96
0.52 0.78 0.17 0.61 0.55 0.52 0.32 0.78
0.68 1.05 0.28 0.72 0.66 0.64 0.46 0.82
0.51 0.95 0.15 0.44 0.54 0.60 0.30 0.62
0.63 0.98 0.24 0.68 0.60 0.56 0.42 0.85
0.63 0.98 0.14 0.76 0.59 0.56 0.24 0.89
0.69 1.24 0.18 0.66 0.67 0.70 0.33 0.82
0.70 1.23 0.26 0.60 0.74 0.79 0.49 0.82
0.71 1.30 0.17 0.66 0.74 0.81 0.35 0.85
0.70 1.24 0.20 0.66 0.73 0.78 0.39 0.85
0.83 1.43 0.38 0.67 0.81 0.83 0.63 0.92
0.69 1.32 0.31 0.44 0.67 0.76 0.49 0.62
0.47 0.87 0.12 0.42 0.44 0.49 0.18 0.56
0.79 1.35 0.48 0.53 0.71 0.74 0.63 0.70
0.62 1.17 0.24 0.47 0.57 0.64 0.35 0.61
0.63 1.25 0.22 0.43 0.60 0.70 0.32 0.63
0.80 1.48 0.36 0.56 0.70 0.75 0.47 0.79
0.61 1.07 0.31 0.47 0.46 0.46 0.34 0.61
0.71 1.19 0.41 0.55 0.53 0.49 0.45 0.73
0.37 0.74 0.10 0.29 0.26 0.28 0.11 0.41
0.57 0.99 0.23 0.48 0.35 0.33 0.24 0.54
0.74 1.36 0.36 0.52 0.38 0.36 0.33 0.51
0.60 1.07 0.30 0.44 0.28 0.25 0.25 0.41
0.31 0.60 0.06 0.28 0.14 0.14 0.05 0.26
0.24 0.39 0.04 0.30 0.11 0.09 0.03 0.26
0.75 1.47 0.43 0.36 0.33 0.33 0.35 0.31
0.49 0.86 0.24 0.39 0.24 0.21 0.23 0.36
0.34 0.64 0.12 0.27 0.18 0.16 0.14 0.30
0.37 0.60 0.10 0.43 0.20 0.16 0.11 0.43
0.26 0.37 0.09 0.33 0.13 0.09 0.10 0.34
0.18 0.24 0.09 0.23 0.10 0.06 0.11 0.28
0.08 0.14 0.02 0.10 0.05 0.04 0.02 0.15
0.07 0.12 0.04 0.09 0.05 0.04 0.05 0.13
0.53 1.31 0.18 0.13 0.48 0.56 0.32 0.27
0.86 1.93 0.36 0.31 0.62 0.66 0.50 0.57
0.75 1.75 0.22 0.29 0.60 0.66 0.37 0.61
0.90 2.04 0.34 0.32 0.76 0.81 0.58 0.73
0.81 1.86 0.30 0.29 0.67 0.72 0.50 0.65
0.83 1.88 0.30 0.32 0.68 0.71 0.51 0.72
0.81 1.82 0.33 0.28 0.71 0.75 0.58 0.66
0.86 1.92 0.33 0.32 0.68 0.71 0.54 0.69
0.74 1.79 0.26 0.16 0.63 0.73 0.44 0.36
0.80 1.80 0.33 0.26 0.65 0.68 0.55 0.58
0.88 1.96 0.34 0.33 0.78 0.82 0.63 0.77
0.68 1.51 0.25 0.29 0.55 0.57 0.42 0.66
0.86 1.96 0.37 0.24 0.68 0.72 0.59 0.59
1.03 2.42 0.38 0.30 0.73 0.77 0.58 0.66
0.99 2.34 0.34 0.28 0.67 0.72 0.50 0.59
0.96 2.25 0.37 0.27 0.65 0.68 0.56 0.58
1.07 2.56 0.43 0.23 0.67 0.72 0.59 0.48
1.07 2.58 0.40 0.24 0.62 0.66 0.51 0.50
1.20 2.91 0.45 0.26 0.66 0.69 0.54 0.54
1.23 3.05 0.36 0.27 0.64 0.70 0.43 0.57
1.11 2.78 0.33 0.23 0.61 0.66 0.41 0.53
1.60 3.80 0.57 0.42 0.84 0.87 0.69 0.88
0.91 2.28 0.29 0.17 0.61 0.66 0.45 0.47
0.84 2.17 0.21 0.13 0.62 0.69 0.37 0.43
0.80 2.12 0.20 0.10 0.64 0.71 0.39 0.37
0.76 2.05 0.16 0.08 0.65 0.73 0.34 0.36
0.62 1.68 0.16 0.04 0.59 0.65 0.37 0.23
0.81 2.21 0.21 0.03 0.78 0.86 0.50 0.24
0.59 1.58 0.17 0.02 0.59 0.65 0.41 0.17
0.77 2.10 0.19 0.03 0.72 0.79 0.45 0.19
0.45 1.24 0.12 0.03 0.45 0.50 0.27 0.19
0.51 1.37 0.14 0.02 0.48 0.53 0.32 0.16
0.35 0.97 0.06 0.02 0.32 0.36 0.14 0.14
0.62 1.64 0.20 0.02 0.60 0.64 0.45 0.21
0.56 1.50 0.17 0.01 0.56 0.60 0.41 0.13
0.50 1.34 0.15 0.01 0.51 0.56 0.38 0.14
0.45 1.21 0.14 0.02 0.47 0.51 0.36 0.17
0.41 1.09 0.13 0.03 0.39 0.43 0.30 0.23
0.55 1.48 0.16 0.03 0.56 0.62 0.40 0.23
0.51 1.36 0.14 0.03 0.55 0.60 0.39 0.23
0.46 1.24 0.12 0.01 0.52 0.57 0.32 0.12
0.49 1.33 0.14 0.02 0.57 0.62 0.39 0.17
0.42 1.16 0.10 0.01 0.52 0.58 0.29 0.13
0.59 1.54 0.20 0.02 0.65 0.70 0.52 0.20
0.52 1.36 0.18 0.02 0.54 0.58 0.40 0.18
0.62 1.58 0.26 0.03 0.61 0.65 0.56 0.25
0.56 1.44 0.21 0.03 0.54 0.58 0.43 0.22
0.69 1.78 0.27 0.03 0.62 0.66 0.52 0.28
0.71 1.82 0.27 0.03 0.65 0.69 0.53 0.24
0.71 1.83 0.27 0.03 0.61 0.66 0.49 0.23
0.63 1.65 0.20 0.05 0.57 0.62 0.37 0.34
0.81 2.06 0.31 0.06 0.71 0.76 0.59 0.43
0.60 1.56 0.20 0.04 0.65 0.71 0.45 0.28
0.64 1.66 0.22 0.03 0.70 0.77 0.52 0.25
0.58 1.48 0.23 0.04 0.71 0.78 0.55 0.37
0.58 1.55 0.17 0.04 0.79 0.90 0.46 0.32
0.69 1.81 0.22 0.04 0.95 1.07 0.57 0.45
0.70 1.85 0.19 0.04 1.08 1.24 0.56 0.55
0.70 1.84 0.20 0.05 1.13 1.30 0.61 0.48
0.73 1.90 0.23 0.06 1.20 1.39 0.74 0.44
0.58 1.49 0.20 0.06 0.96 1.12 0.59 0.40
0.63 1.62 0.19 0.09 0.97 1.14 0.53 0.50
0.70 1.76 0.24 0.08 1.08 1.25 0.70 0.48
0.66 1.69 0.23 0.07 1.07 1.25 0.67 0.43
0.74 1.90 0.26 0.07 1.15 1.36 0.73 0.41
0.74 1.89 0.23 0.09 1.18 1.38 0.68 0.62
0.66 1.65 0.26 0.07 0.98 1.12 0.69 0.43
0.70 1.78 0.26 0.08 1.06 1.21 0.72 0.46
0.65 1.68 0.21 0.07 1.00 1.16 0.59 0.43
0.68 1.75 0.24 0.07 1.05 1.22 0.67 0.43
0.70 1.80 0.24 0.08 1.09 1.25 0.70 0.54
0.67 1.73 0.22 0.06 1.06 1.22 0.66 0.40
0.69 1.74 0.27 0.06 1.08 1.21 0.79 0.44
0.65 1.60 0.26 0.09 1.00 1.12 0.74 0.56
0.62 1.51 0.26 0.09 0.94 1.06 0.76 0.46
0.68 1.68 0.27 0.09 0.80 0.92 0.54 0.41
0.67 1.65 0.28 0.09 0.73 0.85 0.52 0.39
0.80 1.94 0.35 0.17 0.72 0.85 0.53 0.43
0.66 1.54 0.27 0.25 0.58 0.67 0.43 0.48
0.66 1.48 0.24 0.35 0.52 0.60 0.34 0.53
0.78 1.67 0.37 0.41 0.62 0.72 0.50 0.59
0.57 1.17 0.23 0.39 0.51 0.60 0.33 0.54
0.50 0.93 0.19 0.42 0.51 0.55 0.33 0.60
0.53 0.90 0.22 0.50 0.57 0.59 0.41 0.68
0.61 1.02 0.46 0.34 0.65 0.68 0.75 0.51
0.78 1.29 0.56 0.50 0.76 0.78 0.84 0.65
0.40 0.60 0.17 0.43 0.41 0.39 0.29 0.56
0.45 0.74 0.16 0.46 0.47 0.48 0.28 0.58
0.48 0.73 0.25 0.46 0.46 0.44 0.39 0.58
0.52 0.81 0.26 0.50 0.44 0.43 0.32 0.59
0.09 0.12 0.05 0.11 0.07 0.06 0.07 0.12
0.14 0.20 0.12 0.11 0.10 0.09 0.14 0.11
0.04 0.03 0.03 0.09 0.03 0.01 0.04 0.09
0.04 0.08 0.03 0.04 0.03 0.03 0.04 0.04
0.05 0.09 0.06 0.04 0.04 0.04 0.08 0.04
0.04 0.07 0.05 0.05 0.03 0.03 0.07 0.04
0.01 0.03 0.03 0.03 0.01 0.01 0.04 0.03
0.03 0.05 0.05 0.03 0.02 0.02 0.05 0.02
0.03 0.05 0.04 0.03 0.02 0.02 0.04 0.03
0.03 0.08 0.06 0.04 0.02 0.03 0.07 0.04
0.02 0.06 0.02 0.02 0.01 0.03 0.02 0.02
0.03 0.04 0.04 0.02 0.02 0.01 0.04 0.02
0.02 0.04 0.02 0.06 0.02 0.02 0.03 0.07
0.01 0.04 0.05 0.02 0.01 0.02 0.05 0.02
0.04 0.05 0.06 0.04 0.02 0.02 0.05 0.03
0.04 0.05 0.06 0.03 0.02 0.01 0.05 0.02
0.02 0.02 0.03 0.05 0.01 0.01 0.03 0.04
0.01 0.08 0.05 0.04 0.01 0.02 0.03 0.03
0.04 0.10 0.07 0.09 0.01 0.02 0.05 0.06
0.03 0.04 0.04 0.04 0.01 0.01 0.03 0.03
0.02 0.03 0.03 0.05 0.01 0.01 0.02 0.03
0.02 0.04 0.04 0.04 0.01 0.01 0.03 0.03
0.05 0.07 0.08 0.03 0.02 0.01 0.05 0.02
0.04 0.11 0.09 0.06 0.02 0.02 0.06 0.04
0.02 0.05 0.03 0.02 0.01 0.01 0.02 0.01
0.03 0.07 0.04 0.03 0.01 0.02 0.03 0.03
0.02 0.04 0.05 0.02 0.01 0.01 0.04 0.03
0.03 0.07 0.03 0.04 0.02 0.01 0.03 0.05
0.02 0.03 0.06 0.02 0.01 0.01 0.05 0.03
0.06 0.18 0.04 0.03 0.02 0.04 0.04 0.04
0.06 0.13 0.02 0.04 0.03 0.04 0.03 0.06
0.21 0.46 0.14 0.07 0.11 0.10 0.13 0.11
0.03 0.05 0.03 0.05 0.02 0.01 0.03 0.07
0.03 0.12 0.05 0.02 0.01 0.02 0.04 0.03
0.09 0.18 0.07 0.04 0.05 0.04 0.07 0.06
0.05 0.11 0.02 0.04 0.02 0.02 0.02 0.05
0.03 0.07 0.07 0.02 0.01 0.01 0.07 0.03
0.10 0.23 0.06 0.03 0.05 0.05 0.06 0.06
0.05 0.16 0.02 0.02 0.03 0.04 0.03 0.03
0.05 0.07 0.06 0.05 0.03 0.02 0.06 0.08
0.04 0.05 0.03 0.04 0.02 0.01 0.03 0.06
0.03 0.05 0.03 0.02 0.01 0.01 0.04 0.04
0.04 0.07 0.04 0.05 0.02 0.02 0.04 0.07
0.02 0.05 0.05 0.02 0.01 0.01 0.05 0.04
0.02 0.06 0.04 0.02 0.01 0.01 0.04 0.03
0.02 0.04 0.02 0.03 0.01 0.01 0.03 0.04
0.03 0.06 0.03 0.01 0.01 0.01 0.03 0.02
0.03 0.09 0.06 0.03 0.01 0.02 0.06 0.04
0.03 0.08 0.04 0.03 0.01 0.01 0.04 0.04
0.02 0.06 0.02 0.02 0.01 0.01 0.02 0.03
0.03 0.06 0.03 0.02 0.01 0.01 0.03 0.03
0.02 0.07 0.01 0.04 0.01 0.01 0.01 0.06
0.04 0.09 0.04 0.01 0.03 0.02 0.06 0.03
0.03 0.05 0.02 0.03 0.02 0.01 0.04 0.09
0.02 0.04 0.02 0.03 0.02 0.02 0.04 0.13
0.02 0.06 0.02 0.02 0.02 0.02 0.05 0.11
0.02 0.05 0.02 0.02 0.02 0.02 0.05 0.15
0.02 0.03 0.03 0.02 0.02 0.01 0.08 0.16
0.01 0.05 0.02 0.01 0.01 0.02 0.06 0.12
0.02 0.07 0.03 0.01 0.02 0.03 0.07 0.13
0.03 0.05 0.02 0.01 0.02 0.02 0.06 0.09
0.02 0.03 0.02 0.01 0.02 0.01 0.05 0.07
0.02 0.05 0.01 0.01 0.02 0.02 0.02 0.08
0.02 0.04 0.02 0.01 0.01 0.02 0.06 0.03
0.03 0.05 0.03 0.01 0.03 0.02 0.08 0.07
0.02 0.04 0.02 0.01 0.01 0.02 0.05 0.08
0.02 0.03 0.02 0.01 0.01 0.01 0.06 0.06
0.01 0.04 0.03 0.01 0.01 0.01 0.06 0.07
0.02 0.02 0.05 0.01 0.02 0.01 0.13 0.06
0.02 0.04 0.02 0.01 0.02 0.02 0.07 0.05
0.02 0.04 0.02 0.01 0.02 0.01 0.07 0.08
0.01 0.03 0.02 0.01 0.01 0.01 0.06 0.07
0.02 0.06 0.02 0.02 0.02 0.02 0.05 0.10
0.02 0.04 0.04 0.02 0.02 0.01 0.07 0.07
0.01 0.05 0.03 0.02 0.01 0.02 0.05 0.06
0.02 0.04 0.01 0.02 0.01 0.01 0.02 0.05
0.02 0.08 0.03 0.03 0.02 0.02 0.04 0.07
0.03 0.07 0.04 0.03 0.01 0.02 0.04 0.06
0.02 0.04 0.03 0.02 0.01 0.01 0.03 0.03
0.01 0.05 0.03 0.02 0.01 0.01 0.02 0.03
0.02 0.06 0.04 0.01 0.01 0.01 0.03 0.02
0.03 0.07 0.03 0.03 0.01 0.01 0.03 0.04
0.03 0.07 0.04 0.02 0.01 0.01 0.05 0.04
0.04 0.08 0.04 0.02 0.02 0.02 0.04 0.04
0.02 0.05 0.04 0.02 0.01 0.01 0.05 0.04
0.03 0.05 0.05 0.01 0.02 0.02 0.07 0.02
0.02 0.04 0.04 0.02 0.02 0.01 0.05 0.04
0.02 0.06 0.04 0.02 0.01 0.02 0.05 0.04
0.02 0.03 0.02 0.03 0.02 0.01 0.02 0.05
0.02 0.05 0.04 0.03 0.01 0.02 0.05 0.04
0.00 0.02 0.01 0.00 0.00 0.00 0.01 0.01
0.01 0.04 0.04 0.03 0.00 0.01 0.06 0.06
0.01 0.02 0.01 0.03 0.00 0.01 0.02 0.06
0.01 0.05 0.01 0.02 0.00 0.02 0.01 0.03
0.04 0.03 0.05 0.05 0.03 0.01 0.06 0.09
0.01 0.03 0.01 0.02 0.01 0.01 0.01 0.02
0.00 0.00 0.03 0.01 0.00 0.00 0.04 0.02
0.03 0.05 0.04 0.00 0.01 0.01 0.05 0.00
0.00 0.03 0.04 0.04 0.00 0.01 0.05 0.07
0.03 0.05 0.02 0.04 0.02 0.01 0.02 0.06
0.14 0.26 0.11 0.08 0.07 0.06 0.13 0.11
0.08 0.22 0.03 0.03 0.05 0.06 0.04 0.05
0.02 0.05 0.03 0.00 0.02 0.01 0.04 0.01
0.06 0.07 0.07 0.04 0.03 0.02 0.07 0.06
0.02 0.04 0.02 0.01 0.00 0.01 0.02 0.02
0.22 0.50 0.13 0.03 0.11 0.11 0.14 0.04
0.07 0.18 0.02 0.02 0.04 0.04 0.02 0.03
0.02 0.04 0.02 0.01 0.01 0.01 0.02 0.02
0.06 0.14 0.03 0.02 0.02 0.03 0.04 0.03
0.02 0.07 0.02 0.02 0.01 0.01 0.02 0.03
0.01 0.02 0.03 0.03 0.00 0.00 0.02 0.06
0.01 0.00 0.01 0.01 0.00 0.00 0.01 0.02
0.02 0.03 0.02 0.02 0.01 0.01 0.03 0.04
0.01 0.03 0.01 0.01 0.01 0.01 0.02 0.05
0.03 0.08 0.03 0.02 0.03 0.03 0.06 0.08
0.08 0.17 0.04 0.03 0.07 0.06 0.08 0.14
0.05 0.11 0.04 0.01 0.05 0.04 0.10 0.06
0.02 0.03 0.02 0.01 0.01 0.01 0.05 0.03
0.00 0.02 0.00 0.01 0.00 0.01 0.01 0.04
0.01 0.05 0.02 0.02 0.01 0.02 0.05 0.09
0.03 0.05 0.06 0.02 0.03 0.02 0.13 0.06
0.02 0.08 0.02 0.02 0.01 0.03 0.05 0.07
0.01 0.04 0.03 0.00 0.01 0.01 0.05 0.02
0.02 0.03 0.03 0.01 0.01 0.01 0.07 0.07
0.02 0.06 0.02 0.01 0.02 0.02 0.05 0.05
0.02 0.03 0.05 0.01 0.02 0.01 0.12 0.06
0.02 0.05 0.02 0.01 0.02 0.02 0.04 0.08
0.02 0.06 0.01 0.01 0.02 0.02 0.04 0.05
0.01 0.03 0.02 0.02 0.01 0.01 0.06 0.12
0.03 0.05 0.03 0.02 0.03 0.02 0.07 0.14
0.01 0.04 0.02 0.01 0.01 0.02 0.06 0.09
0.01 0.04 0.02 0.01 0.01 0.02 0.07 0.11
0.04 0.09 0.02 0.01 0.04 0.04 0.06 0.12
0.08 0.21 0.04 0.02 0.08 0.08 0.10 0.13
0.05 0.11 0.03 0.02 0.04 0.04 0.05 0.10
0.18 0.42 0.11 0.02 0.15 0.15 0.21 0.11
0.07 0.17 0.06 0.01 0.06 0.06 0.12 0.06
0.10 0.23 0.05 0.03 0.08 0.08 0.09 0.15
0.20 0.53 0.06 0.02 0.15 0.17 0.11 0.10
0.13 0.37 0.05 0.02 0.11 0.12 0.08 0.11
0.12 0.34 0.04 0.02 0.10 0.11 0.07 0.11
0.26 0.67 0.09 0.03 0.21 0.23 0.17 0.15
0.12 0.34 0.03 0.02 0.10 0.12 0.05 0.11
0.20 0.53 0.07 0.02 0.19 0.20 0.16 0.09
0.21 0.51 0.09 0.03 0.22 0.23 0.21 0.19
0.18 0.49 0.04 0.02 0.21 0.25 0.08 0.13
0.23 0.59 0.08 0.02 0.30 0.34 0.20 0.13
0.29 0.75 0.11 0.01 0.39 0.43 0.29 0.09
0.25 0.65 0.10 0.03 0.38 0.43 0.29 0.18
0.22 0.59 0.07 0.02 0.35 0.41 0.21 0.16
0.40 1.08 0.10 0.02 0.65 0.81 0.28 0.16
0.47 1.23 0.16 0.04 0.69 0.81 0.40 0.26
0.59 1.52 0.19 0.05 0.90 1.04 0.53 0.37
0.55 1.44 0.17 0.04 0.94 1.07 0.57 0.41
0.49 1.29 0.16 0.03 0.89 1.02 0.53 0.37
0.66 1.73 0.22 0.04 1.10 1.23 0.74 0.41
0.59 1.48 0.22 0.06 0.90 1.02 0.63 0.43
0.59 1.50 0.23 0.05 0.91 1.01 0.67 0.41
0.49 1.24 0.19 0.03 0.86 0.98 0.60 0.28
0.46 1.19 0.16 0.02 0.81 0.93 0.54 0.19
0.51 1.32 0.19 0.03 0.89 0.99 0.62 0.29
0.43 1.07 0.17 0.03 0.81 0.90 0.61 0.34
0.43 1.10 0.15 0.04 0.83 0.95 0.51 0.32
0.37 0.94 0.14 0.04 0.70 0.80 0.46 0.30
0.35 0.86 0.16 0.03 0.65 0.73 0.51 0.30
0.45 1.11 0.21 0.04 0.71 0.80 0.55 0.24
0.45 1.05 0.24 0.06 0.56 0.65 0.45 0.23
0.54 1.31 0.29 0.04 0.53 0.65 0.48 0.09
0.43 1.03 0.18 0.09 0.36 0.46 0.27 0.13
0.40 0.98 0.17 0.05 0.31 0.40 0.24 0.07
0.40 0.97 0.23 0.02 0.28 0.37 0.28 0.02
0.32 0.86 0.14 0.07 0.21 0.33 0.16 0.07
0.25 0.66 0.13 0.03 0.17 0.26 0.16 0.03
0.33 0.75 0.16 0.08 0.24 0.32 0.21 0.07
0.17 0.40 0.06 0.08 0.14 0.19 0.08 0.08
0.21 0.47 0.07 0.12 0.16 0.22 0.11 0.11
0.12 0.30 0.04 0.02 0.09 0.15 0.06 0.02
0.09 0.20 0.05 0.05 0.07 0.10 0.06 0.04
0.06 0.15 0.03 0.02 0.05 0.08 0.05 0.02
0.06 0.16 0.03 0.03 0.05 0.08 0.04 0.03
0.03 0.06 0.02 0.04 0.02 0.03 0.03 0.05
0.01 0.05 0.02 0.03 0.01 0.02 0.04 0.03
0.04 0.05 0.04 0.04 0.03 0.02 0.06 0.04
0.01 0.03 0.03 0.03 0.01 0.02 0.06 0.03
0.03 0.05 0.02 0.04 0.03 0.03 0.03 0.04
0.02 0.04 0.05 0.04 0.02 0.02 0.09 0.05
0.01 0.04 0.03 0.03 0.01 0.02 0.05 0.03
0.03 0.06 0.04 0.03 0.02 0.03 0.06 0.03
0.02 0.05 0.02 0.03 0.02 0.03 0.03 0.03
0.02 0.06 0.02 0.03 0.02 0.03 0.03 0.04
0.02 0.05 0.04 0.03 0.01 0.02 0.05 0.03
0.04 0.03 0.05 0.04 0.03 0.02 0.06 0.04
0.01 0.04 0.02 0.03 0.01 0.02 0.03 0.04
0.01 0.04 0.02 0.03 0.01 0.02 0.03 0.03
0.02 0.05 0.02 0.02 0.01 0.02 0.02 0.02
0.02 0.05 0.04 0.06 0.01 0.02 0.04 0.06
0.03 0.04 0.05 0.04 0.02 0.02 0.06 0.05
0.03 0.06 0.07 0.03 0.02 0.02 0.07 0.02
0.03 0.06 0.06 0.04 0.01 0.01 0.05 0.04
0.03 0.08 0.03 0.04 0.01 0.02 0.02 0.03
0.04 0.07 0.04 0.05 0.01 0.02 0.03 0.04
0.02 0.06 0.08 0.05 0.01 0.01 0.06 0.04
0.03 0.08 0.03 0.05 0.01 0.02 0.02 0.04
0.03 0.06 0.04 0.02 0.01 0.01 0.04 0.02
0.02 0.03 0.02 0.03 0.01 0.00 0.03 0.02
0.02 0.06 0.05 0.04 0.01 0.02 0.05 0.04
0.02 0.11 0.04 0.02 0.01 0.03 0.05 0.02
0.04 0.09 0.02 0.04 0.02 0.02 0.02 0.04
0.03 0.07 0.03 0.03 0.02 0.02 0.04 0.04
0.02 0.04 0.02 0.02 0.01 0.01 0.03 0.03
0.03 0.07 0.04 0.03 0.03 0.03 0.07 0.05
0.02 0.05 0.01 0.02 0.01 0.01 0.02 0.04
0.03 0.05 0.02 0.02 0.02 0.02 0.03 0.04
0.02 0.05 0.02 0.03 0.01 0.01 0.02 0.06
0.04 0.08 0.02 0.01 0.02 0.02 0.03 0.03
0.02 0.04 0.03 0.03 0.01 0.01 0.05 0.05
0.03 0.06 0.03 0.01 0.02 0.02 0.05 0.03
0.02 0.06 0.04 0.02 0.01 0.02 0.05 0.03
0.02 0.05 0.02 0.02 0.01 0.02 0.02 0.03
0.01 0.03 0.01 0.01 0.00 0.01 0.02 0.03
0.01 0.03 0.02 0.02 0.01 0.01 0.04 0.03
0.02 0.05 0.03 0.01 0.02 0.02 0.04 0.02
0.01 0.04 0.03 0.01 0.01 0.01 0.04 0.03
0.03 0.07 0.04 0.02 0.02 0.02 0.06 0.05
0.04 0.07 0.04 0.02 0.02 0.02 0.05 0.04
0.03 0.05 0.03 0.02 0.01 0.01 0.04 0.04
0.03 0.05 0.04 0.01 0.02 0.01 0.04 0.02
0.05 0.10 0.05 0.03 0.02 0.02 0.05 0.05
0.05 0.09 0.03 0.04 0.02 0.02 0.03 0.07
0.03 0.06 0.03 0.01 0.01 0.01 0.03 0.02
0.03 0.08 0.04 0.01 0.01 0.01 0.04 0.03
0.05 0.11 0.06 0.03 0.02 0.02 0.06 0.04
0.03 0.08 0.04 0.02 0.02 0.02 0.06 0.05
0.01 0.06 0.03 0.02 0.01 0.01 0.04 0.05
0.02 0.03 0.04 0.02 0.01 0.01 0.06 0.05
0.03 0.05 0.04 0.02 0.02 0.01 0.07 0.07
0.02 0.03 0.03 0.02 0.02 0.01 0.05 0.10
0.02 0.05 0.03 0.02 0.01 0.02 0.06 0.12
0.03 0.06 0.03 0.02 0.02 0.02 0.06 0.13
0.03 0.06 0.03 0.02 0.02 0.02 0.05 0.11
0.05 0.09 0.06 0.01 0.04 0.03 0.12 0.10
0.07 0.16 0.04 0.02 0.06 0.05 0.08 0.15
0.02 0.04 0.04 0.02 0.02 0.01 0.07 0.13
0.02 0.05 0.03 0.02 0.02 0.02 0.06 0.14
0.04 0.08 0.02 0.02 0.03 0.03 0.04 0.12
0.03 0.06 0.02 0.01 0.03 0.02 0.05 0.12
0.04 0.08 0.03 0.02 0.03 0.03 0.06 0.12
0.02 0.04 0.03 0.02 0.02 0.01 0.06 0.11
0.03 0.06 0.05 0.01 0.03 0.02 0.09 0.07
0.03 0.07 0.04 0.01 0.02 0.02 0.08 0.08
0.02 0.05 0.03 0.01 0.02 0.02 0.06 0.11
0.05 0.11 0.04 0.02 0.04 0.04 0.09 0.13
0.05 0.14 0.03 0.02 0.05 0.05 0.09 0.15
0.12 0.28 0.07 0.02 0.11 0.10 0.15 0.15
0.13 0.34 0.06 0.02 0.12 0.12 0.12 0.13
0.18 0.43 0.11 0.02 0.16 0.15 0.23 0.18
0.25 0.61 0.12 0.02 0.21 0.21 0.23 0.16
0.32 0.80 0.14 0.03 0.27 0.27 0.27 0.21
0.40 1.03 0.13 0.03 0.31 0.33 0.23 0.23
0.52 1.26 0.22 0.06 0.41 0.41 0.39 0.46
0.35 0.90 0.13 0.04 0.30 0.31 0.23 0.24
0.47 1.19 0.17 0.04 0.39 0.40 0.32 0.29
0.52 1.31 0.19 0.05 0.50 0.52 0.41 0.43
0.49 1.28 0.17 0.04 0.50 0.54 0.38 0.29
0.44 1.15 0.16 0.03 0.52 0.56 0.38 0.30
0.57 1.48 0.20 0.05 0.74 0.81 0.50 0.43
0.61 1.60 0.21 0.04 0.81 0.90 0.52 0.44
0.61 1.60 0.19 0.04 0.94 1.04 0.56 0.55
0.64 1.69 0.19 0.04 1.01 1.15 0.58 0.47
0.65 1.70 0.21 0.04 1.05 1.20 0.66 0.28
0.55 1.42 0.19 0.04 0.86 1.02 0.52 0.23
0.61 1.62 0.18 0.04 0.90 1.09 0.49 0.25
0.63 1.67 0.18 0.05 0.98 1.19 0.52 0.27
0.60 1.56 0.20 0.03 0.97 1.16 0.60 0.20
0.72 1.89 0.25 0.04 1.12 1.33 0.70 0.28
0.57 1.53 0.14 0.04 0.93 1.13 0.44 0.28
0.66 1.72 0.22 0.04 1.02 1.21 0.63 0.25
0.73 1.87 0.28 0.05 1.09 1.27 0.73 0.29
0.69 1.75 0.26 0.06 1.08 1.26 0.73 0.36
0.67 1.72 0.25 0.05 1.07 1.24 0.72 0.31
0.69 1.80 0.22 0.06 1.09 1.27 0.68 0.41
0.66 1.69 0.24 0.05 1.08 1.25 0.73 0.35
0.71 1.80 0.25 0.07 1.13 1.29 0.76 0.45
0.64 1.60 0.25 0.08 1.03 1.17 0.73 0.51
0.65 1.58 0.29 0.09 1.02 1.15 0.81 0.49
0.63 1.58 0.23 0.07 0.81 0.97 0.48 0.34
0.74 1.83 0.31 0.10 0.89 1.03 0.60 0.47
0.75 1.80 0.30 0.16 0.74 0.88 0.50 0.44
0.86 1.99 0.37 0.25 0.79 0.92 0.61 0.49
0.68 1.59 0.19 0.30 0.59 0.74 0.29 0.48
0.75 1.66 0.34 0.30 0.62 0.75 0.46 0.44
0.46 1.02 0.10 0.33 0.42 0.53 0.13 0.46
0.47 0.93 0.17 0.33 0.49 0.58 0.28 0.47
0.46 0.88 0.15 0.39 0.51 0.60 0.28 0.54
0.61 1.09 0.48 0.30 0.65 0.72 0.72 0.44
0.75 1.31 0.49 0.46 0.71 0.78 0.71 0.57
0.41 0.64 0.17 0.43 0.44 0.43 0.31 0.58
0.39 0.66 0.15 0.36 0.40 0.43 0.26 0.46
0.42 0.71 0.19 0.38 0.41 0.42 0.29 0.48
0.49 0.79 0.22 0.46 0.42 0.42 0.29 0.57
0.08 0.14 0.06 0.10 0.07 0.07 0.07 0.12
0.11 0.13 0.05 0.16 0.08 0.06 0.06 0.15
0.09 0.13 0.10 0.08 0.07 0.06 0.12 0.07
0.13 0.23 0.06 0.11 0.09 0.10 0.07 0.11
0.03 0.06 0.04 0.04 0.02 0.03 0.05 0.04
0.10 0.14 0.10 0.07 0.07 0.06 0.13 0.07
0.05 0.08 0.07 0.04 0.03 0.03 0.08 0.04
0.03 0.07 0.05 0.04 0.02 0.03 0.06 0.04
0.03 0.05 0.04 0.04 0.02 0.02 0.05 0.04
0.03 0.04 0.04 0.05 0.02 0.02 0.04 0.05
0.02 0.04 0.06 0.03 0.01 0.01 0.06 0.03
0.03 0.05 0.06 0.05 0.02 0.02 0.06 0.05
0.02 0.04 0.02 0.03 0.01 0.02 0.02 0.03
0.03 0.07 0.04 0.02 0.02 0.03 0.05 0.02
0.02 0.05 0.03 0.02 0.01 0.02 0.03 0.02
0.03 0.03 0.05 0.06 0.02 0.01 0.04 0.04
0.04 0.07 0.06 0.05 0.02 0.02 0.05 0.04
0.02 0.05 0.02 0.03 0.01 0.01 0.01 0.02
0.05 0.07 0.05 0.07 0.02 0.01 0.03 0.05
0.04 0.13 0.04 0.04 0.01 0.02 0.03 0.03
0.12 0.24 0.12 0.03 0.05 0.05 0.07 0.02
0.12 0.27 0.04 0.07 0.04 0.05 0.02 0.05
0.04 0.04 0.06 0.04 0.02 0.01 0.05 0.02
0.14 0.30 0.02 0.08 0.05 0.06 0.02 0.06
0.06 0.15 0.06 0.04 0.02 0.03 0.04 0.03
0.15 0.31 0.08 0.07 0.07 0.06 0.06 0.07
0.04 0.12 0.01 0.01 0.02 0.03 0.01 0.01
0.01 0.04 0.03 0.02 0.01 0.01 0.03 0.03
0.10 0.18 0.10 0.02 0.05 0.04 0.10 0.02
0.02 0.10 0.06 0.01 0.01 0.02 0.06 0.02
0.03 0.01 0.07 0.02 0.02 0.00 0.08 0.04
0.03 0.05 0.07 0.01 0.02 0.01 0.07 0.02
0.04 0.12 0.01 0.03 0.03 0.03 0.01 0.04
0.06 0.14 0.04 0.02 0.03 0.03 0.03 0.02
0.00 0.01 0.01 0.01 0.00 0.00 0.02 0.01
0.17 0.38 0.10 0.05 0.08 0.08 0.10 0.07
0.02 0.06 0.02 0.01 0.01 0.01 0.02 0.02
0.04 0.06 0.04 0.02 0.02 0.01 0.04 0.04
0.03 0.04 0.07 0.01 0.02 0.01 0.09 0.03
0.01 0.03 0.01 0.04 0.01 0.01 0.01 0.06
0.01 0.16 0.04 0.10 0.00 0.04 0.03 0.13
0.06 0.03 0.05 0.08 0.02 0.01 0.06 0.11
0.03 0.03 0.02 0.05 0.02 0.00 0.02 0.06
0.04 0.07 0.00 0.05 0.02 0.02 0.00 0.07
0.01 0.03 0.02 0.02 0.00 0.00 0.02 0.04
0.02 0.05 0.03 0.03 0.01 0.01 0.04 0.05
0.00 0.05 0.00 0.04 0.00 0.01 0.00 0.07
0.01 0.02 0.01 0.04 0.00 0.00 0.01 0.05
0.02 0.01 0.03 0.01 0.01 0.00 0.03 0.02
0.02 0.04 0.03 0.05 0.01 0.01 0.03 0.07
0.01 0.03 0.00 0.05 0.00 0.01 0.00 0.08
0.04 0.08 0.02 0.01 0.02 0.02 0.02 0.03
0.03 0.03 0.03 0.05 0.02 0.01 0.04 0.10
0.01 0.05 0.00 0.02 0.00 0.01 0.00 0.07
0.00 0.03 0.00 0.03 0.00 0.01 0.01 0.14
0.01 0.02 0.00 0.02 0.01 0.01 0.00 0.14
0.02 0.03 0.02 0.01 0.02 0.01 0.04 0.06
0.01 0.02 0.02 0.02 0.01 0.01 0.04 0.12
0.02 0.04 0.00 0.01 0.02 0.02 0.01 0.10
0.00 0.01 0.02 0.01 0.00 0.00 0.03 0.11
0.02 0.06 0.02 0.02 0.02 0.02 0.04 0.12
0.00 0.00 0.01 0.02 0.00 0.00 0.02 0.13
0.00 0.02 0.00 0.02 0.00 0.01 0.01 0.11
0.01 0.00 0.01 0.02 0.01 0.00 0.02 0.15
0.01 0.06 0.00 0.02 0.01 0.02 0.00 0.15
0.00 0.01 0.01 0.01 0.00 0.01 0.03 0.10
0.01 0.00 0.01 0.02 0.01 0.00 0.02 0.17
0.00 0.04 0.02 0.02 0.00 0.01 0.05 0.10
0.01 0.02 0.00 0.02 0.02 0.01 0.00 0.10
0.01 0.03 0.00 0.02 0.01 0.01 0.01 0.12
0.00 0.00 0.01 0.01 0.00 0.00 0.03 0.07
0.00 0.03 0.00 0.01 0.01 0.01 0.02 0.07
0.01 0.00 0.00 0.01 0.00 0.00 0.02 0.12
0.03 0.05 0.01 0.02 0.02 0.02 0.02 0.08
0.03 0.06 0.03 0.01 0.02 0.02 0.05 0.04
0.02 0.05 0.00 0.01 0.01 0.01 0.00 0.02
0.00 0.02 0.00 0.02 0.00 0.00 0.01 0.04
0.00 0.03 0.00 0.02 0.00 0.01 0.00 0.04
0.00 0.02 0.03 0.01 0.00 0.00 0.03 0.01
0.00 0.04 0.01 0.02 0.00 0.01 0.01 0.02
0.00 0.00 0.02 0.03 0.00 0.00 0.02 0.04
0.01 0.03 0.01 0.01 0.00 0.00 0.01 0.02
0.00 0.02 0.00 0.00 0.00 0.00 0.00 0.01
0.02 0.03 0.01 0.02 0.01 0.01 0.02 0.04
0.00 0.02 0.00 0.01 0.00 0.00 0.00 0.02
0.00 0.02 0.00 0.01 0.00 0.01 0.00 0.02
0.01 0.01 0.04 0.01 0.00 0.00 0.05 0.02
0.01 0.00 0.05 0.02 0.00 0.00 0.06 0.04
0.02 0.05 0.03 0.01 0.02 0.01 0.04 0.02
0.02 0.02 0.03 0.01 0.01 0.01 0.03 0.02
