0.00 0.00 0.00 0.00 0.00 0.00 0.00 0.00
0.00 0.00 0.00 0.00 0.00 0.00 0.00 0.00
0.00 0.00 0.00 0.00 0.00 0.00 0.00 0.00
0.00 0.00 0.00 0.00 0.00 0.00 0.00 0.00
0.00 0.00 0.00 0.00 0.00 0.00 0.00 0.00
0.00 0.00 0.00 0.00 0.00 0.00 0.00 0.00
0.00 0.00 0.00 0.00 0.00 0.00 0.00 0.00
0.00 0.00 0.00 0.00 0.00 0.00 0.00 0.00
0.00 0.00 0.00 0.00 0.00 0.00 0.00 0.00
0.00 0.00 0.00 0.00 0.00 0.00 0.00 0.00
0.00 0.00 0.00 0.00 0.00 0.00 0.00 0.00
0.00 0.00 0.00 0.00 0.00 0.00 0.00 0.00
0.00 0.00 0.00 0.00 0.00 0.00 0.00 0.00
0.00 0.00 0.00 0.00 0.00 0.00 0.00 0.00
0.00 0.00 0.00 0.00 0.00 0.00 0.00 0.00
0.00 0.00 0.00 0.00 0.00 0.00 0.00 0.00
0.00 0.00 0.00 0.00 0.00 0.00 0.00 0.00
0.00 0.00 0.00 0.00 0.00 0.00 0.00 0.00
0.00 0.00 0.00 0.00 0.00 0.00 0.00 0.00
0.00 0.00 0.00 0.00 0.00 0.00 0.00 0.00
0.00 0.00 0.00 0.00 0.00 0.00 0.00 0.00
0.00 0.00 0.00 0.00 0.00 0.00 0.00 0.00
0.00 0.00 0.00 0.00 0.00 0.00 0.00 0.00
0.00 0.00 0.00 0.00 0.00 0.00 0.00 0.00
0.00 0.00 0.00 0.00 0.00 0.00 0.00 0.00
0.00 0.00 0.00 0.00 0.00 0.00 0.00 0.00
0.00 0.00 0.00 0.00 0.00 0.00 0.00 0.00
0.00 0.00 0.00 0.00 0.00 0.00 0.00 0.00
0.00 0.00 0.00 0.00 0.00 0.00 0.00 0.00
0.00 0.00 0.00 0.00 0.00 0.00 0.00 0.01
0.21 1.57 0.01 0.00 0.40 0.60 0.11 0.00
0.29 1.94 0.03 0.00 0.57 0.80 0.22 0.06
0.36 2.41 0.04 0.00 0.69 0.93 0.34 0.05
0.34 2.38 0.04 0.00 0.66 0.92 0.32 0.01
0.28 1.99 0.03 0.00 0.55 0.80 0.24 0.00
0.26 1.91 0.02 0.00 0.55 0.81 0.18 0.01
0.28 1.91 0.03 0.00 0.58 0.80 0.28 0.02
0.29 1.94 0.03 0.00 0.62 0.84 0.31 0.02
0.30 2.03 0.03 0.00 0.68 0.91 0.34 0.02
0.23 1.60 0.02 0.00 0.65 0.84 0.29 0.05
0.29 2.03 0.03 0.00 0.90 1.10 0.49 0.07
0.27 1.86 0.03 0.00 0.92 1.13 0.54 0.04
0.28 1.90 0.03 0.00 0.78 0.99 0.41 0.03
0.31 1.96 0.05 0.00 0.70 0.89 0.45 0.07
0.38 2.30 0.07 0.00 0.76 0.93 0.52 0.14
0.70 4.04 0.17 0.01 1.13 1.33 0.86 0.24
0.32 1.99 0.06 0.00 0.64 0.80 0.40 0.11
0.50 3.19 0.08 0.00 0.82 1.06 0.41 0.11
0.51 3.19 0.09 0.00 0.76 0.96 0.36 0.14
0.40 2.70 0.05 0.00 0.60 0.82 0.24 0.06
0.44 2.76 0.09 0.00 0.64 0.81 0.39 0.08
0.46 2.97 0.07 0.00 0.64 0.83 0.33 0.07
0.25 1.78 0.02 0.00 0.45 0.64 0.13 0.04
0.17 1.12 0.02 0.00 0.41 0.57 0.14 0.09
0.16 1.09 0.02 0.00 0.43 0.61 0.15 0.04
0.08 0.64 0.00 0.00 0.26 0.43 0.03 0.02
0.09 0.64 0.01 0.00 0.37 0.55 0.12 0.04
0.09 0.61 0.01 0.00 0.40 0.59 0.14 0.05
0.06 0.38 0.01 0.00 0.30 0.43 0.11 0.06
0.05 0.34 0.01 0.00 0.26 0.36 0.11 0.06
0.01 0.07 0.00 0.00 0.05 0.07 0.03 0.05
0.01 0.08 0.00 0.00 0.06 0.08 0.04 0.03
0.02 0.08 0.01 0.00 0.07 0.09 0.08 0.03
0.00 0.02 0.00 0.00 0.02 0.03 0.02 0.03
0.01 0.03 0.00 0.00 0.04 0.05 0.02 0.05
0.00 0.03 0.00 0.00 0.03 0.04 0.02 0.05
0.01 0.04 0.00 0.00 0.04 0.05 0.03 0.11
0.02 0.08 0.00 0.00 0.08 0.08 0.05 0.12
0.00 0.02 0.00 0.00 0.02 0.02 0.02 0.05
0.00 0.00 0.00 0.00 0.00 0.00 0.01 0.01
0.00 0.02 0.00 0.00 0.02 0.03 0.02 0.02
0.00 0.01 0.00 0.00 0.02 0.02 0.01 0.01
0.00 0.03 0.00 0.00 0.03 0.04 0.01 0.01
0.00 0.01 0.00 0.00 0.01 0.01 0.01 0.02
0.00 0.01 0.00 0.00 0.01 0.02 0.01 0.01
0.00 0.02 0.00 0.00 0.02 0.02 0.02 0.01
0.01 0.05 0.00 0.00 0.03 0.03 0.02 0.08
0.02 0.08 0.01 0.00 0.03 0.04 0.02 0.03
0.03 0.12 0.01 0.01 0.05 0.06 0.03 0.09
0.03 0.14 0.01 0.01 0.05 0.05 0.03 0.07
0.05 0.16 0.02 0.02 0.06 0.06 0.05 0.09
0.04 0.12 0.02 0.02 0.06 0.05 0.05 0.08
0.02 0.09 0.01 0.00 0.04 0.04 0.04 0.02
0.01 0.03 0.00 0.00 0.01 0.02 0.01 0.00
0.01 0.05 0.01 0.00 0.03 0.04 0.02 0.02
0.01 0.03 0.01 0.00 0.02 0.02 0.03 0.02
0.02 0.05 0.01 0.02 0.05 0.04 0.04 0.07
0.01 0.04 0.01 0.00 0.03 0.03 0.03 0.02
0.01 0.03 0.00 0.01 0.03 0.03 0.02 0.05
0.02 0.06 0.01 0.01 0.05 0.06 0.03 0.06
0.01 0.02 0.00 0.01 0.02 0.02 0.01 0.02
0.01 0.03 0.00 0.00 0.02 0.02 0.01 0.02
0.01 0.02 0.00 0.01 0.02 0.02 0.01 0.02
0.01 0.03 0.00 0.00 0.02 0.03 0.01 0.02
0.01 0.01 0.00 0.00 0.01 0.01 0.02 0.02
0.02 0.04 0.01 0.01 0.04 0.05 0.05 0.05
0.02 0.05 0.01 0.01 0.05 0.06 0.05 0.06
0.02 0.04 0.01 0.01 0.03 0.03 0.05 0.03
0.02 0.08 0.01 0.01 0.05 0.07 0.03 0.04
0.02 0.08 0.01 0.01 0.04 0.06 0.02 0.04
0.01 0.03 0.00 0.00 0.02 0.03 0.01 0.02
0.03 0.10 0.01 0.02 0.07 0.08 0.03 0.09
0.03 0.06 0.01 0.02 0.04 0.04 0.04 0.06
0.03 0.07 0.01 0.01 0.04 0.04 0.03 0.05
0.01 0.04 0.01 0.01 0.02 0.02 0.02 0.02
0.02 0.07 0.01 0.01 0.03 0.02 0.03 0.03
0.01 0.03 0.01 0.01 0.01 0.01 0.02 0.02
0.03 0.10 0.01 0.01 0.02 0.03 0.03 0.02
0.01 0.02 0.01 0.01 0.01 0.00 0.01 0.02
0.02 0.06 0.01 0.00 0.01 0.01 0.01 0.01
0.01 0.03 0.01 0.00 0.01 0.01 0.01 0.00
0.01 0.03 0.01 0.00 0.01 0.00 0.01 0.01
0.02 0.05 0.02 0.01 0.01 0.01 0.02 0.02
0.01 0.03 0.00 0.00 0.01 0.01 0.01 0.01
0.00 0.01 0.00 0.00 0.00 0.00 0.01 0.01
0.00 0.01 0.00 0.00 0.00 0.00 0.01 0.01
0.00 0.00 0.00 0.00 0.00 0.00 0.00 0.01
0.00 0.00 0.00 0.00 0.00 0.00 0.00 0.00
0.00 0.00 0.00 0.00 0.00 0.00 0.00 0.00
0.00 0.00 0.00 0.00 0.00 0.00 0.00 0.01
0.00 0.00 0.00 0.00 0.00 0.00 0.00 0.00
0.00 0.00 0.00 0.00 0.00 0.00 0.00 0.00
0.00 0.00 0.00 0.00 0.00 0.00 0.00 0.00
0.00 0.00 0.00 0.00 0.00 0.00 0.00 0.01
0.00 0.00 0.00 0.00 0.00 0.00 0.00 0.01
0.00 0.00 0.00 0.00 0.00 0.00 0.00 0.00
0.00 0.00 0.00 0.00 0.00 0.00 0.01 0.00
0.00 0.00 0.00 0.00 0.00 0.00 0.00 0.00
0.00 0.00 0.00 0.00 0.00 0.00 0.00 0.00
0.00 0.01 0.00 0.00 0.00 0.00 0.00 0.01
0.00 0.00 0.00 0.00 0.00 0.00 0.00 0.00
0.00 0.01 0.00 0.00 0.00 0.00 0.00 0.01
0.00 0.01 0.00 0.00 0.00 0.00 0.01 0.00
0.01 0.03 0.00 0.00 0.01 0.01 0.01 0.00
0.01 0.03 0.00 0.00 0.01 0.01 0.01 0.00
0.00 0.00 0.00 0.00 0.00 0.00 0.00 0.01
0.01 0.04 0.00 0.00 0.01 0.01 0.01 0.00
0.01 0.10 0.00 0.00 0.01 0.02 0.01 0.00
0.04 0.23 0.01 0.00 0.03 0.03 0.01 0.01
0.02 0.12 0.00 0.00 0.01 0.02 0.01 0.01
0.03 0.19 0.01 0.00 0.02 0.03 0.02 0.01
0.01 0.08 0.00 0.00 0.01 0.01 0.01 0.00
0.01 0.10 0.00 0.00 0.01 0.02 0.00 0.00
0.02 0.13 0.00 0.00 0.03 0.03 0.02 0.02
0.01 0.06 0.00 0.00 0.01 0.02 0.00 0.01
0.01 0.09 0.00 0.00 0.02 0.03 0.00 0.01
0.01 0.08 0.00 0.00 0.03 0.04 0.02 0.02
0.02 0.15 0.00 0.00 0.05 0.07 0.02 0.03
0.01 0.07 0.00 0.00 0.03 0.04 0.01 0.03
0.02 0.11 0.00 0.00 0.04 0.06 0.02 0.02
0.00 0.00 0.00 0.00 0.00 0.00 0.00 0.03
0.00 0.00 0.00 0.00 0.00 0.00 0.01 0.01
0.00 0.00 0.00 0.00 0.00 0.00 0.01 0.02
0.00 0.00 0.00 0.00 0.00 0.00 0.01 0.04
0.00 0.00 0.00 0.00 0.00 0.00 0.01 0.03
0.00 0.00 0.00 0.00 0.00 0.00 0.00 0.03
0.00 0.00 0.00 0.00 0.00 0.00 0.00 0.02
0.00 0.00 0.00 0.00 0.00 0.00 0.00 0.01
0.00 0.00 0.00 0.00 0.00 0.00 0.01 0.01
0.00 0.00 0.00 0.00 0.00 0.00 0.00 0.02
0.00 0.00 0.00 0.00 0.00 0.00 0.00 0.01
0.00 0.00 0.00 0.00 0.00 0.00 0.01 0.01
0.00 0.00 0.00 0.00 0.00 0.00 0.01 0.02
0.00 0.00 0.00 0.00 0.00 0.00 0.00 0.03
0.00 0.00 0.00 0.00 0.00 0.00 0.00 0.04
0.01 0.03 0.00 0.00 0.01 0.01 0.02 0.04
0.00 0.01 0.00 0.00 0.00 0.00 0.00 0.01
0.00 0.02 0.00 0.00 0.01 0.01 0.00 0.02
0.00 0.02 0.00 0.00 0.01 0.01 0.01 0.03
0.00 0.01 0.00 0.00 0.00 0.00 0.01 0.01
0.04 0.25 0.01 0.00 0.06 0.07 0.04 0.02
0.02 0.08 0.01 0.00 0.03 0.03 0.03 0.05
0.03 0.16 0.01 0.00 0.07 0.07 0.07 0.11
0.00 0.03 0.00 0.00 0.01 0.01 0.01 0.02
0.01 0.05 0.00 0.00 0.02 0.03 0.01 0.03
0.02 0.13 0.00 0.00 0.08 0.09 0.04 0.11
0.00 0.02 0.00 0.00 0.01 0.02 0.00 0.02
0.01 0.06 0.00 0.00 0.05 0.07 0.01 0.06
0.01 0.07 0.00 0.00 0.05 0.09 0.00 0.02
0.01 0.07 0.00 0.00 0.07 0.10 0.03 0.05
0.03 0.14 0.01 0.00 0.13 0.15 0.08 0.14
0.03 0.13 0.01 0.00 0.13 0.15 0.08 0.15
0.03 0.12 0.01 0.00 0.13 0.15 0.10 0.14
0.02 0.09 0.01 0.00 0.10 0.13 0.07 0.04
0.01 0.05 0.00 0.00 0.05 0.07 0.03 0.03
0.02 0.12 0.00 0.00 0.10 0.14 0.04 0.02
0.02 0.11 0.00 0.00 0.08 0.13 0.03 0.04
0.01 0.08 0.00 0.00 0.06 0.08 0.03 0.02
0.01 0.08 0.00 0.00 0.07 0.10 0.05 0.02
0.02 0.10 0.00 0.00 0.09 0.12 0.05 0.02
0.02 0.12 0.00 0.00 0.10 0.14 0.05 0.02
0.02 0.13 0.00 0.00 0.11 0.16 0.06 0.01
0.02 0.09 0.01 0.00 0.08 0.10 0.08 0.01
0.02 0.10 0.00 0.00 0.08 0.11 0.05 0.02
0.02 0.12 0.00 0.00 0.07 0.12 0.03 0.01
0.02 0.10 0.00 0.00 0.05 0.07 0.03 0.01
0.02 0.15 0.00 0.00 0.06 0.10 0.02 0.01
0.03 0.15 0.01 0.00 0.05 0.08 0.03 0.01
0.02 0.14 0.00 0.00 0.04 0.07 0.01 0.01
0.02 0.12 0.00 0.00 0.03 0.06 0.01 0.01
0.01 0.06 0.01 0.00 0.02 0.04 0.02 0.00
0.00 0.01 0.00 0.00 0.00 0.01 0.01 0.00
0.02 0.06 0.01 0.00 0.04 0.05 0.05 0.01
0.01 0.02 0.00 0.00 0.02 0.02 0.02 0.01
0.00 0.01 0.00 0.00 0.01 0.01 0.01 0.00
0.00 0.00 0.00 0.00 0.00 0.00 0.00 0.01
0.00 0.00 0.00 0.00 0.00 0.00 0.00 0.00
0.00 0.00 0.00 0.00 0.00 0.00 0.01 0.01
0.00 0.00 0.00 0.00 0.00 0.00 0.00 0.00
0.00 0.00 0.00 0.00 0.00 0.00 0.00 0.00
0.01 0.02 0.01 0.00 0.02 0.02 0.02 0.02
0.01 0.04 0.01 0.01 0.02 0.03 0.02 0.03
0.02 0.07 0.01 0.01 0.04 0.04 0.04 0.04
0.02 0.09 0.01 0.01 0.04 0.05 0.03 0.03
0.02 0.06 0.01 0.00 0.03 0.03 0.03 0.02
0.01 0.04 0.01 0.01 0.02 0.02 0.03 0.02
0.02 0.06 0.01 0.00 0.03 0.03 0.02 0.02
0.02 0.07 0.01 0.01 0.02 0.03 0.02 0.02
0.01 0.03 0.01 0.01 0.02 0.02 0.02 0.03
0.02 0.07 0.01 0.01 0.03 0.04 0.04 0.02
0.02 0.05 0.01 0.02 0.04 0.03 0.04 0.07
0.04 0.11 0.02 0.01 0.05 0.05 0.05 0.06
0.03 0.07 0.02 0.01 0.04 0.04 0.05 0.05
0.04 0.08 0.03 0.02 0.04 0.03 0.05 0.07
0.06 0.15 0.04 0.02 0.06 0.05 0.07 0.05
0.04 0.09 0.03 0.02 0.03 0.02 0.05 0.04
0.04 0.11 0.04 0.01 0.03 0.03 0.06 0.02
0.05 0.14 0.04 0.01 0.03 0.03 0.05 0.02
0.03 0.04 0.02 0.02 0.01 0.01 0.02 0.04
0.02 0.02 0.04 0.00 0.01 0.00 0.04 0.00
0.02 0.05 0.02 0.01 0.01 0.01 0.02 0.01
0.05 0.13 0.07 0.01 0.02 0.02 0.06 0.01
0.02 0.08 0.02 0.00 0.01 0.01 0.02 0.01
0.00 0.00 0.00 0.00 0.00 0.00 0.00 0.00
0.01 0.02 0.00 0.00 0.00 0.00 0.01 0.00
0.03 0.11 0.01 0.01 0.02 0.02 0.02 0.02
0.00 0.01 0.00 0.00 0.00 0.00 0.01 0.00
0.00 0.01 0.00 0.00 0.00 0.00 0.00 0.01
0.03 0.12 0.01 0.01 0.03 0.03 0.03 0.03
0.00 0.00 0.00 0.00 0.00 0.00 0.00 0.01
0.01 0.01 0.01 0.00 0.01 0.00 0.02 0.03
0.00 0.01 0.00 0.00 0.00 0.00 0.00 0.00
0.00 0.00 0.00 0.00 0.00 0.00 0.00 0.00
0.00 0.01 0.00 0.00 0.00 0.00 0.00 0.00
0.00 0.00 0.00 0.00 0.00 0.00 0.00 0.00
0.00 0.00 0.00 0.00 0.00 0.00 0.00 0.00
0.00 0.01 0.00 0.00 0.00 0.00 0.00 0.00
0.00 0.00 0.00 0.00 0.00 0.00 0.01 0.01
0.00 0.00 0.00 0.00 0.00 0.00 0.00 0.01
0.00 0.00 0.00 0.00 0.00 0.00 0.01 0.00
0.00 0.01 0.00 0.00 0.00 0.00 0.00 0.00
0.00 0.00 0.00 0.00 0.00 0.00 0.00 0.00
0.01 0.03 0.00 0.00 0.00 0.01 0.00 0.00
0.00 0.02 0.00 0.00 0.00 0.00 0.00 0.00
0.00 0.03 0.00 0.00 0.00 0.01 0.00 0.02
0.00 0.00 0.00 0.00 0.00 0.00 0.00 0.01
0.02 0.12 0.00 0.00 0.02 0.02 0.01 0.01
0.00 0.00 0.00 0.00 0.00 0.00 0.00 0.02
0.04 0.28 0.01 0.00 0.02 0.03 0.02 0.00
0.04 0.27 0.01 0.00 0.02 0.03 0.01 0.01
0.12 0.65 0.04 0.00 0.09 0.10 0.10 0.01
0.05 0.30 0.01 0.00 0.06 0.07 0.05 0.00
0.06 0.37 0.01 0.00 0.07 0.09 0.04 0.00
0.04 0.30 0.01 0.00 0.07 0.10 0.05 0.00
0.03 0.22 0.00 0.00 0.06 0.09 0.03 0.00
0.04 0.27 0.01 0.00 0.10 0.13 0.06 0.00
0.03 0.20 0.00 0.00 0.08 0.11 0.04 0.00
0.01 0.11 0.00 0.00 0.05 0.07 0.02 0.00
0.03 0.21 0.00 0.00 0.09 0.13 0.04 0.01
0.04 0.29 0.00 0.00 0.14 0.20 0.05 0.01
0.02 0.11 0.00 0.00 0.06 0.07 0.05 0.01
0.01 0.08 0.00 0.00 0.04 0.05 0.03 0.00
0.01 0.08 0.00 0.00 0.05 0.06 0.05 0.01
0.01 0.07 0.00 0.00 0.04 0.06 0.03 0.00
0.02 0.12 0.00 0.00 0.07 0.10 0.03 0.01
0.01 0.10 0.00 0.00 0.06 0.08 0.02 0.01
0.01 0.11 0.00 0.00 0.05 0.08 0.01 0.01
0.01 0.10 0.00 0.00 0.05 0.07 0.02 0.01
0.02 0.12 0.00 0.00 0.06 0.09 0.02 0.01
0.01 0.07 0.00 0.00 0.04 0.07 0.03 0.01
0.01 0.08 0.00 0.00 0.04 0.07 0.01 0.01
0.01 0.09 0.00 0.00 0.04 0.07 0.02 0.00
0.01 0.08 0.00 0.00 0.04 0.05 0.01 0.01
0.01 0.09 0.00 0.00 0.03 0.04 0.01 0.01
0.01 0.10 0.00 0.00 0.03 0.04 0.01 0.01
0.01 0.07 0.00 0.00 0.01 0.02 0.01 0.01
0.01 0.05 0.00 0.00 0.01 0.01 0.01 0.02
0.02 0.15 0.01 0.00 0.03 0.03 0.02 0.02
0.01 0.10 0.00 0.00 0.01 0.02 0.00 0.01
0.02 0.13 0.01 0.00 0.01 0.02 0.01 0.01
0.01 0.07 0.00 0.00 0.01 0.01 0.01 0.00
0.01 0.05 0.00 0.00 0.01 0.01 0.00 0.01
0.01 0.08 0.00 0.00 0.01 0.01 0.01 0.01
0.01 0.04 0.00 0.00 0.00 0.01 0.00 0.00
0.00 0.02 0.00 0.00 0.00 0.00 0.00 0.01
0.01 0.05 0.01 0.00 0.02 0.02 0.03 0.04
0.00 0.01 0.00 0.00 0.00 0.00 0.00 0.00
0.00 0.01 0.00 0.00 0.00 0.00 0.01 0.00
0.00 0.01 0.00 0.00 0.00 0.00 0.00 0.01
0.00 0.01 0.00 0.00 0.00 0.00 0.01 0.00
0.02 0.06 0.01 0.01 0.03 0.03 0.03 0.03
0.01 0.01 0.00 0.01 0.01 0.00 0.01 0.06
0.00 0.01 0.00 0.00 0.00 0.00 0.01 0.01
0.01 0.03 0.01 0.00 0.02 0.01 0.02 0.04
0.00 0.00 0.00 0.00 0.00 0.00 0.01 0.01
0.00 0.00 0.00 0.00 0.00 0.00 0.00 0.01
0.00 0.00 0.00 0.00 0.00 0.00 0.00 0.01
0.00 0.00 0.00 0.00 0.00 0.00 0.01 0.01
0.00 0.00 0.00 0.00 0.00 0.00 0.00 0.01
0.00 0.00 0.00 0.00 0.00 0.00 0.01 0.00
0.00 0.00 0.00 0.00 0.00 0.00 0.00 0.01
0.00 0.00 0.00 0.00 0.00 0.00 0.00 0.01
0.00 0.00 0.00 0.00 0.00 0.00 0.00 0.00
0.00 0.00 0.00 0.00 0.00 0.00 0.00 0.01
0.00 0.00 0.00 0.00 0.00 0.00 0.00 0.01
0.00 0.00 0.00 0.00 0.00 0.00 0.01 0.00
0.00 0.00 0.00 0.00 0.00 0.00 0.00 0.01
0.00 0.01 0.00 0.00 0.00 0.00 0.00 0.00
0.00 0.00 0.00 0.00 0.00 0.00 0.00 0.01
0.00 0.00 0.00 0.00 0.00 0.00 0.00 0.01
0.00 0.00 0.00 0.00 0.00 0.00 0.00 0.01
0.00 0.00 0.00 0.00 0.00 0.00 0.00 0.01
0.00 0.00 0.00 0.00 0.00 0.00 0.00 0.01
0.00 0.00 0.00 0.00 0.00 0.00 0.00 0.01
0.00 0.00 0.00 0.00 0.00 0.00 0.01 0.01
0.00 0.00 0.00 0.00 0.00 0.00 0.00 0.01
0.00 0.00 0.00 0.00 0.00 0.00 0.00 0.01
0.00 0.00 0.00 0.00 0.00 0.00 0.00 0.00
0.00 0.00 0.00 0.00 0.00 0.00 0.00 0.01
0.00 0.01 0.00 0.00 0.00 0.00 0.01 0.01
0.00 0.00 0.00 0.00 0.00 0.00 0.00 0.02
0.00 0.00 0.00 0.00 0.00 0.00 0.00 0.02
0.00 0.00 0.00 0.00 0.00 0.00 0.00 0.01
0.00 0.00 0.00 0.00 0.00 0.00 0.00 0.01
0.00 0.00 0.00 0.00 0.00 0.00 0.00 0.01
0.00 0.00 0.00 0.00 0.00 0.00 0.00 0.01
0.00 0.00 0.00 0.00 0.00 0.00 0.00 0.00
0.00 0.00 0.00 0.00 0.00 0.00 0.00 0.01
0.00 0.00 0.00 0.00 0.00 0.00 0.00 0.02
0.00 0.00 0.00 0.00 0.00 0.00 0.01 0.01
0.00 0.00 0.00 0.00 0.00 0.00 0.00 0.01
0.00 0.00 0.00 0.00 0.00 0.00 0.00 0.02
0.00 0.00 0.00 0.00 0.00 0.00 0.00 0.01
0.00 0.00 0.00 0.00 0.00 0.00 0.00 0.01
0.00 0.00 0.00 0.00 0.00 0.00 0.00 0.01
0.00 0.00 0.00 0.00 0.00 0.00 0.01 0.01
0.00 0.00 0.00 0.00 0.00 0.00 0.00 0.02
0.00 0.00 0.00 0.00 0.00 0.00 0.00 0.01
0.00 0.01 0.00 0.00 0.00 0.00 0.00 0.01
0.00 0.00 0.00 0.00 0.00 0.00 0.01 0.00
0.00 0.00 0.00 0.00 0.00 0.00 0.00 0.00
0.00 0.00 0.00 0.00 0.00 0.00 0.00 0.01
0.00 0.00 0.00 0.00 0.00 0.00 0.00 0.01
0.00 0.00 0.00 0.00 0.00 0.00 0.00 0.01
0.00 0.00 0.00 0.00 0.00 0.00 0.00 0.01
0.00 0.00 0.00 0.00 0.00 0.00 0.00 0.01
0.00 0.00 0.00 0.00 0.00 0.00 0.00 0.03
0.00 0.01 0.00 0.00 0.01 0.01 0.01 0.02
0.00 0.00 0.00 0.00 0.00 0.01 0.01 0.02
0.00 0.01 0.00 0.00 0.01 0.01 0.01 0.02
0.00 0.01 0.00 0.00 0.01 0.01 0.01 0.03
0.00 0.02 0.00 0.00 0.01 0.01 0.02 0.04
0.00 0.01 0.00 0.00 0.02 0.01 0.04 0.05
0.00 0.00 0.00 0.00 0.00 0.00 0.01 0.02
0.00 0.01 0.00 0.00 0.01 0.02 0.01 0.03
0.00 0.01 0.00 0.00 0.01 0.01 0.03 0.04
0.00 0.01 0.00 0.00 0.01 0.01 0.01 0.02
0.00 0.01 0.00 0.00 0.01 0.01 0.01 0.02
0.00 0.00 0.00 0.00 0.01 0.00 0.01 0.04
0.00 0.01 0.00 0.00 0.01 0.01 0.01 0.04
0.00 0.01 0.00 0.00 0.01 0.01 0.01 0.04
0.00 0.01 0.00 0.00 0.01 0.01 0.00 0.04
0.00 0.01 0.00 0.00 0.01 0.01 0.01 0.03
0.00 0.02 0.00 0.00 0.03 0.03 0.01 0.09
0.00 0.01 0.00 0.00 0.02 0.01 0.03 0.07
0.00 0.00 0.00 0.00 0.00 0.00 0.01 0.03
0.00 0.01 0.01 0.00 0.01 0.00 0.04 0.02
0.00 0.00 0.00 0.00 0.00 0.00 0.00 0.01
0.00 0.01 0.00 0.00 0.00 0.00 0.01 0.01
0.00 0.00 0.00 0.00 0.00 0.00 0.01 0.01
0.01 0.02 0.00 0.01 0.01 0.01 0.01 0.04
0.01 0.02 0.00 0.00 0.01 0.01 0.01 0.01
0.01 0.04 0.01 0.00 0.02 0.02 0.03 0.01
0.00 0.01 0.00 0.00 0.01 0.01 0.01 0.01
0.00 0.00 0.00 0.00 0.00 0.00 0.00 0.00
0.00 0.00 0.00 0.00 0.00 0.00 0.00 0.00
0.00 0.00 0.00 0.00 0.00 0.00 0.00 0.01
0.00 0.01 0.00 0.00 0.00 0.00 0.00 0.00
0.00 0.00 0.00 0.00 0.00 0.00 0.01 0.00
0.00 0.01 0.00 0.00 0.00 0.01 0.00 0.00
0.00 0.00 0.00 0.00 0.00 0.00 0.00 0.01
0.00 0.00 0.00 0.00 0.00 0.00 0.00 0.00
0.00 0.01 0.00 0.01 0.01 0.01 0.01 0.02
0.00 0.01 0.00 0.01 0.01 0.00 0.01 0.05
0.00 0.01 0.00 0.01 0.01 0.01 0.02 0.02
0.00 0.00 0.00 0.00 0.00 0.00 0.00 0.01
0.00 0.00 0.00 0.00 0.00 0.00 0.00 0.00
0.00 0.00 0.00 0.00 0.00 0.00 0.00 0.01
0.00 0.01 0.00 0.00 0.00 0.00 0.00 0.00
0.00 0.01 0.00 0.00 0.00 0.00 0.00 0.00
0.01 0.03 0.01 0.01 0.02 0.02 0.02 0.03
0.00 0.00 0.00 0.00 0.00 0.00 0.01 0.00
0.00 0.00 0.00 0.00 0.00 0.00 0.01 0.00
0.03 0.08 0.01 0.01 0.03 0.04 0.02 0.05
0.00 0.01 0.00 0.00 0.00 0.00 0.00 0.01
0.01 0.03 0.00 0.00 0.01 0.01 0.01 0.00
0.04 0.12 0.01 0.02 0.03 0.03 0.02 0.07
0.01 0.02 0.00 0.01 0.01 0.00 0.00 0.03
0.00 0.02 0.00 0.00 0.00 0.00 0.00 0.01
0.01 0.06 0.01 0.00 0.01 0.01 0.01 0.00
0.02 0.07 0.01 0.00 0.01 0.01 0.01 0.01
0.01 0.03 0.00 0.00 0.00 0.01 0.00 0.01
0.00 0.00 0.00 0.00 0.00 0.00 0.00 0.01
0.02 0.04 0.01 0.01 0.01 0.01 0.02 0.02
0.00 0.00 0.00 0.00 0.00 0.00 0.00 0.00
0.00 0.00 0.00 0.00 0.00 0.00 0.00 0.00
0.00 0.00 0.00 0.00 0.00 0.00 0.00 0.00
0.00 0.00 0.00 0.00 0.00 0.00 0.00 0.00
0.00 0.00 0.00 0.00 0.00 0.00 0.00 0.00
0.00 0.00 0.00 0.00 0.00 0.00 0.00 0.00
0.05 0.28 0.01 0.00 0.07 0.10 0.05 0.01
0.07 0.42 0.01 0.00 0.08 0.11 0.06 0.01
0.05 0.33 0.01 0.00 0.07 0.10 0.05 0.01
0.04 0.24 0.01 0.00 0.05 0.07 0.04 0.01
0.05 0.29 0.01 0.00 0.06 0.09 0.03 0.01
0.06 0.35 0.01 0.00 0.08 0.11 0.06 0.02
0.07 0.40 0.01 0.00 0.11 0.15 0.07 0.02
0.07 0.36 0.01 0.00 0.09 0.11 0.07 0.03
0.07 0.36 0.02 0.00 0.09 0.12 0.08 0.03
0.06 0.30 0.02 0.00 0.08 0.09 0.08 0.03
0.04 0.21 0.01 0.00 0.06 0.07 0.05 0.03
0.05 0.26 0.02 0.00 0.07 0.08 0.08 0.04
0.07 0.43 0.01 0.00 0.09 0.11 0.05 0.02
0.09 0.50 0.01 0.00 0.09 0.11 0.05 0.03
0.04 0.17 0.01 0.00 0.04 0.04 0.04 0.02
0.08 0.45 0.01 0.00 0.07 0.08 0.05 0.04
0.07 0.37 0.02 0.00 0.06 0.07 0.05 0.03
0.08 0.44 0.02 0.00 0.05 0.06 0.05 0.02
0.09 0.46 0.02 0.01 0.05 0.05 0.04 0.05
0.08 0.43 0.02 0.01 0.04 0.04 0.04 0.05
0.06 0.30 0.02 0.00 0.03 0.03 0.03 0.03
0.06 0.28 0.02 0.00 0.03 0.03 0.04 0.04
0.04 0.18 0.01 0.00 0.03 0.03 0.04 0.02
0.03 0.16 0.01 0.00 0.03 0.03 0.05 0.04
0.02 0.11 0.01 0.00 0.03 0.03 0.05 0.05
0.01 0.03 0.00 0.00 0.01 0.01 0.03 0.02
0.00 0.01 0.00 0.00 0.01 0.01 0.02 0.02
0.00 0.01 0.00 0.00 0.01 0.01 0.01 0.03
0.00 0.00 0.00 0.00 0.00 0.00 0.01 0.03
0.00 0.01 0.00 0.00 0.00 0.00 0.00 0.02
0.07 0.50 0.01 0.00 0.12 0.15 0.05 0.02
0.10 0.77 0.01 0.00 0.17 0.22 0.05 0.02
0.10 0.71 0.01 0.00 0.16 0.21 0.05 0.01
0.13 0.88 0.02 0.00 0.24 0.30 0.12 0.01
0.09 0.66 0.01 0.00 0.18 0.23 0.06 0.01
0.15 1.02 0.02 0.00 0.25 0.30 0.14 0.01
0.13 0.91 0.02 0.00 0.26 0.31 0.13 0.01
0.08 0.64 0.01 0.00 0.15 0.21 0.05 0.01
0.09 0.67 0.01 0.00 0.17 0.22 0.06 0.01
0.08 0.56 0.01 0.00 0.17 0.22 0.06 0.01
0.07 0.54 0.00 0.00 0.16 0.21 0.04 0.02
0.13 0.86 0.02 0.00 0.27 0.32 0.15 0.03
0.10 0.64 0.02 0.00 0.21 0.25 0.13 0.08
0.13 0.90 0.02 0.00 0.24 0.31 0.12 0.03
0.17 1.05 0.04 0.00 0.26 0.30 0.21 0.04
0.18 1.06 0.04 0.00 0.24 0.26 0.18 0.10
0.22 1.37 0.04 0.00 0.28 0.33 0.17 0.05
0.29 1.70 0.08 0.00 0.31 0.34 0.29 0.04
0.24 1.51 0.06 0.00 0.24 0.28 0.17 0.03
0.19 1.28 0.02 0.00 0.19 0.24 0.08 0.04
0.38 2.38 0.08 0.00 0.33 0.38 0.24 0.05
0.33 2.02 0.08 0.00 0.36 0.43 0.27 0.03
0.10 0.63 0.02 0.00 0.17 0.21 0.08 0.04
0.04 0.29 0.00 0.00 0.08 0.10 0.03 0.03
0.06 0.39 0.01 0.00 0.13 0.17 0.06 0.04
0.04 0.29 0.00 0.00 0.12 0.15 0.04 0.06
0.04 0.23 0.01 0.00 0.11 0.14 0.06 0.07
0.07 0.39 0.02 0.00 0.25 0.29 0.17 0.10
0.06 0.32 0.02 0.00 0.22 0.25 0.16 0.12
0.04 0.27 0.01 0.00 0.18 0.23 0.09 0.05
0.00 0.01 0.00 0.00 0.00 0.00 0.00 0.01
0.00 0.00 0.00 0.00 0.00 0.00 0.01 0.06
0.00 0.00 0.00 0.00 0.00 0.00 0.02 0.01
0.00 0.00 0.00 0.00 0.00 0.00 0.01 0.02
0.00 0.01 0.00 0.00 0.00 0.00 0.01 0.01
0.00 0.02 0.00 0.00 0.01 0.01 0.01 0.02
0.00 0.00 0.00 0.00 0.00 0.00 0.00 0.01
0.00 0.00 0.00 0.00 0.00 0.00 0.01 0.01
0.00 0.00 0.00 0.00 0.00 0.00 0.00 0.01
0.00 0.00 0.00 0.00 0.00 0.00 0.00 0.00
0.00 0.00 0.00 0.00 0.00 0.00 0.00 0.01
0.00 0.00 0.00 0.00 0.00 0.00 0.00 0.00
0.00 0.00 0.00 0.00 0.00 0.00 0.00 0.01
0.00 0.00 0.00 0.00 0.00 0.00 0.00 0.00
0.00 0.00 0.00 0.00 0.00 0.00 0.00 0.01
0.00 0.01 0.00 0.00 0.00 0.00 0.01 0.00
0.00 0.00 0.00 0.00 0.00 0.00 0.01 0.00
0.00 0.00 0.00 0.00 0.00 0.00 0.00 0.00
0.00 0.00 0.00 0.00 0.00 0.00 0.00 0.01
0.00 0.00 0.00 0.00 0.00 0.00 0.00 0.00
0.00 0.00 0.00 0.00 0.00 0.00 0.00 0.00
0.00 0.00 0.00 0.00 0.00 0.00 0.00 0.00
0.00 0.00 0.00 0.00 0.00 0.00 0.00 0.00
0.00 0.00 0.00 0.00 0.00 0.00 0.00 0.00
0.00 0.00 0.00 0.00 0.00 0.00 0.00 0.00
0.00 0.00 0.00 0.00 0.00 0.00 0.00 0.00
0.00 0.00 0.00 0.00 0.00 0.00 0.00 0.00
0.00 0.00 0.00 0.00 0.00 0.00 0.00 0.00
0.00 0.00 0.00 0.00 0.00 0.00 0.00 0.00
0.00 0.00 0.00 0.00 0.00 0.00 0.00 0.00
0.03 0.08 0.01 0.01 0.04 0.03 0.03 0.04
0.05 0.17 0.01 0.01 0.05 0.06 0.03 0.04
0.04 0.10 0.01 0.02 0.04 0.04 0.03 0.07
0.11 0.34 0.04 0.04 0.12 0.14 0.08 0.12
0.07 0.24 0.01 0.04 0.08 0.08 0.03 0.13
0.08 0.19 0.04 0.04 0.09 0.08 0.10 0.11
0.09 0.24 0.04 0.04 0.09 0.09 0.09 0.13
0.11 0.30 0.06 0.05 0.11 0.09 0.10 0.17
0.09 0.28 0.04 0.03 0.08 0.09 0.07 0.07
0.08 0.20 0.05 0.04 0.08 0.07 0.08 0.12
0.13 0.36 0.05 0.06 0.14 0.14 0.11 0.17
0.14 0.53 0.08 0.02 0.13 0.16 0.12 0.06
0.15 0.54 0.04 0.05 0.15 0.19 0.08 0.16
0.15 0.46 0.06 0.06 0.12 0.12 0.10 0.17
0.41 0.95 0.27 0.18 0.28 0.23 0.33 0.37
0.42 1.20 0.26 0.11 0.22 0.22 0.26 0.18
0.36 1.25 0.15 0.09 0.18 0.21 0.16 0.14
0.33 1.43 0.11 0.04 0.15 0.22 0.10 0.06
0.58 2.42 0.23 0.07 0.22 0.28 0.18 0.09
0.44 1.78 0.19 0.06 0.13 0.16 0.13 0.07
0.41 1.55 0.16 0.07 0.14 0.17 0.12 0.11
0.68 2.93 0.21 0.10 0.19 0.25 0.14 0.12
0.35 1.33 0.13 0.07 0.13 0.14 0.11 0.10
0.44 1.91 0.11 0.07 0.20 0.25 0.14 0.12
0.40 1.75 0.11 0.06 0.19 0.23 0.14 0.11
0.22 1.04 0.06 0.02 0.12 0.15 0.09 0.05
0.15 0.79 0.03 0.01 0.08 0.12 0.04 0.04
0.18 0.90 0.04 0.02 0.14 0.19 0.08 0.08
0.33 1.57 0.08 0.04 0.29 0.33 0.20 0.22
0.16 0.76 0.03 0.02 0.13 0.15 0.08 0.09
0.15 0.88 0.02 0.01 0.13 0.18 0.06 0.07
0.08 0.44 0.01 0.00 0.07 0.09 0.04 0.03
0.48 2.39 0.14 0.03 0.30 0.36 0.24 0.13
0.10 0.55 0.02 0.01 0.09 0.11 0.04 0.04
0.18 0.91 0.05 0.01 0.14 0.17 0.12 0.06
0.20 1.27 0.01 0.01 0.16 0.23 0.03 0.07
0.39 2.02 0.09 0.02 0.31 0.36 0.23 0.15
0.28 1.40 0.09 0.01 0.21 0.25 0.21 0.08
0.15 0.86 0.02 0.01 0.14 0.19 0.06 0.07
0.31 1.65 0.07 0.01 0.31 0.38 0.22 0.13
0.25 1.38 0.04 0.01 0.25 0.31 0.14 0.13
0.32 1.68 0.09 0.01 0.28 0.34 0.23 0.08
0.44 2.36 0.09 0.02 0.32 0.39 0.23 0.13
0.39 2.17 0.07 0.02 0.30 0.38 0.18 0.12
0.42 2.40 0.06 0.02 0.27 0.34 0.13 0.14
0.29 1.72 0.04 0.01 0.17 0.22 0.09 0.07
0.36 2.19 0.04 0.01 0.23 0.30 0.10 0.09
0.38 2.44 0.03 0.01 0.20 0.27 0.07 0.06
0.27 1.62 0.04 0.01 0.12 0.15 0.07 0.05
0.77 4.42 0.14 0.02 0.31 0.36 0.23 0.16
0.41 2.28 0.08 0.02 0.23 0.25 0.17 0.17
0.36 2.22 0.05 0.01 0.24 0.29 0.14 0.11
0.27 1.55 0.04 0.01 0.22 0.25 0.13 0.17
0.19 1.20 0.03 0.00 0.21 0.24 0.12 0.07
0.15 0.96 0.02 0.00 0.21 0.25 0.12 0.05
0.11 0.71 0.01 0.00 0.18 0.23 0.07 0.10
0.14 0.97 0.01 0.00 0.24 0.31 0.09 0.09
0.12 0.83 0.01 0.00 0.27 0.34 0.08 0.15
0.15 0.91 0.02 0.00 0.29 0.33 0.19 0.18
0.09 0.65 0.01 0.00 0.20 0.25 0.05 0.17
0.05 0.33 0.00 0.00 0.11 0.15 0.03 0.06
0.10 0.70 0.01 0.00 0.19 0.26 0.06 0.04
0.09 0.72 0.00 0.00 0.20 0.30 0.04 0.05
0.09 0.63 0.01 0.00 0.23 0.32 0.08 0.08
0.10 0.73 0.01 0.00 0.24 0.34 0.06 0.07
0.09 0.64 0.01 0.00 0.23 0.31 0.08 0.06
0.08 0.57 0.01 0.00 0.18 0.26 0.05 0.05
0.07 0.50 0.00 0.00 0.15 0.22 0.04 0.04
0.09 0.65 0.01 0.00 0.22 0.29 0.09 0.05
0.14 0.96 0.02 0.00 0.36 0.45 0.19 0.05
0.12 0.78 0.02 0.00 0.30 0.38 0.16 0.05
0.06 0.46 0.00 0.00 0.15 0.22 0.04 0.03
0.07 0.53 0.00 0.00 0.15 0.23 0.04 0.05
0.11 0.81 0.01 0.00 0.17 0.25 0.06 0.03
0.02 0.20 0.00 0.00 0.02 0.06 0.00 0.04
0.09 0.70 0.01 0.00 0.10 0.16 0.02 0.01
0.11 0.77 0.01 0.00 0.11 0.17 0.03 0.01
0.16 1.11 0.02 0.00 0.13 0.19 0.06 0.00
0.11 0.74 0.02 0.00 0.07 0.11 0.03 0.00
0.08 0.58 0.01 0.00 0.04 0.06 0.02 0.00
0.14 1.00 0.01 0.00 0.07 0.11 0.02 0.00
0.05 0.34 0.01 0.00 0.04 0.05 0.02 0.00
0.06 0.44 0.01 0.00 0.05 0.07 0.02 0.00
0.04 0.34 0.00 0.00 0.04 0.06 0.01 0.00
0.03 0.20 0.00 0.00 0.03 0.05 0.01 0.00
0.00 0.03 0.00 0.00 0.00 0.01 0.00 0.00
0.00 0.02 0.00 0.00 0.00 0.01 0.00 0.00
0.00 0.02 0.00 0.00 0.00 0.01 0.00 0.00
0.00 0.01 0.00 0.00 0.00 0.00 0.01 0.00
0.00 0.00 0.00 0.00 0.00 0.00 0.00 0.01
0.20 1.03 0.04 0.01 0.27 0.37 0.15 0.11
0.17 0.77 0.06 0.02 0.24 0.27 0.21 0.16
0.33 1.56 0.11 0.02 0.40 0.47 0.37 0.15
0.22 1.00 0.07 0.02 0.29 0.34 0.25 0.15
0.21 1.00 0.07 0.01 0.27 0.32 0.24 0.11
0.13 0.68 0.04 0.01 0.18 0.23 0.14 0.06
0.17 0.88 0.04 0.01 0.21 0.27 0.14 0.06
0.21 1.13 0.03 0.02 0.24 0.32 0.11 0.11
0.24 1.24 0.05 0.02 0.29 0.37 0.17 0.17
0.22 1.10 0.05 0.01 0.25 0.31 0.20 0.09
0.20 1.06 0.05 0.01 0.20 0.27 0.16 0.04
0.11 0.61 0.01 0.01 0.12 0.16 0.05 0.07
0.25 1.32 0.04 0.02 0.27 0.33 0.15 0.17
0.22 1.14 0.05 0.02 0.21 0.24 0.14 0.14
0.24 1.32 0.05 0.01 0.21 0.25 0.14 0.10
0.22 1.23 0.03 0.02 0.18 0.23 0.08 0.13
0.36 1.83 0.08 0.02 0.25 0.28 0.18 0.21
0.29 1.57 0.05 0.02 0.18 0.20 0.12 0.16
0.39 1.88 0.15 0.02 0.20 0.19 0.26 0.13
0.18 1.04 0.04 0.00 0.09 0.11 0.07 0.03
0.22 1.13 0.07 0.01 0.12 0.13 0.14 0.05
0.14 0.71 0.04 0.00 0.09 0.10 0.10 0.03
0.03 0.10 0.01 0.01 0.03 0.02 0.03 0.07
0.02 0.11 0.00 0.00 0.03 0.03 0.01 0.02
0.00 0.00 0.00 0.00 0.00 0.00 0.00 0.01
0.00 0.00 0.00 0.00 0.00 0.00 0.00 0.01
0.00 0.00 0.00 0.00 0.00 0.00 0.00 0.00
0.00 0.00 0.00 0.00 0.00 0.00 0.00 0.00
0.00 0.00 0.00 0.00 0.00 0.00 0.00 0.00
0.00 0.00 0.00 0.00 0.00 0.00 0.00 0.01
0.00 0.00 0.00 0.00 0.00 0.00 0.00 0.00
0.00 0.00 0.00 0.00 0.00 0.00 0.00 0.00
0.00 0.00 0.00 0.00 0.00 0.00 0.00 0.00
0.00 0.00 0.00 0.00 0.00 0.00 0.00 0.00
0.00 0.00 0.00 0.00 0.00 0.00 0.00 0.00
0.00 0.00 0.00 0.00 0.00 0.00 0.00 0.00
0.00 0.00 0.00 0.00 0.00 0.00 0.00 0.00
0.00 0.00 0.00 0.00 0.00 0.00 0.00 0.00
0.00 0.00 0.00 0.00 0.00 0.00 0.00 0.01
0.00 0.00 0.00 0.00 0.00 0.00 0.00 0.01
0.00 0.00 0.00 0.00 0.00 0.00 0.00 0.01
0.00 0.00 0.00 0.00 0.00 0.00 0.01 0.00
0.00 0.00 0.00 0.00 0.00 0.00 0.00 0.02
0.00 0.00 0.00 0.00 0.00 0.00 0.00 0.02
0.00 0.00 0.00 0.00 0.00 0.00 0.01 0.00
0.00 0.00 0.00 0.00 0.00 0.00 0.00 0.01
0.00 0.00 0.00 0.00 0.00 0.00 0.01 0.00
0.00 0.00 0.00 0.00 0.00 0.00 0.00 0.00
0.00 0.01 0.00 0.00 0.00 0.00 0.00 0.01
0.00 0.00 0.00 0.00 0.00 0.00 0.00 0.00
0.00 0.00 0.00 0.00 0.00 0.00 0.00 0.00
0.00 0.00 0.00 0.00 0.00 0.00 0.00 0.00
0.00 0.00 0.00 0.00 0.00 0.00 0.00 0.00
0.00 0.00 0.00 0.00 0.00 0.00 0.00 0.01
0.00 0.00 0.00 0.00 0.00 0.00 0.00 0.02
0.00 0.00 0.00 0.00 0.00 0.00 0.00 0.01
0.00 0.00 0.00 0.00 0.00 0.00 0.00 0.01
0.00 0.00 0.00 0.00 0.00 0.00 0.00 0.02
0.00 0.00 0.00 0.00 0.00 0.00 0.00 0.03
0.00 0.00 0.00 0.00 0.00 0.00 0.01 0.04
0.01 0.05 0.00 0.00 0.03 0.04 0.00 0.03
0.01 0.07 0.00 0.00 0.04 0.06 0.01 0.02
0.01 0.07 0.00 0.00 0.05 0.07 0.02 0.02
0.02 0.12 0.01 0.00 0.12 0.14 0.10 0.06
0.01 0.08 0.00 0.00 0.08 0.11 0.03 0.05
0.01 0.10 0.00 0.00 0.09 0.12 0.03 0.06
0.01 0.07 0.00 0.00 0.05 0.07 0.03 0.01
0.01 0.10 0.00 0.00 0.07 0.10 0.02 0.02
0.01 0.05 0.00 0.00 0.04 0.06 0.01 0.04
0.00 0.01 0.00 0.00 0.01 0.01 0.01 0.05
0.01 0.06 0.00 0.00 0.05 0.07 0.02 0.03
0.01 0.04 0.00 0.00 0.04 0.05 0.02 0.04
0.02 0.10 0.00 0.00 0.09 0.14 0.04 0.03
0.01 0.06 0.00 0.00 0.05 0.09 0.02 0.02
0.01 0.06 0.00 0.00 0.05 0.08 0.02 0.01
0.01 0.05 0.00 0.00 0.04 0.05 0.03 0.01
0.03 0.15 0.01 0.00 0.09 0.11 0.06 0.03
0.04 0.17 0.02 0.01 0.10 0.10 0.09 0.07
0.06 0.25 0.03 0.00 0.10 0.14 0.13 0.01
0.06 0.23 0.02 0.01 0.10 0.11 0.09 0.06
0.06 0.24 0.04 0.01 0.08 0.09 0.10 0.03
0.07 0.24 0.03 0.02 0.09 0.11 0.08 0.06
0.03 0.14 0.02 0.00 0.05 0.07 0.05 0.02
0.04 0.16 0.01 0.01 0.07 0.10 0.05 0.04
0.05 0.15 0.02 0.02 0.09 0.10 0.07 0.09
0.04 0.12 0.01 0.02 0.08 0.09 0.04 0.09
0.02 0.07 0.01 0.01 0.05 0.07 0.02 0.05
0.02 0.08 0.01 0.01 0.05 0.07 0.04 0.04
0.01 0.02 0.00 0.01 0.03 0.02 0.02 0.07
0.03 0.09 0.01 0.01 0.07 0.09 0.06 0.06
0.01 0.04 0.00 0.01 0.03 0.03 0.01 0.03
0.01 0.03 0.00 0.01 0.02 0.03 0.01 0.04
0.01 0.04 0.01 0.01 0.03 0.04 0.03 0.02
0.01 0.04 0.00 0.01 0.03 0.03 0.01 0.07
0.01 0.03 0.00 0.01 0.03 0.04 0.02 0.04
0.04 0.11 0.01 0.02 0.11 0.13 0.06 0.12
0.03 0.08 0.01 0.02 0.10 0.09 0.11 0.10
0.02 0.06 0.02 0.01 0.05 0.05 0.07 0.04
0.02 0.07 0.01 0.01 0.05 0.05 0.05 0.05
0.01 0.05 0.01 0.00 0.03 0.04 0.05 0.01
0.02 0.05 0.01 0.01 0.04 0.04 0.04 0.04
0.02 0.06 0.01 0.01 0.04 0.04 0.04 0.03
0.03 0.09 0.02 0.01 0.05 0.06 0.05 0.05
0.03 0.10 0.02 0.01 0.04 0.05 0.06 0.02
0.02 0.08 0.01 0.01 0.02 0.03 0.02 0.02
0.03 0.09 0.01 0.01 0.03 0.04 0.03 0.02
0.02 0.10 0.01 0.00 0.02 0.04 0.02 0.01
0.04 0.16 0.03 0.01 0.04 0.05 0.05 0.02
0.05 0.17 0.01 0.03 0.04 0.05 0.02 0.09
0.11 0.42 0.04 0.02 0.07 0.09 0.06 0.06
0.07 0.24 0.03 0.02 0.05 0.05 0.04 0.05
0.06 0.14 0.02 0.05 0.03 0.03 0.03 0.10
0.09 0.30 0.05 0.03 0.06 0.06 0.07 0.05
0.01 0.05 0.00 0.01 0.01 0.01 0.01 0.02
0.08 0.41 0.02 0.01 0.06 0.08 0.03 0.03
0.05 0.16 0.01 0.02 0.05 0.05 0.04 0.05
0.03 0.12 0.01 0.00 0.03 0.04 0.03 0.01
0.02 0.07 0.01 0.01 0.03 0.03 0.03 0.03
0.05 0.21 0.01 0.01 0.09 0.11 0.08 0.06
0.04 0.19 0.01 0.01 0.07 0.09 0.05 0.06
0.11 0.56 0.02 0.01 0.22 0.28 0.16 0.13
0.05 0.25 0.02 0.01 0.08 0.10 0.08 0.05
0.05 0.23 0.02 0.01 0.09 0.10 0.10 0.08
0.03 0.19 0.01 0.00 0.07 0.10 0.07 0.01
0.04 0.18 0.01 0.00 0.07 0.09 0.08 0.03
0.06 0.32 0.01 0.00 0.12 0.16 0.08 0.05
0.06 0.30 0.02 0.01 0.14 0.16 0.14 0.08
0.05 0.26 0.01 0.00 0.10 0.13 0.07 0.03
0.04 0.17 0.02 0.00 0.08 0.09 0.12 0.02
0.02 0.13 0.01 0.00 0.04 0.06 0.03 0.00
0.02 0.10 0.01 0.00 0.04 0.05 0.04 0.02
0.04 0.22 0.01 0.00 0.07 0.10 0.05 0.02
0.02 0.07 0.01 0.00 0.03 0.03 0.04 0.01
0.02 0.10 0.01 0.00 0.03 0.04 0.03 0.02
0.02 0.13 0.01 0.00 0.03 0.04 0.02 0.02
0.04 0.23 0.01 0.00 0.05 0.07 0.04 0.01
0.04 0.22 0.01 0.00 0.06 0.07 0.06 0.03
0.05 0.30 0.01 0.00 0.05 0.06 0.03 0.02
0.07 0.36 0.02 0.00 0.05 0.06 0.05 0.02
0.06 0.34 0.02 0.00 0.05 0.05 0.05 0.02
0.06 0.36 0.01 0.00 0.05 0.06 0.04 0.03
0.07 0.37 0.02 0.00 0.05 0.06 0.04 0.02
0.05 0.27 0.01 0.00 0.05 0.05 0.05 0.03
0.04 0.24 0.01 0.00 0.06 0.07 0.07 0.03
0.03 0.14 0.01 0.00 0.04 0.04 0.06 0.03
0.02 0.13 0.00 0.00 0.04 0.05 0.04 0.03
0.02 0.10 0.00 0.00 0.04 0.04 0.03 0.02
0.02 0.14 0.00 0.00 0.06 0.07 0.03 0.03
0.02 0.10 0.00 0.00 0.04 0.05 0.03 0.05
0.01 0.10 0.00 0.00 0.04 0.05 0.02 0.04
0.01 0.06 0.00 0.00 0.02 0.03 0.01 0.02
0.02 0.14 0.00 0.00 0.05 0.07 0.02 0.02
0.01 0.10 0.00 0.00 0.04 0.05 0.02 0.01
0.01 0.10 0.00 0.00 0.04 0.06 0.01 0.04
0.01 0.10 0.00 0.00 0.05 0.06 0.02 0.03
0.02 0.11 0.00 0.00 0.05 0.06 0.03 0.04
0.01 0.05 0.00 0.00 0.02 0.03 0.01 0.03
0.01 0.07 0.00 0.00 0.03 0.04 0.02 0.02
0.01 0.08 0.00 0.00 0.03 0.05 0.01 0.02
0.01 0.09 0.00 0.00 0.04 0.05 0.01 0.02
0.01 0.06 0.00 0.00 0.03 0.04 0.01 0.01
0.01 0.05 0.00 0.00 0.02 0.03 0.00 0.03
0.01 0.11 0.00 0.00 0.05 0.07 0.01 0.04
0.01 0.10 0.00 0.00 0.04 0.06 0.01 0.06
0.02 0.12 0.00 0.00 0.04 0.06 0.01 0.02
0.02 0.11 0.00 0.00 0.04 0.05 0.03 0.01
0.02 0.12 0.00 0.00 0.04 0.05 0.03 0.02
0.03 0.21 0.01 0.00 0.06 0.07 0.05 0.02
0.02 0.12 0.00 0.00 0.03 0.04 0.02 0.02
0.02 0.14 0.00 0.00 0.04 0.05 0.03 0.01
0.03 0.19 0.01 0.00 0.05 0.06 0.03 0.02
0.01 0.07 0.00 0.00 0.03 0.03 0.02 0.03
0.01 0.04 0.00 0.00 0.02 0.02 0.02 0.03
0.01 0.07 0.01 0.00 0.04 0.04 0.05 0.04
0.01 0.07 0.00 0.00 0.04 0.04 0.04 0.03
0.02 0.08 0.01 0.00 0.06 0.07 0.06 0.03
0.02 0.12 0.01 0.00 0.09 0.09 0.11 0.06
0.01 0.05 0.00 0.00 0.06 0.06 0.05 0.05
0.00 0.03 0.00 0.00 0.03 0.04 0.02 0.06
0.01 0.03 0.00 0.00 0.04 0.05 0.03 0.04
0.01 0.05 0.00 0.00 0.03 0.05 0.01 0.01
0.01 0.07 0.00 0.00 0.05 0.07 0.02 0.02
0.01 0.05 0.00 0.00 0.04 0.07 0.01 0.01
0.01 0.04 0.00 0.00 0.03 0.05 0.01 0.01
0.01 0.04 0.00 0.00 0.03 0.05 0.01 0.01
0.02 0.10 0.00 0.00 0.08 0.11 0.05 0.01
0.01 0.08 0.00 0.00 0.06 0.08 0.02 0.04
0.01 0.04 0.00 0.00 0.03 0.04 0.02 0.01
0.00 0.03 0.00 0.00 0.02 0.03 0.01 0.01
0.01 0.05 0.00 0.00 0.04 0.06 0.02 0.00
0.01 0.08 0.00 0.00 0.06 0.09 0.03 0.01
0.02 0.10 0.01 0.00 0.10 0.13 0.08 0.01
0.03 0.14 0.01 0.00 0.13 0.15 0.10 0.03
0.02 0.12 0.01 0.00 0.10 0.13 0.09 0.02
0.03 0.15 0.01 0.00 0.14 0.15 0.12 0.08
0.04 0.18 0.03 0.00 0.13 0.13 0.16 0.05
0.04 0.18 0.01 0.00 0.10 0.12 0.07 0.11
0.06 0.24 0.03 0.00 0.12 0.13 0.14 0.06
0.03 0.12 0.02 0.00 0.05 0.06 0.06 0.03
0.02 0.08 0.01 0.00 0.02 0.04 0.03 0.01
0.03 0.10 0.01 0.00 0.04 0.04 0.04 0.02
0.05 0.19 0.03 0.01 0.09 0.10 0.09 0.04
0.04 0.13 0.02 0.01 0.07 0.09 0.07 0.04
0.01 0.02 0.01 0.01 0.02 0.02 0.03 0.04
0.01 0.03 0.01 0.01 0.03 0.03 0.04 0.03
0.01 0.01 0.00 0.01 0.02 0.01 0.02 0.03
0.01 0.04 0.01 0.01 0.04 0.04 0.03 0.03
0.01 0.03 0.00 0.01 0.03 0.03 0.02 0.05
0.01 0.03 0.01 0.01 0.03 0.03 0.02 0.03
0.01 0.04 0.01 0.01 0.02 0.02 0.03 0.03
0.00 0.00 0.00 0.00 0.00 0.00 0.00 0.01
0.00 0.00 0.00 0.00 0.00 0.00 0.00 0.00
0.00 0.00 0.00 0.00 0.00 0.00 0.01 0.00
0.00 0.00 0.00 0.00 0.00 0.00 0.00 0.00
0.00 0.00 0.00 0.00 0.00 0.00 0.00 0.00
0.00 0.00 0.00 0.00 0.00 0.00 0.00 0.00
0.00 0.00 0.00 0.00 0.00 0.00 0.00 0.00
0.00 0.00 0.00 0.00 0.00 0.00 0.00 0.00
0.00 0.00 0.00 0.00 0.00 0.00 0.00 0.00
0.00 0.00 0.00 0.00 0.00 0.00 0.00 0.00
0.00 0.00 0.00 0.00 0.00 0.00 0.00 0.00
0.00 0.00 0.00 0.00 0.00 0.00 0.00 0.01
0.00 0.00 0.00 0.00 0.00 0.00 0.00 0.01
0.00 0.00 0.00 0.00 0.00 0.00 0.00 0.00
0.00 0.00 0.00 0.00 0.00 0.00 0.00 0.00
0.00 0.00 0.00 0.00 0.00 0.00 0.00 0.00
0.00 0.00 0.00 0.00 0.00 0.00 0.00 0.00
0.00 0.00 0.00 0.00 0.00 0.00 0.00 0.00
0.00 0.00 0.00 0.00 0.00 0.00 0.00 0.00
0.00 0.01 0.00 0.00 0.00 0.00 0.00 0.00
0.00 0.00 0.00 0.00 0.00 0.00 0.00 0.00
0.00 0.00 0.00 0.00 0.00 0.00 0.00 0.00
0.00 0.01 0.01 0.00 0.00 0.00 0.01 0.00
0.00 0.01 0.00 0.00 0.00 0.00 0.00 0.00
0.00 0.00 0.00 0.00 0.00 0.00 0.00 0.00
0.00 0.00 0.00 0.00 0.00 0.00 0.00 0.00
0.00 0.00 0.00 0.00 0.00 0.00 0.00 0.00
0.00 0.00 0.00 0.00 0.00 0.00 0.00 0.00
0.00 0.00 0.00 0.00 0.00 0.00 0.00 0.00
0.00 0.00 0.00 0.00 0.00 0.00 0.00 0.00
0.00 0.00 0.00 0.00 0.00 0.00 0.00 0.01
0.00 0.00 0.00 0.00 0.00 0.00 0.00 0.00
0.00 0.01 0.00 0.00 0.00 0.00 0.00 0.00
0.00 0.00 0.00 0.00 0.00 0.00 0.00 0.00
0.00 0.00 0.00 0.00 0.00 0.00 0.00 0.01
0.00 0.00 0.00 0.00 0.00 0.00 0.00 0.00
0.00 0.01 0.00 0.00 0.00 0.00 0.00 0.00
0.00 0.00 0.00 0.00 0.00 0.00 0.00 0.00
0.00 0.01 0.00 0.00 0.00 0.00 0.00 0.01
0.00 0.00 0.00 0.00 0.00 0.00 0.00 0.00
0.00 0.00 0.00 0.00 0.00 0.00 0.00 0.00
0.00 0.00 0.00 0.00 0.00 0.00 0.00 0.00
0.00 0.00 0.00 0.00 0.00 0.00 0.00 0.00
0.00 0.00 0.00 0.00 0.00 0.00 0.00 0.00
0.00 0.00 0.00 0.00 0.00 0.00 0.00 0.00
0.00 0.00 0.00 0.00 0.00 0.00 0.00 0.00
0.00 0.00 0.00 0.00 0.00 0.00 0.00 0.00
0.00 0.00 0.00 0.00 0.00 0.00 0.00 0.00
0.00 0.00 0.00 0.00 0.00 0.00 0.00 0.00
0.00 0.00 0.00 0.00 0.00 0.00 0.00 0.00
0.00 0.00 0.00 0.00 0.00 0.00 0.00 0.00
0.00 0.00 0.00 0.00 0.00 0.00 0.00 0.00
0.00 0.00 0.00 0.00 0.00 0.00 0.00 0.00
0.00 0.00 0.00 0.00 0.00 0.00 0.00 0.00
0.00 0.00 0.00 0.00 0.00 0.00 0.00 0.01
0.00 0.00 0.00 0.00 0.00 0.00 0.00 0.02
0.00 0.00 0.00 0.00 0.00 0.00 0.00 0.01
0.00 0.00 0.00 0.00 0.00 0.00 0.00 0.00
0.00 0.00 0.00 0.00 0.00 0.00 0.00 0.02
0.00 0.00 0.00 0.00 0.00 0.00 0.00 0.02
0.00 0.00 0.00 0.00 0.00 0.00 0.00 0.02
0.00 0.00 0.00 0.00 0.00 0.00 0.00 0.01
0.00 0.00 0.00 0.00 0.00 0.00 0.01 0.01
0.00 0.00 0.00 0.00 0.00 0.00 0.01 0.01
0.00 0.00 0.00 0.00 0.00 0.00 0.01 0.01
0.00 0.00 0.00 0.00 0.00 0.00 0.00 0.01
0.00 0.00 0.00 0.00 0.00 0.00 0.01 0.01
0.00 0.00 0.00 0.00 0.00 0.00 0.01 0.02
0.00 0.00 0.00 0.00 0.00 0.00 0.00 0.01
0.00 0.00 0.00 0.00 0.00 0.00 0.01 0.02
0.00 0.01 0.00 0.00 0.00 0.00 0.00 0.01
0.00 0.00 0.00 0.00 0.00 0.00 0.00 0.02
0.00 0.00 0.00 0.00 0.00 0.00 0.00 0.03
0.00 0.00 0.00 0.00 0.00 0.00 0.00 0.01
0.00 0.00 0.00 0.00 0.00 0.00 0.00 0.01
0.00 0.00 0.00 0.00 0.00 0.00 0.00 0.00
0.00 0.00 0.00 0.00 0.00 0.00 0.00 0.00
0.00 0.00 0.00 0.00 0.00 0.00 0.00 0.00
0.00 0.00 0.00 0.00 0.00 0.00 0.00 0.00
0.00 0.00 0.00 0.00 0.00 0.00 0.00 0.00
0.00 0.00 0.00 0.00 0.00 0.00 0.00 0.00
0.00 0.00 0.00 0.00 0.00 0.00 0.00 0.00
0.00 0.01 0.00 0.00 0.00 0.00 0.00 0.00
0.00 0.00 0.00 0.00 0.00 0.00 0.00 0.01
0.00 0.01 0.00 0.00 0.00 0.00 0.01 0.01
0.00 0.00 0.00 0.00 0.00 0.00 0.01 0.00
0.00 0.00 0.00 0.00 0.00 0.00 0.01 0.00
0.00 0.00 0.00 0.00 0.00 0.00 0.00 0.00
0.00 0.00 0.00 0.00 0.00 0.00 0.02 0.00
0.00 0.00 0.00 0.00 0.00 0.00 0.00 0.01
