4.28 8.57 2.55 1.73 41.81 38.80 44.06 45.76
4.10 8.19 2.43 1.66 42.01 39.00 44.27 45.92
4.27 8.64 2.52 1.66 41.82 38.77 44.11 45.93
4.15 8.25 2.54 1.67 41.95 38.97 44.09 45.90
4.32 8.68 2.63 1.63 41.78 38.74 43.93 46.00
4.28 8.77 2.47 1.60 41.81 38.70 44.20 46.08
4.40 9.10 2.46 1.64 41.70 38.54 44.22 45.98
4.48 9.24 2.48 1.73 41.62 38.47 44.19 45.75
4.61 9.47 2.55 1.80 41.49 38.37 44.06 45.57
4.34 8.77 2.51 1.74 41.76 38.70 44.14 45.71
4.79 10.03 2.53 1.81 41.33 38.12 44.10 45.56
4.47 9.38 2.41 1.64 41.62 38.41 44.31 45.98
4.93 10.50 2.66 1.63 41.20 37.92 43.88 46.00
5.51 11.84 3.00 1.70 40.72 37.40 43.35 45.82
5.88 12.68 3.09 1.86 40.44 37.10 43.23 45.44
5.71 12.48 2.96 1.69 40.56 37.17 43.41 45.86
6.50 14.55 3.38 1.56 40.00 36.50 42.84 46.19
7.20 16.29 3.57 1.74 39.56 36.01 42.60 45.72
7.90 17.65 4.16 1.88 39.16 35.66 41.94 45.40
7.49 16.71 3.78 1.96 39.39 35.90 42.36 45.20
7.27 16.20 3.74 1.86 39.52 36.04 42.40 45.44
6.32 14.32 3.13 1.50 40.13 36.57 43.17 46.38
4.97 11.31 2.42 1.19 41.16 37.60 44.30 47.38
4.42 9.95 2.23 1.07 41.68 38.15 44.64 47.84
3.80 8.71 1.90 0.80 42.33 38.73 45.34 49.09
3.71 8.67 1.76 0.70 42.44 38.75 45.68 49.65
3.30 7.73 1.49 0.69 42.94 39.25 46.40 49.73
3.51 8.17 1.61 0.74 42.68 39.01 46.06 49.45
3.53 8.23 1.59 0.77 42.65 38.98 46.11 49.29
3.44 8.00 1.55 0.78 42.77 39.10 46.23 49.21
3.21 7.31 1.50 0.82 43.11 39.56 46.38 48.97
3.19 7.12 1.57 0.88 43.16 39.69 46.20 48.69
3.27 7.33 1.59 0.89 43.06 39.59 46.15 48.63
3.27 7.38 1.58 0.84 43.07 39.55 46.19 48.90
3.19 7.19 1.57 0.83 43.15 39.66 46.21 48.95
3.10 7.05 1.46 0.80 43.27 39.73 46.51 49.12
3.10 7.02 1.51 0.77 43.28 39.76 46.37 49.26
3.06 6.95 1.48 0.75 43.34 39.80 46.45 49.41
2.99 6.82 1.43 0.71 43.46 39.90 46.61 49.63
2.69 6.28 1.23 0.58 43.90 40.25 47.28 50.53
2.61 6.26 1.14 0.44 44.06 40.29 47.60 51.73
2.50 5.98 1.13 0.40 44.25 40.49 47.64 52.16
2.74 6.39 1.26 0.55 43.85 40.18 47.17 50.72
3.02 6.84 1.56 0.66 43.41 39.87 46.27 49.92
3.21 7.22 1.69 0.71 43.16 39.65 45.91 49.65
3.60 8.06 2.01 0.72 42.70 39.21 45.19 49.59
3.18 7.14 1.73 0.68 43.17 39.69 45.79 49.78
3.55 7.99 2.01 0.65 42.72 39.22 45.15 50.03
3.62 8.13 2.09 0.64 42.63 39.14 44.97 50.10
3.65 8.16 2.02 0.78 42.57 39.11 45.09 49.22
3.75 8.32 2.15 0.77 42.46 39.02 44.84 49.27
3.76 8.41 2.07 0.79 42.45 38.98 45.00 49.17
3.33 7.43 1.82 0.73 42.96 39.49 45.54 49.50
2.83 6.23 1.58 0.67 43.66 40.25 46.15 49.86
2.64 5.75 1.53 0.64 43.96 40.60 46.30 50.04
2.48 5.34 1.50 0.61 44.21 40.91 46.36 50.29
2.15 4.62 1.29 0.53 44.86 41.55 47.02 50.87
2.03 4.38 1.21 0.51 45.09 41.78 47.30 51.07
1.87 4.01 1.13 0.48 45.44 42.14 47.62 51.33
1.90 4.04 1.16 0.51 45.37 42.11 47.50 51.10
2.10 4.53 1.29 0.50 44.90 41.58 47.02 51.18
2.21 4.72 1.39 0.49 44.70 41.40 46.69 51.18
1.92 4.09 1.20 0.47 45.31 42.03 47.36 51.41
1.82 3.99 1.13 0.35 45.52 42.12 47.60 52.67
1.70 3.66 1.07 0.36 45.84 42.51 47.85 52.54
1.83 3.98 1.13 0.38 45.51 42.14 47.62 52.31
2.12 4.47 1.33 0.56 44.87 41.63 46.90 50.68
2.12 4.50 1.31 0.54 44.87 41.60 46.95 50.80
1.92 4.07 1.21 0.49 45.30 42.04 47.31 51.25
1.80 3.89 1.13 0.38 45.58 42.23 47.60 52.31
1.85 4.01 1.14 0.38 45.47 42.09 47.55 52.33
1.73 3.74 1.09 0.36 45.75 42.41 47.74 52.56
1.83 3.87 1.18 0.45 45.51 42.27 47.42 51.58
1.72 3.60 1.13 0.42 45.78 42.57 47.58 51.92
1.79 3.85 1.11 0.43 45.59 42.28 47.68 51.80
2.17 4.52 1.43 0.55 44.77 41.58 46.58 50.71
2.68 5.25 1.78 1.00 43.86 40.93 45.63 48.13
3.17 6.05 2.15 1.29 43.13 40.32 44.80 47.03
3.42 6.45 2.20 1.62 42.79 40.04 44.70 46.06
3.75 6.95 2.44 1.86 42.39 39.72 44.26 45.45
3.94 7.04 2.66 2.11 42.19 39.66 43.89 44.90
3.78 6.49 2.55 2.31 42.36 40.02 44.07 44.51
3.65 6.20 2.51 2.25 42.51 40.21 44.14 44.61
3.29 5.50 2.26 2.10 42.97 40.73 44.58 44.91
3.26 5.34 2.41 2.03 43.00 40.86 44.31 45.05
3.10 5.04 2.10 2.16 43.22 41.10 44.91 44.80
3.09 4.88 2.24 2.16 43.23 41.25 44.63 44.81
3.05 4.87 2.18 2.10 43.29 41.26 44.75 44.91
2.77 4.29 1.93 2.08 43.72 41.81 45.26 44.96
2.83 4.58 1.90 2.00 43.62 41.53 45.34 45.13
2.81 4.63 1.70 2.10 43.65 41.48 45.83 44.92
2.99 5.05 1.93 2.00 43.38 41.10 45.28 45.13
3.01 4.71 2.02 2.30 43.35 41.40 45.08 44.52
2.85 4.59 1.93 2.04 43.58 41.52 45.27 45.03
2.71 4.37 1.67 2.09 43.80 41.72 45.90 44.93
2.77 4.42 1.77 2.12 43.71 41.68 45.66 44.87
2.71 4.34 1.69 2.10 43.81 41.76 45.87 44.92
3.13 5.18 2.21 2.01 43.18 41.00 44.70 45.09
3.16 5.15 2.15 2.17 43.14 41.02 44.82 44.77
3.32 5.37 2.35 2.23 42.93 40.83 44.42 44.66
3.14 5.02 2.30 2.10 43.16 41.12 44.50 44.91
3.29 5.24 2.40 2.24 42.96 40.94 44.33 44.64
3.68 6.02 2.71 2.32 42.47 40.34 43.82 44.48
3.73 6.20 2.79 2.21 42.42 40.22 43.68 44.69
4.03 6.83 3.19 2.07 42.08 39.79 43.10 44.98
4.37 7.69 3.12 2.30 41.73 39.27 43.20 44.51
4.83 8.74 3.21 2.55 41.29 38.71 43.07 44.06
4.88 8.70 3.39 2.57 41.24 38.74 42.83 44.04
4.99 8.92 3.42 2.64 41.15 38.62 42.80 43.92
5.96 10.85 4.08 2.95 40.38 37.78 42.02 43.43
6.03 10.90 4.09 3.11 40.33 37.76 42.01 43.21
5.68 10.30 3.72 3.03 40.59 38.01 42.43 43.31
5.77 10.42 3.79 3.10 40.52 37.95 42.34 43.22
5.27 9.82 3.19 2.79 40.92 38.21 43.09 43.68
5.13 9.82 3.04 2.53 41.03 38.21 43.30 44.09
4.55 8.24 2.88 2.52 41.55 38.97 43.54 44.11
4.41 8.11 2.61 2.52 41.68 39.04 43.97 44.13
3.73 7.03 2.08 2.07 42.42 39.66 44.95 44.97
3.52 6.79 1.96 1.80 42.67 39.82 45.21 45.56
3.59 7.12 1.94 1.69 42.59 39.60 45.25 45.85
3.44 6.93 1.82 1.56 42.77 39.72 45.52 46.19
3.38 6.85 1.92 1.37 42.84 39.77 45.31 46.76
3.53 7.23 1.92 1.44 42.65 39.54 45.30 46.53
3.39 6.98 1.83 1.36 42.83 39.69 45.50 46.80
3.42 7.09 1.82 1.36 42.79 39.62 45.54 46.81
3.35 6.81 1.83 1.42 42.88 39.80 45.52 46.62
3.29 6.67 1.85 1.37 42.95 39.89 45.47 46.77
3.38 6.87 1.82 1.46 42.84 39.76 45.53 46.48
3.28 6.61 1.81 1.42 42.97 39.93 45.54 46.59
3.24 6.59 1.80 1.34 43.02 39.94 45.58 46.87
3.38 7.02 1.78 1.33 42.84 39.67 45.62 46.88
3.43 7.17 1.87 1.24 42.78 39.57 45.40 47.20
3.58 7.52 1.93 1.28 42.59 39.37 45.27 47.04
3.77 7.99 2.01 1.30 42.37 39.10 45.10 47.00
4.20 8.97 2.24 1.37 41.90 38.60 44.62 46.76
3.90 8.25 2.12 1.34 42.22 38.97 44.87 46.85
4.42 9.44 2.37 1.46 41.67 38.38 44.38 46.50
5.10 11.24 2.53 1.52 41.06 37.63 44.10 46.31
5.59 12.40 2.88 1.49 40.66 37.20 43.55 46.40
5.40 12.14 2.73 1.34 40.81 37.29 43.77 46.86
5.55 12.53 2.77 1.34 40.69 37.15 43.70 46.85
5.18 11.67 2.62 1.26 40.99 37.46 43.95 47.14
4.51 10.20 2.19 1.15 41.59 38.05 44.72 47.51
4.06 9.13 1.99 1.06 42.05 38.53 45.15 47.89
3.63 8.20 1.77 0.90 42.54 38.99 45.65 48.58
3.23 7.43 1.55 0.71 43.04 39.43 46.22 49.61
2.85 6.63 1.39 0.54 43.59 39.92 46.72 50.80
2.85 6.70 1.37 0.48 43.59 39.88 46.77 51.31
2.81 6.58 1.38 0.47 43.65 39.96 46.73 51.40
2.88 6.75 1.41 0.47 43.54 39.84 46.64 51.41
2.90 6.72 1.49 0.47 43.51 39.86 46.40 51.38
3.02 7.08 1.52 0.47 43.33 39.63 46.32 51.44
2.75 6.42 1.39 0.45 43.73 40.05 46.69 51.62
2.56 5.97 1.33 0.38 44.05 40.37 46.89 52.38
2.58 6.04 1.31 0.38 44.02 40.32 46.96 52.30
2.75 6.56 1.32 0.37 43.74 39.96 46.94 52.42
2.63 6.14 1.31 0.45 43.93 40.25 46.95 51.63
2.73 6.33 1.36 0.49 43.77 40.12 46.78 51.24
2.70 6.30 1.33 0.47 43.82 40.13 46.90 51.40
2.53 5.89 1.24 0.45 44.11 40.43 47.21 51.59
2.55 5.93 1.27 0.45 44.07 40.40 47.09 51.65
2.58 5.99 1.34 0.42 44.01 40.36 46.87 51.91
2.60 5.99 1.42 0.40 43.98 40.36 46.61 52.12
2.79 6.35 1.56 0.46 43.67 40.10 46.21 51.49
3.00 6.85 1.68 0.47 43.36 39.77 45.88 51.44
3.11 7.13 1.71 0.49 43.20 39.60 45.80 51.22
3.24 7.38 1.84 0.51 43.02 39.45 45.48 51.08
3.40 7.79 1.88 0.52 42.82 39.22 45.38 50.95
3.49 8.03 1.91 0.54 42.70 39.09 45.32 50.79
3.74 8.50 2.11 0.60 42.41 38.84 44.89 50.33
3.55 8.12 1.95 0.57 42.64 39.05 45.25 50.58
3.20 7.24 1.82 0.54 43.08 39.54 45.53 50.81
2.88 6.43 1.68 0.51 43.55 40.05 45.88 51.05
2.74 6.05 1.65 0.50 43.76 40.31 45.95 51.12
2.52 5.52 1.58 0.47 44.11 40.71 46.14 51.40
2.37 5.18 1.49 0.44 44.39 41.00 46.41 51.69
2.10 4.61 1.33 0.38 44.90 41.50 46.90 52.33
1.80 3.93 1.19 0.30 45.58 42.20 47.39 53.42
1.77 3.78 1.16 0.37 45.66 42.37 47.48 52.44
1.73 3.59 1.12 0.48 45.76 42.59 47.66 51.26
1.99 4.07 1.28 0.60 45.17 42.05 47.06 50.35
2.00 4.05 1.32 0.65 45.13 42.08 46.94 50.05
1.93 3.89 1.27 0.64 45.29 42.26 47.10 50.12
1.85 3.72 1.20 0.61 45.48 42.44 47.33 50.27
1.84 3.71 1.22 0.58 45.50 42.45 47.29 50.47
1.90 3.91 1.25 0.54 45.36 42.23 47.18 50.82
1.95 4.03 1.27 0.56 45.23 42.09 47.10 50.67
2.05 4.15 1.36 0.64 45.02 41.96 46.82 50.07
1.92 3.96 1.22 0.59 45.30 42.17 47.27 50.41
1.90 3.97 1.18 0.56 45.35 42.16 47.43 50.67
1.89 3.95 1.18 0.53 45.38 42.18 47.40 50.85
1.85 3.86 1.16 0.52 45.48 42.28 47.50 50.98
1.95 4.07 1.26 0.52 45.24 42.05 47.13 51.00
1.95 4.09 1.22 0.55 45.23 42.03 47.27 50.73
2.11 4.33 1.30 0.70 44.90 41.78 47.00 49.71
2.63 5.39 1.75 0.76 43.93 40.82 45.71 49.35
2.61 5.28 1.75 0.78 43.98 40.91 45.69 49.20
3.06 6.02 2.07 1.07 43.28 40.34 44.98 47.81
3.23 6.20 2.18 1.32 43.04 40.22 44.75 46.93
3.31 5.83 2.27 1.83 42.93 40.48 44.57 45.50
3.44 5.88 2.37 2.08 42.76 40.44 44.39 44.95
3.23 5.38 2.27 2.03 43.05 40.82 44.57 45.06
2.85 4.61 2.01 1.94 43.58 41.50 45.10 45.24
2.45 3.88 1.70 1.78 44.23 42.24 45.84 45.62
2.40 3.84 1.67 1.69 44.33 42.28 45.91 45.86
2.48 3.80 1.79 1.85 44.18 42.33 45.60 45.46
2.50 3.91 1.79 1.81 44.15 42.21 45.60 45.56
2.45 3.84 1.68 1.84 44.23 42.29 45.88 45.48
2.90 4.51 2.26 1.92 43.51 41.59 44.58 45.30
3.23 5.22 2.53 1.96 43.03 40.96 44.10 45.22
3.07 4.93 2.32 1.96 43.26 41.21 44.47 45.21
3.25 5.33 2.46 1.95 43.02 40.87 44.23 45.23
3.27 5.43 2.38 1.99 42.99 40.79 44.37 45.14
3.38 5.56 2.44 2.13 42.85 40.68 44.26 44.85
3.51 5.81 2.60 2.11 42.68 40.49 43.99 44.89
3.33 5.45 2.50 2.04 42.91 40.77 44.16 45.05
3.43 5.63 2.61 2.05 42.78 40.63 43.96 45.01
3.67 6.15 2.77 2.09 42.49 40.25 43.71 44.93
3.60 5.90 2.80 2.09 42.57 40.42 43.66 44.92
3.53 5.75 2.71 2.13 42.66 40.54 43.81 44.86
3.28 5.48 2.42 1.93 42.98 40.75 44.30 45.28
3.73 6.25 2.94 2.01 42.42 40.18 43.45 45.11
3.63 6.00 2.80 2.10 42.53 40.35 43.66 44.92
4.17 7.14 3.02 2.35 41.94 39.60 43.34 44.43
4.35 7.26 3.19 2.59 41.76 39.53 43.10 44.00
4.85 8.36 3.57 2.61 41.28 38.91 42.60 43.96
5.05 8.89 3.35 2.91 41.10 38.64 42.89 43.49
5.31 9.11 3.87 2.96 40.88 38.54 42.27 43.42
5.89 10.51 4.05 3.12 40.43 37.92 42.06 43.20
6.65 12.08 4.36 3.51 39.91 37.31 41.74 42.68
6.75 12.15 4.41 3.70 39.84 37.29 41.69 42.45
6.81 12.27 4.44 3.70 39.80 37.24 41.66 42.44
6.34 11.40 4.06 3.55 40.11 37.56 42.05 42.63
5.74 10.28 3.61 3.33 40.54 38.01 42.56 42.91
5.35 9.97 3.34 2.74 40.85 38.14 42.90 43.75
5.32 10.13 3.31 2.51 40.88 38.08 42.94 44.13
5.19 9.87 3.35 2.35 40.98 38.18 42.88 44.42
4.71 9.14 2.90 2.11 41.40 38.52 43.51 44.90
4.22 8.38 2.50 1.80 41.88 38.90 44.16 45.58
4.13 8.23 2.40 1.78 41.97 38.98 44.32 45.64
4.39 8.87 2.55 1.77 41.70 38.65 44.07 45.67
4.40 8.91 2.61 1.70 41.69 38.63 43.96 45.84
4.36 8.80 2.63 1.66 41.73 38.69 43.93 45.94
4.17 8.45 2.54 1.52 41.93 38.86 44.08 46.31
3.99 8.33 2.27 1.37 42.12 38.92 44.57 46.77
4.24 8.66 2.56 1.51 41.85 38.75 44.06 46.33
4.34 8.80 2.60 1.63 41.75 38.69 43.98 46.02
4.21 8.61 2.51 1.51 41.89 38.78 44.13 46.33
3.62 7.42 2.13 1.30 42.55 39.43 44.85 46.98
3.78 7.78 2.16 1.39 42.36 39.22 44.79 46.71
4.09 8.32 2.41 1.53 42.01 38.93 44.30 46.27
4.37 8.76 2.56 1.78 41.73 38.70 44.05 45.64
4.55 9.30 2.62 1.72 41.56 38.44 43.94 45.78
4.33 8.98 2.46 1.56 41.76 38.60 44.22 46.21
4.76 10.04 2.69 1.56 41.35 38.12 43.82 46.18
4.84 10.27 2.64 1.60 41.28 38.01 43.90 46.09
4.76 10.11 2.61 1.57 41.35 38.09 43.97 46.18
5.04 10.75 2.83 1.54 41.11 37.82 43.62 46.27
5.94 13.04 3.14 1.63 40.40 36.98 43.17 46.01
5.63 12.44 2.96 1.48 40.63 37.18 43.43 46.40
5.21 11.51 2.76 1.36 40.97 37.53 43.74 46.78
4.16 9.13 2.23 1.12 41.94 38.54 44.65 47.63
4.04 8.93 2.07 1.12 42.07 38.63 44.96 47.63
3.47 7.73 1.81 0.86 42.74 39.26 45.56 48.78
3.02 6.75 1.62 0.69 43.34 39.84 46.03 49.75
2.83 6.38 1.53 0.58 43.62 40.10 46.29 50.48
2.67 6.01 1.44 0.57 43.87 40.36 46.55 50.57
2.48 5.67 1.34 0.42 44.20 40.61 46.85 51.92
2.48 5.68 1.36 0.42 44.19 40.60 46.82 51.96
2.40 5.50 1.30 0.41 44.34 40.75 46.99 52.03
2.55 5.74 1.37 0.54 44.07 40.55 46.78 50.78
2.63 5.81 1.48 0.60 43.94 40.50 46.43 50.37
2.45 5.45 1.36 0.53 44.25 40.77 46.80 50.86
2.21 4.96 1.21 0.48 44.68 41.19 47.32 51.32
2.26 5.06 1.23 0.47 44.61 41.10 47.24 51.40
2.28 5.17 1.20 0.46 44.56 41.00 47.33 51.48
2.45 5.51 1.30 0.53 44.25 40.72 46.98 50.91
2.48 5.56 1.37 0.52 44.18 40.69 46.75 50.96
2.44 5.48 1.32 0.51 44.27 40.75 46.94 51.02
2.20 4.90 1.19 0.51 44.71 41.24 47.38 51.04
2.24 5.02 1.22 0.50 44.62 41.13 47.27 51.18
2.31 5.21 1.21 0.52 44.50 40.97 47.31 51.01
2.50 5.60 1.30 0.60 44.15 40.65 46.99 50.33
2.96 6.58 1.51 0.79 43.42 39.95 46.33 49.15
3.23 7.14 1.60 0.95 43.05 39.60 46.10 48.38
3.62 7.86 1.80 1.20 42.54 39.18 45.56 47.34
4.11 8.81 2.19 1.31 42.00 38.68 44.72 46.95
4.39 9.26 2.43 1.48 41.71 38.47 44.27 46.43
5.03 10.62 2.76 1.70 41.12 37.87 43.71 45.82
5.76 12.17 3.27 1.85 40.53 37.28 42.99 45.47
5.50 11.60 3.11 1.78 40.73 37.49 43.20 45.63
5.16 11.02 2.84 1.62 41.00 37.71 43.59 46.03
4.66 9.94 2.53 1.49 41.45 38.16 44.09 46.39
4.50 9.59 2.49 1.43 41.59 38.31 44.17 46.57
3.94 8.06 2.25 1.51 42.17 39.07 44.60 46.34
3.93 7.91 2.26 1.61 42.19 39.15 44.59 46.07
3.82 7.56 2.34 1.57 42.31 39.34 44.44 46.17
3.44 6.82 2.03 1.47 42.77 39.79 45.06 46.44
3.13 5.95 1.93 1.50 43.18 40.39 45.27 46.36
3.37 6.22 2.18 1.72 42.85 40.19 44.76 45.78
3.68 6.97 2.25 1.84 42.47 39.70 44.62 45.49
3.61 6.88 2.17 1.78 42.56 39.76 44.77 45.63
3.36 6.40 2.12 1.56 42.87 40.07 44.87 46.21
3.59 6.85 2.30 1.61 42.58 39.78 44.52 46.06
3.44 6.69 2.14 1.48 42.77 39.87 44.82 46.42
3.40 6.67 2.05 1.46 42.82 39.89 45.00 46.48
3.31 6.51 2.02 1.38 42.94 39.99 45.07 46.73
3.76 7.55 2.21 1.52 42.38 39.35 44.68 46.31
3.62 7.16 2.10 1.59 42.55 39.58 44.91 46.13
3.73 7.34 2.19 1.67 42.41 39.47 44.73 45.91
3.80 7.58 2.15 1.67 42.33 39.33 44.80 45.92
3.78 7.73 2.05 1.57 42.35 39.25 45.02 46.16
3.98 8.11 2.25 1.56 42.14 39.04 44.61 46.20
4.27 8.86 2.40 1.54 41.83 38.66 44.33 46.25
4.46 9.34 2.45 1.58 41.64 38.43 44.24 46.14
4.32 9.02 2.39 1.55 41.77 38.58 44.34 46.22
4.67 10.14 2.53 1.36 41.43 38.07 44.10 46.81
5.21 11.44 2.78 1.42 40.96 37.55 43.68 46.61
5.80 12.72 3.17 1.52 40.49 37.09 43.12 46.31
5.68 12.37 3.00 1.67 40.59 37.21 43.36 45.92
5.26 11.34 2.91 1.53 40.92 37.58 43.50 46.30
4.69 10.28 2.50 1.28 41.42 38.01 44.15 47.04
3.88 8.51 2.07 1.07 42.24 38.83 44.97 47.84
3.55 7.83 1.87 0.95 42.63 39.19 45.41 48.33
3.04 6.73 1.59 0.81 43.30 39.85 46.13 49.05
2.82 6.33 1.45 0.67 43.63 40.12 46.50 49.88
2.53 5.66 1.29 0.66 44.09 40.61 47.04 49.93
2.62 5.83 1.32 0.70 43.95 40.47 46.93 49.65
2.58 5.72 1.31 0.73 44.01 40.56 46.98 49.49
2.72 6.06 1.37 0.75 43.78 40.31 46.78 49.37
2.80 6.21 1.41 0.78 43.66 40.20 46.65 49.21
2.92 6.45 1.52 0.79 43.48 40.03 46.32 49.15
2.88 6.39 1.46 0.78 43.54 40.07 46.49 49.22
2.99 6.70 1.50 0.76 43.38 39.87 46.38 49.31
2.92 6.52 1.46 0.78 43.47 39.99 46.49 49.20
2.86 6.40 1.40 0.77 43.57 40.07 46.66 49.28
2.81 6.25 1.41 0.78 43.64 40.17 46.66 49.22
2.80 6.28 1.39 0.71 43.67 40.15 46.71 49.59
2.77 6.25 1.38 0.69 43.70 40.17 46.73 49.73
2.62 5.95 1.30 0.61 43.95 40.39 46.99 50.25
2.36 5.53 1.12 0.45 44.39 40.70 47.64 51.64
2.30 5.43 1.09 0.38 44.51 40.78 47.77 52.28
2.46 5.67 1.22 0.50 44.22 40.60 47.28 51.17
2.76 6.15 1.47 0.66 43.72 40.24 46.47 49.93
2.98 6.64 1.64 0.68 43.38 39.91 45.99 49.83
3.18 7.12 1.75 0.68 43.10 39.60 45.70 49.79
3.04 6.67 1.74 0.70 43.31 39.89 45.74 49.68
3.37 7.39 2.03 0.69 42.85 39.45 45.05 49.71
3.49 7.71 2.08 0.67 42.71 39.26 44.95 49.85
3.38 7.47 1.97 0.72 42.83 39.40 45.20 49.55
3.67 8.03 2.15 0.81 42.49 39.08 44.80 49.04
3.44 7.57 1.97 0.78 42.76 39.34 45.18 49.17
3.11 6.89 1.74 0.70 43.20 39.74 45.72 49.72
2.87 6.20 1.66 0.76 43.55 40.21 45.94 49.30
2.59 5.52 1.57 0.67 44.00 40.71 46.18 49.90
2.36 5.01 1.45 0.63 44.39 41.14 46.50 50.11
2.23 4.72 1.38 0.60 44.65 41.39 46.74 50.38
2.09 4.48 1.25 0.55 44.93 41.62 47.17 50.72
1.88 3.97 1.15 0.52 45.39 42.14 47.51 50.99
1.89 4.02 1.14 0.52 45.36 42.09 47.55 51.02
2.13 4.52 1.33 0.53 44.86 41.58 46.91 50.86
2.32 4.92 1.48 0.57 44.48 41.21 46.44 50.62
2.12 4.44 1.36 0.55 44.88 41.66 46.80 50.73
1.98 4.28 1.27 0.40 45.16 41.81 47.11 52.12
1.90 4.08 1.20 0.41 45.35 42.02 47.34 51.99
2.10 4.58 1.30 0.42 44.91 41.52 47.00 51.93
2.25 4.71 1.43 0.62 44.61 41.41 46.59 50.25
2.24 4.77 1.37 0.58 44.63 41.35 46.76 50.47
2.01 4.25 1.24 0.54 45.10 41.85 47.19 50.83
1.95 4.20 1.20 0.45 45.23 41.89 47.34 51.64
1.96 4.24 1.21 0.44 45.21 41.86 47.31 51.72
1.81 3.89 1.14 0.39 45.56 42.23 47.57 52.19
1.91 4.02 1.20 0.51 45.32 42.09 47.34 51.02
1.89 3.96 1.21 0.51 45.36 42.16 47.29 51.04
1.99 4.19 1.24 0.53 45.15 41.91 47.18 50.92
2.26 4.72 1.43 0.63 44.59 41.39 46.57 50.13
2.82 5.53 1.88 1.05 43.64 40.70 45.41 47.95
3.25 6.07 2.27 1.42 43.01 40.30 44.57 46.61
3.65 6.82 2.42 1.72 42.50 39.79 44.30 45.77
3.76 6.87 2.41 1.99 42.38 39.76 44.30 45.14
4.23 7.56 2.86 2.28 41.87 39.35 43.57 44.56
4.06 6.90 2.81 2.47 42.05 39.74 43.65 44.20
3.87 6.56 2.65 2.40 42.26 39.96 43.91 44.33
3.65 6.05 2.53 2.35 42.52 40.31 44.10 44.42
3.50 5.74 2.55 2.21 42.69 40.54 44.07 44.69
3.26 5.27 2.25 2.27 42.99 40.92 44.61 44.56
3.19 5.05 2.23 2.28 43.10 41.10 44.65 44.56
3.27 5.29 2.32 2.21 42.98 40.90 44.47 44.69
2.84 4.41 2.02 2.07 43.61 41.69 45.08 44.96
2.94 4.73 2.01 2.09 43.44 41.39 45.09 44.93
2.93 4.77 1.89 2.13 43.47 41.35 45.38 44.86
3.05 5.13 2.01 2.02 43.29 41.03 45.11 45.08
3.09 4.84 2.09 2.36 43.22 41.28 44.94 44.40
3.15 5.05 2.09 2.31 43.15 41.10 44.93 44.50
2.81 4.52 1.80 2.10 43.65 41.58 45.57 44.90
2.67 4.28 1.72 2.01 43.87 41.82 45.77 45.10
2.67 4.29 1.72 1.99 43.87 41.81 45.77 45.15
3.10 5.08 2.19 2.03 43.22 41.07 44.73 45.06
3.29 5.33 2.25 2.27 42.97 40.86 44.61 44.57
3.52 5.73 2.47 2.37 42.66 40.54 44.21 44.37
3.44 5.48 2.56 2.28 42.77 40.74 44.05 44.55
3.38 5.34 2.43 2.35 42.85 40.85 44.27 44.42
3.55 5.79 2.64 2.22 42.63 40.50 43.91 44.68
3.77 6.28 2.91 2.13 42.37 40.15 43.50 44.85
4.32 7.38 3.28 2.31 41.77 39.45 42.98 44.50
4.31 7.42 3.25 2.25 41.79 39.43 43.02 44.61
4.76 8.61 3.30 2.39 41.35 38.79 42.96 44.36
4.97 8.72 3.56 2.62 41.17 38.72 42.62 43.95
5.36 9.62 3.64 2.82 40.84 38.30 42.52 43.64
6.20 11.26 4.25 3.09 40.21 37.62 41.84 43.24
6.25 11.36 4.18 3.23 40.17 37.58 41.92 43.04
5.89 10.65 3.79 3.23 40.43 37.86 42.34 43.03
6.00 10.83 3.92 3.23 40.36 37.79 42.20 43.04
5.47 10.17 3.31 2.93 40.75 38.06 42.93 43.47
5.32 10.29 3.02 2.66 40.87 38.00 43.33 43.88
4.60 8.34 2.79 2.66 41.51 38.92 43.68 43.88
4.46 8.34 2.56 2.48 41.64 38.92 44.05 44.19
3.72 7.07 2.06 2.04 42.42 39.64 44.99 45.04
3.55 6.88 1.94 1.83 42.63 39.75 45.25 45.50
3.49 6.97 1.85 1.63 42.71 39.70 45.47 46.00
3.20 6.51 1.70 1.38 43.09 40.00 45.83 46.73
3.74 7.66 2.04 1.53 42.41 39.30 45.05 46.30
3.55 7.37 1.88 1.40 42.64 39.47 45.40 46.69
3.58 7.44 1.93 1.38 42.59 39.42 45.27 46.75
3.47 7.16 1.86 1.38 42.74 39.59 45.44 46.74
3.42 7.04 1.86 1.36 42.80 39.67 45.43 46.81
3.15 6.40 1.81 1.24 43.16 40.08 45.57 47.19
3.45 7.06 1.90 1.39 42.76 39.66 45.34 46.69
3.38 6.93 1.82 1.40 42.85 39.74 45.55 46.67
3.46 7.14 1.86 1.39 42.75 39.61 45.44 46.72
3.24 6.71 1.72 1.29 43.03 39.87 45.78 47.01
3.55 7.52 1.89 1.25 42.63 39.38 45.38 47.16
3.69 7.78 1.97 1.32 42.47 39.23 45.19 46.94
3.89 8.27 2.08 1.31 42.25 38.97 44.95 46.96
4.15 8.86 2.18 1.41 41.96 38.66 44.76 46.65
4.43 9.45 2.36 1.48 41.68 38.39 44.40 46.44
4.51 9.64 2.41 1.50 41.59 38.30 44.32 46.39
5.11 11.31 2.54 1.49 41.05 37.60 44.08 46.39
5.49 12.21 2.77 1.48 40.74 37.27 43.71 46.43
5.75 12.81 2.94 1.49 40.54 37.06 43.45 46.40
5.74 12.94 2.88 1.43 40.54 37.02 43.55 46.58
5.51 12.40 2.77 1.36 40.72 37.20 43.70 46.79
4.67 10.42 2.37 1.22 41.44 37.96 44.38 47.26
4.10 9.18 2.04 1.07 42.01 38.51 45.04 47.83
3.84 8.74 1.83 0.96 42.29 38.72 45.52 48.30
3.46 7.91 1.68 0.78 42.75 39.15 45.88 49.21
3.03 7.03 1.49 0.59 43.31 39.66 46.41 50.45
2.89 6.74 1.42 0.51 43.52 39.84 46.62 51.08
2.97 6.95 1.45 0.50 43.40 39.71 46.50 51.10
3.01 7.03 1.50 0.49 43.35 39.66 46.37 51.25
3.21 7.47 1.65 0.51 43.08 39.41 45.97 51.07
3.23 7.55 1.66 0.49 43.05 39.38 45.93 51.22
3.21 7.53 1.61 0.49 43.08 39.39 46.06 51.26
2.91 6.82 1.48 0.41 43.53 39.83 46.43 51.96
2.92 6.87 1.48 0.41 43.50 39.79 46.42 52.00
3.12 7.44 1.52 0.40 43.22 39.45 46.33 52.09
2.90 6.83 1.45 0.44 43.53 39.83 46.54 51.73
3.02 7.02 1.53 0.50 43.35 39.69 46.29 51.16
2.99 7.03 1.46 0.49 43.40 39.69 46.50 51.27
2.75 6.49 1.31 0.46 43.75 40.03 46.98 51.54
2.79 6.53 1.37 0.46 43.70 40.01 46.75 51.47
2.82 6.57 1.45 0.43 43.66 39.99 46.55 51.78
2.81 6.53 1.50 0.40 43.67 40.01 46.40 52.14
2.97 6.90 1.60 0.42 43.43 39.78 46.11 51.88
3.28 7.53 1.86 0.47 42.99 39.40 45.45 51.47
3.51 8.04 1.98 0.49 42.71 39.11 45.19 51.20
3.54 8.15 1.99 0.49 42.67 39.06 45.16 51.25
3.86 8.90 2.15 0.53 42.30 38.68 44.83 50.90
4.12 9.45 2.33 0.59 42.01 38.41 44.49 50.45
4.10 9.40 2.30 0.60 42.02 38.43 44.52 50.36
4.28 9.93 2.29 0.60 41.86 38.20 44.55 50.39
3.79 8.63 2.13 0.61 42.39 38.82 44.87 50.29
3.13 7.07 1.82 0.52 43.19 39.67 45.54 50.99
3.03 6.83 1.74 0.52 43.33 39.80 45.73 50.96
2.83 6.30 1.69 0.52 43.62 40.16 45.86 50.96
2.52 5.62 1.47 0.47 44.13 40.65 46.45 51.46
2.37 5.28 1.42 0.41 44.40 40.93 46.60 52.07
2.11 4.69 1.32 0.33 44.91 41.46 46.94 52.99
2.12 4.62 1.32 0.41 44.90 41.51 46.95 51.97
2.01 4.30 1.22 0.52 45.11 41.82 47.27 50.99
2.62 5.62 1.56 0.68 43.95 40.63 46.21 49.83
2.69 5.74 1.58 0.75 43.84 40.54 46.13 49.40
2.69 5.70 1.60 0.76 43.84 40.57 46.11 49.33
2.57 5.43 1.56 0.72 44.03 40.78 46.20 49.58
2.78 6.05 1.58 0.71 43.69 40.31 46.15 49.61
2.80 6.03 1.65 0.70 43.67 40.32 45.96 49.66
2.95 6.42 1.71 0.71 43.44 40.06 45.80 49.62
2.84 6.14 1.65 0.73 43.60 40.25 45.97 49.49
2.69 5.76 1.61 0.69 43.84 40.52 46.06 49.73
2.83 6.21 1.61 0.67 43.61 40.20 46.08 49.85
2.92 6.41 1.68 0.67 43.48 40.06 45.89 49.88
2.80 6.16 1.63 0.62 43.65 40.24 46.01 50.19
2.76 6.12 1.57 0.60 43.72 40.26 46.17 50.38
2.88 6.24 1.73 0.67 43.54 40.18 45.76 49.87
2.86 6.19 1.62 0.77 43.57 40.22 46.05 49.29
3.67 7.48 2.48 1.06 42.48 39.40 44.18 47.88
4.06 8.37 2.70 1.12 42.04 38.91 43.82 47.62
4.73 9.55 3.17 1.47 41.38 38.33 43.11 46.46
4.65 9.15 2.97 1.84 41.46 38.52 43.40 45.49
5.31 9.94 3.62 2.35 40.88 38.16 42.54 44.41
5.41 10.04 3.66 2.51 40.80 38.11 42.50 44.14
4.63 8.11 3.19 2.58 41.47 39.04 43.09 44.01
4.38 7.35 3.06 2.74 41.72 39.47 43.29 43.77
3.60 5.95 2.31 2.54 42.57 40.39 44.49 44.07
3.78 6.36 2.50 2.47 42.36 40.10 44.14 44.20
3.66 5.85 2.52 2.60 42.50 40.45 44.12 43.98
3.65 5.94 2.49 2.52 42.51 40.39 44.16 44.12
3.52 5.72 2.29 2.54 42.67 40.56 44.52 44.09
3.91 6.44 2.74 2.54 42.21 40.05 43.75 44.08
4.68 7.79 3.53 2.73 41.43 39.22 42.66 43.77
4.03 6.54 2.88 2.67 42.08 39.98 43.54 43.87
4.24 7.19 2.97 2.57 41.86 39.58 43.40 44.04
4.18 7.00 2.88 2.65 41.93 39.69 43.54 43.91
4.37 7.37 3.04 2.72 41.73 39.47 43.33 43.80
4.42 7.58 3.04 2.64 41.69 39.35 43.31 43.92
4.30 7.19 3.10 2.62 41.80 39.57 43.23 43.97
4.41 7.49 3.17 2.58 41.69 39.40 43.13 44.02
4.69 8.13 3.33 2.61 41.44 39.04 42.92 43.98
4.71 7.99 3.43 2.70 41.41 39.11 42.79 43.81
4.59 7.60 3.42 2.75 41.52 39.33 42.79 43.75
4.40 7.31 3.20 2.70 41.71 39.50 43.10 43.84
4.89 8.51 3.60 2.55 41.25 38.85 42.58 44.06
4.65 7.94 3.38 2.65 41.47 39.15 42.86 43.92
5.07 8.91 3.58 2.74 41.09 38.65 42.61 43.77
5.67 9.43 4.28 3.31 40.62 38.41 41.86 42.98
6.42 10.95 4.74 3.59 40.08 37.76 41.40 42.60
6.54 11.47 4.50 3.65 39.99 37.56 41.62 42.53
6.72 11.83 4.76 3.55 39.88 37.42 41.36 42.63
7.65 13.90 5.16 3.90 39.32 36.73 41.03 42.23
8.35 15.30 5.66 4.10 38.93 36.30 40.61 42.01
7.75 14.07 5.36 3.84 39.25 36.67 40.85 42.30
8.73 16.28 5.69 4.20 38.75 36.04 40.59 41.91
7.68 14.29 4.86 3.90 39.29 36.60 41.28 42.23
6.90 12.93 4.18 3.59 39.77 37.05 41.93 42.59
6.83 13.05 4.11 3.34 39.81 37.00 42.01 42.91
6.28 12.27 3.75 2.80 40.17 37.26 42.40 43.66
6.04 11.75 3.76 2.61 40.33 37.44 42.38 43.96
5.14 10.24 3.11 2.06 41.04 38.05 43.21 45.00
5.10 10.33 2.97 2.00 41.09 38.03 43.43 45.15
5.08 10.35 2.88 1.99 41.09 38.00 43.55 45.14
4.74 9.76 2.69 1.79 41.38 38.26 43.85 45.61
4.61 9.44 2.68 1.72 41.50 38.39 43.85 45.77
5.43 11.16 3.21 1.93 40.82 37.70 43.09 45.30
4.68 9.69 2.74 1.62 41.44 38.28 43.76 46.05
4.75 10.02 2.66 1.58 41.38 38.14 43.90 46.15
4.85 10.20 2.77 1.58 41.29 38.07 43.71 46.14
4.90 10.12 2.82 1.76 41.26 38.12 43.66 45.68
4.94 10.22 2.91 1.71 41.22 38.06 43.53 45.81
4.42 9.13 2.52 1.59 41.70 38.54 44.12 46.14
4.29 8.96 2.43 1.47 41.84 38.65 44.30 46.46
4.31 9.07 2.45 1.42 41.81 38.59 44.26 46.61
4.59 9.52 2.62 1.62 41.55 38.39 43.96 46.05
4.99 10.54 2.69 1.73 41.19 37.95 43.86 45.76
4.87 10.25 2.70 1.66 41.29 38.07 43.83 45.95
5.38 11.49 2.96 1.69 40.86 37.57 43.44 45.87
5.53 12.03 2.89 1.68 40.72 37.36 43.53 45.88
5.39 11.63 2.81 1.74 40.84 37.51 43.66 45.75
5.84 12.71 3.05 1.76 40.49 37.12 43.30 45.68
6.37 14.08 3.29 1.73 40.11 36.66 42.97 45.75
6.64 14.83 3.36 1.72 39.95 36.46 42.89 45.81
5.76 12.78 2.98 1.51 40.55 37.09 43.40 46.35
5.19 11.53 2.69 1.35 41.01 37.55 43.85 46.86
4.58 10.30 2.26 1.19 41.54 38.03 44.61 47.38
4.00 9.14 1.94 0.90 42.14 38.55 45.25 48.59
3.50 7.95 1.80 0.73 42.72 39.16 45.59 49.52
3.16 7.19 1.68 0.62 43.15 39.59 45.89 50.19
3.11 7.11 1.61 0.61 43.23 39.65 46.07 50.27
2.69 6.23 1.39 0.46 43.86 40.23 46.71 51.52
2.81 6.58 1.42 0.44 43.67 39.99 46.63 51.75
2.76 6.47 1.40 0.42 43.74 40.05 46.68 51.87
2.70 6.18 1.39 0.54 43.82 40.24 46.70 50.77
2.92 6.57 1.55 0.64 43.50 39.99 46.22 50.09
2.75 6.23 1.44 0.60 43.75 40.22 46.57 50.38
2.49 5.67 1.30 0.50 44.19 40.64 46.99 51.13
2.58 5.92 1.33 0.49 44.04 40.45 46.90 51.22
2.50 5.71 1.30 0.50 44.18 40.61 47.01 51.15
2.65 6.01 1.40 0.54 43.92 40.37 46.66 50.79
2.71 6.14 1.45 0.55 43.82 40.28 46.52 50.75
2.66 6.07 1.39 0.54 43.90 40.33 46.72 50.82
2.50 5.70 1.27 0.53 44.19 40.62 47.12 50.88
2.49 5.70 1.27 0.51 44.20 40.61 47.12 51.05
2.57 5.87 1.30 0.54 44.05 40.47 47.01 50.80
2.68 6.12 1.36 0.58 43.86 40.29 46.81 50.53
3.24 7.30 1.62 0.79 43.05 39.52 46.05 49.14
3.59 7.91 1.87 0.99 42.58 39.15 45.42 48.18
3.95 8.66 2.04 1.14 42.18 38.78 45.04 47.56
4.07 8.79 2.23 1.18 42.05 38.71 44.66 47.40
4.67 9.91 2.61 1.48 41.46 38.19 43.98 46.42
5.14 10.95 2.80 1.66 41.03 37.75 43.66 45.92
6.06 12.96 3.39 1.83 40.31 37.01 42.83 45.52
5.80 12.34 3.29 1.79 40.50 37.23 42.97 45.60
4.92 10.59 2.71 1.46 41.22 37.89 43.80 46.49
4.94 10.65 2.66 1.51 41.20 37.87 43.88 46.35
4.54 9.77 2.46 1.40 41.56 38.24 44.23 46.68
4.11 8.56 2.31 1.46 41.99 38.81 44.49 46.48
4.09 8.31 2.40 1.58 42.01 38.94 44.34 46.14
3.85 7.64 2.32 1.57 42.28 39.30 44.47 46.16
3.57 7.04 2.13 1.53 42.61 39.65 44.84 46.28
3.24 6.11 2.04 1.58 43.03 40.27 45.04 46.15
3.44 6.47 2.14 1.72 42.76 40.02 44.83 45.77
3.66 7.10 2.34 1.53 42.53 39.66 44.46 46.29
3.68 7.29 2.21 1.55 42.49 39.54 44.70 46.23
3.89 7.83 2.33 1.51 42.28 39.25 44.50 46.35
3.68 7.30 2.29 1.44 42.51 39.54 44.57 46.57
3.77 7.56 2.31 1.44 42.40 39.38 44.52 46.58
3.71 7.49 2.19 1.47 42.45 39.41 44.74 46.47
3.88 7.85 2.30 1.49 42.26 39.21 44.52 46.40
3.99 8.15 2.24 1.58 42.15 39.06 44.64 46.17
3.93 7.96 2.22 1.62 42.22 39.17 44.68 46.06
4.01 8.07 2.25 1.70 42.13 39.10 44.63 45.84
4.24 8.57 2.31 1.84 41.88 38.83 44.52 45.49
4.06 8.33 2.22 1.63 42.05 38.94 44.68 46.00
4.10 8.57 2.24 1.50 42.03 38.84 44.63 46.39
4.42 9.33 2.46 1.47 41.70 38.46 44.23 46.47
4.63 9.91 2.48 1.50 41.50 38.20 44.21 46.39
4.71 10.00 2.55 1.57 41.43 38.15 44.08 46.19
5.10 11.06 2.84 1.42 41.08 37.73 43.62 46.63
5.44 12.12 2.79 1.41 40.80 37.32 43.68 46.67
6.11 13.59 3.26 1.49 40.29 36.82 43.04 46.42
6.05 13.23 3.15 1.76 40.33 36.92 43.15 45.69
5.87 12.87 3.14 1.61 40.45 37.05 43.17 46.06
5.20 11.41 2.71 1.47 40.98 37.57 43.81 46.45
4.26 9.25 2.28 1.24 41.84 38.47 44.55 47.21
3.75 8.27 1.96 1.03 42.39 38.96 45.21 48.02
3.10 6.78 1.68 0.86 43.21 39.82 45.88 48.79
2.86 6.38 1.50 0.70 43.57 40.09 46.39 49.64
2.58 5.74 1.30 0.68 44.02 40.55 46.97 49.76
2.66 5.94 1.33 0.71 43.88 40.40 46.90 49.61
2.61 5.73 1.38 0.73 43.96 40.55 46.75 49.48
2.81 6.22 1.41 0.80 43.65 40.19 46.64 49.13
2.77 6.03 1.46 0.81 43.71 40.32 46.49 49.05
2.96 6.54 1.52 0.82 43.42 39.97 46.30 48.99
2.90 6.41 1.50 0.81 43.50 40.06 46.37 49.06
2.88 6.42 1.44 0.78 43.54 40.06 46.55 49.24
2.95 6.59 1.48 0.80 43.43 39.95 46.43 49.11
2.86 6.37 1.45 0.76 43.57 40.09 46.52 49.31
2.73 6.09 1.36 0.74 43.77 40.28 46.80 49.46
2.84 6.37 1.44 0.70 43.60 40.09 46.55 49.64
2.80 6.38 1.37 0.66 43.65 40.08 46.78 49.90
2.60 5.94 1.24 0.60 43.99 40.40 47.18 50.34
2.37 5.60 1.10 0.40 44.38 40.65 47.70 52.15
2.30 5.49 1.06 0.36 44.51 40.74 47.87 52.57
2.41 5.61 1.17 0.45 44.31 40.65 47.45 51.63
2.83 6.35 1.47 0.67 43.62 40.10 46.45 49.88
2.97 6.62 1.64 0.67 43.40 39.93 45.99 49.86
3.23 7.17 1.82 0.68 43.04 39.57 45.53 49.79
2.88 6.28 1.70 0.66 43.53 40.15 45.84 49.94
3.20 7.01 1.93 0.66 43.08 39.68 45.28 49.95
3.43 7.60 2.04 0.64 42.78 39.32 45.03 50.10
3.57 7.87 2.14 0.71 42.60 39.17 44.83 49.62
3.47 7.62 1.99 0.79 42.73 39.31 45.13 49.14
3.58 7.90 2.09 0.76 42.59 39.15 44.93 49.32
3.26 7.23 1.85 0.70 43.00 39.54 45.46 49.69
2.94 6.38 1.65 0.78 43.45 40.08 45.96 49.23
2.81 6.05 1.67 0.70 43.65 40.31 45.91 49.70
2.50 5.33 1.50 0.67 44.15 40.86 46.37 49.85
2.30 4.87 1.40 0.62 44.52 41.26 46.66 50.22
2.19 4.68 1.32 0.57 44.73 41.43 46.92 50.57
2.03 4.31 1.23 0.55 45.06 41.79 47.22 50.76
2.04 4.32 1.23 0.57 45.04 41.78 47.24 50.61
2.20 4.63 1.38 0.58 44.71 41.48 46.74 50.47
2.30 4.84 1.50 0.56 44.52 41.29 46.37 50.67
2.10 4.42 1.35 0.55 44.91 41.69 46.84 50.74
2.02 4.40 1.27 0.40 45.08 41.71 47.09 52.16
1.80 3.86 1.15 0.40 45.58 42.28 47.52 52.15
1.86 4.10 1.10 0.37 45.44 42.01 47.72 52.41
2.09 4.44 1.31 0.52 44.94 41.67 46.97 51.01
2.04 4.38 1.24 0.50 45.04 41.73 47.20 51.12
1.90 3.99 1.20 0.50 45.36 42.13 47.35 51.15
1.86 4.00 1.16 0.43 45.43 42.11 47.49 51.83
1.89 4.12 1.16 0.38 45.38 41.99 47.48 52.31
1.74 3.80 1.05 0.36 45.74 42.34 47.92 52.63
1.83 3.91 1.14 0.43 45.53 42.23 47.57 51.77
1.85 3.88 1.19 0.47 45.47 42.25 47.38 51.39
1.92 4.08 1.19 0.49 45.31 42.03 47.38 51.27
2.14 4.48 1.37 0.57 44.83 41.62 46.76 50.58
2.60 5.18 1.73 0.89 43.98 41.00 45.75 48.63
3.02 5.78 2.06 1.22 43.34 40.52 45.00 47.28
3.31 6.21 2.13 1.60 42.94 40.22 44.86 46.10
3.54 6.54 2.32 1.78 42.65 39.99 44.49 45.64
4.13 7.38 2.73 2.28 41.98 39.46 43.78 44.55
3.99 6.88 2.77 2.32 42.13 39.77 43.72 44.49
3.65 6.16 2.50 2.31 42.51 40.24 44.17 44.50
3.55 5.89 2.50 2.25 42.64 40.44 44.16 44.61
3.46 5.60 2.51 2.26 42.75 40.66 44.14 44.59
3.19 5.22 2.22 2.13 43.10 40.96 44.67 44.85
3.08 4.90 2.16 2.17 43.26 41.23 44.80 44.77
3.10 4.90 2.25 2.14 43.23 41.24 44.62 44.83
2.74 4.30 1.88 2.04 43.75 41.79 45.38 45.03
2.86 4.57 1.95 2.05 43.58 41.54 45.24 45.01
2.74 4.43 1.78 2.01 43.76 41.67 45.63 45.10
2.82 4.66 1.87 1.92 43.64 41.45 45.42 45.30
2.85 4.41 2.02 2.12 43.59 41.69 45.07 44.87
2.82 4.49 1.95 2.01 43.64 41.62 45.24 45.10
2.46 3.93 1.60 1.85 44.22 42.19 46.08 45.46
2.44 3.85 1.61 1.85 44.27 42.28 46.06 45.47
2.36 3.74 1.52 1.81 44.42 42.41 46.33 45.55
2.91 4.71 2.03 1.98 43.50 41.41 45.07 45.17
2.98 4.87 2.07 2.00 43.39 41.26 44.98 45.12
3.03 4.88 2.13 2.08 43.32 41.26 44.86 44.94
3.13 4.96 2.27 2.16 43.18 41.18 44.58 44.79
3.12 4.93 2.28 2.14 43.20 41.20 44.55 44.84
3.26 5.26 2.54 2.00 43.00 40.92 44.09 45.13
3.59 5.96 2.62 2.20 42.58 40.39 43.95 44.71
3.87 6.43 2.99 2.17 42.26 40.05 43.38 44.76
3.95 6.73 2.87 2.26 42.16 39.85 43.55 44.60
4.08 7.17 2.91 2.18 42.02 39.58 43.49 44.76
4.25 7.25 3.09 2.41 41.85 39.53 43.24 44.31
4.56 8.05 3.15 2.50 41.54 39.08 43.15 44.16
5.13 9.21 3.61 2.59 41.04 38.50 42.57 44.01
5.26 9.40 3.60 2.77 40.93 38.41 42.57 43.71
5.62 10.24 3.61 3.02 40.64 38.03 42.56 43.34
5.28 9.35 3.48 3.00 40.91 38.43 42.72 43.37
4.84 8.82 3.04 2.66 41.29 38.68 43.31 43.89
4.87 9.15 2.82 2.65 41.26 38.53 43.63 43.90
4.15 7.37 2.62 2.47 41.95 39.46 43.96 44.21
3.90 7.05 2.31 2.32 42.23 39.65 44.49 44.48
3.62 6.75 2.04 2.07 42.55 39.84 45.03 44.99
3.03 5.75 1.69 1.67 43.32 40.54 45.86 45.92
3.12 6.05 1.72 1.58 43.20 40.32 45.78 46.15
3.20 6.44 1.67 1.49 43.10 40.07 45.91 46.41
3.60 7.25 1.96 1.59 42.58 39.54 45.21 46.11
3.34 6.75 1.86 1.41 42.90 39.85 45.44 46.64
3.11 6.34 1.73 1.24 43.22 40.12 45.75 47.19
3.22 6.58 1.76 1.33 43.06 39.96 45.70 46.90
3.22 6.62 1.74 1.31 43.06 39.94 45.73 46.94
3.11 6.28 1.76 1.29 43.22 40.17 45.70 47.02
3.20 6.50 1.75 1.36 43.09 40.02 45.71 46.81
3.20 6.45 1.73 1.41 43.09 40.04 45.77 46.65
3.22 6.56 1.73 1.37 43.06 39.97 45.76 46.78
2.97 6.07 1.62 1.24 43.40 40.31 46.04 47.20
3.29 6.89 1.74 1.25 42.96 39.76 45.74 47.16
3.14 6.56 1.75 1.12 43.16 39.96 45.71 47.63
3.47 7.23 1.90 1.27 42.74 39.55 45.35 47.11
3.71 7.80 1.99 1.32 42.44 39.21 45.13 46.91
3.86 8.14 2.07 1.39 42.27 39.03 44.99 46.71
3.83 8.03 2.13 1.33 42.30 39.09 44.85 46.88
4.44 9.62 2.33 1.38 41.66 38.31 44.46 46.73
4.89 10.64 2.60 1.42 41.25 37.87 43.99 46.61
5.13 11.29 2.70 1.38 41.04 37.61 43.82 46.73
4.73 10.47 2.52 1.20 41.39 37.94 44.13 47.36
4.96 10.99 2.62 1.28 41.18 37.73 43.96 47.06
4.31 9.52 2.23 1.17 41.80 38.35 44.66 47.47
3.56 7.94 1.78 0.95 42.63 39.14 45.64 48.35
3.30 7.37 1.65 0.88 42.95 39.46 45.95 48.70
3.04 6.88 1.50 0.74 43.30 39.76 46.36 49.42
2.68 6.14 1.32 0.57 43.86 40.26 46.94 50.55
2.43 5.56 1.26 0.47 44.28 40.69 47.12 51.38
2.57 5.90 1.34 0.47 44.04 40.43 46.87 51.41
2.59 5.96 1.35 0.47 44.00 40.38 46.82 51.45
2.80 6.45 1.47 0.47 43.67 40.04 46.45 51.46
2.93 6.74 1.56 0.47 43.47 39.85 46.19 51.41
2.84 6.60 1.44 0.48 43.60 39.94 46.57 51.35
2.58 6.00 1.32 0.42 44.02 40.36 46.92 51.90
2.54 5.91 1.31 0.40 44.08 40.42 46.94 52.08
2.69 6.32 1.34 0.40 43.84 40.13 46.86 52.14
2.49 5.79 1.27 0.41 44.17 40.50 47.10 51.98
2.67 6.15 1.39 0.47 43.87 40.24 46.69 51.46
2.63 6.09 1.34 0.47 43.93 40.29 46.86 51.46
2.56 5.97 1.25 0.45 44.06 40.37 47.18 51.62
2.51 5.84 1.26 0.44 44.13 40.47 47.12 51.70
2.51 5.80 1.28 0.43 44.14 40.50 47.06 51.78
2.42 5.62 1.30 0.36 44.29 40.65 47.01 52.60
2.50 5.76 1.36 0.36 44.16 40.53 46.78 52.54
2.77 6.40 1.51 0.40 43.71 40.08 46.34 52.11
2.91 6.70 1.61 0.41 43.50 39.88 46.05 52.02
3.06 7.00 1.69 0.47 43.29 39.68 45.85 51.43
3.37 7.76 1.85 0.51 42.86 39.24 45.47 51.03
3.42 7.91 1.85 0.51 42.79 39.15 45.46 51.06
3.31 7.58 1.84 0.49 42.94 39.34 45.47 51.20
3.37 7.73 1.84 0.55 42.86 39.26 45.49 50.76
3.01 6.88 1.68 0.47 43.35 39.76 45.89 51.36
2.62 5.90 1.51 0.46 43.95 40.43 46.35 51.51
2.58 5.81 1.46 0.48 44.01 40.49 46.49 51.34
2.34 5.19 1.40 0.44 44.44 40.98 46.67 51.71
2.08 4.53 1.30 0.40 44.97 41.58 46.99 52.12
2.04 4.50 1.26 0.36 45.04 41.60 47.16 52.55
1.66 3.60 1.09 0.28 45.95 42.58 47.75 53.65
1.70 3.65 1.11 0.33 45.84 42.51 47.69 52.99
1.66 3.48 1.04 0.47 45.92 42.72 47.95 51.44
2.10 4.36 1.28 0.66 44.92 41.75 47.07 49.92
2.16 4.41 1.37 0.69 44.79 41.69 46.75 49.70
1.98 4.00 1.29 0.65 45.17 42.12 47.04 50.00
1.96 3.99 1.28 0.61 45.20 42.12 47.06 50.25
1.90 3.89 1.23 0.59 45.34 42.24 47.22 50.39
2.02 4.21 1.27 0.58 45.09 41.90 47.11 50.48
2.16 4.53 1.33 0.63 44.79 41.58 46.89 50.17
2.24 4.62 1.46 0.64 44.63 41.49 46.49 50.09
2.11 4.34 1.37 0.61 44.89 41.76 46.76 50.26
1.98 4.10 1.26 0.57 45.17 42.01 47.13 50.56
2.03 4.28 1.25 0.57 45.06 41.83 47.16 50.59
1.98 4.12 1.25 0.57 45.17 41.99 47.17 50.56
2.08 4.35 1.30 0.57 44.97 41.76 47.02 50.52
2.09 4.37 1.33 0.58 44.94 41.74 46.89 50.52
2.17 4.51 1.34 0.67 44.77 41.60 46.87 49.89
2.71 5.39 1.91 0.83 43.82 40.83 45.34 48.94
2.79 5.69 1.86 0.81 43.69 40.59 45.45 49.04
3.11 6.18 2.16 1.00 43.21 40.24 44.80 48.15
3.29 6.38 2.18 1.32 42.96 40.09 44.75 46.91
3.55 6.38 2.49 1.78 42.63 40.09 44.16 45.62
3.67 6.43 2.56 2.01 42.49 40.05 44.05 45.11
3.50 6.00 2.46 2.02 42.70 40.36 44.22 45.07
3.02 4.91 2.22 1.93 43.34 41.23 44.68 45.27
2.55 3.96 1.87 1.82 44.07 42.16 45.43 45.53
2.61 4.11 1.93 1.80 43.96 42.00 45.29 45.57
2.70 4.14 1.96 2.01 43.82 41.96 45.21 45.11
2.64 4.08 1.94 1.89 43.93 42.03 45.26 45.37
2.61 4.05 1.88 1.91 43.97 42.06 45.39 45.33
2.88 4.48 2.21 1.96 43.53 41.62 44.70 45.21
3.23 5.23 2.51 1.94 43.04 40.95 44.14 45.25
3.25 5.25 2.45 2.05 43.01 40.93 44.23 45.02
3.60 5.98 2.68 2.14 42.57 40.36 43.84 44.83
3.68 6.06 2.67 2.30 42.47 40.30 43.86 44.51
3.76 6.24 2.68 2.38 42.37 40.18 43.86 44.37
3.92 6.55 2.81 2.40 42.20 39.97 43.64 44.33
3.69 6.12 2.62 2.33 42.46 40.27 43.94 44.46
3.79 6.27 2.84 2.25 42.35 40.16 43.60 44.60
3.90 6.71 2.87 2.11 42.22 39.86 43.56 44.88
3.93 6.63 2.94 2.23 42.18 39.91 43.45 44.66
3.82 6.24 2.96 2.26 42.31 40.18 43.41 44.59
3.67 6.14 2.65 2.21 42.49 40.25 43.89 44.70
3.99 6.68 3.11 2.19 42.12 39.88 43.20 44.73
3.86 6.40 2.94 2.23 42.27 40.07 43.45 44.64
4.35 7.50 3.20 2.36 41.74 39.38 43.08 44.41
4.69 7.83 3.36 2.88 41.42 39.20 42.87 43.53
5.05 8.50 3.65 2.98 41.10 38.84 42.51 43.39
5.17 9.04 3.56 2.92 40.99 38.57 42.61 43.48
5.39 9.35 3.89 2.92 40.82 38.42 42.24 43.47
6.15 10.92 4.20 3.32 40.25 37.75 41.90 42.93
7.04 12.77 4.75 3.60 39.65 37.07 41.36 42.57
6.78 12.21 4.63 3.51 39.82 37.27 41.47 42.67
7.24 13.11 4.94 3.68 39.53 36.96 41.20 42.47
6.38 11.56 4.21 3.38 40.08 37.50 41.88 42.84
5.28 9.52 3.30 3.01 40.91 38.34 42.94 43.35
5.68 10.66 3.52 2.86 40.59 37.85 42.66 43.57
5.33 10.24 3.35 2.39 40.87 38.03 42.88 44.35
4.75 8.93 3.25 2.07 41.37 38.62 43.01 44.98
4.62 9.09 2.87 1.92 41.48 38.55 43.55 45.30
4.25 8.43 2.61 1.71 41.85 38.87 43.96 45.81
4.16 8.30 2.47 1.72 41.94 38.94 44.20 45.79
3.91 7.86 2.31 1.55 42.21 39.18 44.49 46.24
4.50 9.21 2.58 1.71 41.60 38.48 44.00 45.80
4.18 8.37 2.59 1.56 41.93 38.90 43.99 46.20
4.16 8.53 2.45 1.49 41.94 38.82 44.23 46.40
3.98 8.34 2.24 1.35 42.13 38.92 44.63 46.82
4.34 8.96 2.58 1.48 41.76 38.61 44.02 46.43
4.42 9.01 2.59 1.68 41.67 38.59 44.00 45.88
4.39 8.96 2.61 1.61 41.70 38.61 43.96 46.06
3.68 7.52 2.16 1.37 42.47 39.37 44.79 46.77
3.76 7.82 2.14 1.31 42.38 39.20 44.82 46.95
4.11 8.36 2.42 1.55 41.99 38.91 44.29 46.23
4.28 8.53 2.50 1.82 41.81 38.82 44.16 45.53
4.48 9.13 2.57 1.74 41.62 38.53 44.04 45.73
4.40 9.07 2.51 1.64 41.69 38.56 44.13 45.99
4.70 9.87 2.63 1.60 41.41 38.19 43.93 46.08
4.79 10.29 2.62 1.48 41.32 38.00 43.95 46.43
4.82 10.27 2.57 1.64 41.30 38.01 44.04 45.98
5.27 11.18 2.91 1.70 40.92 37.65 43.48 45.82
5.78 12.59 3.06 1.69 40.51 37.13 43.26 45.84
5.88 12.86 3.10 1.67 40.44 37.04 43.22 45.89
5.43 12.07 2.75 1.46 40.79 37.32 43.74 46.47
4.82 10.66 2.52 1.28 41.30 37.85 44.12 47.03
4.20 9.36 2.08 1.13 41.90 38.42 44.95 47.58
3.65 8.26 1.79 0.89 42.51 38.96 45.59 48.62
3.28 7.44 1.66 0.74 42.97 39.42 45.92 49.40
3.03 6.84 1.60 0.66 43.32 39.78 46.10 49.96
2.92 6.63 1.49 0.63 43.48 39.91 46.39 50.12
2.53 5.76 1.34 0.50 44.09 40.52 46.86 51.15
2.53 5.80 1.34 0.45 44.10 40.49 46.88 51.59
2.50 5.77 1.28 0.45 44.16 40.52 47.07 51.62
2.54 5.80 1.32 0.50 44.08 40.50 46.93 51.14
2.61 5.80 1.42 0.61 43.96 40.50 46.60 50.28
2.55 5.69 1.38 0.59 44.06 40.58 46.73 50.46
2.30 5.20 1.21 0.50 44.51 40.97 47.31 51.16
2.34 5.31 1.23 0.49 44.43 40.88 47.23 51.23
2.29 5.15 1.23 0.48 44.54 41.02 47.24 51.27
2.42 5.46 1.28 0.53 44.28 40.76 47.05 50.86
2.58 5.76 1.39 0.58 44.02 40.53 46.71 50.51
2.48 5.56 1.32 0.56 44.18 40.68 46.92 50.68
2.26 5.05 1.20 0.52 44.60 41.10 47.34 51.00
2.30 5.18 1.19 0.53 44.51 40.99 47.37 50.88
2.38 5.38 1.22 0.53 44.37 40.82 47.26 50.88
2.25 5.10 1.15 0.49 44.61 41.06 47.51 51.20
2.82 6.35 1.39 0.72 43.63 40.10 46.69 49.55
3.25 7.12 1.67 0.97 43.01 39.60 45.90 48.27
3.68 8.04 1.88 1.13 42.47 39.08 45.39 47.61
3.72 7.96 2.01 1.20 42.42 39.12 45.11 47.33
4.33 9.17 2.35 1.46 41.77 38.51 44.43 46.50
4.91 10.37 2.67 1.68 41.22 37.97 43.86 45.88
5.94 12.53 3.43 1.88 40.39 37.15 42.78 45.39
5.47 11.51 3.16 1.76 40.75 37.52 43.14 45.67
5.43 11.53 3.03 1.74 40.78 37.51 43.31 45.73
4.81 10.25 2.65 1.53 41.31 38.02 43.90 46.29
4.77 10.11 2.70 1.51 41.34 38.08 43.82 46.34
3.97 8.31 2.24 1.36 42.14 38.94 44.63 46.79
4.06 8.16 2.35 1.66 42.05 39.01 44.42 45.92
3.96 7.85 2.45 1.59 42.15 39.18 44.23 46.11
3.46 6.81 2.07 1.50 42.74 39.80 44.98 46.36
3.16 6.07 1.93 1.49 43.13 40.30 45.27 46.40
3.23 6.14 1.99 1.57 43.04 40.25 45.14 46.19
