5.98 12.72 3.11 2.11 40.36 37.08 43.20 44.89
6.34 13.82 2.98 2.22 40.11 36.73 43.38 44.66
6.54 14.39 3.05 2.17 39.98 36.55 43.29 44.77
6.01 13.08 2.93 2.03 40.34 36.97 43.46 45.06
6.69 14.55 3.30 2.23 39.87 36.50 42.95 44.64
6.93 15.30 3.24 2.26 39.72 36.28 43.02 44.59
7.32 16.06 3.48 2.41 39.49 36.07 42.72 44.31
7.99 17.60 3.83 2.53 39.11 35.67 42.29 44.10
7.28 16.07 3.41 2.37 39.51 36.07 42.80 44.39
7.20 15.61 3.40 2.58 39.56 36.20 42.81 44.01
8.29 17.74 3.83 3.30 38.95 35.64 42.30 42.95
7.27 16.00 3.18 2.63 39.52 36.09 43.11 43.94
7.73 17.26 3.42 2.51 39.25 35.76 42.79 44.13
9.10 20.23 4.24 2.82 38.54 35.07 41.85 43.62
8.70 19.54 3.80 2.76 38.74 35.22 42.33 43.73
8.70 19.69 3.75 2.66 38.74 35.19 42.39 43.89
8.74 20.17 3.80 2.24 38.72 35.08 42.33 44.62
9.39 21.77 4.07 2.33 38.40 34.75 42.03 44.45
9.65 22.20 4.16 2.59 38.28 34.67 41.94 44.00
9.77 22.63 4.02 2.67 38.23 34.58 42.08 43.86
10.00 22.81 4.58 2.60 38.13 34.55 41.53 43.98
8.18 18.90 3.41 2.22 39.01 35.37 42.81 44.67
7.20 17.04 2.96 1.59 39.56 35.82 43.41 46.12
5.82 13.73 2.45 1.26 40.48 36.75 44.23 47.12
5.09 12.25 2.14 0.89 41.06 37.25 44.83 48.63
4.80 11.80 1.86 0.75 41.31 37.41 45.43 49.36
4.58 11.45 1.56 0.74 41.52 37.54 46.20 49.43
4.82 11.82 1.75 0.88 41.30 37.40 45.70 48.70
4.73 11.53 1.77 0.88 41.39 37.51 45.66 48.70
4.72 11.56 1.66 0.92 41.39 37.50 45.92 48.48
4.70 11.43 1.73 0.93 41.41 37.55 45.74 48.43
5.01 12.10 1.93 1.00 41.13 37.30 45.28 48.14
5.11 12.38 1.89 1.07 41.04 37.20 45.36 47.83
5.33 12.95 2.00 1.04 40.86 37.01 45.12 47.96
4.99 12.11 1.92 0.94 41.15 37.30 45.30 48.41
5.03 12.33 1.81 0.93 41.12 37.22 45.55 48.44
4.93 12.04 1.87 0.90 41.20 37.33 45.41 48.60
5.03 12.27 1.92 0.89 41.12 37.24 45.31 48.63
4.76 11.62 1.81 0.85 41.36 37.48 45.55 48.85
4.25 10.56 1.52 0.66 41.85 37.89 46.31 49.95
4.20 10.66 1.42 0.51 41.90 37.85 46.62 51.04
4.40 11.13 1.58 0.50 41.69 37.66 46.15 51.18
4.35 10.78 1.62 0.66 41.75 37.81 46.04 49.97
4.76 11.62 1.90 0.77 41.35 37.48 45.35 49.26
5.21 12.63 2.25 0.76 40.96 37.12 44.62 49.33
5.15 12.47 2.22 0.78 41.01 37.17 44.68 49.19
5.01 12.15 2.17 0.71 41.13 37.29 44.76 49.59
5.49 13.37 2.42 0.69 40.73 36.87 44.29 49.74
5.75 13.97 2.60 0.67 40.54 36.68 43.99 49.85
5.61 13.49 2.51 0.83 40.64 36.83 44.14 48.94
5.54 13.25 2.57 0.79 40.70 36.91 44.03 49.18
5.52 13.41 2.30 0.84 40.71 36.86 44.51 48.88
5.40 13.13 2.29 0.76 40.81 36.95 44.53 49.30
4.72 11.52 1.93 0.72 41.39 37.52 45.29 49.53
4.03 9.55 1.86 0.69 42.07 38.33 45.43 49.78
3.81 8.95 1.85 0.65 42.31 38.61 45.45 50.04
3.43 8.08 1.60 0.59 42.78 39.05 46.08 50.43
3.47 8.18 1.66 0.56 42.73 39.00 45.92 50.65
3.22 7.58 1.54 0.54 43.06 39.33 46.27 50.83
3.34 7.79 1.62 0.61 42.89 39.21 46.04 50.29
2.14 4.47 1.41 0.54 44.83 41.63 46.64 50.80
2.10 4.34 1.41 0.55 44.91 41.76 46.64 50.76
1.81 3.69 1.27 0.47 45.56 42.46 47.11 51.43
1.64 3.44 1.12 0.35 45.99 42.76 47.65 52.66
1.50 3.13 1.01 0.35 46.37 43.17 48.09 52.67
1.58 3.29 1.07 0.38 46.15 42.96 47.84 52.37
1.78 3.66 1.16 0.50 45.63 42.49 47.46 51.16
1.71 3.55 1.11 0.47 45.79 42.63 47.67 51.36
1.57 3.21 1.04 0.45 46.18 43.07 47.95 51.57
1.57 3.31 1.02 0.38 46.18 42.93 48.07 52.41
1.51 3.18 0.99 0.36 46.34 43.11 48.17 52.53
1.46 3.07 0.96 0.34 46.50 43.26 48.33 52.78
1.54 3.13 1.05 0.44 46.25 43.17 47.92 51.64
1.48 3.01 1.02 0.41 46.43 43.35 48.05 51.95
1.50 3.11 0.98 0.42 46.37 43.21 48.23 51.89
1.81 3.67 1.27 0.51 45.54 42.48 47.10 51.04
2.10 4.11 1.46 0.74 44.90 41.99 46.49 49.44
2.42 4.47 1.73 1.06 44.29 41.63 45.75 47.86
2.62 4.82 1.69 1.35 43.95 41.30 45.86 46.85
2.93 5.31 1.89 1.61 43.45 40.88 45.36 46.06
3.06 5.43 2.02 1.75 43.27 40.78 45.09 45.71
2.99 5.09 2.03 1.86 43.37 41.07 45.06 45.45
2.93 4.90 2.06 1.81 43.47 41.23 44.99 45.55
2.73 4.47 1.91 1.80 43.77 41.63 45.33 45.57
2.70 4.39 1.96 1.73 43.82 41.70 45.20 45.74
2.53 4.15 1.68 1.75 44.11 41.95 45.87 45.71
2.67 4.21 1.95 1.85 43.87 41.88 45.22 45.47
2.53 4.04 1.76 1.81 44.09 42.07 45.67 45.57
2.41 3.78 1.66 1.78 44.32 42.36 45.93 45.63
2.39 3.81 1.60 1.75 44.35 42.33 46.08 45.70
2.50 4.07 1.57 1.85 44.16 42.03 46.18 45.46
2.76 4.65 1.77 1.87 43.72 41.46 45.66 45.42
2.77 4.35 1.85 2.09 43.72 41.75 45.46 44.93
2.70 4.34 1.82 1.92 43.83 41.76 45.53 45.29
2.48 3.90 1.56 1.98 44.19 42.22 46.22 45.17
2.41 3.86 1.53 1.85 44.31 42.27 46.29 45.46
2.23 3.57 1.36 1.77 44.65 42.61 46.80 45.66
2.90 4.75 1.98 1.98 43.51 41.37 45.17 45.17
2.93 4.77 1.97 2.04 43.47 41.34 45.19 45.04
2.96 4.72 2.11 2.05 43.42 41.39 44.89 45.02
2.81 4.41 2.05 1.98 43.64 41.68 45.01 45.17
2.95 4.70 2.14 2.01 43.44 41.41 44.82 45.11
3.23 5.10 2.39 2.20 43.04 41.05 44.35 44.70
3.29 5.36 2.50 2.00 42.96 40.84 44.14 45.13
3.52 5.87 2.81 1.87 42.67 40.44 43.65 45.41
3.77 6.50 2.76 2.05 42.37 40.00 43.73 45.01
4.08 7.12 2.82 2.30 42.02 39.60 43.62 44.52
3.94 6.67 2.84 2.32 42.17 39.89 43.60 44.47
3.97 6.88 2.74 2.29 42.15 39.76 43.76 44.53
4.71 8.34 3.30 2.50 41.40 38.92 42.94 44.15
4.89 8.56 3.37 2.73 41.24 38.80 42.86 43.77
4.59 8.05 3.04 2.69 41.51 39.07 43.31 43.84
4.54 8.07 2.97 2.60 41.55 39.06 43.41 43.98
4.23 7.67 2.63 2.41 41.86 39.29 43.93 44.31
4.00 7.29 2.45 2.26 42.11 39.50 44.23 44.60
3.92 6.91 2.58 2.27 42.20 39.74 44.02 44.58
3.58 6.41 2.13 2.22 42.58 40.07 44.84 44.67
3.04 5.52 1.76 1.83 43.31 40.71 45.68 45.50
2.66 5.05 1.51 1.41 43.89 41.10 46.34 46.65
2.79 5.36 1.58 1.43 43.67 40.84 46.14 46.56
2.89 5.57 1.63 1.46 43.53 40.68 46.01 46.50
3.15 6.24 1.76 1.44 43.16 40.19 45.67 46.56
3.05 6.11 1.69 1.35 43.30 40.28 45.86 46.83
2.83 5.63 1.61 1.26 43.62 40.64 46.08 47.14
2.75 5.51 1.53 1.20 43.75 40.73 46.27 47.36
2.80 5.51 1.60 1.28 43.67 40.73 46.09 47.05
2.76 5.44 1.61 1.22 43.72 40.78 46.05 47.26
2.94 5.81 1.66 1.34 43.46 40.50 45.94 46.86
2.90 5.75 1.63 1.31 43.52 40.54 46.00 46.96
2.87 5.68 1.61 1.34 43.55 40.60 46.08 46.88
2.83 5.70 1.51 1.28 43.62 40.58 46.34 47.07
2.76 5.60 1.57 1.11 43.73 40.65 46.18 47.67
2.93 6.01 1.64 1.14 43.48 40.35 46.00 47.56
3.11 6.44 1.71 1.18 43.21 40.06 45.81 47.42
3.23 6.73 1.76 1.20 43.05 39.86 45.67 47.35
3.13 6.44 1.73 1.22 43.18 40.05 45.75 47.28
3.56 7.45 1.95 1.29 42.62 39.42 45.23 47.02
3.86 8.23 2.05 1.30 42.27 38.99 45.02 46.97
4.19 9.07 2.20 1.29 41.92 38.56 44.71 47.02
4.20 9.21 2.19 1.20 41.90 38.49 44.73 47.34
4.30 9.44 2.28 1.18 41.81 38.39 44.56 47.41
3.95 8.69 2.07 1.10 42.17 38.75 44.98 47.71
3.53 7.83 1.79 0.99 42.65 39.20 45.60 48.17
3.14 6.89 1.59 0.94 43.16 39.75 46.12 48.39
3.09 6.83 1.57 0.86 43.24 39.79 46.17 48.78
2.68 5.99 1.38 0.67 43.85 40.35 46.72 49.87
2.27 5.13 1.18 0.51 44.56 41.04 47.41 51.03
2.22 5.06 1.16 0.45 44.67 41.09 47.50 51.60
2.24 5.08 1.19 0.44 44.63 41.07 47.37 51.65
2.27 5.17 1.21 0.45 44.56 41.00 47.30 51.63
2.31 5.19 1.29 0.46 44.49 40.98 47.01 51.51
2.36 5.34 1.29 0.45 44.40 40.86 47.03 51.57
2.25 5.10 1.22 0.44 44.61 41.06 47.26 51.75
1.98 4.45 1.12 0.37 45.17 41.64 47.65 52.50
1.97 4.44 1.10 0.37 45.19 41.66 47.73 52.50
2.13 4.92 1.13 0.35 44.83 41.21 47.58 52.66
2.20 4.96 1.19 0.45 44.71 41.18 47.39 51.63
2.20 4.92 1.20 0.48 44.71 41.22 47.32 51.27
2.17 4.88 1.14 0.46 44.78 41.24 47.54 51.46
2.04 4.61 1.08 0.44 45.03 41.50 47.81 51.67
2.01 4.52 1.07 0.43 45.11 41.59 47.83 51.78
1.92 4.28 1.09 0.39 45.30 41.82 47.74 52.21
1.89 4.22 1.11 0.34 45.37 41.87 47.70 52.85
2.04 4.58 1.19 0.36 45.03 41.52 47.37 52.57
2.22 4.95 1.31 0.40 44.66 41.18 46.94 52.15
2.36 5.27 1.37 0.43 44.41 40.91 46.77 51.82
2.51 5.61 1.47 0.44 44.14 40.64 46.46 51.71
2.61 5.85 1.52 0.45 43.97 40.46 46.31 51.57
2.72 6.17 1.53 0.46 43.79 40.23 46.30 51.50
2.90 6.57 1.65 0.50 43.50 39.96 45.97 51.15
2.80 6.28 1.63 0.51 43.65 40.15 46.02 51.09
2.65 5.91 1.55 0.49 43.90 40.42 46.24 51.24
2.35 5.21 1.39 0.45 44.42 40.96 46.71 51.63
2.22 4.87 1.37 0.43 44.66 41.26 46.75 51.77
2.09 4.52 1.32 0.44 44.92 41.58 46.92 51.72
1.91 4.13 1.20 0.38 45.33 41.97 47.32 52.29
1.74 3.81 1.08 0.33 45.73 42.32 47.81 52.92
1.50 3.25 1.01 0.26 46.35 43.01 48.09 53.98
1.48 3.13 0.99 0.33 46.42 43.18 48.18 52.93
1.49 3.09 0.97 0.43 46.39 43.24 48.28 51.80
1.64 3.30 1.09 0.53 45.98 42.95 47.75 50.89
1.73 3.44 1.16 0.59 45.76 42.77 47.48 50.46
1.65 3.26 1.12 0.58 45.95 43.00 47.66 50.47
1.59 3.13 1.06 0.57 46.12 43.17 47.86 50.54
1.59 3.12 1.08 0.55 46.13 43.19 47.78 50.71
1.67 3.35 1.13 0.53 45.90 42.88 47.59 50.84
1.83 3.66 1.23 0.60 45.51 42.50 47.24 50.32
1.82 3.57 1.29 0.62 45.52 42.60 47.04 50.24
1.65 3.28 1.11 0.57 45.95 42.97 47.67 50.60
1.61 3.22 1.06 0.55 46.07 43.05 47.88 50.76
1.58 3.17 1.05 0.53 46.14 43.12 47.92 50.92
1.60 3.24 1.05 0.51 46.09 43.03 47.91 51.08
1.63 3.28 1.10 0.51 46.01 42.98 47.73 51.06
1.64 3.34 1.05 0.53 45.98 42.89 47.90 50.91
1.73 3.45 1.12 0.63 45.75 42.75 47.65 50.16
2.19 4.39 1.49 0.68 44.73 41.70 46.39 49.80
2.15 4.24 1.48 0.75 44.79 41.86 46.43 49.37
2.62 5.06 1.77 1.04 43.95 41.09 45.66 47.96
2.75 5.11 1.89 1.25 43.74 41.05 45.36 47.16
2.90 5.01 1.97 1.74 43.50 41.13 45.18 45.73
3.07 5.18 2.06 1.98 43.26 40.99 44.99 45.18
2.90 4.71 2.07 1.91 43.51 41.40 44.97 45.32
2.43 3.82 1.72 1.75 44.28 42.31 45.79 45.71
2.26 3.49 1.62 1.66 44.59 42.70 46.03 45.93
2.19 3.45 1.53 1.58 44.74 42.76 46.27 46.16
2.29 3.51 1.66 1.72 44.52 42.68 45.93 45.78
2.29 3.57 1.61 1.69 44.53 42.60 46.05 45.86
2.31 3.58 1.60 1.76 44.49 42.59 46.10 45.68
2.69 4.19 2.11 1.77 43.83 41.91 44.89 45.65
3.03 4.75 2.46 1.89 43.31 41.36 44.23 45.37
2.80 4.47 2.16 1.78 43.66 41.63 44.79 45.62
2.98 4.85 2.26 1.85 43.38 41.28 44.58 45.47
2.96 4.88 2.16 1.85 43.41 41.24 44.79 45.46
3.08 4.99 2.25 1.99 43.25 41.15 44.61 45.15
3.28 5.45 2.43 1.96 42.97 40.77 44.27 45.21
3.12 5.11 2.31 1.92 43.20 41.04 44.49 45.30
3.16 5.19 2.40 1.89 43.13 40.98 44.32 45.36
3.30 5.46 2.50 1.94 42.95 40.76 44.15 45.26
3.30 5.34 2.61 1.95 42.95 40.85 43.97 45.22
3.28 5.31 2.49 2.02 42.98 40.88 44.16 45.07
3.10 5.20 2.33 1.79 43.21 40.98 44.46 45.60
3.40 5.69 2.59 1.90 42.82 40.59 43.99 45.33
3.30 5.38 2.53 1.99 42.95 40.82 44.10 45.14
3.78 6.41 2.76 2.16 42.36 40.07 43.71 44.79
3.82 6.35 2.79 2.31 42.31 40.11 43.67 44.49
4.29 7.24 3.20 2.44 41.81 39.54 43.08 44.26
4.27 7.35 2.86 2.60 41.83 39.47 43.58 44.00
4.37 7.30 3.20 2.61 41.73 39.50 43.08 43.96
5.01 8.72 3.50 2.79 41.14 38.73 42.69 43.67
5.44 9.49 3.74 3.11 40.77 38.36 42.40 43.21
5.81 10.26 3.84 3.34 40.49 38.02 42.29 42.89
5.60 9.81 3.69 3.29 40.66 38.22 42.46 42.96
5.18 9.03 3.37 3.13 41.00 38.59 42.85 43.17
4.78 8.40 3.07 2.87 41.34 38.90 43.26 43.56
4.45 8.02 2.88 2.46 41.65 39.11 43.54 44.22
4.51 8.29 2.88 2.35 41.60 38.95 43.54 44.43
4.25 7.84 2.80 2.12 41.85 39.20 43.67 44.87
3.90 7.48 2.39 1.85 42.22 39.40 44.36 45.47
3.77 7.30 2.29 1.72 42.38 39.52 44.53 45.80
3.48 6.69 2.13 1.62 42.72 39.89 44.85 46.04
3.39 6.57 2.13 1.46 42.84 39.96 44.85 46.50
3.38 6.62 2.09 1.42 42.85 39.92 44.93 46.63
3.26 6.32 2.06 1.39 43.00 40.13 44.99 46.70
3.20 6.30 2.06 1.24 43.08 40.14 44.99 47.18
3.14 6.36 1.86 1.21 43.16 40.10 45.44 47.29
3.29 6.57 2.03 1.28 42.95 39.96 45.05 47.07
3.22 6.34 2.02 1.32 43.05 40.11 45.09 46.94
3.28 6.55 2.02 1.26 42.98 39.97 45.08 47.12
3.00 6.00 1.81 1.20 43.36 40.35 45.56 47.32
2.93 5.81 1.80 1.18 43.46 40.49 45.59 47.41
2.88 5.71 1.75 1.17 43.54 40.56 45.70 47.45
3.13 6.28 1.82 1.29 43.18 40.15 45.52 47.02
3.36 6.81 1.98 1.29 42.87 39.80 45.16 47.02
3.24 6.62 1.84 1.27 43.02 39.92 45.47 47.11
3.42 7.00 2.02 1.25 42.79 39.68 45.09 47.14
3.75 7.86 2.10 1.29 42.39 39.18 44.90 47.03
3.53 7.37 1.97 1.26 42.66 39.46 45.20 47.15
4.17 8.81 2.32 1.37 41.93 38.68 44.48 46.77
4.47 9.58 2.43 1.39 41.63 38.32 44.29 46.71
4.42 9.58 2.38 1.29 41.68 38.32 44.36 47.01
3.80 8.18 2.06 1.17 42.33 39.01 45.00 47.47
3.46 7.47 1.85 1.06 42.73 39.39 45.46 47.86
3.18 6.83 1.70 1.02 43.10 39.79 45.81 48.06
2.78 6.03 1.53 0.79 43.69 40.33 46.30 49.16
2.41 5.16 1.41 0.66 44.32 41.01 46.65 49.96
2.22 4.81 1.29 0.57 44.66 41.31 47.05 50.59
2.12 4.60 1.21 0.54 44.87 41.50 47.31 50.80
2.01 4.47 1.15 0.41 45.10 41.62 47.53 52.01
1.96 4.34 1.13 0.41 45.21 41.76 47.60 52.03
1.91 4.16 1.14 0.42 45.33 41.94 47.55 51.96
1.97 4.22 1.16 0.54 45.18 41.87 47.49 50.81
2.11 4.44 1.27 0.63 44.88 41.66 47.09 50.14
1.94 4.13 1.15 0.56 45.24 41.98 47.51 50.67
1.78 3.80 1.04 0.48 45.64 42.33 47.95 51.29
1.75 3.71 1.05 0.48 45.71 42.44 47.91 51.34
1.75 3.73 1.03 0.47 45.71 42.42 47.99 51.38
1.95 4.16 1.13 0.55 45.23 41.94 47.58 50.72
2.03 4.31 1.20 0.56 45.07 41.79 47.31 50.65
1.92 4.09 1.13 0.53 45.31 42.01 47.60 50.91
1.84 3.93 1.07 0.53 45.48 42.19 47.86 50.89
1.82 3.88 1.08 0.51 45.52 42.24 47.80 51.05
1.83 3.90 1.05 0.53 45.51 42.22 47.91 50.90
1.99 4.30 1.11 0.56 45.14 41.80 47.65 50.67
2.37 5.11 1.27 0.74 44.38 41.05 47.10 49.45
2.52 5.37 1.34 0.86 44.11 40.83 46.86 48.82
2.82 5.95 1.49 1.03 43.63 40.39 46.40 48.01
3.45 7.18 1.89 1.27 42.76 39.57 45.37 47.08
3.54 7.23 2.02 1.39 42.64 39.55 45.09 46.71
3.91 8.02 2.24 1.47 42.22 39.10 44.64 46.47
4.55 9.32 2.66 1.69 41.55 38.45 43.88 45.86
4.27 8.76 2.46 1.58 41.83 38.71 44.22 46.14
4.26 8.91 2.44 1.44 41.84 38.64 44.26 46.54
3.58 7.47 2.01 1.26 42.59 39.41 45.09 47.12
3.61 7.46 2.11 1.28 42.56 39.41 44.89 47.08
3.34 6.65 2.00 1.36 42.90 39.91 45.13 46.79
3.15 6.16 1.85 1.41 43.16 40.24 45.45 46.63
3.25 6.35 1.97 1.43 43.01 40.11 45.18 46.58
2.98 5.77 1.79 1.37 43.40 40.53 45.60 46.76
2.57 4.79 1.62 1.31 44.03 41.34 46.04 46.97
2.77 4.95 1.80 1.55 43.72 41.20 45.59 46.22
2.78 5.20 1.69 1.45 43.78 41.10 45.91 46.52
3.06 5.96 1.75 1.45 43.39 40.53 45.75 46.54
2.95 5.63 1.80 1.42 43.50 40.74 45.62 46.61
2.93 5.68 1.76 1.37 43.55 40.72 45.73 46.80
2.91 5.68 1.76 1.30 43.61 40.75 45.76 47.03
2.86 5.63 1.68 1.28 43.69 40.82 45.94 47.09
3.01 5.94 1.76 1.34 43.44 40.53 45.73 46.91
3.18 6.28 1.86 1.39 43.23 40.31 45.48 46.74
3.27 6.40 1.90 1.51 43.08 40.19 45.41 46.37
3.31 6.40 1.96 1.57 43.01 40.18 45.23 46.20
3.45 6.80 1.93 1.61 42.84 39.93 45.33 46.08
3.32 6.66 1.84 1.47 43.01 40.03 45.52 46.50
3.14 6.30 1.83 1.30 43.22 40.23 45.51 47.02
3.56 7.21 2.07 1.41 42.67 39.63 44.99 46.67
3.68 7.51 2.09 1.44 42.54 39.46 44.96 46.59
3.64 7.47 2.07 1.37 42.58 39.48 44.99 46.80
3.62 7.63 2.08 1.14 42.59 39.36 44.96 47.60
4.08 8.88 2.18 1.18 42.06 38.69 44.76 47.45
4.38 9.42 2.40 1.31 41.74 38.42 44.34 46.99
4.33 9.20 2.39 1.39 41.80 38.53 44.37 46.75
3.93 8.30 2.25 1.25 42.21 38.96 44.62 47.19
3.51 7.43 1.94 1.16 42.70 39.44 45.27 47.53
2.93 6.24 1.63 0.93 43.48 40.20 46.02 48.47
2.70 5.75 1.49 0.85 43.84 40.55 46.40 48.87
2.31 4.87 1.31 0.76 44.49 41.26 46.97 49.34
2.10 4.45 1.22 0.63 44.91 41.65 47.28 50.12
2.00 4.26 1.09 0.65 45.13 41.84 47.77 50.01
2.07 4.38 1.13 0.70 44.98 41.72 47.62 49.68
2.04 4.28 1.13 0.70 45.04 41.82 47.59 49.66
2.16 4.56 1.19 0.74 44.79 41.55 47.39 49.44
2.49 5.41 1.28 0.78 44.28 40.97 47.09 49.22
2.62 5.69 1.36 0.82 44.08 40.79 46.82 49.00
2.65 5.76 1.36 0.82 44.05 40.75 46.81 49.02
2.64 5.79 1.34 0.79 44.05 40.72 46.87 49.15
2.58 5.61 1.33 0.79 44.17 40.88 46.93 49.13
2.66 5.89 1.30 0.78 44.03 40.64 47.01 49.22
2.66 5.88 1.32 0.77 44.03 40.65 46.97 49.26
2.60 5.77 1.31 0.72 44.15 40.75 47.00 49.58
2.49 5.52 1.27 0.69 44.31 40.92 47.12 49.73
2.28 5.16 1.10 0.58 44.70 41.21 47.77 50.51
2.06 4.83 0.95 0.41 45.17 41.53 48.42 52.01
2.04 4.79 0.95 0.36 45.26 41.60 48.40 52.54
2.12 4.85 1.05 0.47 45.03 41.50 47.98 51.45
2.39 5.32 1.27 0.59 44.50 41.09 47.14 50.40
2.53 5.60 1.38 0.60 44.28 40.89 46.80 50.36
2.61 5.75 1.44 0.63 44.12 40.74 46.60 50.12
2.47 5.38 1.40 0.63 44.37 41.05 46.73 50.19
2.60 5.65 1.55 0.60 44.14 40.83 46.30 50.38
2.84 6.22 1.70 0.60 43.74 40.39 45.86 50.38
2.79 6.11 1.63 0.62 43.79 40.42 46.03 50.24
2.84 6.23 1.63 0.66 43.74 40.37 46.06 49.96
2.82 6.15 1.62 0.69 43.75 40.41 46.06 49.74
2.64 5.84 1.47 0.62 44.03 40.64 46.48 50.25
2.47 5.36 1.39 0.65 44.31 40.98 46.74 50.01
2.16 4.59 1.31 0.59 44.87 41.65 46.98 50.45
2.00 4.19 1.24 0.56 45.19 42.00 47.22 50.65
1.79 3.74 1.09 0.52 45.68 42.49 47.79 50.95
1.72 3.61 1.05 0.50 45.84 42.65 47.94 51.14
1.63 3.42 0.99 0.48 46.07 42.87 48.20 51.36
1.70 3.57 1.02 0.51 45.87 42.65 48.08 51.06
1.76 3.66 1.12 0.52 45.68 42.51 47.67 51.01
1.88 3.92 1.19 0.54 45.40 42.22 47.39 50.83
1.72 3.55 1.11 0.50 45.78 42.64 47.68 51.12
1.59 3.40 0.99 0.38 46.11 42.82 48.16 52.36
1.63 3.47 1.03 0.38 46.02 42.73 48.01 52.32
1.77 3.84 1.07 0.38 45.66 42.29 47.84 52.30
1.91 3.93 1.22 0.58 45.33 42.20 47.27 50.52
1.85 3.84 1.16 0.53 45.49 42.31 47.48 50.89
1.64 3.40 1.02 0.49 46.00 42.83 48.04 51.20
1.68 3.54 1.07 0.45 45.87 42.66 47.85 51.64
1.54 3.23 1.00 0.40 46.26 43.06 48.12 52.16
1.49 3.13 0.97 0.37 46.42 43.20 48.28 52.48
1.58 3.22 1.03 0.47 46.16 43.05 47.99 51.39
1.57 3.22 1.03 0.45 46.19 43.06 48.02 51.57
1.53 3.16 1.00 0.45 46.28 43.15 48.15 51.62
1.87 3.88 1.20 0.52 45.43 42.25 47.34 50.99
2.17 4.23 1.45 0.82 44.78 41.88 46.52 48.99
2.42 4.47 1.71 1.09 44.29 41.64 45.80 47.75
2.65 4.86 1.73 1.35 43.92 41.27 45.76 46.85
2.94 5.32 1.88 1.61 43.47 40.88 45.41 46.09
3.25 5.78 2.17 1.80 43.02 40.52 44.77 45.59
3.18 5.45 2.19 1.91 43.12 40.78 44.75 45.33
3.00 5.03 2.09 1.89 43.36 41.13 44.92 45.38
2.92 4.81 2.03 1.93 43.48 41.32 45.07 45.29
2.83 4.64 2.04 1.81 43.61 41.47 45.03 45.56
2.82 4.53 1.95 1.99 43.63 41.57 45.25 45.15
2.77 4.37 1.95 2.00 43.71 41.73 45.24 45.13
2.83 4.50 2.01 1.98 43.62 41.61 45.10 45.17
2.53 3.97 1.82 1.81 44.11 42.16 45.54 45.56
2.59 4.15 1.78 1.84 44.01 41.96 45.62 45.49
2.50 4.03 1.64 1.82 44.16 42.08 45.99 45.54
2.71 4.53 1.80 1.79 43.81 41.57 45.57 45.61
2.69 4.20 1.86 2.03 43.83 41.91 45.45 45.06
2.79 4.58 1.87 1.91 43.68 41.52 45.42 45.31
2.32 3.71 1.49 1.74 44.49 42.44 46.40 45.72
2.36 3.82 1.50 1.76 44.40 42.31 46.38 45.66
2.23 3.60 1.40 1.71 44.64 42.57 46.69 45.80
2.69 4.39 1.89 1.80 43.83 41.71 45.36 45.58
2.70 4.35 1.83 1.91 43.82 41.75 45.50 45.31
2.92 4.81 2.04 1.92 43.47 41.31 45.04 45.29
2.73 4.29 2.00 1.89 43.78 41.81 45.13 45.36
3.01 4.78 2.13 2.11 43.35 41.33 44.84 44.89
3.09 4.96 2.29 2.03 43.23 41.17 44.53 45.06
3.06 4.97 2.41 1.78 43.28 41.16 44.31 45.62
3.60 6.07 2.76 1.99 42.57 40.30 43.73 45.15
3.60 6.13 2.72 1.94 42.57 40.26 43.77 45.26
3.74 6.58 2.64 1.99 42.41 39.95 43.92 45.13
3.95 6.75 2.84 2.24 42.17 39.84 43.59 44.63
4.06 7.16 2.77 2.25 42.05 39.59 43.71 44.61
4.69 8.36 3.25 2.45 41.42 38.91 43.01 44.24
4.89 8.71 3.31 2.66 41.24 38.73 42.93 43.88
4.99 8.86 3.17 2.94 41.15 38.66 43.12 43.44
4.72 8.32 3.05 2.80 41.39 38.93 43.29 43.67
4.31 7.73 2.66 2.54 41.79 39.26 43.88 44.08
4.13 7.55 2.47 2.38 41.97 39.36 44.20 44.36
4.07 7.16 2.57 2.49 42.04 39.59 44.04 44.17
3.72 6.75 2.15 2.28 42.43 39.85 44.82 44.56
3.21 5.92 1.84 1.89 43.07 40.42 45.49 45.37
3.12 5.93 1.71 1.71 43.20 40.42 45.81 45.80
2.94 5.63 1.66 1.52 43.47 40.65 45.94 46.31
3.08 6.14 1.73 1.37 43.25 40.25 45.74 46.78
3.63 7.48 1.91 1.50 42.53 39.39 45.33 46.38
3.46 7.17 1.87 1.35 42.74 39.58 45.42 46.84
3.10 6.44 1.69 1.18 43.21 40.04 45.85 47.41
3.21 6.63 1.73 1.28 43.06 39.92 45.76 47.07
3.25 6.65 1.76 1.34 43.01 39.90 45.68 46.87
3.12 6.31 1.75 1.31 43.19 40.13 45.71 46.97
3.43 7.03 1.91 1.37 42.77 39.66 45.33 46.77
3.39 6.95 1.83 1.41 42.82 39.71 45.52 46.65
3.33 6.87 1.75 1.38 42.90 39.76 45.70 46.73
3.05 6.29 1.57 1.29 43.29 40.15 46.17 47.02
3.28 6.83 1.75 1.25 42.97 39.79 45.71 47.16
3.54 7.44 1.86 1.32 42.64 39.42 45.43 46.91
3.90 8.30 1.99 1.41 42.22 38.94 45.15 46.63
3.91 8.25 1.99 1.49 42.21 38.97 45.14 46.39
4.06 8.55 2.17 1.48 42.04 38.81 44.77 46.44
4.35 9.21 2.26 1.59 41.74 38.49 44.60 46.12
4.51 9.65 2.34 1.53 41.59 38.28 44.44 46.29
4.85 10.58 2.46 1.49 41.28 37.89 44.22 46.39
4.87 10.62 2.54 1.45 41.26 37.87 44.08 46.51
4.82 10.61 2.54 1.31 41.30 37.87 44.09 46.97
4.62 10.21 2.37 1.29 41.48 38.04 44.38 47.01
3.90 8.49 2.05 1.15 42.22 38.84 45.02 47.52
3.49 7.67 1.75 1.04 42.71 39.29 45.70 47.94
3.28 7.35 1.60 0.90 42.97 39.47 46.08 48.61
2.92 6.57 1.44 0.75 43.48 39.95 46.54 49.41
2.51 5.70 1.26 0.56 44.14 40.58 47.13 50.61
2.25 5.10 1.18 0.47 44.61 41.06 47.41 51.38
2.34 5.31 1.23 0.48 44.44 40.88 47.24 51.34
2.39 5.42 1.27 0.48 44.35 40.79 47.11 51.36
2.83 6.54 1.48 0.48 43.62 39.99 46.43 51.35
2.87 6.64 1.49 0.47 43.57 39.92 46.41 51.42
2.83 6.55 1.46 0.47 43.63 39.99 46.48 51.39
2.68 6.26 1.36 0.42 43.88 40.20 46.81 51.91
2.50 5.83 1.28 0.39 44.17 40.49 47.07 52.22
2.62 6.17 1.32 0.39 43.95 40.25 46.94 52.25
2.55 5.89 1.34 0.44 44.07 40.44 46.88 51.75
2.78 6.43 1.41 0.52 43.70 40.07 46.65 50.98
2.66 6.16 1.32 0.49 43.90 40.25 46.92 51.21
2.51 5.84 1.23 0.46 44.14 40.48 47.22 51.51
2.39 5.48 1.24 0.45 44.36 40.76 47.19 51.63
2.39 5.51 1.24 0.44 44.36 40.75 47.21 51.73
2.29 5.27 1.24 0.37 44.54 40.93 47.19 52.52
2.44 5.65 1.30 0.38 44.26 40.62 46.98 52.39
2.65 6.07 1.45 0.42 43.91 40.31 46.51 51.90
2.68 6.19 1.44 0.42 43.85 40.23 46.55 51.91
2.70 6.17 1.48 0.44 43.83 40.23 46.42 51.73
2.85 6.52 1.57 0.46 43.58 39.99 46.17 51.48
2.94 6.73 1.61 0.49 43.45 39.85 46.06 51.25
3.10 7.09 1.66 0.54 43.22 39.63 45.92 50.80
2.98 6.71 1.70 0.52 43.39 39.87 45.82 50.95
2.83 6.40 1.56 0.52 43.62 40.07 46.19 51.01
2.55 5.68 1.49 0.47 44.07 40.59 46.42 51.40
2.52 5.61 1.46 0.48 44.12 40.65 46.48 51.30
2.29 4.96 1.43 0.47 44.54 41.18 46.59 51.44
2.05 4.44 1.29 0.43 45.01 41.66 47.02 51.84
1.98 4.35 1.22 0.38 45.15 41.74 47.27 52.30
1.66 3.58 1.11 0.31 45.92 42.60 47.69 53.26
1.61 3.38 1.07 0.38 46.07 42.84 47.86 52.34
1.56 3.20 1.00 0.49 46.19 43.08 48.12 51.27
1.93 3.96 1.21 0.63 45.28 42.18 47.32 50.13
2.10 4.30 1.31 0.69 44.93 41.82 46.97 49.75
2.02 4.12 1.24 0.70 45.09 42.01 47.20 49.67
1.96 4.04 1.21 0.65 45.22 42.11 47.31 49.99
2.05 4.18 1.30 0.68 45.03 41.96 46.99 49.79
1.96 4.05 1.24 0.60 45.22 42.09 47.20 50.38
2.22 4.59 1.41 0.68 44.69 41.56 46.67 49.80
2.14 4.45 1.30 0.67 44.85 41.69 47.00 49.85
2.11 4.38 1.31 0.63 44.92 41.76 46.96 50.14
2.06 4.26 1.27 0.64 45.02 41.88 47.09 50.09
2.04 4.31 1.22 0.59 45.05 41.83 47.26 50.38
2.03 4.30 1.21 0.58 45.09 41.84 47.32 50.52
2.02 4.30 1.21 0.55 45.11 41.85 47.32 50.73
2.08 4.44 1.22 0.58 44.98 41.70 47.26 50.53
2.16 4.52 1.26 0.69 44.82 41.62 47.14 49.73
2.70 5.51 1.75 0.85 43.85 40.77 45.72 48.83
2.77 5.69 1.83 0.80 43.74 40.63 45.53 49.11
3.30 6.52 2.15 1.23 42.99 40.04 44.84 47.27
3.43 6.54 2.17 1.56 42.82 40.01 44.78 46.23
3.90 7.19 2.47 2.03 42.27 39.62 44.23 45.10
3.72 6.62 2.45 2.08 42.47 39.97 44.26 44.99
3.50 5.88 2.41 2.22 42.72 40.48 44.32 44.71
3.14 5.19 2.10 2.14 43.19 41.02 44.94 44.88
3.10 5.04 2.05 2.20 43.24 41.13 45.03 44.73
2.94 4.73 1.96 2.11 43.48 41.41 45.22 44.92
3.05 4.86 2.05 2.24 43.32 41.30 45.02 44.68
3.06 4.94 2.02 2.22 43.32 41.24 45.11 44.73
3.13 5.01 2.02 2.36 43.21 41.17 45.11 44.44
3.38 5.48 2.29 2.36 42.87 40.77 44.55 44.45
3.88 6.25 2.84 2.55 42.27 40.20 43.61 44.11
3.85 6.25 2.74 2.57 42.31 40.21 43.78 44.08
4.37 7.29 2.97 2.85 41.77 39.55 43.43 43.68
4.30 7.13 2.86 2.91 41.84 39.64 43.59 43.59
4.53 7.60 3.00 2.99 41.62 39.37 43.40 43.47
4.48 7.68 3.00 2.77 41.66 39.31 43.38 43.79
4.40 7.50 2.82 2.89 41.73 39.41 43.65 43.62
4.64 8.04 3.01 2.85 41.52 39.12 43.36 43.69
4.82 8.38 3.10 2.97 41.35 38.95 43.23 43.52
4.72 8.03 3.24 2.90 41.43 39.12 43.05 43.60
4.69 7.86 3.15 3.05 41.47 39.22 43.18 43.39
4.64 7.88 3.11 2.93 41.51 39.21 43.24 43.55
4.72 7.97 3.28 2.91 41.43 39.15 42.99 43.56
4.62 7.90 3.17 2.79 41.52 39.20 43.15 43.74
5.47 9.76 3.50 3.16 40.81 38.30 42.72 43.23
6.14 10.67 4.05 3.68 40.32 37.92 42.10 42.56
7.05 12.52 4.51 4.11 39.72 37.22 41.63 42.10
7.10 12.94 4.41 3.93 39.69 37.09 41.73 42.26
7.85 14.45 4.76 4.35 39.27 36.64 41.41 41.85
9.19 17.13 5.39 5.05 38.60 35.91 40.88 41.22
10.05 18.98 5.66 5.50 38.20 35.44 40.65 40.82
9.57 18.22 5.68 4.79 38.40 35.62 40.64 41.40
10.31 20.20 5.50 5.23 38.08 35.17 40.77 41.03
10.05 19.45 5.44 5.26 38.19 35.33 40.82 41.04
9.59 18.97 4.95 4.85 38.42 35.48 41.25 41.36
8.86 17.81 4.63 4.15 38.74 35.72 41.52 42.04
8.82 18.17 4.58 3.73 38.78 35.66 41.59 42.49
8.53 17.65 4.48 3.46 38.93 35.79 41.69 42.83
7.42 15.45 3.85 2.97 39.55 36.38 42.35 43.51
7.26 15.41 3.69 2.66 39.64 36.38 42.54 43.97
8.02 17.07 4.08 2.90 39.23 35.97 42.13 43.60
5.19 10.67 2.94 1.95 41.02 37.89 43.48 45.25
5.39 11.06 3.09 2.00 40.86 37.74 43.25 45.14
6.08 12.66 3.39 2.19 40.34 37.17 42.86 44.75
5.34 11.34 2.90 1.78 40.90 37.64 43.53 45.63
5.52 11.99 2.87 1.70 40.78 37.43 43.59 45.84
5.39 11.58 2.78 1.80 40.88 37.57 43.72 45.61
5.37 11.32 2.86 1.94 40.87 37.65 43.58 45.27
5.55 11.82 2.98 1.84 40.74 37.47 43.41 45.50
5.05 10.95 2.60 1.62 41.15 37.81 44.01 46.06
5.05 10.87 2.67 1.63 41.15 37.85 43.91 46.05
5.10 11.00 2.62 1.70 41.12 37.81 43.98 45.88
5.10 10.68 2.77 1.85 41.11 37.91 43.73 45.49
5.33 11.27 2.78 1.93 40.91 37.67 43.72 45.30
5.18 11.07 2.65 1.81 41.03 37.74 43.91 45.58
5.45 11.76 2.72 1.88 40.81 37.49 43.81 45.42
5.61 12.13 2.80 1.89 40.68 37.34 43.67 45.40
5.71 12.27 2.84 2.01 40.62 37.30 43.63 45.15
6.02 13.05 3.05 1.97 40.38 37.03 43.32 45.22
6.20 13.64 2.99 1.99 40.24 36.82 43.39 45.20
6.16 13.48 3.05 1.96 40.26 36.86 43.31 45.26
5.47 11.89 2.80 1.74 40.78 37.41 43.68 45.78
4.95 10.64 2.48 1.72 41.22 37.89 44.21 45.84
3.98 8.71 1.99 1.22 42.15 38.75 45.14 47.29
3.26 7.21 1.67 0.90 43.01 39.56 45.91 48.59
2.81 6.17 1.56 0.68 43.66 40.23 46.20 49.79
2.41 5.29 1.37 0.56 44.31 40.90 46.75 50.63
2.32 5.10 1.32 0.53 44.48 41.06 46.92 50.87
2.04 4.56 1.17 0.40 45.03 41.54 47.45 52.07
2.02 4.53 1.17 0.37 45.07 41.57 47.46 52.43
2.00 4.47 1.16 0.37 45.13 41.63 47.49 52.46
1.99 4.33 1.17 0.48 45.14 41.77 47.47 51.29
2.13 4.54 1.26 0.59 44.85 41.56 47.14 50.45
2.04 4.37 1.20 0.56 45.03 41.73 47.34 50.69
1.78 3.83 1.05 0.46 45.63 42.30 47.91 51.52
1.77 3.81 1.06 0.44 45.65 42.32 47.87 51.73
1.73 3.73 1.03 0.44 45.74 42.41 48.01 51.68
1.91 4.06 1.16 0.51 45.32 42.04 47.47 51.07
2.04 4.39 1.20 0.52 45.04 41.71 47.34 50.94
1.94 4.18 1.12 0.51 45.26 41.92 47.64 51.09
1.82 3.93 1.03 0.49 45.53 42.18 48.00 51.20
1.80 3.88 1.03 0.48 45.58 42.24 47.99 51.30
1.81 3.92 1.02 0.50 45.55 42.20 48.04 51.18
2.02 4.41 1.12 0.53 45.09 41.69 47.66 50.90
2.48 5.32 1.36 0.75 44.20 40.88 46.82 49.38
2.70 5.71 1.48 0.91 43.82 40.58 46.43 48.54
3.07 6.40 1.70 1.11 43.27 40.07 45.84 47.69
3.28 6.88 1.84 1.12 42.98 39.76 45.49 47.64
3.76 7.71 2.15 1.44 42.39 39.28 44.83 46.57
4.18 8.61 2.35 1.58 41.93 38.79 44.43 46.15
4.80 9.99 2.73 1.69 41.32 38.14 43.77 45.86
4.58 9.45 2.60 1.68 41.53 38.38 43.99 45.89
4.17 8.74 2.36 1.41 41.94 38.73 44.41 46.66
4.13 8.75 2.28 1.38 41.98 38.72 44.57 46.73
3.88 8.06 2.21 1.38 42.25 39.09 44.70 46.74
3.53 7.21 2.02 1.37 42.66 39.57 45.09 46.77
3.66 7.28 2.15 1.56 42.51 39.53 44.81 46.22
3.35 6.58 2.00 1.47 42.89 39.97 45.12 46.47
3.19 6.22 1.90 1.44 43.12 40.22 45.35 46.55
2.80 5.31 1.72 1.38 43.69 40.93 45.81 46.74
2.93 5.44 1.79 1.57 43.48 40.81 45.63 46.18
2.50 4.80 1.56 1.15 44.21 41.41 46.25 47.54
2.96 5.85 1.73 1.31 43.45 40.52 45.77 46.97
2.94 5.73 1.77 1.34 43.47 40.60 45.68 46.87
2.92 5.81 1.70 1.25 43.53 40.56 45.86 47.17
2.87 5.66 1.71 1.25 43.59 40.66 45.85 47.18
3.07 6.17 1.73 1.30 43.31 40.30 45.77 47.01
2.95 5.85 1.72 1.29 43.44 40.48 45.77 47.02
3.21 6.42 1.81 1.41 43.09 40.10 45.57 46.63
3.25 6.42 1.84 1.50 43.04 40.09 45.49 46.37
3.33 6.46 1.92 1.61 42.92 40.05 45.29 46.07
3.41 6.70 1.90 1.63 42.84 39.91 45.36 46.03
3.39 6.80 1.88 1.49 42.89 39.88 45.42 46.45
3.12 6.27 1.80 1.28 43.22 40.19 45.58 47.09
3.59 7.33 2.08 1.37 42.64 39.56 44.98 46.83
3.60 7.34 2.08 1.38 42.60 39.52 44.97 46.77
3.60 7.36 2.08 1.36 42.59 39.49 44.96 46.80
3.69 7.77 2.14 1.15 42.49 39.26 44.85 47.55
3.93 8.55 2.09 1.16 42.19 38.82 44.92 47.53
4.36 9.49 2.38 1.21 41.75 38.37 44.38 47.33
4.55 9.58 2.51 1.57 41.55 38.33 44.13 46.19
4.34 9.15 2.50 1.38 41.76 38.52 44.15 46.74
3.88 8.15 2.17 1.30 42.25 39.02 44.77 47.00
3.23 6.69 1.90 1.12 43.03 39.88 45.34 47.65
2.89 6.11 1.65 0.91 43.52 40.27 45.94 48.54
2.47 5.18 1.45 0.77 44.22 40.99 46.54 49.29
2.13 4.45 1.28 0.65 44.85 41.65 47.06 49.98
2.02 4.26 1.19 0.61 45.07 41.83 47.39 50.24
2.03 4.27 1.16 0.67 45.06 41.83 47.47 49.91
2.04 4.23 1.20 0.70 45.02 41.86 47.35 49.67
2.11 4.40 1.20 0.74 44.88 41.70 47.35 49.44
2.24 4.66 1.26 0.80 44.64 41.45 47.14 49.12
2.38 5.00 1.34 0.81 44.37 41.15 46.88 49.05
2.39 4.97 1.36 0.83 44.36 41.18 46.79 48.96
2.40 5.07 1.34 0.79 44.34 41.09 46.88 49.17
2.36 4.96 1.31 0.79 44.41 41.18 46.96 49.14
2.42 5.16 1.34 0.75 44.29 41.01 46.85 49.37
2.34 5.02 1.28 0.73 44.44 41.13 47.07 49.51
2.34 5.04 1.28 0.69 44.44 41.11 47.06 49.71
2.24 4.86 1.23 0.63 44.63 41.26 47.25 50.14
2.10 4.63 1.11 0.57 44.90 41.48 47.70 50.56
1.91 4.39 0.95 0.39 45.32 41.71 48.33 52.25
1.74 3.97 0.90 0.34 45.73 42.14 48.58 52.76
1.83 4.10 0.97 0.41 45.52 42.00 48.27 52.05
2.18 4.76 1.21 0.57 44.75 41.36 47.30 50.62
2.29 4.93 1.34 0.60 44.53 41.20 46.86 50.35
2.38 5.07 1.45 0.62 44.37 41.08 46.52 50.22
2.32 4.87 1.45 0.63 44.48 41.26 46.51 50.12
2.37 5.01 1.52 0.59 44.38 41.13 46.32 50.41
2.57 5.49 1.65 0.56 44.04 40.74 45.95 50.62
2.74 5.84 1.75 0.62 43.76 40.47 45.69 50.22
2.76 5.85 1.70 0.74 43.72 40.46 45.84 49.43
2.72 5.77 1.72 0.69 43.78 40.52 45.78 49.76
2.49 5.28 1.56 0.63 44.17 40.90 46.20 50.15
2.45 5.14 1.49 0.71 44.24 41.02 46.40 49.62
2.15 4.47 1.37 0.61 44.80 41.63 46.76 50.25
2.12 4.36 1.37 0.63 44.86 41.73 46.77 50.11
1.93 3.97 1.25 0.58 45.27 42.15 47.17 50.45
1.74 3.59 1.10 0.54 45.72 42.58 47.72 50.84
1.64 3.37 1.05 0.51 45.98 42.85 47.93 51.07
1.68 3.49 1.03 0.52 45.87 42.70 47.99 50.94
1.70 3.47 1.11 0.51 45.83 42.73 47.66 51.06
1.87 3.88 1.21 0.53 45.40 42.24 47.29 50.94
1.76 3.67 1.11 0.50 45.68 42.49 47.66 51.16
1.58 3.42 0.98 0.36 46.13 42.80 48.23 52.59
1.49 3.18 0.94 0.36 46.40 43.11 48.41 52.59
1.54 3.34 0.92 0.35 46.26 42.89 48.47 52.63
1.78 3.73 1.12 0.50 45.62 42.41 47.64 51.20
1.73 3.64 1.07 0.48 45.76 42.53 47.85 51.29
1.59 3.29 1.02 0.47 46.10 42.96 48.03 51.42
1.63 3.42 1.04 0.42 46.02 42.80 47.98 51.88
1.52 3.23 0.98 0.36 46.31 43.04 48.24 52.53
1.47 3.15 0.93 0.34 46.45 43.14 48.45 52.84
1.52 3.16 0.97 0.42 46.32 43.14 48.24 51.90
1.57 3.26 1.02 0.44 46.16 43.00 48.07 51.66
1.56 3.24 1.00 0.43 46.21 43.03 48.14 51.80
1.84 3.83 1.17 0.52 45.48 42.30 47.46 50.95
2.16 4.23 1.44 0.79 44.79 41.87 46.54 49.15
2.35 4.42 1.59 1.03 44.42 41.68 46.11 48.00
2.56 4.76 1.65 1.26 44.05 41.35 45.94 47.13
2.84 5.15 1.85 1.52 43.60 41.02 45.45 46.31
3.15 5.60 2.08 1.78 43.14 40.65 44.95 45.63
3.10 5.35 2.11 1.85 43.21 40.85 44.90 45.46
2.93 4.92 2.03 1.84 43.47 41.21 45.06 45.50
2.87 4.70 2.03 1.88 43.55 41.41 45.06 45.39
2.77 4.51 2.04 1.77 43.70 41.59 45.03 45.64
2.66 4.40 1.83 1.76 43.88 41.70 45.50 45.68
2.66 4.27 1.88 1.85 43.88 41.83 45.40 45.47
2.66 4.19 1.91 1.87 43.88 41.91 45.31 45.40
2.38 3.71 1.65 1.78 44.36 42.43 45.95 45.63
2.47 3.93 1.69 1.79 44.21 42.19 45.87 45.61
2.52 4.05 1.64 1.86 44.12 42.05 45.99 45.44
2.68 4.47 1.80 1.76 43.86 41.63 45.57 45.67
2.69 4.19 1.90 1.98 43.83 41.91 45.35 45.16
2.82 4.64 1.91 1.93 43.63 41.48 45.34 45.28
2.33 3.74 1.47 1.77 44.47 42.41 46.45 45.65
2.31 3.71 1.46 1.76 44.50 42.45 46.49 45.67
2.34 3.71 1.43 1.87 44.45 42.45 46.56 45.42
2.91 4.75 1.97 2.00 43.50 41.36 45.19 45.12
2.98 4.89 2.02 2.03 43.39 41.24 45.09 45.06
2.89 4.64 2.02 1.99 43.53 41.47 45.07 45.13
3.00 4.73 2.11 2.14 43.37 41.38 44.89 44.83
2.94 4.64 2.12 2.06 43.45 41.47 44.88 45.00
3.17 5.07 2.39 2.04 43.12 41.08 44.34 45.04
3.44 5.66 2.50 2.16 42.77 40.61 44.16 44.80
3.61 6.00 2.75 2.08 42.56 40.35 43.74 44.95
3.82 6.47 2.79 2.20 42.31 40.03 43.67 44.70
3.81 6.63 2.73 2.08 42.32 39.92 43.78 44.95
4.05 6.91 2.89 2.35 42.06 39.75 43.53 44.42
4.25 7.50 2.85 2.39 41.86 39.40 43.59 44.36
4.88 8.76 3.32 2.57 41.25 38.72 42.92 44.04
5.31 9.53 3.55 2.85 40.89 38.35 42.63 43.58
5.53 9.92 3.47 3.21 40.71 38.18 42.73 43.07
5.01 8.85 3.21 2.97 41.14 38.68 43.08 43.40
4.51 8.19 2.79 2.55 41.61 39.02 43.69 44.08
4.64 8.64 2.71 2.57 41.47 38.78 43.80 44.04
4.10 7.37 2.54 2.39 42.03 39.49 44.09 44.36
3.90 7.22 2.28 2.21 42.26 39.60 44.58 44.71
3.47 6.52 1.93 1.95 42.76 40.03 45.29 45.24
3.15 6.08 1.72 1.65 43.15 40.30 45.78 45.96
3.21 6.30 1.73 1.61 43.08 40.17 45.76 46.05
2.64 4.99 1.49 1.43 43.92 41.15 46.39 46.58
3.02 5.87 1.71 1.47 43.33 40.44 45.80 46.46
2.73 5.31 1.63 1.27 43.76 40.88 46.02 47.10
2.55 5.02 1.49 1.13 44.07 41.12 46.40 47.62
2.64 5.24 1.50 1.18 43.91 40.94 46.38 47.41
2.48 4.86 1.44 1.15 44.18 41.26 46.54 47.54
2.38 4.62 1.42 1.10 44.36 41.48 46.60 47.71
2.59 5.12 1.47 1.19 43.99 41.04 46.46 47.37
2.53 4.97 1.44 1.17 44.11 41.17 46.55 47.43
2.51 4.92 1.41 1.20 44.14 41.22 46.65 47.35
2.47 4.91 1.39 1.10 44.21 41.22 46.71 47.70
2.60 5.26 1.44 1.09 43.99 40.92 46.54 47.75
2.93 6.01 1.66 1.11 43.47 40.34 45.92 47.68
3.21 6.56 1.76 1.30 43.07 39.96 45.66 47.00
3.23 6.57 1.81 1.32 43.03 39.95 45.56 46.92
3.19 6.54 1.77 1.27 43.09 39.98 45.66 47.10
3.20 6.57 1.82 1.20 43.08 39.95 45.52 47.35
3.57 7.52 1.99 1.21 42.60 39.37 45.15 47.30
3.84 8.22 2.09 1.22 42.28 38.98 44.94 47.25
4.15 8.93 2.27 1.26 41.95 38.62 44.58 47.14
3.95 8.58 2.14 1.12 42.17 38.79 44.82 47.65
4.10 8.92 2.20 1.17 42.01 38.63 44.70 47.45
3.61 7.90 1.87 1.06 42.56 39.16 45.41 47.88
3.03 6.64 1.55 0.89 43.32 39.91 46.22 48.63
2.87 6.30 1.49 0.82 43.55 40.14 46.41 49.00
2.61 5.80 1.34 0.69 43.97 40.49 46.87 49.76
2.33 5.26 1.19 0.54 44.46 40.92 47.36 50.82
2.14 4.81 1.15 0.47 44.82 41.31 47.51 51.43
2.23 5.04 1.18 0.46 44.65 41.11 47.40 51.51
2.23 5.03 1.22 0.46 44.64 41.12 47.27 51.56
2.27 5.05 1.29 0.46 44.58 41.10 47.03 51.46
2.37 5.31 1.32 0.47 44.39 40.88 46.92 51.44
2.27 5.08 1.25 0.46 44.58 41.07 47.15 51.48
2.08 4.68 1.15 0.42 44.95 41.44 47.51 51.95
1.94 4.36 1.08 0.40 45.24 41.74 47.80 52.17
2.11 4.80 1.15 0.38 44.88 41.32 47.51 52.30
2.04 4.63 1.09 0.40 45.03 41.47 47.74 52.14
2.16 4.80 1.20 0.49 44.78 41.32 47.34 51.21
2.17 4.84 1.19 0.49 44.76 41.28 47.37 51.26
2.06 4.65 1.09 0.46 44.98 41.46 47.75 51.56
1.96 4.38 1.06 0.44 45.21 41.72 47.86 51.67
1.94 4.31 1.09 0.43 45.24 41.78 47.76 51.79
1.87 4.18 1.09 0.35 45.41 41.93 47.74 52.69
2.06 4.60 1.21 0.36 45.00 41.51 47.30 52.61
2.30 5.16 1.34 0.40 44.51 41.00 46.86 52.05
2.42 5.39 1.46 0.42 44.29 40.81 46.50 51.85
2.51 5.59 1.48 0.46 44.14 40.66 46.42 51.55
2.62 5.85 1.55 0.48 43.94 40.46 46.24 51.36
2.76 6.23 1.57 0.48 43.72 40.19 46.18 51.28
2.71 6.08 1.58 0.46 43.81 40.29 46.14 51.50
2.68 6.00 1.55 0.50 43.85 40.35 46.23 51.14
2.53 5.67 1.47 0.45 44.09 40.59 46.46 51.55
2.28 5.05 1.36 0.43 44.55 41.09 46.80 51.78
2.21 4.89 1.30 0.46 44.68 41.24 46.99 51.54
2.01 4.35 1.27 0.42 45.09 41.74 47.12 51.90
1.87 4.02 1.20 0.40 45.41 42.09 47.36 52.16
1.80 3.92 1.11 0.36 45.59 42.20 47.67 52.53
1.48 3.18 0.98 0.28 46.43 43.10 48.24 53.68
1.51 3.21 0.99 0.33 46.35 43.07 48.19 52.94
1.43 2.95 0.92 0.40 46.59 43.43 48.49 52.09
1.55 3.15 0.99 0.53 46.21 43.15 48.19 50.89
1.69 3.41 1.12 0.56 45.84 42.80 47.65 50.68
1.65 3.28 1.11 0.56 45.96 42.97 47.68 50.62
1.64 3.27 1.09 0.56 45.99 42.99 47.76 50.68
1.57 3.08 1.07 0.55 46.18 43.25 47.82 50.71
1.61 3.22 1.06 0.54 46.07 43.05 47.88 50.79
1.69 3.42 1.11 0.55 45.85 42.79 47.69 50.76
1.72 3.48 1.13 0.54 45.78 42.71 47.59 50.82
1.63 3.26 1.08 0.56 46.00 43.01 47.78 50.67
1.61 3.23 1.06 0.54 46.07 43.04 47.89 50.81
1.61 3.26 1.03 0.53 46.07 43.00 48.00 50.86
1.58 3.21 0.99 0.53 46.15 43.06 48.17 50.87
1.57 3.21 0.99 0.52 46.17 43.07 48.19 50.99
1.63 3.30 1.05 0.53 46.02 42.95 47.92 50.90
1.69 3.39 1.08 0.59 45.86 42.83 47.81 50.43
2.09 4.04 1.48 0.74 44.94 42.07 46.44 49.42
2.18 4.38 1.49 0.67 44.75 41.72 46.41 49.88
2.48 4.83 1.68 0.93 44.19 41.29 45.88 48.47
2.69 5.09 1.76 1.23 43.83 41.06 45.68 47.22
3.04 5.32 2.12 1.67 43.31 40.87 44.86 45.91
3.03 5.26 2.09 1.74 43.32 40.92 44.92 45.74
2.82 4.71 2.02 1.74 43.63 41.40 45.08 45.73
2.52 4.01 1.91 1.66 44.11 42.10 45.32 45.95
2.29 3.48 1.67 1.71 44.54 42.72 45.90 45.81
2.31 3.60 1.68 1.66 44.49 42.57 45.87 45.95
2.39 3.64 1.77 1.77 44.35 42.52 45.66 45.67
2.31 3.56 1.67 1.71 44.49 42.62 45.90 45.81
2.30 3.58 1.60 1.73 44.51 42.59 46.10 45.74
2.60 4.04 1.97 1.78 43.99 42.07 45.18 45.63
2.90 4.60 2.27 1.83 43.51 41.50 44.58 45.50
2.75 4.36 2.10 1.79 43.73 41.73 44.90 45.59
3.08 5.08 2.29 1.87 43.25 41.07 44.53 45.41
3.09 4.96 2.27 2.04 43.23 41.18 44.57 45.04
3.17 5.16 2.25 2.10 43.12 41.01 44.61 44.91
3.41 5.67 2.45 2.10 42.81 40.60 44.23 44.91
3.24 5.36 2.30 2.07 43.03 40.84 44.52 44.97
3.29 5.45 2.39 2.02 42.96 40.77 44.34 45.07
3.34 5.65 2.45 1.90 42.90 40.61 44.25 45.34
3.38 5.61 2.58 1.96 42.84 40.64 44.01 45.22
3.27 5.32 2.51 1.99 42.98 40.87 44.14 45.14
3.23 5.43 2.36 1.90 43.04 40.79 44.41 45.34
3.31 5.61 2.53 1.77 42.94 40.64 44.09 45.65
3.05 5.05 2.39 1.72 43.28 41.10 44.34 45.78
3.48 5.98 2.57 1.89 42.72 40.36 44.03 45.37
3.61 6.04 2.63 2.17 42.55 40.32 43.93 44.76
4.00 6.71 2.92 2.36 42.11 39.86 43.48 44.39
3.98 6.84 2.71 2.38 42.13 39.78 43.79 44.36
4.14 7.03 2.97 2.43 41.96 39.66 43.41 44.27
4.60 8.10 3.20 2.49 41.51 39.05 43.07 44.17
5.25 9.25 3.58 2.94 40.93 38.47 42.60 43.45
5.51 9.80 3.69 3.05 40.72 38.22 42.46 43.28
5.43 9.59 3.60 3.10 40.78 38.31 42.57 43.22
4.92 8.61 3.27 2.89 41.21 38.78 42.99 43.52
4.60 8.12 2.85 2.82 41.50 39.03 43.57 43.62
4.39 7.86 2.79 2.52 41.71 39.17 43.68 44.12
4.13 7.60 2.67 2.13 41.97 39.32 43.86 44.86
3.74 6.80 2.55 1.88 42.40 39.81 44.06 45.40
3.76 7.09 2.40 1.78 42.38 39.62 44.33 45.63
3.50 6.77 2.15 1.59 42.69 39.83 44.81 46.13
3.48 6.74 2.13 1.57 42.72 39.84 44.86 46.18
3.23 6.34 1.97 1.38 43.04 40.11 45.19 46.72
3.60 7.18 2.11 1.50 42.57 39.57 44.88 46.37
3.22 6.25 2.02 1.38 43.06 40.17 45.08 46.74
3.45 6.86 2.18 1.29 42.76 39.77 44.75 47.02
3.10 6.27 1.85 1.20 43.21 40.16 45.46 47.36
3.49 7.03 2.14 1.30 42.70 39.66 44.82 46.99
3.64 7.16 2.24 1.54 42.52 39.58 44.64 46.26
3.63 7.15 2.29 1.45 42.53 39.59 44.53 46.50
2.98 5.87 1.86 1.21 43.39 40.44 45.43 47.29
2.98 5.95 1.84 1.15 43.39 40.39 45.48 47.53
2.87 5.72 1.73 1.16 43.55 40.56 45.74 47.48
3.04 6.03 1.81 1.28 43.30 40.33 45.55 47.04
3.30 6.57 2.01 1.32 42.95 39.96 45.10 46.93
3.32 6.71 1.95 1.28 42.93 39.86 45.23 47.07
3.42 7.00 1.99 1.27 42.79 39.68 45.14 47.09
3.91 8.22 2.21 1.31 42.21 38.98 44.70 46.97
3.64 7.55 2.02 1.34 42.52 39.35 45.07 46.85
3.94 8.13 2.27 1.40 42.18 39.03 44.57 46.69
4.18 8.87 2.30 1.37 41.92 38.65 44.51 46.77
4.38 9.40 2.40 1.35 41.71 38.40 44.32 46.83
4.05 8.74 2.17 1.25 42.05 38.72 44.76 47.15
3.62 7.75 1.98 1.11 42.55 39.24 45.16 47.69
3.25 6.98 1.76 1.02 43.01 39.69 45.68 48.03
2.79 6.08 1.48 0.82 43.67 40.29 46.44 48.98
2.49 5.41 1.38 0.68 44.17 40.79 46.72 49.80
2.29 4.98 1.30 0.60 44.53 41.16 46.99 50.37
2.14 4.65 1.18 0.58 44.84 41.46 47.42 50.51
2.05 4.51 1.17 0.46 45.01 41.58 47.44 51.50
1.92 4.24 1.11 0.42 45.29 41.86 47.66 51.92
1.91 4.21 1.08 0.42 45.33 41.88 47.79 51.88
1.91 4.16 1.10 0.46 45.33 41.94 47.70 51.52
2.06 4.37 1.24 0.59 44.98 41.73 47.20 50.45
2.00 4.23 1.21 0.57 45.12 41.87 47.31 50.59
1.76 3.75 1.04 0.48 45.68 42.39 47.97 51.34
1.77 3.77 1.07 0.47 45.65 42.36 47.85 51.38
1.71 3.62 1.04 0.47 45.80 42.54 47.97 51.40
1.80 3.78 1.10 0.51 45.59 42.36 47.73 51.06
1.97 4.16 1.18 0.56 45.19 41.94 47.42 50.63
1.91 4.05 1.13 0.54 45.33 42.06 47.59 50.80
1.83 3.92 1.06 0.51 45.51 42.19 47.90 51.05
1.76 3.77 1.03 0.49 45.66 42.37 47.99 51.20
1.82 3.91 1.02 0.53 45.53 42.21 48.03 50.87
1.90 4.14 1.08 0.49 45.34 41.97 47.78 51.27
2.27 4.84 1.28 0.71 44.56 41.29 47.08 49.65
2.60 5.41 1.48 0.90 43.99 40.80 46.43 48.59
2.82 5.87 1.55 1.03 43.63 40.44 46.22 48.00
3.19 6.69 1.75 1.13 43.10 39.88 45.71 47.60
3.42 7.04 1.90 1.32 42.79 39.65 45.35 46.93
3.69 7.51 2.11 1.44 42.46 39.37 44.88 46.54
4.34 8.88 2.55 1.59 41.76 38.65 44.07 46.13
4.12 8.43 2.41 1.51 41.98 38.87 44.32 46.34
4.24 8.84 2.43 1.45 41.86 38.67 44.28 46.51
3.83 8.04 2.16 1.29 42.30 39.08 44.78 47.02
3.67 7.60 2.14 1.26 42.49 39.32 44.83 47.13
3.26 6.68 1.89 1.21 43.00 39.88 45.37 47.32
3.44 6.77 2.04 1.53 42.76 39.82 45.04 46.29
3.20 6.24 1.96 1.40 43.08 40.18 45.20 46.67
2.90 5.55 1.80 1.34 43.51 40.69 45.57 46.87
2.56 4.80 1.62 1.27 44.04 41.32 46.03 47.09
2.57 4.69 1.62 1.40 44.03 41.42 46.02 46.68
