0.00 0.00 0.00 0.00 0.00 0.00 0.00 0.00
0.00 0.00 0.00 0.00 0.00 0.00 0.00 0.00
0.00 0.00 0.00 0.00 0.00 0.00 0.00 0.00
0.00 0.00 0.00 0.00 0.00 0.00 0.00 0.00
0.00 0.00 0.00 0.00 0.00 0.00 0.00 0.00
0.00 0.00 0.00 0.00 0.00 0.00 0.00 0.00
0.00 0.00 0.00 0.00 0.00 0.00 0.00 0.00
0.00 0.00 0.00 0.00 0.00 0.00 0.00 0.00
0.00 0.00 0.00 0.00 0.00 0.00 0.00 0.00
0.00 0.00 0.00 0.00 0.00 0.00 0.00 0.00
0.00 0.00 0.00 0.00 0.00 0.00 0.00 0.00
0.00 0.00 0.00 0.00 0.00 0.00 0.00 0.00
0.00 0.00 0.00 0.00 0.00 0.00 0.00 0.00
0.00 0.00 0.00 0.00 0.00 0.00 0.00 0.00
0.00 0.00 0.00 0.00 0.00 0.00 0.00 0.00
0.00 0.00 0.00 0.00 0.00 0.00 0.00 0.00
0.00 0.00 0.00 0.00 0.00 0.00 0.00 0.00
0.00 0.00 0.00 0.00 0.00 0.00 0.00 0.00
0.00 0.00 0.00 0.00 0.00 0.00 0.00 0.00
0.00 0.00 0.00 0.00 0.00 0.00 0.00 0.00
0.00 0.00 0.00 0.00 0.00 0.00 0.00 0.00
0.00 0.00 0.00 0.00 0.00 0.00 0.00 0.00
0.00 0.00 0.00 0.00 0.00 0.00 0.00 0.00
0.00 0.00 0.00 0.00 0.00 0.00 0.00 0.00
0.00 0.00 0.00 0.00 0.00 0.00 0.00 0.00
0.00 0.00 0.00 0.00 0.00 0.00 0.00 0.00
0.00 0.00 0.00 0.00 0.00 0.00 0.00 0.00
0.00 0.00 0.00 0.00 0.00 0.00 0.00 0.00
0.00 0.00 0.00 0.00 0.00 0.00 0.00 0.00
0.00 0.00 0.00 0.00 0.00 0.00 0.00 0.00
0.00 0.00 0.00 0.00 0.00 0.00 0.00 0.00
0.00 0.00 0.00 0.00 0.00 0.00 0.00 0.00
0.00 0.00 0.00 0.00 0.00 0.00 0.00 0.00
0.00 0.00 0.00 0.00 0.00 0.00 0.00 0.00
0.00 0.00 0.00 0.00 0.00 0.00 0.00 0.00
0.00 0.00 0.00 0.00 0.00 0.00 0.00 0.00
0.00 0.00 0.00 0.00 0.00 0.00 0.00 0.00
0.00 0.00 0.00 0.00 0.00 0.00 0.00 0.00
0.00 0.00 0.00 0.00 0.00 0.00 0.00 0.00
0.00 0.00 0.00 0.00 0.00 0.00 0.00 0.00
0.00 0.00 0.00 0.00 0.00 0.00 0.00 0.00
0.00 0.00 0.00 0.00 0.00 0.00 0.00 0.00
0.00 0.00 0.00 0.00 0.00 0.00 0.00 0.00
0.00 0.00 0.00 0.00 0.00 0.00 0.00 0.00
0.00 0.00 0.00 0.00 0.00 0.00 0.00 0.00
0.00 0.00 0.00 0.00 0.00 0.00 0.00 0.00
0.00 0.00 0.00 0.00 0.00 0.00 0.00 0.00
0.00 0.00 0.00 0.00 0.00 0.00 0.00 0.00
0.00 0.00 0.00 0.00 0.00 0.00 0.00 0.00
0.00 0.00 0.00 0.00 0.00 0.00 0.00 0.00
0.00 0.00 0.00 0.00 0.00 0.00 0.00 0.00
0.00 0.00 0.00 0.00 0.00 0.00 0.00 0.00
0.00 0.00 0.00 0.00 0.00 0.00 0.00 0.00
0.00 0.00 0.00 0.00 0.00 0.00 0.00 0.00
0.00 0.00 0.00 0.00 0.00 0.00 0.00 0.00
0.00 0.00 0.00 0.00 0.00 0.00 0.00 0.00
0.00 0.00 0.00 0.00 0.00 0.00 0.00 0.00
0.00 0.00 0.00 0.00 0.00 0.00 0.00 0.01
0.00 0.00 0.00 0.00 0.00 0.00 0.00 0.00
0.00 0.00 0.00 0.00 0.00 0.00 0.00 0.00
0.00 0.00 0.00 0.00 0.00 0.00 0.00 0.00
0.00 0.00 0.00 0.00 0.00 0.00 0.00 0.00
0.00 0.00 0.00 0.00 0.00 0.00 0.00 0.00
0.00 0.01 0.00 0.00 0.01 0.01 0.00 0.00
0.00 0.00 0.00 0.00 0.00 0.01 0.00 0.00
0.00 0.01 0.00 0.00 0.01 0.02 0.01 0.03
0.00 0.00 0.00 0.00 0.00 0.01 0.00 0.00
0.00 0.00 0.00 0.00 0.00 0.00 0.00 0.00
0.00 0.00 0.00 0.00 0.00 0.00 0.00 0.00
0.00 0.00 0.00 0.00 0.00 0.00 0.00 0.00
0.00 0.00 0.00 0.00 0.00 0.00 0.00 0.00
0.00 0.00 0.00 0.00 0.00 0.00 0.00 0.01
0.00 0.00 0.00 0.00 0.00 0.00 0.00 0.01
0.00 0.00 0.00 0.00 0.00 0.00 0.00 0.01
0.00 0.00 0.00 0.00 0.00 0.00 0.00 0.00
0.00 0.00 0.00 0.00 0.00 0.00 0.00 0.00
0.00 0.00 0.00 0.00 0.00 0.00 0.00 0.00
0.00 0.00 0.00 0.00 0.00 0.00 0.00 0.00
0.00 0.00 0.00 0.00 0.00 0.00 0.00 0.00
0.00 0.00 0.00 0.00 0.00 0.00 0.01 0.00
0.00 0.00 0.00 0.00 0.00 0.00 0.00 0.00
0.00 0.00 0.00 0.00 0.00 0.00 0.00 0.00
0.00 0.00 0.00 0.00 0.00 0.00 0.00 0.00
0.00 0.00 0.00 0.00 0.00 0.00 0.00 0.00
0.00 0.00 0.00 0.00 0.00 0.00 0.00 0.00
0.00 0.01 0.00 0.00 0.00 0.01 0.00 0.00
0.00 0.01 0.00 0.00 0.00 0.01 0.01 0.00
0.00 0.01 0.00 0.00 0.00 0.01 0.00 0.00
0.00 0.01 0.00 0.00 0.00 0.01 0.01 0.01
0.00 0.01 0.00 0.00 0.00 0.01 0.00 0.01
0.00 0.01 0.00 0.00 0.01 0.02 0.02 0.01
0.01 0.03 0.00 0.01 0.03 0.03 0.02 0.07
0.02 0.05 0.01 0.01 0.04 0.05 0.07 0.03
0.01 0.03 0.01 0.00 0.02 0.03 0.03 0.01
0.01 0.02 0.00 0.00 0.02 0.03 0.03 0.01
0.00 0.03 0.00 0.00 0.01 0.03 0.01 0.01
0.00 0.01 0.00 0.00 0.01 0.02 0.01 0.00
0.00 0.02 0.00 0.00 0.01 0.01 0.00 0.00
0.00 0.01 0.00 0.00 0.00 0.01 0.00 0.00
0.01 0.03 0.00 0.00 0.01 0.02 0.01 0.01
0.00 0.01 0.00 0.00 0.01 0.01 0.01 0.01
0.00 0.01 0.00 0.00 0.01 0.01 0.00 0.01
0.00 0.01 0.00 0.00 0.00 0.01 0.00 0.00
0.00 0.02 0.00 0.00 0.01 0.01 0.00 0.00
0.00 0.01 0.00 0.00 0.00 0.01 0.01 0.00
0.00 0.01 0.00 0.00 0.00 0.00 0.01 0.00
0.00 0.01 0.00 0.00 0.00 0.00 0.00 0.00
0.00 0.00 0.00 0.00 0.00 0.00 0.00 0.00
0.00 0.01 0.00 0.00 0.00 0.00 0.00 0.01
0.00 0.01 0.00 0.00 0.00 0.00 0.00 0.00
0.00 0.00 0.00 0.00 0.00 0.00 0.00 0.00
0.00 0.01 0.00 0.00 0.00 0.00 0.00 0.00
0.00 0.01 0.00 0.00 0.00 0.00 0.00 0.00
0.00 0.01 0.00 0.00 0.00 0.00 0.00 0.00
0.00 0.01 0.00 0.00 0.00 0.00 0.00 0.00
0.00 0.00 0.00 0.00 0.00 0.00 0.00 0.00
0.00 0.01 0.00 0.00 0.00 0.00 0.00 0.00
0.00 0.01 0.00 0.00 0.00 0.01 0.01 0.00
0.01 0.03 0.00 0.00 0.02 0.02 0.02 0.03
0.00 0.01 0.00 0.00 0.01 0.01 0.01 0.01
0.03 0.19 0.01 0.00 0.06 0.10 0.03 0.01
0.03 0.20 0.01 0.00 0.06 0.08 0.04 0.01
0.05 0.29 0.01 0.00 0.09 0.12 0.06 0.01
0.05 0.33 0.01 0.00 0.10 0.16 0.04 0.01
0.02 0.10 0.00 0.00 0.04 0.05 0.03 0.00
0.02 0.14 0.00 0.00 0.05 0.08 0.01 0.01
0.01 0.04 0.00 0.00 0.01 0.02 0.01 0.01
0.03 0.19 0.01 0.00 0.07 0.09 0.05 0.01
0.03 0.17 0.00 0.00 0.05 0.08 0.02 0.01
0.03 0.17 0.01 0.00 0.06 0.08 0.05 0.03
0.03 0.12 0.00 0.01 0.05 0.06 0.03 0.06
0.03 0.15 0.00 0.00 0.05 0.08 0.03 0.03
0.04 0.19 0.01 0.00 0.07 0.09 0.05 0.02
0.07 0.35 0.01 0.01 0.11 0.13 0.06 0.06
0.04 0.22 0.01 0.01 0.07 0.08 0.04 0.06
0.04 0.23 0.01 0.00 0.06 0.09 0.03 0.02
0.06 0.32 0.01 0.00 0.07 0.09 0.04 0.03
0.05 0.32 0.01 0.00 0.06 0.08 0.03 0.03
0.05 0.28 0.00 0.00 0.05 0.06 0.02 0.03
0.01 0.06 0.00 0.00 0.01 0.01 0.01 0.02
0.06 0.38 0.01 0.00 0.05 0.07 0.03 0.01
0.02 0.13 0.00 0.00 0.02 0.03 0.01 0.01
0.01 0.05 0.00 0.00 0.01 0.01 0.01 0.01
0.01 0.06 0.00 0.00 0.02 0.02 0.02 0.01
0.01 0.05 0.00 0.00 0.01 0.02 0.01 0.01
0.00 0.02 0.00 0.00 0.01 0.01 0.01 0.01
0.00 0.01 0.00 0.00 0.01 0.01 0.00 0.01
0.00 0.01 0.00 0.00 0.00 0.00 0.01 0.02
0.00 0.00 0.00 0.00 0.00 0.00 0.01 0.03
0.00 0.01 0.00 0.00 0.00 0.00 0.00 0.01
0.00 0.02 0.00 0.00 0.01 0.01 0.02 0.02
0.00 0.02 0.00 0.00 0.01 0.01 0.01 0.01
0.00 0.02 0.00 0.00 0.01 0.02 0.01 0.01
0.00 0.01 0.00 0.00 0.01 0.01 0.01 0.01
0.00 0.02 0.00 0.00 0.01 0.02 0.01 0.01
0.00 0.01 0.00 0.00 0.01 0.01 0.01 0.01
0.00 0.03 0.00 0.00 0.02 0.02 0.02 0.00
0.01 0.03 0.00 0.00 0.02 0.03 0.02 0.02
0.00 0.01 0.00 0.00 0.00 0.01 0.00 0.01
0.00 0.02 0.00 0.00 0.01 0.02 0.01 0.01
0.00 0.01 0.00 0.00 0.01 0.01 0.01 0.00
0.00 0.01 0.00 0.00 0.00 0.01 0.00 0.01
0.00 0.00 0.00 0.00 0.00 0.00 0.01 0.03
0.00 0.01 0.00 0.00 0.01 0.01 0.01 0.02
0.00 0.01 0.00 0.00 0.00 0.01 0.00 0.01
0.00 0.01 0.00 0.00 0.00 0.01 0.00 0.01
0.00 0.01 0.00 0.00 0.00 0.00 0.00 0.01
0.00 0.01 0.00 0.00 0.01 0.01 0.01 0.01
0.00 0.02 0.00 0.00 0.01 0.01 0.02 0.01
0.00 0.01 0.00 0.00 0.00 0.00 0.00 0.01
0.01 0.04 0.00 0.00 0.02 0.02 0.01 0.02
0.01 0.05 0.00 0.00 0.02 0.02 0.03 0.02
0.00 0.01 0.00 0.00 0.00 0.01 0.01 0.01
0.00 0.01 0.00 0.00 0.01 0.01 0.00 0.01
0.00 0.01 0.00 0.00 0.01 0.01 0.01 0.01
0.00 0.00 0.00 0.00 0.00 0.00 0.01 0.02
0.00 0.01 0.00 0.00 0.01 0.01 0.01 0.02
0.00 0.00 0.00 0.00 0.00 0.01 0.01 0.03
0.00 0.00 0.00 0.00 0.01 0.01 0.01 0.01
0.00 0.00 0.00 0.00 0.01 0.01 0.02 0.04
0.00 0.00 0.00 0.00 0.00 0.00 0.01 0.03
0.00 0.01 0.00 0.00 0.01 0.01 0.01 0.03
0.00 0.00 0.00 0.00 0.01 0.01 0.01 0.03
0.00 0.00 0.00 0.00 0.00 0.00 0.00 0.02
0.00 0.00 0.00 0.00 0.00 0.00 0.01 0.02
0.00 0.01 0.00 0.00 0.01 0.01 0.01 0.01
0.00 0.00 0.00 0.00 0.01 0.01 0.01 0.01
0.00 0.00 0.00 0.00 0.00 0.01 0.01 0.01
0.00 0.00 0.00 0.00 0.00 0.01 0.01 0.01
0.00 0.00 0.00 0.00 0.00 0.00 0.00 0.01
0.00 0.00 0.00 0.00 0.00 0.00 0.01 0.01
0.00 0.00 0.00 0.00 0.00 0.00 0.00 0.01
0.00 0.00 0.00 0.00 0.00 0.00 0.01 0.02
0.00 0.00 0.00 0.00 0.00 0.01 0.00 0.02
0.00 0.00 0.00 0.00 0.00 0.00 0.01 0.02
0.00 0.01 0.00 0.00 0.00 0.01 0.00 0.00
0.00 0.00 0.00 0.00 0.00 0.01 0.00 0.00
0.00 0.01 0.00 0.00 0.00 0.01 0.00 0.00
0.00 0.01 0.00 0.00 0.00 0.00 0.00 0.00
0.00 0.00 0.00 0.00 0.00 0.00 0.00 0.01
0.00 0.01 0.00 0.00 0.00 0.01 0.01 0.00
0.00 0.00 0.00 0.00 0.00 0.00 0.00 0.00
0.00 0.00 0.00 0.00 0.00 0.00 0.01 0.01
0.00 0.00 0.00 0.00 0.00 0.00 0.01 0.00
0.00 0.00 0.00 0.00 0.00 0.00 0.00 0.01
0.00 0.01 0.00 0.00 0.01 0.01 0.01 0.01
0.00 0.00 0.00 0.00 0.00 0.01 0.00 0.00
0.00 0.01 0.00 0.00 0.01 0.02 0.01 0.00
0.00 0.01 0.00 0.00 0.00 0.01 0.00 0.00
0.00 0.01 0.00 0.00 0.00 0.01 0.00 0.00
0.00 0.02 0.00 0.00 0.01 0.01 0.00 0.01
0.00 0.03 0.00 0.00 0.01 0.02 0.01 0.01
0.00 0.03 0.00 0.00 0.01 0.02 0.00 0.00
0.00 0.01 0.00 0.00 0.00 0.01 0.00 0.00
0.01 0.03 0.00 0.00 0.01 0.02 0.01 0.00
0.01 0.03 0.00 0.00 0.01 0.02 0.01 0.01
0.01 0.04 0.00 0.00 0.01 0.03 0.00 0.00
0.00 0.02 0.00 0.00 0.01 0.01 0.01 0.01
0.00 0.02 0.00 0.00 0.01 0.01 0.00 0.01
0.01 0.04 0.00 0.00 0.01 0.03 0.01 0.01
0.01 0.03 0.00 0.00 0.01 0.02 0.01 0.01
0.01 0.02 0.00 0.00 0.01 0.01 0.01 0.01
0.01 0.04 0.00 0.00 0.01 0.03 0.01 0.00
0.01 0.06 0.00 0.00 0.02 0.03 0.01 0.01
0.03 0.10 0.01 0.01 0.03 0.04 0.02 0.02
0.04 0.14 0.01 0.01 0.03 0.04 0.02 0.03
0.04 0.16 0.01 0.03 0.04 0.05 0.02 0.07
0.04 0.21 0.01 0.01 0.04 0.07 0.02 0.03
0.04 0.18 0.01 0.00 0.02 0.04 0.02 0.01
0.03 0.11 0.01 0.01 0.02 0.02 0.01 0.03
0.07 0.29 0.02 0.02 0.04 0.05 0.02 0.03
0.10 0.59 0.02 0.00 0.05 0.10 0.02 0.01
0.10 0.65 0.01 0.01 0.06 0.12 0.01 0.01
0.06 0.35 0.01 0.01 0.05 0.08 0.02 0.04
0.08 0.50 0.02 0.00 0.07 0.12 0.04 0.01
0.06 0.26 0.02 0.01 0.06 0.07 0.05 0.06
0.09 0.51 0.02 0.01 0.09 0.13 0.04 0.04
0.07 0.34 0.02 0.01 0.07 0.10 0.05 0.04
0.07 0.32 0.02 0.01 0.10 0.11 0.08 0.09
0.07 0.36 0.02 0.00 0.09 0.12 0.06 0.03
0.01 0.04 0.01 0.00 0.02 0.02 0.02 0.02
0.00 0.01 0.00 0.00 0.00 0.00 0.01 0.01
0.00 0.01 0.00 0.00 0.00 0.00 0.01 0.00
0.00 0.00 0.00 0.00 0.00 0.00 0.01 0.00
0.00 0.00 0.00 0.00 0.00 0.00 0.01 0.00
0.00 0.01 0.00 0.00 0.00 0.00 0.00 0.00
0.00 0.00 0.00 0.00 0.00 0.00 0.00 0.00
0.00 0.01 0.00 0.00 0.00 0.00 0.00 0.00
0.00 0.00 0.00 0.00 0.00 0.00 0.01 0.00
0.00 0.00 0.00 0.00 0.00 0.00 0.00 0.00
0.00 0.00 0.00 0.00 0.00 0.00 0.01 0.00
0.00 0.01 0.00 0.00 0.00 0.00 0.01 0.00
0.00 0.00 0.00 0.00 0.00 0.00 0.00 0.00
0.00 0.01 0.00 0.00 0.00 0.00 0.00 0.00
0.00 0.01 0.00 0.00 0.00 0.00 0.00 0.00
0.00 0.01 0.00 0.00 0.00 0.00 0.00 0.00
0.00 0.00 0.00 0.00 0.00 0.00 0.00 0.00
0.00 0.00 0.00 0.00 0.00 0.00 0.00 0.01
0.00 0.00 0.00 0.00 0.00 0.00 0.00 0.00
0.00 0.01 0.00 0.00 0.00 0.00 0.01 0.00
0.00 0.01 0.00 0.00 0.00 0.00 0.00 0.01
0.00 0.00 0.00 0.00 0.00 0.00 0.00 0.01
0.00 0.00 0.00 0.00 0.00 0.00 0.01 0.00
0.00 0.01 0.00 0.00 0.00 0.00 0.00 0.01
0.00 0.00 0.00 0.00 0.00 0.00 0.00 0.00
0.00 0.00 0.00 0.00 0.00 0.00 0.00 0.01
0.00 0.00 0.00 0.00 0.00 0.00 0.00 0.01
0.00 0.00 0.00 0.00 0.00 0.00 0.00 0.00
0.00 0.00 0.00 0.00 0.00 0.00 0.00 0.00
0.00 0.00 0.00 0.00 0.00 0.00 0.01 0.00
0.00 0.00 0.00 0.00 0.00 0.00 0.00 0.00
0.00 0.01 0.00 0.00 0.00 0.01 0.00 0.00
0.00 0.00 0.00 0.00 0.00 0.00 0.00 0.00
0.00 0.00 0.00 0.00 0.00 0.00 0.00 0.00
0.00 0.00 0.00 0.00 0.00 0.00 0.00 0.00
0.00 0.00 0.00 0.00 0.00 0.00 0.00 0.01
0.00 0.00 0.00 0.00 0.00 0.00 0.01 0.00
0.00 0.00 0.00 0.00 0.00 0.00 0.00 0.00
0.00 0.00 0.00 0.00 0.00 0.00 0.01 0.01
0.00 0.00 0.00 0.00 0.00 0.00 0.01 0.00
0.00 0.00 0.00 0.00 0.00 0.00 0.01 0.00
0.00 0.00 0.00 0.00 0.00 0.00 0.00 0.00
0.00 0.00 0.00 0.00 0.00 0.00 0.01 0.01
0.00 0.01 0.00 0.00 0.01 0.01 0.01 0.01
0.00 0.02 0.00 0.00 0.01 0.01 0.02 0.01
0.00 0.02 0.00 0.00 0.01 0.01 0.02 0.02
0.00 0.01 0.00 0.00 0.01 0.00 0.01 0.02
0.04 0.18 0.01 0.00 0.05 0.06 0.03 0.03
0.07 0.32 0.02 0.01 0.08 0.08 0.06 0.08
0.04 0.24 0.01 0.00 0.04 0.05 0.02 0.02
0.03 0.17 0.01 0.00 0.03 0.04 0.02 0.02
0.04 0.23 0.00 0.00 0.04 0.05 0.01 0.02
0.02 0.14 0.00 0.00 0.03 0.04 0.01 0.03
0.03 0.18 0.00 0.00 0.04 0.05 0.01 0.02
0.02 0.14 0.00 0.00 0.04 0.05 0.01 0.01
0.04 0.20 0.01 0.00 0.06 0.09 0.04 0.02
0.03 0.15 0.01 0.00 0.05 0.06 0.03 0.01
0.03 0.18 0.01 0.00 0.06 0.09 0.04 0.02
0.04 0.19 0.01 0.00 0.09 0.13 0.06 0.03
0.04 0.18 0.01 0.00 0.08 0.12 0.05 0.03
0.41 2.17 0.10 0.02 0.64 0.90 0.43 0.14
0.65 3.71 0.11 0.03 0.80 1.11 0.46 0.19
0.38 2.21 0.07 0.01 0.54 0.80 0.29 0.10
0.48 2.67 0.08 0.03 0.67 0.92 0.37 0.22
0.65 3.54 0.14 0.03 0.87 1.15 0.58 0.24
0.73 4.16 0.11 0.04 0.98 1.33 0.50 0.32
0.60 3.15 0.12 0.04 0.76 0.98 0.50 0.30
0.73 4.27 0.11 0.03 0.83 1.13 0.41 0.25
0.61 3.46 0.10 0.02 0.68 0.94 0.38 0.16
0.48 2.91 0.05 0.02 0.55 0.81 0.20 0.13
0.61 3.42 0.10 0.03 0.62 0.84 0.35 0.19
0.62 3.71 0.07 0.03 0.68 0.93 0.28 0.23
0.36 2.11 0.03 0.03 0.47 0.64 0.14 0.26
0.44 2.50 0.05 0.04 0.45 0.59 0.17 0.27
0.55 2.96 0.08 0.05 0.52 0.64 0.25 0.34
0.47 2.60 0.05 0.05 0.46 0.58 0.18 0.35
0.35 1.94 0.04 0.03 0.36 0.43 0.13 0.34
0.35 1.94 0.05 0.03 0.30 0.34 0.14 0.32
0.28 1.40 0.04 0.04 0.21 0.23 0.11 0.29
0.35 1.73 0.07 0.04 0.26 0.28 0.17 0.32
0.21 0.95 0.04 0.04 0.20 0.20 0.13 0.32
0.14 0.66 0.03 0.02 0.17 0.18 0.11 0.21
0.07 0.37 0.01 0.01 0.13 0.15 0.09 0.12
0.04 0.19 0.01 0.00 0.09 0.09 0.09 0.08
0.01 0.07 0.00 0.00 0.04 0.05 0.04 0.01
0.01 0.03 0.00 0.00 0.02 0.03 0.03 0.02
0.00 0.01 0.00 0.00 0.01 0.01 0.01 0.03
0.00 0.02 0.00 0.00 0.01 0.02 0.01 0.02
0.00 0.03 0.00 0.00 0.02 0.03 0.01 0.02
0.01 0.05 0.00 0.00 0.03 0.04 0.02 0.03
0.46 3.56 0.02 0.00 0.84 1.25 0.16 0.01
0.62 4.77 0.02 0.00 0.99 1.46 0.21 0.02
0.64 5.10 0.02 0.00 1.02 1.53 0.15 0.01
0.65 5.11 0.02 0.00 1.03 1.51 0.17 0.04
0.68 5.34 0.03 0.00 1.11 1.63 0.22 0.01
0.65 5.11 0.02 0.00 1.01 1.46 0.19 0.02
0.67 5.09 0.03 0.00 1.04 1.47 0.26 0.03
0.71 5.41 0.03 0.00 1.13 1.58 0.25 0.04
0.60 4.46 0.03 0.00 1.05 1.44 0.29 0.07
0.52 3.92 0.02 0.00 1.08 1.45 0.26 0.06
0.54 4.01 0.03 0.00 1.30 1.64 0.43 0.09
0.64 4.79 0.03 0.00 1.51 1.88 0.48 0.14
0.52 3.87 0.03 0.00 1.20 1.57 0.35 0.09
0.62 4.48 0.04 0.00 1.14 1.53 0.33 0.14
0.77 5.41 0.07 0.00 1.24 1.64 0.45 0.11
0.67 4.80 0.05 0.00 1.06 1.43 0.35 0.07
0.67 4.73 0.06 0.00 1.16 1.57 0.41 0.10
0.73 5.06 0.08 0.00 1.15 1.54 0.44 0.09
0.76 5.38 0.07 0.00 1.02 1.39 0.32 0.07
0.52 3.79 0.03 0.00 0.77 1.08 0.18 0.08
0.73 5.03 0.08 0.00 1.00 1.31 0.38 0.11
0.61 4.39 0.04 0.00 0.86 1.21 0.23 0.06
0.54 3.99 0.04 0.00 0.88 1.21 0.26 0.04
0.37 2.68 0.02 0.00 0.72 1.02 0.19 0.06
0.26 1.79 0.03 0.00 0.68 0.95 0.24 0.05
0.17 1.06 0.03 0.00 0.53 0.72 0.26 0.08
0.13 0.80 0.02 0.00 0.51 0.69 0.27 0.07
0.12 0.76 0.02 0.00 0.51 0.70 0.22 0.07
0.09 0.52 0.02 0.00 0.42 0.56 0.25 0.07
0.05 0.33 0.01 0.00 0.27 0.36 0.15 0.05
0.02 0.11 0.01 0.00 0.12 0.13 0.12 0.05
0.03 0.14 0.01 0.00 0.12 0.14 0.11 0.04
0.01 0.05 0.00 0.00 0.05 0.06 0.04 0.03
0.01 0.04 0.00 0.00 0.05 0.06 0.03 0.04
0.01 0.05 0.00 0.00 0.05 0.07 0.03 0.04
0.01 0.04 0.00 0.00 0.04 0.05 0.02 0.05
0.01 0.07 0.00 0.00 0.05 0.07 0.02 0.03
0.03 0.17 0.01 0.00 0.14 0.17 0.10 0.04
0.01 0.06 0.00 0.00 0.07 0.08 0.05 0.04
0.01 0.07 0.00 0.00 0.07 0.09 0.04 0.02
0.01 0.07 0.00 0.00 0.08 0.11 0.03 0.08
0.01 0.06 0.00 0.00 0.07 0.10 0.04 0.05
0.01 0.04 0.00 0.00 0.04 0.06 0.03 0.01
0.01 0.05 0.00 0.00 0.06 0.08 0.04 0.03
0.01 0.05 0.00 0.00 0.06 0.08 0.04 0.04
0.01 0.03 0.00 0.00 0.04 0.04 0.03 0.09
0.02 0.07 0.01 0.00 0.06 0.07 0.08 0.04
0.02 0.09 0.01 0.00 0.06 0.07 0.04 0.05
0.04 0.13 0.01 0.01 0.09 0.09 0.06 0.11
0.06 0.22 0.02 0.02 0.11 0.12 0.08 0.12
0.05 0.18 0.02 0.02 0.08 0.09 0.07 0.09
0.07 0.19 0.04 0.02 0.10 0.10 0.12 0.10
0.04 0.11 0.01 0.03 0.07 0.07 0.03 0.12
0.04 0.11 0.01 0.04 0.07 0.08 0.02 0.15
0.03 0.09 0.01 0.02 0.06 0.07 0.03 0.10
0.03 0.06 0.01 0.02 0.05 0.05 0.06 0.07
0.02 0.08 0.00 0.02 0.05 0.06 0.02 0.07
0.03 0.11 0.01 0.02 0.07 0.09 0.03 0.07
0.03 0.12 0.01 0.02 0.08 0.12 0.03 0.07
0.05 0.17 0.02 0.03 0.13 0.15 0.09 0.12
0.01 0.03 0.00 0.01 0.03 0.03 0.03 0.05
0.01 0.02 0.00 0.01 0.02 0.02 0.01 0.07
0.02 0.06 0.01 0.01 0.04 0.05 0.03 0.03
0.01 0.03 0.00 0.01 0.02 0.02 0.02 0.03
0.01 0.01 0.00 0.01 0.02 0.02 0.01 0.03
0.00 0.02 0.00 0.00 0.01 0.02 0.01 0.01
0.00 0.01 0.00 0.00 0.01 0.02 0.01 0.01
0.00 0.01 0.00 0.00 0.01 0.01 0.01 0.01
0.00 0.01 0.00 0.00 0.01 0.01 0.00 0.01
0.00 0.01 0.00 0.00 0.01 0.01 0.01 0.01
0.00 0.00 0.00 0.00 0.00 0.00 0.01 0.00
0.00 0.00 0.00 0.00 0.00 0.00 0.00 0.00
0.00 0.01 0.00 0.00 0.00 0.01 0.00 0.00
0.00 0.01 0.00 0.00 0.00 0.01 0.00 0.01
0.00 0.01 0.00 0.00 0.00 0.00 0.00 0.00
0.00 0.02 0.00 0.00 0.01 0.01 0.00 0.00
0.00 0.01 0.00 0.00 0.00 0.00 0.00 0.00
0.02 0.09 0.00 0.00 0.02 0.03 0.01 0.01
0.02 0.12 0.00 0.00 0.02 0.04 0.01 0.01
0.05 0.24 0.01 0.01 0.04 0.06 0.01 0.02
0.02 0.09 0.01 0.01 0.02 0.02 0.01 0.03
0.06 0.26 0.02 0.00 0.04 0.06 0.03 0.01
0.06 0.25 0.01 0.01 0.04 0.06 0.02 0.02
0.05 0.24 0.01 0.01 0.04 0.06 0.03 0.02
0.03 0.16 0.00 0.00 0.03 0.05 0.01 0.01
0.04 0.18 0.01 0.01 0.04 0.06 0.02 0.02
0.06 0.32 0.01 0.01 0.07 0.11 0.04 0.02
0.04 0.22 0.01 0.00 0.06 0.10 0.03 0.02
0.04 0.23 0.01 0.00 0.07 0.11 0.07 0.02
0.06 0.33 0.01 0.00 0.11 0.16 0.08 0.03
0.00 0.01 0.00 0.00 0.00 0.00 0.00 0.01
0.00 0.00 0.00 0.00 0.00 0.00 0.00 0.01
0.00 0.00 0.00 0.00 0.00 0.00 0.00 0.01
0.00 0.00 0.00 0.00 0.00 0.00 0.00 0.01
0.00 0.01 0.00 0.00 0.00 0.00 0.00 0.00
0.00 0.00 0.00 0.00 0.00 0.00 0.00 0.01
0.00 0.01 0.00 0.00 0.00 0.00 0.00 0.00
0.00 0.01 0.00 0.00 0.00 0.00 0.01 0.00
0.00 0.01 0.00 0.00 0.00 0.00 0.00 0.00
0.00 0.00 0.00 0.00 0.00 0.00 0.00 0.00
0.00 0.01 0.00 0.00 0.00 0.01 0.01 0.01
0.00 0.01 0.00 0.00 0.00 0.01 0.00 0.00
0.00 0.01 0.00 0.00 0.00 0.00 0.00 0.01
0.00 0.01 0.00 0.00 0.00 0.00 0.00 0.01
0.00 0.02 0.00 0.00 0.00 0.01 0.00 0.01
0.00 0.00 0.00 0.00 0.00 0.00 0.00 0.00
0.00 0.01 0.00 0.00 0.00 0.00 0.00 0.01
0.00 0.00 0.00 0.00 0.00 0.00 0.00 0.00
0.00 0.00 0.00 0.00 0.00 0.00 0.00 0.00
0.00 0.01 0.00 0.00 0.00 0.00 0.00 0.00
0.00 0.00 0.00 0.00 0.00 0.00 0.01 0.01
0.00 0.00 0.00 0.00 0.00 0.00 0.00 0.00
0.00 0.01 0.00 0.00 0.00 0.00 0.00 0.00
0.00 0.00 0.00 0.00 0.00 0.00 0.00 0.00
0.00 0.01 0.00 0.00 0.00 0.00 0.00 0.00
0.00 0.01 0.00 0.00 0.00 0.00 0.01 0.01
0.00 0.01 0.00 0.00 0.00 0.01 0.01 0.01
0.00 0.01 0.00 0.00 0.00 0.01 0.01 0.01
0.00 0.01 0.00 0.00 0.00 0.01 0.00 0.02
0.00 0.02 0.00 0.00 0.01 0.01 0.00 0.02
0.04 0.34 0.00 0.00 0.11 0.17 0.01 0.01
0.04 0.34 0.00 0.00 0.11 0.16 0.02 0.01
0.04 0.33 0.00 0.00 0.12 0.16 0.03 0.01
0.08 0.58 0.00 0.00 0.24 0.34 0.05 0.02
0.04 0.34 0.00 0.00 0.15 0.22 0.03 0.01
0.04 0.25 0.00 0.00 0.10 0.14 0.05 0.01
0.03 0.23 0.00 0.00 0.10 0.14 0.04 0.01
0.04 0.33 0.00 0.00 0.12 0.17 0.02 0.01
0.03 0.24 0.00 0.00 0.10 0.13 0.04 0.02
0.03 0.21 0.00 0.00 0.10 0.13 0.04 0.02
0.03 0.20 0.00 0.00 0.11 0.14 0.05 0.01
0.05 0.35 0.01 0.00 0.19 0.26 0.08 0.02
0.03 0.21 0.00 0.00 0.12 0.16 0.03 0.02
0.03 0.19 0.00 0.00 0.09 0.13 0.02 0.03
0.02 0.16 0.00 0.00 0.07 0.09 0.02 0.03
0.03 0.21 0.00 0.00 0.08 0.11 0.02 0.04
0.01 0.10 0.00 0.00 0.04 0.05 0.01 0.05
0.02 0.14 0.00 0.00 0.04 0.07 0.01 0.02
0.01 0.07 0.00 0.00 0.02 0.03 0.00 0.02
0.01 0.07 0.00 0.00 0.02 0.03 0.00 0.01
0.01 0.07 0.00 0.00 0.02 0.03 0.00 0.02
0.01 0.06 0.00 0.00 0.02 0.03 0.00 0.02
0.01 0.04 0.00 0.00 0.02 0.02 0.01 0.02
0.01 0.04 0.00 0.00 0.02 0.02 0.01 0.02
0.00 0.01 0.00 0.00 0.00 0.01 0.01 0.02
0.00 0.01 0.00 0.00 0.01 0.01 0.00 0.02
0.00 0.01 0.00 0.00 0.01 0.01 0.00 0.02
0.00 0.01 0.00 0.00 0.01 0.01 0.01 0.03
0.00 0.01 0.00 0.00 0.01 0.02 0.00 0.02
0.00 0.00 0.00 0.00 0.00 0.01 0.01 0.02
0.03 0.19 0.00 0.00 0.13 0.21 0.04 0.02
0.03 0.24 0.00 0.00 0.14 0.23 0.04 0.02
0.03 0.22 0.00 0.00 0.14 0.24 0.03 0.01
0.04 0.27 0.00 0.00 0.16 0.27 0.03 0.01
0.05 0.30 0.01 0.00 0.21 0.31 0.09 0.05
0.05 0.32 0.01 0.00 0.21 0.31 0.08 0.06
0.07 0.42 0.01 0.00 0.26 0.37 0.11 0.07
0.06 0.40 0.01 0.00 0.24 0.36 0.09 0.04
0.05 0.37 0.01 0.00 0.22 0.34 0.09 0.03
0.06 0.38 0.01 0.00 0.24 0.37 0.07 0.05
0.06 0.40 0.01 0.00 0.26 0.38 0.08 0.05
0.06 0.40 0.01 0.00 0.26 0.37 0.10 0.04
0.07 0.46 0.01 0.00 0.30 0.45 0.09 0.05
0.06 0.39 0.01 0.00 0.24 0.36 0.08 0.04
0.07 0.45 0.01 0.00 0.27 0.38 0.12 0.03
0.12 0.68 0.03 0.00 0.30 0.41 0.17 0.06
0.12 0.72 0.02 0.01 0.31 0.42 0.11 0.20
0.21 0.99 0.06 0.02 0.37 0.45 0.24 0.25
0.17 0.78 0.04 0.04 0.28 0.35 0.15 0.29
0.30 1.31 0.06 0.07 0.38 0.50 0.17 0.33
0.28 1.05 0.06 0.10 0.38 0.45 0.21 0.40
0.20 0.69 0.05 0.09 0.31 0.37 0.17 0.34
0.16 0.56 0.03 0.09 0.32 0.39 0.12 0.40
0.09 0.29 0.04 0.06 0.22 0.27 0.20 0.24
0.10 0.26 0.03 0.07 0.24 0.24 0.15 0.36
0.13 0.38 0.02 0.11 0.29 0.34 0.10 0.42
0.19 0.56 0.05 0.11 0.38 0.43 0.25 0.44
0.14 0.36 0.04 0.11 0.28 0.28 0.19 0.38
0.13 0.37 0.02 0.14 0.23 0.24 0.07 0.46
0.18 0.46 0.07 0.11 0.23 0.23 0.16 0.35
0.27 0.70 0.11 0.17 0.33 0.32 0.25 0.46
0.43 1.10 0.09 0.39 0.39 0.38 0.18 0.76
0.43 0.90 0.12 0.47 0.41 0.33 0.26 0.86
0.50 1.30 0.12 0.42 0.47 0.43 0.28 0.83
0.37 0.94 0.07 0.38 0.35 0.32 0.16 0.78
0.37 0.92 0.05 0.42 0.34 0.31 0.13 0.78
0.52 1.41 0.08 0.48 0.41 0.38 0.18 0.86
0.58 1.53 0.11 0.53 0.44 0.40 0.20 0.94
0.40 1.03 0.10 0.33 0.36 0.32 0.20 0.76
0.53 1.30 0.16 0.43 0.44 0.38 0.28 0.87
0.49 1.30 0.14 0.38 0.43 0.40 0.27 0.72
0.40 1.00 0.11 0.32 0.32 0.29 0.19 0.61
0.37 1.03 0.10 0.26 0.35 0.34 0.20 0.64
0.76 2.37 0.18 0.46 0.52 0.55 0.29 0.85
1.08 3.33 0.32 0.59 0.65 0.70 0.42 0.90
1.33 4.20 0.30 0.82 0.62 0.65 0.33 0.99
1.37 5.04 0.39 0.44 0.68 0.77 0.48 0.66
2.22 8.09 0.63 0.75 0.88 1.00 0.59 0.95
3.41 13.02 0.81 1.14 0.98 1.10 0.62 1.12
3.22 12.92 0.58 1.11 0.79 0.92 0.40 0.91
2.88 11.64 0.74 0.74 0.75 0.89 0.48 0.70
3.46 15.22 0.59 0.90 0.77 0.93 0.42 0.74
3.19 12.25 0.58 1.39 0.76 0.83 0.44 1.01
3.93 17.83 0.67 0.87 1.06 1.26 0.64 0.84
2.56 11.48 0.43 0.66 0.77 0.91 0.43 0.76
3.05 14.87 0.54 0.43 0.98 1.18 0.60 0.70
3.10 15.20 0.53 0.44 1.05 1.26 0.61 0.84
2.62 12.82 0.46 0.37 1.17 1.38 0.70 0.96
2.36 11.98 0.45 0.25 1.08 1.26 0.74 0.77
3.44 17.25 0.68 0.35 1.35 1.55 0.97 0.94
0.34 1.65 0.09 0.03 0.32 0.38 0.25 0.17
0.38 1.93 0.09 0.03 0.34 0.42 0.23 0.16
0.66 3.49 0.15 0.04 0.50 0.65 0.33 0.20
0.43 2.53 0.06 0.02 0.41 0.57 0.17 0.16
0.72 4.15 0.12 0.03 0.72 0.95 0.39 0.24
0.60 3.42 0.07 0.04 0.61 0.81 0.23 0.35
0.45 2.55 0.06 0.03 0.43 0.58 0.17 0.20
0.57 3.23 0.09 0.03 0.54 0.70 0.26 0.22
0.50 3.03 0.07 0.02 0.57 0.79 0.26 0.14
0.55 3.11 0.09 0.03 0.64 0.83 0.32 0.28
0.62 3.50 0.08 0.04 0.74 0.95 0.32 0.43
0.46 2.43 0.08 0.03 0.49 0.63 0.26 0.23
0.45 2.45 0.07 0.03 0.43 0.55 0.22 0.22
0.41 2.32 0.05 0.03 0.42 0.54 0.17 0.24
0.50 2.85 0.05 0.05 0.47 0.61 0.17 0.33
0.40 2.18 0.05 0.04 0.34 0.40 0.16 0.30
0.58 3.04 0.08 0.06 0.50 0.59 0.26 0.42
0.58 3.10 0.09 0.05 0.44 0.52 0.24 0.33
0.48 2.57 0.05 0.06 0.32 0.37 0.14 0.39
0.40 2.01 0.06 0.06 0.27 0.28 0.14 0.42
0.35 1.74 0.05 0.05 0.30 0.32 0.15 0.46
0.30 1.39 0.04 0.07 0.32 0.32 0.16 0.65
0.10 0.51 0.01 0.01 0.15 0.16 0.08 0.21
0.03 0.18 0.01 0.00 0.07 0.07 0.05 0.10
0.02 0.11 0.00 0.00 0.05 0.06 0.03 0.03
0.00 0.03 0.00 0.00 0.02 0.02 0.00 0.02
0.00 0.03 0.00 0.00 0.01 0.02 0.00 0.02
0.00 0.02 0.00 0.00 0.01 0.02 0.00 0.03
0.00 0.01 0.00 0.00 0.01 0.01 0.01 0.02
0.00 0.01 0.00 0.00 0.01 0.01 0.01 0.02
0.00 0.01 0.00 0.00 0.01 0.01 0.01 0.03
0.00 0.01 0.00 0.00 0.01 0.01 0.01 0.03
0.00 0.01 0.00 0.00 0.01 0.01 0.00 0.03
0.00 0.00 0.00 0.00 0.01 0.01 0.01 0.06
0.00 0.00 0.00 0.00 0.00 0.00 0.01 0.04
0.00 0.00 0.00 0.00 0.00 0.00 0.01 0.03
0.00 0.02 0.00 0.00 0.01 0.02 0.01 0.01
0.00 0.02 0.00 0.00 0.01 0.02 0.01 0.02
0.00 0.01 0.00 0.00 0.01 0.01 0.01 0.02
0.00 0.01 0.00 0.00 0.01 0.01 0.01 0.03
0.00 0.00 0.00 0.00 0.01 0.01 0.01 0.04
0.00 0.01 0.00 0.00 0.01 0.01 0.01 0.03
0.00 0.01 0.00 0.00 0.01 0.01 0.01 0.01
0.02 0.09 0.01 0.01 0.08 0.06 0.10 0.21
0.05 0.20 0.02 0.01 0.12 0.12 0.13 0.15
0.03 0.12 0.01 0.01 0.07 0.05 0.10 0.15
0.03 0.09 0.01 0.01 0.05 0.04 0.08 0.10
0.11 0.47 0.03 0.02 0.15 0.16 0.14 0.18
0.07 0.34 0.02 0.00 0.07 0.09 0.06 0.03
0.04 0.23 0.00 0.01 0.04 0.04 0.01 0.03
0.06 0.30 0.02 0.01 0.06 0.06 0.04 0.05
0.11 0.59 0.02 0.01 0.12 0.15 0.06 0.06
0.09 0.43 0.02 0.01 0.10 0.11 0.07 0.08
0.11 0.55 0.02 0.01 0.14 0.17 0.09 0.09
0.08 0.42 0.01 0.01 0.12 0.16 0.07 0.06
0.10 0.49 0.02 0.01 0.14 0.18 0.08 0.10
0.08 0.41 0.01 0.01 0.14 0.19 0.07 0.11
0.10 0.56 0.01 0.01 0.20 0.29 0.08 0.10
0.11 0.55 0.03 0.01 0.28 0.39 0.18 0.10
0.09 0.40 0.02 0.01 0.20 0.26 0.15 0.09
0.19 0.98 0.05 0.01 0.55 0.79 0.36 0.11
0.18 1.04 0.04 0.01 0.38 0.58 0.24 0.07
0.15 0.77 0.03 0.01 0.32 0.44 0.21 0.12
0.21 1.13 0.05 0.01 0.45 0.61 0.34 0.08
0.18 0.87 0.05 0.01 0.39 0.50 0.34 0.11
0.21 1.23 0.04 0.00 0.41 0.60 0.25 0.03
0.04 0.29 0.00 0.00 0.09 0.16 0.02 0.00
0.13 0.86 0.01 0.00 0.23 0.39 0.04 0.04
0.14 0.74 0.02 0.01 0.24 0.33 0.10 0.10
0.06 0.36 0.00 0.01 0.11 0.16 0.02 0.06
0.15 0.82 0.02 0.02 0.24 0.34 0.10 0.12
0.31 1.61 0.04 0.04 0.50 0.65 0.23 0.32
0.11 0.53 0.01 0.02 0.20 0.25 0.06 0.22
0.37 1.95 0.05 0.04 0.53 0.67 0.20 0.43
0.21 1.15 0.03 0.02 0.30 0.39 0.11 0.23
0.13 0.71 0.01 0.02 0.18 0.25 0.05 0.17
0.17 0.90 0.03 0.02 0.23 0.28 0.10 0.24
0.07 0.37 0.01 0.02 0.09 0.09 0.02 0.25
0.10 0.50 0.02 0.01 0.10 0.10 0.06 0.14
0.07 0.34 0.01 0.01 0.06 0.07 0.04 0.07
0.04 0.19 0.01 0.01 0.04 0.04 0.02 0.08
0.03 0.15 0.00 0.01 0.04 0.04 0.02 0.10
0.01 0.05 0.01 0.00 0.02 0.02 0.04 0.05
0.01 0.06 0.00 0.00 0.02 0.03 0.02 0.05
0.01 0.05 0.00 0.00 0.03 0.03 0.04 0.03
0.00 0.01 0.00 0.00 0.01 0.01 0.01 0.03
0.00 0.00 0.00 0.00 0.00 0.00 0.00 0.02
0.00 0.01 0.00 0.00 0.01 0.01 0.01 0.04
0.00 0.00 0.00 0.00 0.00 0.00 0.00 0.02
0.00 0.01 0.00 0.00 0.01 0.01 0.01 0.01
0.00 0.02 0.00 0.00 0.01 0.01 0.00 0.01
0.01 0.02 0.00 0.00 0.02 0.02 0.01 0.03
0.01 0.05 0.00 0.00 0.03 0.04 0.02 0.03
0.01 0.05 0.00 0.00 0.03 0.03 0.03 0.04
0.01 0.03 0.00 0.00 0.02 0.02 0.02 0.02
0.01 0.05 0.00 0.00 0.03 0.04 0.02 0.03
0.00 0.02 0.00 0.00 0.01 0.02 0.01 0.03
0.01 0.03 0.00 0.00 0.02 0.02 0.01 0.03
0.00 0.01 0.00 0.00 0.01 0.01 0.01 0.01
0.00 0.02 0.00 0.00 0.01 0.02 0.01 0.01
0.00 0.03 0.00 0.00 0.02 0.03 0.01 0.02
0.00 0.01 0.00 0.00 0.01 0.02 0.00 0.02
0.00 0.01 0.00 0.00 0.01 0.01 0.01 0.02
0.00 0.01 0.00 0.00 0.01 0.01 0.01 0.05
0.00 0.01 0.00 0.00 0.01 0.01 0.01 0.06
0.00 0.01 0.00 0.00 0.00 0.00 0.00 0.02
0.00 0.03 0.00 0.00 0.01 0.02 0.01 0.03
0.00 0.01 0.00 0.00 0.00 0.00 0.01 0.02
0.00 0.01 0.00 0.00 0.00 0.00 0.01 0.01
0.00 0.00 0.00 0.00 0.00 0.00 0.01 0.00
0.00 0.01 0.00 0.00 0.00 0.00 0.00 0.01
0.00 0.00 0.00 0.00 0.00 0.00 0.01 0.01
0.00 0.00 0.00 0.00 0.00 0.00 0.01 0.01
0.00 0.01 0.00 0.00 0.00 0.00 0.01 0.01
0.00 0.00 0.00 0.00 0.00 0.00 0.01 0.01
0.00 0.00 0.00 0.00 0.00 0.00 0.01 0.01
0.00 0.00 0.00 0.00 0.00 0.00 0.00 0.02
0.00 0.01 0.00 0.00 0.01 0.01 0.01 0.03
0.00 0.01 0.00 0.00 0.01 0.02 0.02 0.01
0.00 0.01 0.00 0.00 0.01 0.02 0.01 0.00
0.00 0.01 0.00 0.00 0.00 0.01 0.01 0.01
0.00 0.01 0.00 0.00 0.01 0.01 0.00 0.01
0.00 0.01 0.00 0.00 0.01 0.01 0.00 0.02
0.00 0.01 0.00 0.00 0.01 0.01 0.01 0.02
0.00 0.01 0.00 0.00 0.01 0.01 0.01 0.03
0.00 0.00 0.00 0.00 0.01 0.01 0.01 0.01
0.00 0.01 0.00 0.00 0.01 0.01 0.01 0.02
0.00 0.01 0.00 0.00 0.01 0.01 0.00 0.01
0.00 0.01 0.00 0.00 0.01 0.02 0.01 0.03
0.00 0.00 0.00 0.00 0.00 0.00 0.01 0.01
0.00 0.00 0.00 0.00 0.00 0.00 0.02 0.01
0.00 0.00 0.00 0.00 0.00 0.00 0.00 0.02
0.00 0.00 0.00 0.00 0.01 0.01 0.00 0.01
0.00 0.01 0.00 0.00 0.01 0.02 0.00 0.01
0.01 0.03 0.00 0.00 0.05 0.05 0.04 0.02
0.00 0.02 0.00 0.00 0.02 0.02 0.02 0.02
0.00 0.00 0.00 0.00 0.00 0.00 0.01 0.01
0.00 0.00 0.00 0.00 0.00 0.00 0.00 0.00
0.00 0.01 0.00 0.00 0.00 0.01 0.00 0.00
0.00 0.01 0.00 0.00 0.00 0.01 0.01 0.00
0.00 0.01 0.00 0.00 0.00 0.00 0.01 0.00
0.00 0.00 0.00 0.00 0.00 0.00 0.00 0.00
0.00 0.00 0.00 0.00 0.00 0.00 0.00 0.00
0.00 0.00 0.00 0.00 0.00 0.00 0.00 0.01
0.00 0.00 0.00 0.00 0.00 0.00 0.00 0.00
0.00 0.01 0.00 0.00 0.00 0.01 0.01 0.00
0.00 0.01 0.00 0.00 0.01 0.02 0.00 0.01
0.00 0.01 0.00 0.00 0.01 0.01 0.00 0.00
0.00 0.00 0.00 0.00 0.01 0.01 0.01 0.01
0.00 0.01 0.00 0.00 0.01 0.02 0.01 0.00
0.00 0.01 0.00 0.00 0.00 0.01 0.00 0.00
0.01 0.04 0.00 0.00 0.02 0.04 0.01 0.01
0.01 0.05 0.00 0.00 0.02 0.05 0.01 0.01
0.02 0.10 0.00 0.00 0.05 0.09 0.02 0.02
0.01 0.06 0.00 0.00 0.05 0.08 0.04 0.03
0.01 0.05 0.00 0.00 0.04 0.08 0.02 0.02
0.01 0.07 0.00 0.00 0.05 0.10 0.02 0.02
0.01 0.04 0.00 0.00 0.02 0.03 0.00 0.01
0.01 0.03 0.00 0.00 0.02 0.03 0.01 0.01
0.00 0.02 0.00 0.00 0.01 0.01 0.01 0.01
0.00 0.01 0.00 0.00 0.01 0.01 0.00 0.01
0.00 0.01 0.00 0.00 0.00 0.01 0.00 0.00
0.01 0.05 0.00 0.00 0.02 0.04 0.00 0.01
0.00 0.03 0.00 0.00 0.01 0.02 0.00 0.00
0.00 0.03 0.00 0.00 0.00 0.01 0.00 0.00
0.01 0.06 0.00 0.00 0.02 0.03 0.01 0.01
0.01 0.04 0.00 0.00 0.01 0.02 0.01 0.01
0.04 0.23 0.01 0.00 0.05 0.09 0.02 0.01
0.11 0.48 0.02 0.02 0.11 0.16 0.05 0.06
0.07 0.40 0.01 0.01 0.05 0.10 0.02 0.02
0.10 0.53 0.03 0.01 0.07 0.11 0.04 0.02
0.12 0.62 0.03 0.01 0.07 0.12 0.05 0.01
0.12 0.56 0.03 0.01 0.09 0.13 0.06 0.02
0.16 0.77 0.03 0.03 0.15 0.21 0.08 0.08
0.12 0.55 0.02 0.03 0.10 0.13 0.04 0.08
0.20 0.93 0.04 0.04 0.22 0.32 0.10 0.12
0.28 1.18 0.06 0.06 0.34 0.42 0.23 0.21
0.14 0.74 0.02 0.01 0.22 0.32 0.12 0.07
0.04 0.22 0.01 0.00 0.08 0.11 0.09 0.01
0.10 0.63 0.02 0.00 0.18 0.30 0.11 0.01
0.01 0.04 0.00 0.00 0.03 0.03 0.02 0.03
0.01 0.03 0.00 0.00 0.02 0.02 0.02 0.02
0.00 0.01 0.00 0.00 0.01 0.01 0.02 0.02
0.00 0.00 0.00 0.00 0.00 0.00 0.00 0.01
0.00 0.01 0.00 0.00 0.00 0.01 0.00 0.01
0.00 0.02 0.00 0.00 0.01 0.01 0.00 0.01
0.00 0.01 0.00 0.00 0.01 0.01 0.01 0.01
0.00 0.02 0.00 0.00 0.01 0.01 0.01 0.01
0.00 0.02 0.00 0.00 0.01 0.01 0.01 0.01
0.01 0.03 0.00 0.00 0.02 0.02 0.01 0.01
0.00 0.01 0.00 0.00 0.00 0.01 0.00 0.00
0.00 0.01 0.00 0.00 0.01 0.01 0.00 0.01
0.00 0.00 0.00 0.00 0.00 0.00 0.00 0.00
0.00 0.02 0.00 0.00 0.01 0.01 0.01 0.01
0.00 0.01 0.00 0.00 0.00 0.00 0.01 0.00
0.00 0.02 0.00 0.00 0.01 0.01 0.01 0.01
0.00 0.01 0.00 0.00 0.00 0.01 0.00 0.01
0.00 0.01 0.00 0.00 0.00 0.00 0.00 0.01
0.00 0.02 0.00 0.00 0.00 0.00 0.00 0.00
0.00 0.01 0.00 0.00 0.00 0.00 0.01 0.00
0.00 0.02 0.00 0.00 0.00 0.00 0.01 0.01
0.00 0.01 0.00 0.00 0.00 0.00 0.00 0.00
0.00 0.01 0.00 0.00 0.00 0.00 0.01 0.01
0.00 0.00 0.00 0.00 0.00 0.00 0.00 0.01
0.00 0.01 0.00 0.00 0.01 0.01 0.01 0.01
0.00 0.01 0.00 0.00 0.01 0.01 0.01 0.01
0.00 0.01 0.00 0.00 0.01 0.00 0.01 0.02
0.00 0.01 0.00 0.00 0.01 0.01 0.02 0.03
0.00 0.01 0.00 0.00 0.01 0.01 0.00 0.03
0.00 0.02 0.00 0.00 0.01 0.02 0.01 0.03
0.00 0.01 0.00 0.00 0.00 0.01 0.00 0.02
0.00 0.00 0.00 0.00 0.00 0.00 0.00 0.02
0.00 0.01 0.00 0.00 0.01 0.00 0.01 0.02
0.00 0.01 0.00 0.00 0.01 0.01 0.01 0.03
0.00 0.01 0.00 0.00 0.01 0.01 0.01 0.04
0.00 0.00 0.00 0.00 0.00 0.00 0.01 0.02
0.00 0.00 0.00 0.00 0.00 0.00 0.01 0.03
0.00 0.01 0.00 0.00 0.01 0.01 0.01 0.03
0.00 0.00 0.00 0.00 0.00 0.00 0.01 0.02
0.00 0.00 0.00 0.00 0.00 0.00 0.02 0.02
0.00 0.00 0.00 0.00 0.00 0.00 0.01 0.03
0.00 0.00 0.00 0.00 0.00 0.00 0.01 0.02
0.00 0.00 0.00 0.00 0.00 0.01 0.01 0.01
0.00 0.00 0.00 0.00 0.00 0.00 0.01 0.02
0.00 0.00 0.00 0.00 0.00 0.00 0.00 0.02
0.00 0.00 0.00 0.00 0.00 0.00 0.00 0.02
0.00 0.00 0.00 0.00 0.00 0.00 0.00 0.02
0.00 0.00 0.00 0.00 0.00 0.00 0.01 0.02
0.00 0.00 0.00 0.00 0.00 0.00 0.00 0.04
0.00 0.00 0.00 0.00 0.00 0.00 0.00 0.04
0.00 0.00 0.00 0.00 0.00 0.00 0.00 0.03
0.00 0.00 0.00 0.00 0.00 0.00 0.00 0.04
0.00 0.00 0.00 0.00 0.00 0.00 0.01 0.05
0.00 0.00 0.00 0.00 0.00 0.00 0.01 0.04
0.00 0.00 0.00 0.00 0.00 0.00 0.01 0.04
0.00 0.00 0.00 0.00 0.00 0.00 0.01 0.05
0.00 0.00 0.00 0.00 0.00 0.00 0.01 0.07
0.00 0.00 0.00 0.00 0.01 0.00 0.01 0.08
0.00 0.00 0.00 0.00 0.00 0.00 0.01 0.07
0.00 0.00 0.00 0.00 0.00 0.00 0.01 0.05
0.00 0.00 0.00 0.00 0.00 0.00 0.00 0.05
0.00 0.00 0.00 0.00 0.01 0.01 0.01 0.04
0.00 0.00 0.00 0.00 0.00 0.00 0.01 0.03
0.00 0.00 0.00 0.00 0.00 0.00 0.01 0.02
0.00 0.00 0.00 0.00 0.00 0.00 0.01 0.03
0.00 0.00 0.00 0.00 0.01 0.01 0.01 0.06
0.00 0.00 0.00 0.00 0.01 0.00 0.02 0.05
0.00 0.00 0.00 0.00 0.01 0.01 0.01 0.03
0.00 0.00 0.00 0.00 0.01 0.01 0.01 0.04
0.00 0.00 0.00 0.00 0.00 0.00 0.01 0.03
0.00 0.00 0.00 0.00 0.01 0.01 0.02 0.05
0.00 0.00 0.00 0.00 0.01 0.01 0.01 0.04
0.00 0.00 0.00 0.00 0.01 0.01 0.01 0.03
0.00 0.00 0.00 0.00 0.00 0.00 0.00 0.04
0.00 0.01 0.00 0.00 0.01 0.01 0.01 0.04
0.00 0.01 0.00 0.00 0.01 0.01 0.01 0.03
0.00 0.01 0.00 0.00 0.01 0.01 0.00 0.03
0.00 0.01 0.00 0.00 0.00 0.01 0.00 0.01
0.00 0.01 0.00 0.00 0.00 0.00 0.00 0.01
0.00 0.01 0.00 0.00 0.00 0.00 0.00 0.00
0.00 0.01 0.00 0.00 0.00 0.00 0.00 0.01
0.00 0.01 0.00 0.00 0.00 0.01 0.01 0.01
0.00 0.00 0.00 0.00 0.00 0.00 0.01 0.00
0.01 0.02 0.01 0.01 0.04 0.04 0.06 0.03
0.01 0.01 0.00 0.02 0.02 0.01 0.01 0.14
0.01 0.01 0.00 0.00 0.02 0.02 0.02 0.03
0.00 0.01 0.00 0.00 0.01 0.01 0.02 0.01
0.00 0.00 0.00 0.00 0.00 0.00 0.01 0.00
0.00 0.00 0.00 0.00 0.00 0.00 0.00 0.00
0.00 0.00 0.00 0.00 0.00 0.00 0.00 0.00
0.00 0.00 0.00 0.00 0.00 0.00 0.00 0.00
0.00 0.00 0.00 0.00 0.00 0.00 0.00 0.01
0.00 0.01 0.00 0.00 0.00 0.01 0.00 0.00
0.00 0.00 0.00 0.00 0.00 0.00 0.00 0.00
0.00 0.00 0.00 0.00 0.00 0.00 0.00 0.00
0.00 0.01 0.00 0.00 0.00 0.00 0.00 0.00
0.00 0.00 0.00 0.00 0.00 0.00 0.01 0.00
0.00 0.01 0.00 0.00 0.00 0.00 0.00 0.00
0.00 0.01 0.00 0.00 0.00 0.00 0.00 0.00
0.00 0.02 0.00 0.00 0.00 0.01 0.00 0.00
0.00 0.01 0.00 0.00 0.00 0.01 0.00 0.00
0.00 0.01 0.00 0.00 0.00 0.00 0.00 0.00
0.00 0.01 0.00 0.00 0.00 0.00 0.00 0.01
0.00 0.00 0.00 0.00 0.00 0.00 0.00 0.00
0.00 0.00 0.00 0.00 0.00 0.00 0.00 0.00
0.00 0.01 0.00 0.00 0.00 0.00 0.00 0.00
0.00 0.00 0.00 0.00 0.00 0.00 0.00 0.00
0.00 0.01 0.00 0.00 0.00 0.00 0.00 0.00
0.00 0.00 0.00 0.00 0.00 0.00 0.00 0.00
0.00 0.00 0.00 0.00 0.00 0.00 0.00 0.00
0.00 0.00 0.00 0.00 0.00 0.00 0.00 0.00
0.00 0.01 0.00 0.00 0.00 0.00 0.00 0.00
0.00 0.01 0.00 0.00 0.00 0.00 0.00 0.00
0.00 0.01 0.00 0.00 0.00 0.00 0.00 0.00
0.00 0.00 0.00 0.00 0.00 0.00 0.00 0.00
0.00 0.00 0.00 0.00 0.00 0.00 0.00 0.00
0.01 0.03 0.00 0.00 0.01 0.01 0.01 0.01
0.01 0.03 0.00 0.00 0.01 0.01 0.01 0.02
0.00 0.01 0.00 0.00 0.01 0.00 0.01 0.01
0.00 0.02 0.00 0.00 0.00 0.01 0.00 0.00
0.00 0.00 0.00 0.00 0.00 0.00 0.00 0.00
0.00 0.00 0.00 0.00 0.00 0.00 0.00 0.00
0.00 0.01 0.00 0.00 0.00 0.00 0.00 0.00
0.00 0.00 0.00 0.00 0.00 0.00 0.00 0.01
0.00 0.01 0.00 0.00 0.00 0.00 0.00 0.01
0.00 0.00 0.00 0.00 0.00 0.00 0.01 0.00
0.00 0.00 0.00 0.00 0.00 0.00 0.00 0.00
0.00 0.00 0.00 0.00 0.00 0.00 0.00 0.00
0.00 0.00 0.00 0.00 0.00 0.00 0.00 0.00
0.00 0.00 0.00 0.00 0.00 0.00 0.00 0.00
0.00 0.00 0.00 0.00 0.00 0.00 0.00 0.00
0.00 0.00 0.00 0.00 0.00 0.00 0.00 0.00
0.00 0.00 0.00 0.00 0.00 0.00 0.00 0.00
0.00 0.00 0.00 0.00 0.00 0.00 0.00 0.00
0.00 0.00 0.00 0.00 0.00 0.00 0.00 0.00
0.00 0.00 0.00 0.00 0.00 0.00 0.00 0.00
0.00 0.00 0.00 0.00 0.00 0.00 0.00 0.00
0.00 0.00 0.00 0.00 0.00 0.00 0.00 0.00
0.00 0.00 0.00 0.00 0.00 0.00 0.00 0.00
0.00 0.00 0.00 0.00 0.00 0.00 0.00 0.00
0.00 0.00 0.00 0.00 0.00 0.00 0.01 0.00
0.00 0.00 0.00 0.00 0.00 0.00 0.00 0.00
0.00 0.00 0.00 0.00 0.00 0.00 0.00 0.01
0.00 0.00 0.00 0.00 0.00 0.00 0.00 0.00
0.00 0.00 0.00 0.00 0.00 0.00 0.00 0.01
0.00 0.00 0.00 0.00 0.00 0.00 0.01 0.01
0.00 0.00 0.00 0.00 0.00 0.00 0.00 0.01
0.00 0.00 0.00 0.00 0.00 0.00 0.00 0.00
0.00 0.00 0.00 0.00 0.00 0.00 0.00 0.00
0.00 0.00 0.00 0.00 0.00 0.00 0.00 0.00
0.00 0.00 0.00 0.00 0.00 0.00 0.00 0.00
0.00 0.00 0.00 0.00 0.00 0.00 0.01 0.01
0.00 0.00 0.00 0.00 0.00 0.00 0.01 0.01
0.00 0.00 0.00 0.00 0.00 0.00 0.00 0.00
0.00 0.00 0.00 0.00 0.00 0.00 0.01 0.01
0.00 0.00 0.00 0.00 0.00 0.00 0.01 0.01
0.00 0.00 0.00 0.00 0.01 0.00 0.02 0.00
0.00 0.01 0.00 0.00 0.01 0.01 0.03 0.01
0.00 0.00 0.00 0.00 0.00 0.00 0.02 0.01
0.00 0.00 0.00 0.00 0.01 0.01 0.02 0.01
0.00 0.01 0.00 0.00 0.01 0.01 0.01 0.01
0.00 0.01 0.00 0.00 0.01 0.01 0.01 0.04
0.01 0.04 0.00 0.00 0.05 0.04 0.05 0.12
0.01 0.04 0.00 0.00 0.03 0.03 0.04 0.05
0.00 0.01 0.00 0.00 0.00 0.01 0.01 0.03
0.00 0.00 0.00 0.00 0.00 0.00 0.01 0.01
0.03 0.10 0.01 0.01 0.05 0.04 0.05 0.08
0.00 0.01 0.00 0.00 0.00 0.00 0.00 0.01
0.00 0.01 0.00 0.00 0.00 0.00 0.00 0.01
0.00 0.01 0.00 0.00 0.00 0.00 0.00 0.00
0.00 0.00 0.00 0.00 0.00 0.00 0.00 0.00
0.00 0.01 0.00 0.00 0.00 0.00 0.00 0.00
0.00 0.01 0.00 0.00 0.00 0.00 0.00 0.00
0.00 0.01 0.00 0.00 0.00 0.00 0.00 0.01
0.00 0.00 0.00 0.00 0.00 0.00 0.00 0.00
0.00 0.01 0.00 0.00 0.00 0.00 0.00 0.00
0.00 0.01 0.00 0.00 0.00 0.01 0.00 0.00
0.00 0.02 0.00 0.00 0.00 0.01 0.01 0.00
0.00 0.00 0.00 0.00 0.00 0.00 0.00 0.00
0.00 0.00 0.00 0.00 0.00 0.00 0.00 0.00
