0.00 0.00 0.00 0.00 0.00 0.00 0.00 0.00
0.00 0.00 0.00 0.00 0.00 0.00 0.00 0.00
0.00 0.00 0.00 0.00 0.00 0.00 0.00 0.00
0.00 0.00 0.00 0.00 0.00 0.00 0.00 0.00
0.00 0.00 0.00 0.00 0.00 0.00 0.00 0.00
0.00 0.00 0.00 0.00 0.00 0.00 0.00 0.00
0.00 0.00 0.00 0.00 0.00 0.00 0.00 0.00
0.00 0.00 0.00 0.00 0.00 0.00 0.00 0.00
0.00 0.00 0.00 0.00 0.00 0.00 0.00 0.00
0.00 0.00 0.00 0.00 0.00 0.00 0.00 0.00
0.00 0.00 0.00 0.00 0.00 0.00 0.00 0.00
0.00 0.00 0.00 0.00 0.00 0.00 0.00 0.00
0.00 0.00 0.00 0.00 0.00 0.00 0.00 0.00
0.00 0.00 0.00 0.00 0.00 0.00 0.00 0.00
0.00 0.00 0.00 0.00 0.00 0.00 0.00 0.00
0.00 0.00 0.00 0.00 0.00 0.00 0.00 0.00
0.00 0.00 0.00 0.00 0.00 0.00 0.00 0.00
0.00 0.00 0.00 0.00 0.00 0.00 0.00 0.00
0.00 0.00 0.00 0.00 0.00 0.00 0.00 0.00
0.00 0.00 0.00 0.00 0.00 0.00 0.00 0.00
0.00 0.00 0.00 0.00 0.00 0.00 0.00 0.00
0.01 0.02 0.01 0.01 0.00 0.01 0.02 0.01
0.02 0.02 0.02 0.02 0.01 0.01 0.03 0.06
0.01 0.01 0.02 0.01 0.01 0.00 0.03 0.02
0.01 0.04 0.01 0.00 0.01 0.01 0.02 0.00
0.01 0.03 0.02 0.01 0.01 0.01 0.04 0.02
0.01 0.02 0.01 0.01 0.01 0.01 0.02 0.04
0.02 0.04 0.02 0.01 0.02 0.02 0.03 0.02
0.02 0.03 0.04 0.01 0.02 0.02 0.08 0.03
0.07 0.22 0.02 0.01 0.08 0.11 0.03 0.03
0.65 1.69 0.18 0.08 0.86 1.10 0.41 0.28
0.78 1.92 0.27 0.17 1.05 1.27 0.63 0.53
0.68 1.68 0.25 0.11 0.82 1.02 0.54 0.31
0.74 1.78 0.27 0.16 0.90 1.09 0.56 0.46
0.66 1.55 0.28 0.15 0.90 1.07 0.64 0.48
0.55 1.29 0.23 0.13 0.83 1.01 0.58 0.43
0.69 1.56 0.31 0.19 0.96 1.11 0.72 0.62
0.49 1.14 0.20 0.13 0.76 0.91 0.50 0.45
0.55 1.23 0.28 0.15 0.84 0.97 0.67 0.52
0.65 1.46 0.29 0.21 0.88 1.02 0.66 0.62
0.61 1.48 0.23 0.13 0.75 0.92 0.49 0.37
0.40 1.02 0.14 0.05 0.54 0.69 0.31 0.16
0.47 1.18 0.16 0.07 0.64 0.79 0.37 0.26
0.52 1.33 0.17 0.07 0.76 0.93 0.44 0.29
0.51 1.35 0.17 0.00 0.76 0.95 0.45 0.01
0.58 1.49 0.16 0.07 0.88 1.06 0.45 0.37
0.57 1.45 0.20 0.06 0.90 1.06 0.55 0.33
0.48 1.24 0.15 0.03 0.78 0.95 0.44 0.20
0.58 1.54 0.17 0.03 0.95 1.16 0.49 0.21
0.62 1.60 0.21 0.04 1.11 1.31 0.69 0.27
0.65 1.68 0.23 0.04 1.23 1.42 0.76 0.37
0.68 1.77 0.22 0.04 1.22 1.43 0.70 0.39
0.75 1.95 0.24 0.05 1.17 1.36 0.70 0.34
0.75 2.03 0.23 0.03 1.19 1.40 0.67 0.26
0.79 2.12 0.22 0.04 1.21 1.42 0.66 0.28
0.72 1.95 0.18 0.03 1.19 1.41 0.61 0.30
0.85 2.31 0.21 0.02 1.36 1.59 0.72 0.22
0.81 2.18 0.21 0.04 1.39 1.63 0.73 0.34
0.69 1.84 0.20 0.04 1.37 1.61 0.79 0.39
0.69 1.81 0.23 0.05 1.37 1.61 0.83 0.44
0.18 0.40 0.11 0.04 0.41 0.42 0.38 0.39
0.12 0.25 0.09 0.03 0.29 0.29 0.32 0.26
0.05 0.09 0.04 0.01 0.14 0.13 0.17 0.16
0.03 0.05 0.02 0.01 0.07 0.07 0.10 0.09
0.02 0.03 0.02 0.00 0.05 0.05 0.11 0.06
0.02 0.03 0.01 0.01 0.04 0.05 0.06 0.09
0.02 0.03 0.02 0.02 0.05 0.03 0.09 0.21
0.01 0.04 0.01 0.01 0.04 0.05 0.02 0.12
0.02 0.02 0.02 0.01 0.05 0.03 0.07 0.11
0.03 0.04 0.03 0.02 0.07 0.06 0.12 0.20
0.02 0.03 0.02 0.01 0.05 0.05 0.11 0.13
0.02 0.04 0.02 0.01 0.07 0.06 0.12 0.11
0.01 0.02 0.02 0.01 0.04 0.02 0.07 0.08
0.01 0.03 0.02 0.01 0.04 0.04 0.08 0.06
0.01 0.03 0.02 0.00 0.04 0.04 0.09 0.05
0.02 0.02 0.01 0.01 0.03 0.03 0.04 0.08
0.02 0.03 0.02 0.01 0.04 0.04 0.05 0.08
0.03 0.05 0.04 0.01 0.05 0.05 0.10 0.05
0.02 0.04 0.03 0.01 0.04 0.04 0.07 0.02
0.01 0.03 0.02 0.01 0.02 0.02 0.05 0.02
0.03 0.03 0.03 0.02 0.04 0.02 0.07 0.04
0.03 0.04 0.03 0.01 0.03 0.04 0.07 0.04
0.02 0.04 0.01 0.02 0.03 0.03 0.03 0.05
0.03 0.05 0.02 0.02 0.05 0.05 0.06 0.05
0.02 0.04 0.02 0.02 0.04 0.04 0.05 0.05
0.02 0.04 0.03 0.01 0.03 0.04 0.07 0.03
0.02 0.04 0.02 0.02 0.04 0.04 0.05 0.06
0.04 0.07 0.03 0.03 0.07 0.07 0.08 0.09
0.01 0.02 0.02 0.02 0.02 0.02 0.06 0.07
0.01 0.02 0.03 0.03 0.03 0.02 0.08 0.09
0.02 0.04 0.03 0.03 0.03 0.04 0.08 0.09
0.02 0.05 0.01 0.03 0.04 0.05 0.04 0.06
0.02 0.04 0.02 0.03 0.04 0.04 0.04 0.08
0.03 0.07 0.02 0.04 0.07 0.09 0.05 0.11
0.04 0.10 0.02 0.04 0.10 0.15 0.06 0.11
0.03 0.08 0.02 0.02 0.07 0.11 0.07 0.07
0.03 0.06 0.03 0.02 0.06 0.08 0.09 0.06
0.06 0.11 0.04 0.07 0.12 0.12 0.11 0.20
0.08 0.13 0.06 0.07 0.14 0.14 0.14 0.20
0.06 0.10 0.04 0.05 0.09 0.09 0.09 0.15
0.05 0.10 0.04 0.04 0.08 0.09 0.08 0.12
0.03 0.06 0.03 0.02 0.04 0.05 0.06 0.05
0.20 0.30 0.12 0.16 0.28 0.24 0.26 0.40
0.13 0.18 0.12 0.12 0.18 0.14 0.23 0.27
0.10 0.15 0.07 0.09 0.14 0.12 0.15 0.24
0.27 0.46 0.18 0.17 0.36 0.34 0.34 0.45
0.22 0.36 0.15 0.14 0.29 0.26 0.29 0.37
0.13 0.20 0.13 0.07 0.18 0.15 0.26 0.19
0.08 0.10 0.09 0.05 0.12 0.08 0.20 0.16
0.04 0.06 0.05 0.02 0.07 0.05 0.12 0.09
0.04 0.06 0.05 0.02 0.07 0.06 0.12 0.06
0.03 0.04 0.04 0.02 0.06 0.04 0.12 0.07
0.02 0.03 0.03 0.02 0.04 0.04 0.09 0.07
0.02 0.05 0.03 0.01 0.05 0.05 0.08 0.05
0.03 0.04 0.03 0.03 0.05 0.05 0.09 0.13
0.03 0.04 0.02 0.03 0.04 0.04 0.05 0.12
0.09 0.22 0.04 0.03 0.16 0.20 0.11 0.12
0.03 0.06 0.02 0.03 0.05 0.05 0.06 0.09
0.01 0.04 0.02 0.03 0.03 0.04 0.05 0.08
0.04 0.10 0.03 0.02 0.06 0.08 0.08 0.05
0.03 0.08 0.03 0.01 0.05 0.08 0.09 0.04
0.05 0.11 0.03 0.03 0.08 0.10 0.09 0.09
0.03 0.06 0.02 0.03 0.05 0.05 0.04 0.10
0.02 0.05 0.02 0.03 0.03 0.04 0.05 0.08
0.01 0.04 0.02 0.02 0.02 0.03 0.06 0.04
0.02 0.05 0.01 0.03 0.04 0.04 0.03 0.08
0.02 0.04 0.02 0.03 0.03 0.03 0.05 0.08
0.03 0.08 0.01 0.03 0.04 0.06 0.03 0.10
0.03 0.08 0.01 0.02 0.06 0.07 0.05 0.09
0.03 0.06 0.02 0.02 0.05 0.05 0.06 0.11
0.06 0.13 0.04 0.02 0.11 0.12 0.12 0.10
0.05 0.10 0.03 0.03 0.09 0.09 0.11 0.14
0.04 0.08 0.03 0.02 0.06 0.06 0.08 0.10
0.04 0.09 0.03 0.02 0.06 0.06 0.08 0.07
0.04 0.09 0.03 0.02 0.05 0.06 0.08 0.06
0.04 0.09 0.02 0.03 0.05 0.06 0.05 0.10
0.03 0.05 0.02 0.04 0.03 0.03 0.05 0.13
0.02 0.04 0.04 0.03 0.03 0.02 0.08 0.11
0.03 0.05 0.03 0.04 0.04 0.03 0.08 0.14
0.03 0.08 0.02 0.02 0.03 0.04 0.04 0.08
0.04 0.09 0.03 0.03 0.04 0.04 0.06 0.11
0.04 0.09 0.03 0.03 0.05 0.05 0.07 0.13
0.02 0.03 0.02 0.03 0.02 0.02 0.05 0.11
0.08 0.18 0.04 0.04 0.11 0.11 0.11 0.18
0.08 0.18 0.04 0.04 0.12 0.12 0.10 0.19
0.04 0.08 0.02 0.02 0.06 0.06 0.09 0.14
0.03 0.06 0.02 0.02 0.04 0.05 0.07 0.14
0.03 0.06 0.03 0.03 0.05 0.06 0.11 0.23
0.02 0.03 0.02 0.02 0.04 0.02 0.09 0.21
0.02 0.06 0.03 0.03 0.04 0.05 0.10 0.22
0.06 0.17 0.02 0.02 0.12 0.14 0.08 0.21
0.08 0.21 0.03 0.03 0.14 0.16 0.09 0.24
0.08 0.22 0.03 0.02 0.16 0.19 0.10 0.20
0.09 0.23 0.03 0.02 0.19 0.22 0.11 0.27
0.10 0.25 0.03 0.02 0.20 0.23 0.13 0.25
0.08 0.19 0.03 0.02 0.15 0.17 0.11 0.25
0.09 0.22 0.03 0.02 0.17 0.20 0.11 0.16
0.08 0.21 0.03 0.02 0.16 0.19 0.12 0.14
0.07 0.18 0.03 0.02 0.14 0.16 0.11 0.16
0.07 0.18 0.03 0.02 0.14 0.17 0.12 0.22
0.05 0.14 0.03 0.02 0.12 0.13 0.11 0.22
0.03 0.09 0.02 0.02 0.08 0.10 0.06 0.18
0.03 0.08 0.02 0.01 0.07 0.08 0.09 0.11
0.03 0.08 0.02 0.01 0.07 0.08 0.09 0.14
0.04 0.11 0.02 0.02 0.08 0.10 0.07 0.15
0.07 0.17 0.04 0.02 0.12 0.13 0.11 0.15
0.07 0.17 0.02 0.02 0.12 0.14 0.08 0.13
0.06 0.16 0.03 0.02 0.12 0.13 0.09 0.14
0.09 0.23 0.05 0.02 0.17 0.18 0.15 0.16
0.07 0.17 0.03 0.01 0.13 0.14 0.10 0.16
0.05 0.11 0.03 0.03 0.09 0.10 0.11 0.23
0.11 0.22 0.07 0.04 0.21 0.20 0.24 0.32
0.12 0.26 0.08 0.04 0.22 0.23 0.24 0.25
0.09 0.18 0.08 0.02 0.16 0.16 0.25 0.15
0.05 0.12 0.05 0.01 0.11 0.12 0.16 0.06
0.05 0.12 0.03 0.01 0.10 0.12 0.10 0.08
0.05 0.13 0.04 0.01 0.12 0.14 0.12 0.13
0.06 0.12 0.04 0.01 0.13 0.14 0.16 0.12
0.07 0.17 0.04 0.02 0.16 0.19 0.15 0.13
0.04 0.10 0.03 0.02 0.08 0.11 0.09 0.12
0.04 0.10 0.03 0.02 0.09 0.11 0.10 0.12
0.09 0.24 0.02 0.03 0.18 0.24 0.08 0.14
0.11 0.27 0.04 0.03 0.21 0.26 0.11 0.15
0.10 0.24 0.04 0.03 0.17 0.21 0.12 0.14
0.11 0.26 0.05 0.03 0.19 0.23 0.12 0.12
0.02 0.04 0.03 0.04 0.04 0.04 0.09 0.15
0.02 0.02 0.04 0.03 0.04 0.02 0.10 0.10
0.03 0.03 0.03 0.05 0.05 0.03 0.07 0.15
0.07 0.08 0.08 0.06 0.11 0.07 0.18 0.20
0.02 0.08 0.06 0.02 0.03 0.06 0.14 0.06
0.11 0.24 0.05 0.03 0.17 0.21 0.13 0.11
0.13 0.26 0.09 0.06 0.22 0.23 0.22 0.20
0.06 0.11 0.05 0.03 0.11 0.10 0.14 0.11
0.04 0.08 0.04 0.03 0.08 0.08 0.11 0.13
0.03 0.07 0.02 0.02 0.05 0.07 0.05 0.08
0.11 0.20 0.06 0.07 0.18 0.19 0.14 0.28
0.08 0.15 0.06 0.05 0.14 0.14 0.15 0.17
0.09 0.15 0.06 0.06 0.15 0.14 0.16 0.19
0.06 0.14 0.03 0.03 0.12 0.15 0.07 0.11
0.08 0.18 0.03 0.04 0.15 0.18 0.08 0.14
0.07 0.16 0.03 0.04 0.13 0.16 0.07 0.13
0.09 0.20 0.04 0.03 0.15 0.19 0.11 0.10
0.06 0.12 0.04 0.03 0.10 0.12 0.10 0.08
0.07 0.14 0.04 0.03 0.12 0.15 0.10 0.09
0.05 0.11 0.02 0.02 0.08 0.11 0.06 0.06
0.05 0.13 0.02 0.02 0.09 0.13 0.06 0.07
0.06 0.13 0.03 0.02 0.11 0.16 0.09 0.07
0.04 0.08 0.03 0.03 0.09 0.11 0.11 0.09
0.04 0.09 0.03 0.03 0.08 0.12 0.07 0.09
0.07 0.15 0.03 0.03 0.12 0.16 0.07 0.10
0.06 0.12 0.04 0.02 0.10 0.13 0.10 0.05
0.09 0.19 0.06 0.04 0.14 0.19 0.12 0.10
0.08 0.17 0.05 0.02 0.13 0.17 0.12 0.06
0.11 0.23 0.06 0.03 0.17 0.22 0.13 0.09
0.09 0.19 0.06 0.04 0.14 0.17 0.12 0.09
0.10 0.22 0.06 0.03 0.15 0.20 0.11 0.08
0.12 0.26 0.05 0.04 0.17 0.22 0.10 0.10
0.07 0.15 0.05 0.02 0.09 0.12 0.10 0.04
0.18 0.33 0.10 0.11 0.22 0.25 0.17 0.24
0.16 0.34 0.07 0.09 0.21 0.27 0.13 0.20
0.12 0.26 0.06 0.04 0.16 0.21 0.11 0.10
0.08 0.16 0.07 0.01 0.10 0.12 0.11 0.04
0.05 0.11 0.05 0.02 0.08 0.09 0.10 0.06
0.08 0.13 0.07 0.05 0.09 0.09 0.11 0.10
0.05 0.11 0.03 0.03 0.06 0.08 0.05 0.07
0.05 0.13 0.03 0.02 0.05 0.08 0.04 0.04
0.03 0.07 0.02 0.03 0.03 0.04 0.03 0.05
0.03 0.04 0.04 0.03 0.03 0.03 0.06 0.06
0.03 0.05 0.05 0.02 0.03 0.03 0.06 0.04
0.05 0.11 0.04 0.03 0.04 0.05 0.05 0.05
0.03 0.09 0.02 0.02 0.03 0.04 0.03 0.04
0.05 0.13 0.04 0.05 0.04 0.06 0.05 0.07
0.05 0.15 0.02 0.02 0.04 0.07 0.03 0.04
0.04 0.11 0.04 0.03 0.04 0.06 0.06 0.05
0.03 0.09 0.02 0.04 0.02 0.05 0.04 0.06
0.03 0.09 0.04 0.03 0.03 0.05 0.07 0.06
0.03 0.10 0.02 0.03 0.04 0.06 0.04 0.05
0.03 0.09 0.03 0.01 0.04 0.06 0.06 0.04
0.04 0.10 0.02 0.02 0.05 0.07 0.05 0.05
0.06 0.12 0.05 0.02 0.08 0.10 0.11 0.07
0.14 0.28 0.08 0.06 0.20 0.21 0.19 0.20
0.14 0.27 0.09 0.07 0.19 0.19 0.19 0.22
0.12 0.23 0.08 0.05 0.17 0.17 0.18 0.18
0.07 0.16 0.06 0.02 0.12 0.13 0.15 0.10
0.06 0.12 0.04 0.02 0.10 0.10 0.10 0.10
0.06 0.10 0.05 0.02 0.09 0.09 0.13 0.08
0.05 0.09 0.04 0.03 0.08 0.08 0.10 0.13
0.05 0.11 0.02 0.03 0.09 0.09 0.06 0.12
0.03 0.05 0.02 0.03 0.04 0.04 0.06 0.13
0.01 0.03 0.02 0.02 0.02 0.02 0.07 0.10
0.01 0.01 0.01 0.01 0.02 0.01 0.03 0.06
0.02 0.02 0.01 0.02 0.03 0.02 0.03 0.08
0.00 0.01 0.00 0.00 0.01 0.01 0.00 0.01
0.03 0.06 0.01 0.01 0.04 0.05 0.02 0.06
0.04 0.08 0.02 0.01 0.06 0.06 0.05 0.04
0.03 0.07 0.03 0.00 0.06 0.05 0.08 0.01
0.03 0.07 0.02 0.00 0.05 0.06 0.04 0.01
0.03 0.07 0.02 0.00 0.05 0.06 0.06 0.01
0.04 0.09 0.02 0.01 0.07 0.08 0.06 0.03
0.04 0.08 0.02 0.02 0.06 0.07 0.05 0.05
0.03 0.07 0.03 0.00 0.06 0.06 0.07 0.01
0.02 0.06 0.01 0.00 0.04 0.05 0.03 0.00
0.03 0.06 0.02 0.01 0.06 0.06 0.08 0.03
0.04 0.09 0.02 0.01 0.07 0.09 0.07 0.03
0.03 0.07 0.02 0.01 0.04 0.06 0.05 0.04
0.01 0.04 0.01 0.01 0.01 0.03 0.02 0.06
0.02 0.04 0.01 0.01 0.02 0.04 0.02 0.04
0.02 0.04 0.02 0.03 0.04 0.03 0.06 0.12
0.07 0.11 0.05 0.05 0.11 0.09 0.12 0.18
0.04 0.05 0.04 0.04 0.06 0.04 0.09 0.12
0.03 0.07 0.02 0.02 0.04 0.06 0.06 0.08
0.03 0.06 0.03 0.01 0.05 0.05 0.07 0.04
0.02 0.06 0.02 0.01 0.04 0.05 0.06 0.06
0.02 0.05 0.01 0.01 0.05 0.05 0.03 0.08
0.03 0.07 0.02 0.02 0.05 0.07 0.08 0.11
0.03 0.06 0.01 0.03 0.07 0.07 0.03 0.19
0.04 0.10 0.02 0.02 0.09 0.10 0.07 0.12
0.05 0.11 0.02 0.02 0.10 0.11 0.06 0.15
0.03 0.07 0.01 0.02 0.06 0.07 0.04 0.10
0.03 0.06 0.03 0.02 0.07 0.06 0.10 0.09
0.03 0.06 0.02 0.03 0.07 0.06 0.06 0.15
0.04 0.07 0.02 0.03 0.07 0.07 0.08 0.14
0.04 0.08 0.02 0.03 0.07 0.07 0.05 0.15
0.04 0.07 0.03 0.03 0.06 0.05 0.07 0.10
0.06 0.13 0.04 0.04 0.09 0.09 0.09 0.13
0.06 0.10 0.04 0.05 0.07 0.06 0.09 0.15
0.04 0.09 0.02 0.03 0.05 0.06 0.05 0.10
0.14 0.32 0.07 0.06 0.18 0.19 0.16 0.18
0.07 0.14 0.05 0.05 0.08 0.08 0.09 0.14
0.09 0.19 0.04 0.03 0.09 0.10 0.08 0.11
0.04 0.06 0.03 0.03 0.04 0.03 0.07 0.08
0.04 0.10 0.02 0.01 0.04 0.05 0.03 0.04
0.04 0.10 0.03 0.02 0.04 0.06 0.06 0.05
0.05 0.07 0.05 0.03 0.05 0.04 0.11 0.09
0.16 0.30 0.11 0.08 0.21 0.19 0.24 0.24
0.05 0.08 0.05 0.03 0.06 0.06 0.12 0.10
0.07 0.17 0.05 0.02 0.10 0.12 0.10 0.08
0.08 0.17 0.04 0.05 0.12 0.13 0.09 0.15
0.05 0.12 0.04 0.03 0.09 0.11 0.10 0.08
0.08 0.13 0.06 0.05 0.13 0.12 0.16 0.15
0.05 0.08 0.03 0.03 0.09 0.08 0.10 0.10
0.05 0.10 0.04 0.03 0.08 0.08 0.09 0.09
0.04 0.08 0.01 0.04 0.06 0.07 0.04 0.12
0.08 0.14 0.04 0.06 0.13 0.12 0.11 0.20
0.10 0.17 0.07 0.06 0.16 0.15 0.19 0.23
0.05 0.07 0.03 0.05 0.08 0.06 0.09 0.19
0.12 0.20 0.08 0.08 0.19 0.16 0.23 0.29
0.10 0.15 0.09 0.07 0.16 0.12 0.24 0.24
0.04 0.08 0.04 0.02 0.06 0.07 0.12 0.06
0.07 0.12 0.07 0.03 0.10 0.09 0.17 0.09
0.04 0.07 0.04 0.02 0.06 0.05 0.10 0.07
0.02 0.04 0.01 0.01 0.02 0.03 0.02 0.03
0.03 0.06 0.02 0.01 0.04 0.04 0.04 0.06
0.03 0.05 0.02 0.01 0.04 0.04 0.06 0.05
0.03 0.07 0.02 0.02 0.04 0.04 0.04 0.08
0.02 0.06 0.02 0.01 0.03 0.04 0.04 0.05
0.03 0.07 0.02 0.01 0.03 0.04 0.04 0.05
0.05 0.11 0.04 0.03 0.07 0.06 0.09 0.12
0.04 0.09 0.03 0.02 0.06 0.06 0.07 0.09
0.04 0.09 0.03 0.03 0.07 0.06 0.07 0.15
0.03 0.06 0.03 0.02 0.04 0.04 0.08 0.08
0.02 0.04 0.03 0.02 0.03 0.03 0.06 0.10
0.04 0.09 0.02 0.02 0.06 0.07 0.06 0.06
0.04 0.08 0.04 0.03 0.06 0.06 0.08 0.10
0.06 0.12 0.05 0.01 0.08 0.09 0.12 0.04
0.05 0.09 0.05 0.02 0.08 0.07 0.13 0.09
0.04 0.07 0.04 0.01 0.07 0.07 0.12 0.06
0.02 0.04 0.03 0.02 0.04 0.04 0.08 0.08
0.02 0.05 0.02 0.02 0.03 0.05 0.05 0.15
0.03 0.08 0.01 0.01 0.05 0.07 0.04 0.05
0.20 0.50 0.08 0.03 0.33 0.40 0.22 0.15
0.32 0.76 0.12 0.08 0.46 0.54 0.31 0.28
0.34 0.82 0.12 0.08 0.47 0.55 0.32 0.25
0.34 0.79 0.14 0.07 0.45 0.53 0.34 0.24
0.24 0.56 0.10 0.06 0.32 0.39 0.24 0.18
0.22 0.50 0.08 0.06 0.32 0.38 0.21 0.22
0.24 0.55 0.11 0.08 0.34 0.39 0.25 0.24
0.16 0.40 0.07 0.02 0.24 0.32 0.15 0.06
0.12 0.32 0.06 0.01 0.19 0.26 0.14 0.04
0.22 0.53 0.09 0.05 0.30 0.37 0.19 0.17
0.32 0.70 0.18 0.08 0.43 0.49 0.38 0.26
0.21 0.50 0.07 0.06 0.28 0.34 0.16 0.18
0.18 0.42 0.07 0.04 0.28 0.33 0.19 0.18
0.18 0.46 0.06 0.04 0.29 0.34 0.17 0.18
0.16 0.42 0.06 0.02 0.28 0.33 0.17 0.13
0.14 0.38 0.05 0.01 0.24 0.31 0.14 0.07
0.14 0.38 0.04 0.02 0.25 0.31 0.11 0.11
0.18 0.46 0.07 0.02 0.33 0.38 0.22 0.14
0.17 0.43 0.06 0.01 0.31 0.37 0.18 0.10
0.16 0.42 0.05 0.01 0.33 0.40 0.19 0.09
0.15 0.40 0.05 0.01 0.34 0.41 0.20 0.11
0.17 0.45 0.05 0.02 0.37 0.45 0.19 0.15
0.18 0.49 0.06 0.01 0.35 0.43 0.20 0.11
0.19 0.49 0.07 0.01 0.34 0.40 0.21 0.12
0.14 0.39 0.05 0.01 0.28 0.33 0.15 0.13
0.19 0.52 0.05 0.01 0.36 0.43 0.17 0.13
0.15 0.40 0.04 0.01 0.30 0.37 0.14 0.09
0.14 0.38 0.04 0.01 0.30 0.36 0.15 0.12
0.10 0.28 0.02 0.02 0.26 0.32 0.10 0.19
0.06 0.16 0.02 0.02 0.14 0.18 0.06 0.18
0.05 0.12 0.03 0.02 0.10 0.12 0.10 0.14
0.12 0.30 0.04 0.02 0.23 0.29 0.14 0.14
0.12 0.31 0.05 0.01 0.29 0.36 0.19 0.15
0.11 0.29 0.04 0.01 0.31 0.37 0.19 0.15
0.14 0.35 0.05 0.01 0.37 0.44 0.23 0.16
0.13 0.33 0.05 0.01 0.34 0.40 0.24 0.16
0.13 0.35 0.05 0.02 0.30 0.37 0.18 0.18
0.15 0.38 0.05 0.01 0.34 0.41 0.19 0.13
0.14 0.37 0.06 0.02 0.36 0.44 0.24 0.19
0.11 0.29 0.06 0.01 0.28 0.33 0.23 0.15
0.14 0.37 0.06 0.02 0.37 0.44 0.23 0.18
0.12 0.30 0.06 0.01 0.33 0.37 0.25 0.14
0.13 0.32 0.05 0.01 0.33 0.39 0.23 0.15
0.11 0.28 0.05 0.02 0.30 0.35 0.22 0.16
0.11 0.25 0.06 0.02 0.28 0.31 0.23 0.21
0.15 0.32 0.08 0.06 0.33 0.34 0.27 0.40
0.30 0.57 0.19 0.13 0.51 0.51 0.49 0.56
0.49 0.92 0.24 0.30 0.70 0.72 0.55 0.87
0.65 1.22 0.31 0.43 0.81 0.82 0.64 0.98
0.84 1.54 0.37 0.62 0.89 0.91 0.65 1.12
0.81 1.42 0.37 0.65 0.83 0.83 0.60 1.08
0.96 1.59 0.49 0.79 0.97 0.94 0.78 1.23
0.90 1.57 0.37 0.77 0.94 0.96 0.62 1.22
0.79 1.35 0.27 0.76 0.90 0.92 0.51 1.19
0.66 1.13 0.28 0.57 0.80 0.82 0.53 0.99
0.69 1.13 0.26 0.69 0.81 0.80 0.53 1.07
0.72 1.14 0.28 0.74 0.87 0.86 0.55 1.13
0.77 1.21 0.30 0.80 0.92 0.91 0.60 1.20
0.53 0.89 0.24 0.47 0.78 0.81 0.55 0.91
0.62 0.97 0.26 0.63 0.85 0.84 0.57 1.11
0.08 0.14 0.05 0.06 0.15 0.15 0.14 0.15
0.07 0.13 0.04 0.04 0.11 0.13 0.10 0.10
0.11 0.25 0.05 0.05 0.19 0.25 0.12 0.11
0.12 0.25 0.06 0.05 0.21 0.27 0.16 0.12
0.12 0.23 0.06 0.07 0.24 0.30 0.18 0.19
0.10 0.21 0.03 0.05 0.21 0.28 0.09 0.16
0.08 0.17 0.03 0.04 0.17 0.23 0.09 0.12
0.08 0.16 0.03 0.04 0.14 0.17 0.09 0.12
0.08 0.17 0.04 0.04 0.12 0.16 0.09 0.09
0.07 0.18 0.03 0.03 0.12 0.17 0.06 0.09
0.08 0.16 0.05 0.04 0.12 0.14 0.10 0.10
0.17 0.25 0.13 0.13 0.24 0.21 0.28 0.31
0.17 0.30 0.12 0.11 0.23 0.23 0.25 0.27
0.20 0.31 0.15 0.14 0.27 0.24 0.30 0.34
0.17 0.32 0.12 0.08 0.24 0.25 0.25 0.23
0.16 0.31 0.12 0.07 0.20 0.21 0.23 0.19
0.10 0.24 0.06 0.03 0.14 0.18 0.13 0.08
0.14 0.33 0.08 0.04 0.19 0.24 0.17 0.10
0.11 0.26 0.05 0.04 0.16 0.22 0.12 0.12
0.12 0.30 0.05 0.02 0.18 0.24 0.12 0.09
0.12 0.25 0.07 0.04 0.20 0.23 0.19 0.16
0.16 0.36 0.09 0.07 0.26 0.30 0.22 0.25
0.15 0.34 0.09 0.06 0.28 0.33 0.24 0.22
0.11 0.27 0.07 0.03 0.22 0.27 0.20 0.12
0.16 0.33 0.09 0.06 0.27 0.30 0.25 0.24
0.20 0.44 0.10 0.05 0.33 0.39 0.28 0.17
0.22 0.48 0.12 0.06 0.36 0.41 0.32 0.22
0.14 0.34 0.08 0.02 0.23 0.28 0.21 0.06
0.15 0.37 0.07 0.03 0.22 0.28 0.17 0.09
0.20 0.45 0.11 0.05 0.30 0.35 0.27 0.15
0.06 0.09 0.06 0.04 0.10 0.08 0.19 0.13
0.05 0.09 0.05 0.02 0.08 0.08 0.14 0.08
0.05 0.10 0.05 0.03 0.09 0.09 0.14 0.10
0.05 0.12 0.04 0.02 0.08 0.10 0.10 0.07
0.05 0.11 0.05 0.03 0.08 0.10 0.13 0.09
0.04 0.08 0.03 0.02 0.06 0.07 0.09 0.06
0.13 0.28 0.06 0.06 0.21 0.23 0.15 0.19
0.17 0.36 0.09 0.06 0.27 0.31 0.25 0.19
0.09 0.20 0.05 0.04 0.16 0.17 0.15 0.15
0.11 0.22 0.06 0.04 0.19 0.19 0.21 0.20
0.17 0.37 0.09 0.06 0.30 0.31 0.28 0.29
0.18 0.36 0.09 0.07 0.30 0.29 0.30 0.37
0.11 0.21 0.07 0.05 0.18 0.16 0.21 0.25
0.09 0.20 0.05 0.04 0.14 0.14 0.13 0.16
0.10 0.24 0.05 0.04 0.15 0.16 0.13 0.15
0.08 0.17 0.05 0.04 0.10 0.10 0.12 0.15
0.07 0.16 0.05 0.04 0.09 0.08 0.11 0.11
0.04 0.09 0.04 0.01 0.05 0.05 0.08 0.05
0.06 0.11 0.06 0.02 0.07 0.06 0.13 0.06
0.09 0.19 0.05 0.03 0.10 0.10 0.12 0.12
0.04 0.09 0.04 0.01 0.05 0.05 0.09 0.05
0.03 0.08 0.02 0.01 0.03 0.04 0.06 0.05
0.10 0.24 0.05 0.01 0.11 0.13 0.11 0.06
0.05 0.13 0.03 0.01 0.07 0.08 0.08 0.06
0.05 0.12 0.03 0.02 0.07 0.07 0.07 0.10
0.06 0.18 0.02 0.01 0.10 0.12 0.07 0.09
0.05 0.12 0.02 0.01 0.08 0.10 0.07 0.12
0.05 0.13 0.01 0.02 0.09 0.10 0.05 0.14
0.04 0.10 0.02 0.01 0.07 0.09 0.07 0.11
0.07 0.20 0.02 0.02 0.13 0.16 0.07 0.14
0.02 0.03 0.03 0.01 0.03 0.03 0.08 0.12
0.02 0.05 0.02 0.02 0.03 0.04 0.06 0.16
0.02 0.06 0.02 0.01 0.03 0.05 0.07 0.15
0.01 0.03 0.03 0.01 0.02 0.02 0.09 0.14
0.02 0.03 0.02 0.01 0.03 0.03 0.07 0.12
0.02 0.04 0.03 0.01 0.04 0.03 0.10 0.08
0.02 0.03 0.02 0.01 0.03 0.03 0.07 0.13
0.02 0.05 0.02 0.01 0.03 0.04 0.06 0.11
0.02 0.04 0.03 0.01 0.04 0.03 0.09 0.07
0.02 0.04 0.03 0.01 0.04 0.03 0.11 0.09
0.02 0.05 0.02 0.01 0.04 0.05 0.06 0.06
0.01 0.04 0.02 0.01 0.03 0.04 0.07 0.10
0.01 0.03 0.02 0.01 0.02 0.03 0.06 0.10
0.02 0.04 0.01 0.01 0.03 0.03 0.04 0.05
0.01 0.03 0.02 0.01 0.02 0.02 0.06 0.06
0.01 0.03 0.01 0.01 0.02 0.03 0.03 0.05
0.01 0.03 0.02 0.01 0.03 0.02 0.07 0.06
0.01 0.03 0.01 0.01 0.01 0.02 0.02 0.06
0.02 0.05 0.01 0.01 0.03 0.03 0.04 0.06
0.02 0.03 0.01 0.01 0.02 0.02 0.04 0.07
0.02 0.04 0.01 0.01 0.03 0.03 0.05 0.13
0.02 0.05 0.01 0.01 0.03 0.04 0.03 0.09
0.02 0.04 0.02 0.01 0.03 0.04 0.07 0.08
0.02 0.04 0.02 0.01 0.03 0.03 0.07 0.09
0.02 0.03 0.02 0.02 0.03 0.03 0.07 0.11
0.03 0.07 0.03 0.01 0.06 0.06 0.09 0.11
0.02 0.04 0.03 0.02 0.04 0.03 0.10 0.12
0.03 0.06 0.03 0.02 0.06 0.06 0.10 0.15
0.02 0.05 0.03 0.02 0.04 0.05 0.08 0.12
0.02 0.05 0.03 0.02 0.04 0.05 0.09 0.13
0.19 0.53 0.04 0.03 0.37 0.49 0.14 0.18
0.22 0.60 0.05 0.04 0.36 0.47 0.15 0.19
0.24 0.62 0.07 0.05 0.37 0.46 0.19 0.21
0.20 0.53 0.07 0.04 0.30 0.37 0.17 0.16
0.14 0.45 0.03 0.04 0.20 0.31 0.08 0.14
0.12 0.37 0.04 0.03 0.17 0.26 0.09 0.08
0.11 0.27 0.09 0.05 0.15 0.19 0.20 0.15
0.14 0.40 0.07 0.06 0.20 0.28 0.17 0.18
0.12 0.32 0.05 0.02 0.20 0.27 0.13 0.06
0.17 0.42 0.06 0.05 0.24 0.31 0.14 0.14
0.21 0.48 0.08 0.07 0.31 0.38 0.20 0.23
0.19 0.47 0.05 0.07 0.26 0.33 0.12 0.21
0.19 0.49 0.05 0.05 0.28 0.38 0.12 0.15
0.16 0.39 0.06 0.04 0.25 0.33 0.15 0.15
0.18 0.41 0.07 0.07 0.28 0.33 0.18 0.22
0.19 0.42 0.08 0.07 0.30 0.35 0.21 0.26
0.14 0.29 0.08 0.05 0.23 0.25 0.19 0.19
0.21 0.38 0.13 0.13 0.33 0.32 0.31 0.38
0.14 0.28 0.06 0.07 0.21 0.23 0.15 0.21
0.25 0.52 0.14 0.08 0.38 0.44 0.32 0.28
0.16 0.32 0.07 0.09 0.24 0.27 0.16 0.28
0.24 0.43 0.14 0.15 0.36 0.35 0.32 0.45
0.23 0.40 0.11 0.17 0.34 0.34 0.27 0.46
0.18 0.34 0.11 0.11 0.27 0.29 0.25 0.29
0.17 0.35 0.11 0.07 0.25 0.28 0.23 0.18
0.24 0.50 0.12 0.12 0.34 0.41 0.26 0.26
0.21 0.39 0.11 0.13 0.34 0.38 0.27 0.33
0.24 0.41 0.13 0.19 0.46 0.47 0.37 0.50
0.18 0.34 0.07 0.15 0.30 0.35 0.17 0.36
0.24 0.45 0.11 0.16 0.33 0.38 0.22 0.35
0.56 0.96 0.35 0.39 0.73 0.76 0.63 0.79
0.85 1.35 0.40 0.79 0.97 0.93 0.70 1.32
0.86 1.32 0.43 0.83 0.97 0.91 0.74 1.36
0.99 1.63 0.47 0.88 1.06 1.04 0.79 1.37
0.83 1.32 0.31 0.88 0.89 0.85 0.53 1.37
0.88 1.42 0.31 0.92 0.92 0.88 0.53 1.39
1.03 1.77 0.37 0.96 1.01 1.01 0.58 1.45
1.14 1.83 0.50 1.07 1.06 1.00 0.75 1.55
0.98 1.54 0.49 0.92 0.94 0.87 0.70 1.40
1.17 1.86 0.65 0.99 1.07 1.02 0.88 1.39
1.10 1.78 0.59 0.93 1.06 1.02 0.86 1.36
1.05 1.65 0.59 0.92 0.95 0.87 0.78 1.40
1.00 1.63 0.56 0.82 0.94 0.89 0.76 1.31
1.14 1.80 0.58 1.05 0.92 0.84 0.73 1.40
1.29 2.07 0.70 1.15 0.95 0.92 0.77 1.33
1.42 2.27 0.66 1.40 0.91 0.86 0.66 1.40
1.25 2.28 0.68 0.84 0.83 0.86 0.72 0.95
1.61 2.93 0.96 0.99 0.97 1.00 0.87 1.03
1.75 3.42 0.88 1.04 0.96 1.03 0.75 1.01
1.80 3.47 0.84 1.15 0.91 0.95 0.70 1.03
1.73 3.30 0.94 1.03 0.84 0.88 0.72 0.91
1.61 3.18 0.74 1.05 0.83 0.89 0.63 0.94
1.64 3.07 0.69 1.34 0.84 0.88 0.61 1.11
1.64 3.29 0.75 0.99 0.93 1.00 0.76 0.96
1.40 2.83 0.57 0.94 0.78 0.85 0.58 0.87
1.42 3.01 0.59 0.75 0.85 0.94 0.63 0.84
1.26 2.74 0.53 0.56 0.88 0.99 0.65 0.75
1.15 2.46 0.49 0.54 0.88 0.97 0.66 0.80
1.05 2.41 0.45 0.31 0.80 0.93 0.61 0.53
1.06 2.47 0.43 0.29 0.83 0.97 0.60 0.53
0.25 0.54 0.12 0.09 0.29 0.33 0.23 0.23
0.27 0.61 0.15 0.08 0.33 0.38 0.28 0.23
0.22 0.49 0.11 0.07 0.29 0.33 0.23 0.22
0.19 0.44 0.08 0.06 0.28 0.31 0.20 0.24
0.20 0.46 0.09 0.06 0.30 0.34 0.23 0.25
0.23 0.56 0.09 0.05 0.33 0.39 0.21 0.23
0.18 0.43 0.07 0.05 0.27 0.32 0.18 0.19
0.17 0.43 0.07 0.03 0.25 0.29 0.18 0.12
0.13 0.33 0.05 0.03 0.21 0.25 0.13 0.13
0.12 0.27 0.05 0.03 0.18 0.21 0.13 0.14
0.44 0.78 0.34 0.21 0.65 0.57 0.81 0.81
0.25 0.45 0.18 0.12 0.38 0.34 0.46 0.52
0.16 0.27 0.12 0.10 0.25 0.21 0.31 0.42
0.16 0.31 0.11 0.08 0.24 0.22 0.27 0.33
0.14 0.28 0.09 0.08 0.20 0.19 0.21 0.30
0.11 0.23 0.06 0.07 0.17 0.17 0.15 0.28
0.12 0.26 0.06 0.07 0.19 0.20 0.15 0.28
0.12 0.26 0.05 0.06 0.18 0.20 0.12 0.22
0.14 0.32 0.05 0.06 0.21 0.24 0.12 0.24
0.14 0.30 0.05 0.07 0.21 0.23 0.12 0.23
0.12 0.28 0.05 0.06 0.20 0.22 0.13 0.20
0.13 0.28 0.05 0.06 0.21 0.24 0.13 0.22
0.11 0.24 0.05 0.05 0.20 0.22 0.15 0.19
0.08 0.18 0.04 0.03 0.16 0.18 0.14 0.14
0.09 0.22 0.04 0.03 0.16 0.19 0.13 0.13
0.12 0.28 0.04 0.04 0.19 0.23 0.12 0.15
0.11 0.24 0.06 0.04 0.18 0.19 0.16 0.15
0.16 0.38 0.07 0.06 0.25 0.28 0.18 0.23
0.18 0.41 0.08 0.06 0.27 0.31 0.22 0.20
0.23 0.52 0.11 0.06 0.32 0.37 0.27 0.19
0.16 0.37 0.09 0.03 0.23 0.26 0.21 0.11
0.21 0.47 0.09 0.06 0.28 0.32 0.22 0.22
0.20 0.46 0.09 0.07 0.31 0.34 0.23 0.26
0.20 0.44 0.10 0.05 0.32 0.36 0.28 0.24
0.10 0.24 0.04 0.03 0.18 0.21 0.11 0.17
0.06 0.14 0.03 0.02 0.12 0.13 0.12 0.10
0.04 0.09 0.02 0.02 0.09 0.09 0.08 0.11
0.05 0.11 0.03 0.02 0.10 0.11 0.09 0.13
0.04 0.11 0.02 0.02 0.10 0.11 0.06 0.13
0.04 0.08 0.02 0.02 0.07 0.07 0.07 0.09
0.07 0.17 0.03 0.03 0.14 0.16 0.10 0.17
0.08 0.16 0.05 0.04 0.15 0.14 0.16 0.19
0.05 0.09 0.03 0.04 0.09 0.08 0.10 0.17
0.04 0.09 0.03 0.04 0.07 0.07 0.11 0.17
0.07 0.15 0.05 0.04 0.11 0.11 0.12 0.14
0.04 0.07 0.04 0.03 0.05 0.04 0.09 0.10
0.05 0.12 0.02 0.03 0.06 0.08 0.05 0.08
0.05 0.12 0.03 0.03 0.06 0.07 0.06 0.08
0.04 0.11 0.04 0.03 0.04 0.06 0.07 0.08
0.06 0.14 0.03 0.03 0.06 0.07 0.06 0.08
0.04 0.09 0.04 0.02 0.04 0.05 0.08 0.07
0.03 0.08 0.02 0.02 0.03 0.04 0.03 0.07
0.04 0.09 0.02 0.02 0.05 0.05 0.05 0.08
0.03 0.08 0.02 0.03 0.04 0.05 0.04 0.09
0.06 0.13 0.03 0.04 0.08 0.08 0.06 0.14
0.14 0.27 0.09 0.05 0.18 0.19 0.22 0.15
0.06 0.11 0.03 0.04 0.07 0.08 0.06 0.11
0.07 0.15 0.03 0.03 0.10 0.12 0.09 0.10
0.05 0.11 0.03 0.03 0.09 0.11 0.09 0.09
0.07 0.14 0.06 0.03 0.11 0.13 0.14 0.09
0.02 0.05 0.02 0.02 0.03 0.04 0.06 0.06
0.05 0.11 0.03 0.04 0.07 0.08 0.07 0.09
0.06 0.14 0.03 0.03 0.08 0.11 0.05 0.08
0.06 0.14 0.02 0.03 0.09 0.12 0.04 0.08
0.08 0.16 0.04 0.05 0.12 0.14 0.09 0.15
0.06 0.13 0.03 0.04 0.10 0.11 0.08 0.14
0.06 0.13 0.04 0.03 0.11 0.12 0.11 0.10
0.07 0.15 0.04 0.03 0.11 0.12 0.11 0.10
0.06 0.14 0.03 0.03 0.10 0.11 0.09 0.09
0.07 0.16 0.04 0.03 0.11 0.13 0.09 0.09
0.07 0.16 0.03 0.03 0.11 0.12 0.08 0.09
0.05 0.12 0.02 0.02 0.08 0.10 0.06 0.07
0.04 0.10 0.03 0.01 0.07 0.08 0.08 0.05
0.06 0.13 0.03 0.02 0.08 0.09 0.08 0.08
0.04 0.09 0.03 0.02 0.05 0.06 0.07 0.08
0.06 0.12 0.04 0.04 0.08 0.07 0.10 0.14
0.06 0.12 0.04 0.02 0.06 0.07 0.08 0.06
0.06 0.11 0.04 0.04 0.07 0.06 0.09 0.15
0.03 0.07 0.04 0.02 0.05 0.04 0.09 0.08
0.04 0.09 0.03 0.02 0.05 0.06 0.08 0.09
0.03 0.06 0.04 0.03 0.05 0.05 0.10 0.11
0.04 0.06 0.03 0.02 0.05 0.04 0.09 0.10
0.07 0.13 0.04 0.04 0.10 0.09 0.10 0.15
0.07 0.14 0.05 0.03 0.10 0.10 0.12 0.12
0.06 0.15 0.04 0.02 0.09 0.11 0.09 0.09
0.07 0.17 0.03 0.03 0.11 0.13 0.09 0.11
0.06 0.13 0.04 0.03 0.11 0.11 0.11 0.14
0.05 0.11 0.04 0.02 0.10 0.10 0.13 0.10
0.03 0.06 0.03 0.02 0.06 0.06 0.09 0.11
0.05 0.12 0.03 0.02 0.09 0.10 0.09 0.09
0.11 0.24 0.06 0.05 0.18 0.19 0.16 0.19
0.09 0.21 0.05 0.03 0.15 0.17 0.14 0.11
0.11 0.27 0.05 0.04 0.18 0.22 0.12 0.13
0.11 0.26 0.06 0.04 0.17 0.20 0.15 0.12
0.13 0.26 0.08 0.07 0.20 0.21 0.20 0.21
0.10 0.22 0.06 0.05 0.18 0.19 0.18 0.18
0.09 0.22 0.05 0.03 0.17 0.21 0.15 0.11
0.09 0.20 0.05 0.04 0.16 0.19 0.14 0.14
0.09 0.19 0.05 0.03 0.16 0.18 0.16 0.11
0.10 0.23 0.04 0.03 0.17 0.20 0.12 0.12
0.10 0.21 0.07 0.06 0.17 0.18 0.18 0.20
0.10 0.18 0.07 0.06 0.14 0.14 0.17 0.19
0.12 0.23 0.09 0.05 0.21 0.20 0.25 0.22
0.05 0.14 0.03 0.03 0.08 0.11 0.10 0.13
0.06 0.16 0.03 0.02 0.10 0.13 0.09 0.09
0.05 0.11 0.03 0.02 0.08 0.09 0.09 0.10
0.05 0.13 0.03 0.02 0.09 0.11 0.07 0.08
0.06 0.14 0.03 0.03 0.11 0.13 0.09 0.18
0.05 0.12 0.02 0.03 0.10 0.12 0.06 0.20
0.05 0.11 0.03 0.03 0.11 0.12 0.09 0.20
0.03 0.08 0.03 0.01 0.07 0.09 0.11 0.15
0.02 0.04 0.02 0.02 0.05 0.04 0.08 0.19
0.02 0.05 0.03 0.01 0.06 0.05 0.10 0.12
0.03 0.07 0.02 0.02 0.07 0.07 0.08 0.17
0.03 0.06 0.02 0.02 0.06 0.06 0.06 0.16
0.03 0.06 0.02 0.02 0.06 0.06 0.09 0.15
0.02 0.06 0.02 0.01 0.05 0.07 0.06 0.13
0.03 0.07 0.01 0.01 0.07 0.08 0.05 0.12
0.02 0.05 0.01 0.01 0.04 0.05 0.05 0.11
0.03 0.08 0.02 0.01 0.08 0.09 0.08 0.12
0.02 0.05 0.02 0.01 0.05 0.05 0.07 0.10
0.01 0.03 0.02 0.01 0.04 0.03 0.06 0.08
0.02 0.04 0.02 0.01 0.05 0.05 0.08 0.08
0.01 0.04 0.02 0.01 0.04 0.06 0.08 0.10
0.01 0.03 0.02 0.01 0.04 0.05 0.07 0.13
0.01 0.03 0.01 0.01 0.04 0.05 0.05 0.09
0.02 0.04 0.01 0.02 0.04 0.05 0.04 0.14
0.02 0.05 0.01 0.01 0.06 0.07 0.05 0.09
0.04 0.09 0.02 0.01 0.10 0.12 0.08 0.13
0.03 0.06 0.02 0.01 0.08 0.08 0.11 0.09
0.02 0.06 0.02 0.01 0.07 0.09 0.07 0.11
0.02 0.05 0.02 0.01 0.06 0.06 0.07 0.07
0.02 0.04 0.02 0.01 0.06 0.05 0.08 0.10
0.01 0.03 0.02 0.02 0.03 0.05 0.10 0.14
0.03 0.07 0.02 0.01 0.07 0.09 0.08 0.13
0.06 0.12 0.04 0.03 0.14 0.14 0.14 0.23
0.06 0.12 0.05 0.02 0.13 0.13 0.15 0.13
0.04 0.08 0.04 0.03 0.08 0.07 0.10 0.11
0.03 0.05 0.03 0.02 0.05 0.04 0.08 0.07
0.03 0.06 0.03 0.03 0.05 0.05 0.06 0.08
0.13 0.19 0.06 0.13 0.17 0.15 0.13 0.32
0.08 0.13 0.05 0.08 0.12 0.11 0.11 0.17
0.05 0.08 0.04 0.04 0.07 0.06 0.08 0.10
0.03 0.05 0.02 0.05 0.05 0.05 0.05 0.12
0.04 0.06 0.03 0.04 0.06 0.06 0.06 0.11
0.03 0.06 0.03 0.03 0.04 0.05 0.06 0.06
0.01 0.04 0.03 0.02 0.02 0.03 0.06 0.04
0.02 0.05 0.03 0.02 0.04 0.05 0.06 0.04
0.02 0.03 0.03 0.02 0.03 0.04 0.08 0.04
0.02 0.03 0.03 0.02 0.03 0.04 0.08 0.05
0.03 0.06 0.03 0.02 0.05 0.08 0.09 0.05
0.08 0.14 0.05 0.05 0.14 0.16 0.15 0.12
0.12 0.26 0.06 0.05 0.21 0.29 0.14 0.13
0.16 0.35 0.08 0.06 0.29 0.38 0.23 0.16
0.12 0.23 0.06 0.07 0.25 0.31 0.19 0.18
0.14 0.30 0.06 0.07 0.29 0.40 0.18 0.19
0.08 0.17 0.03 0.05 0.18 0.25 0.12 0.14
0.09 0.21 0.04 0.03 0.18 0.27 0.11 0.09
0.08 0.19 0.05 0.03 0.15 0.20 0.12 0.09
0.08 0.16 0.04 0.05 0.13 0.16 0.09 0.13
0.09 0.17 0.07 0.08 0.14 0.14 0.14 0.18
0.11 0.19 0.08 0.09 0.17 0.17 0.17 0.22
0.06 0.13 0.03 0.05 0.09 0.12 0.08 0.15
0.07 0.14 0.05 0.04 0.10 0.12 0.12 0.11
0.07 0.16 0.04 0.02 0.10 0.14 0.09 0.06
0.07 0.19 0.04 0.02 0.10 0.14 0.08 0.05
0.05 0.13 0.02 0.03 0.07 0.11 0.04 0.08
0.05 0.10 0.02 0.03 0.06 0.08 0.05 0.09
0.05 0.14 0.02 0.02 0.09 0.12 0.04 0.09
0.05 0.12 0.02 0.03 0.08 0.11 0.06 0.09
0.03 0.07 0.04 0.03 0.06 0.08 0.10 0.11
0.05 0.12 0.03 0.02 0.09 0.12 0.08 0.06
0.04 0.09 0.04 0.02 0.08 0.10 0.10 0.06
0.04 0.09 0.03 0.02 0.09 0.10 0.09 0.09
0.04 0.11 0.02 0.02 0.09 0.11 0.07 0.08
0.04 0.10 0.03 0.02 0.08 0.10 0.10 0.07
0.06 0.14 0.02 0.03 0.11 0.13 0.06 0.10
0.08 0.20 0.03 0.03 0.15 0.19 0.09 0.13
0.04 0.12 0.03 0.02 0.07 0.10 0.08 0.07
0.20 0.44 0.08 0.09 0.32 0.38 0.22 0.27
0.09 0.20 0.03 0.04 0.14 0.17 0.09 0.12
0.14 0.28 0.07 0.08 0.23 0.25 0.20 0.24
0.11 0.23 0.06 0.06 0.19 0.21 0.16 0.18
0.17 0.31 0.08 0.11 0.26 0.27 0.23 0.30
0.13 0.22 0.08 0.10 0.22 0.19 0.22 0.30
0.04 0.07 0.02 0.04 0.07 0.07 0.07 0.13
0.04 0.06 0.03 0.05 0.07 0.06 0.09 0.15
0.04 0.08 0.02 0.03 0.07 0.07 0.05 0.12
0.03 0.07 0.03 0.02 0.05 0.07 0.09 0.06
0.03 0.06 0.01 0.03 0.05 0.05 0.04 0.14
0.04 0.07 0.02 0.03 0.07 0.07 0.08 0.16
0.02 0.04 0.02 0.02 0.03 0.04 0.07 0.10
0.01 0.03 0.02 0.02 0.03 0.03 0.06 0.11
0.03 0.09 0.03 0.01 0.04 0.06 0.08 0.05
0.03 0.08 0.03 0.01 0.04 0.06 0.07 0.04
0.03 0.08 0.02 0.01 0.03 0.05 0.06 0.05
0.04 0.10 0.02 0.03 0.05 0.06 0.05 0.08
0.03 0.08 0.03 0.01 0.04 0.05 0.05 0.04
0.02 0.05 0.02 0.02 0.02 0.03 0.05 0.06
0.04 0.09 0.03 0.02 0.05 0.05 0.08 0.06
0.02 0.05 0.02 0.01 0.02 0.03 0.04 0.04
0.05 0.11 0.03 0.02 0.05 0.06 0.06 0.09
0.03 0.07 0.03 0.02 0.04 0.04 0.06 0.07
0.03 0.08 0.01 0.02 0.05 0.05 0.04 0.07
0.04 0.08 0.03 0.02 0.05 0.05 0.08 0.11
0.02 0.07 0.02 0.02 0.04 0.04 0.05 0.08
0.02 0.06 0.01 0.01 0.04 0.05 0.05 0.08
0.03 0.06 0.02 0.02 0.05 0.05 0.09 0.19
0.02 0.07 0.01 0.02 0.05 0.06 0.05 0.19
0.03 0.07 0.01 0.02 0.05 0.06 0.04 0.17
0.03 0.08 0.02 0.01 0.05 0.07 0.06 0.12
0.03 0.08 0.02 0.02 0.05 0.06 0.08 0.15
0.05 0.11 0.02 0.02 0.09 0.10 0.09 0.15
0.04 0.10 0.03 0.02 0.09 0.09 0.11 0.18
0.03 0.08 0.02 0.01 0.07 0.08 0.08 0.17
0.04 0.11 0.02 0.02 0.09 0.10 0.07 0.18
0.04 0.09 0.02 0.01 0.08 0.09 0.09 0.14
0.04 0.11 0.02 0.02 0.10 0.10 0.10 0.20
0.04 0.09 0.03 0.02 0.08 0.08 0.10 0.18
0.03 0.07 0.02 0.02 0.07 0.06 0.09 0.18
0.02 0.06 0.01 0.01 0.05 0.06 0.05 0.13
0.03 0.07 0.02 0.02 0.08 0.07 0.10 0.22
0.03 0.06 0.02 0.02 0.07 0.06 0.09 0.18
0.06 0.16 0.03 0.02 0.13 0.15 0.09 0.17
0.04 0.09 0.04 0.01 0.09 0.08 0.13 0.15
0.03 0.07 0.02 0.02 0.06 0.06 0.07 0.14
0.04 0.09 0.03 0.01 0.07 0.07 0.10 0.13
0.03 0.07 0.02 0.02 0.05 0.06 0.07 0.19
0.04 0.10 0.03 0.02 0.08 0.08 0.11 0.23
0.02 0.08 0.02 0.01 0.05 0.07 0.07 0.16
0.02 0.07 0.02 0.01 0.05 0.07 0.06 0.12
0.03 0.07 0.01 0.01 0.06 0.07 0.05 0.14
0.02 0.06 0.01 0.01 0.05 0.06 0.04 0.13
0.04 0.09 0.03 0.01 0.08 0.09 0.10 0.08
0.03 0.07 0.02 0.01 0.06 0.07 0.08 0.09
0.03 0.07 0.02 0.01 0.06 0.07 0.06 0.10
0.02 0.04 0.01 0.01 0.04 0.04 0.03 0.13
0.03 0.07 0.02 0.02 0.06 0.08 0.08 0.12
0.03 0.07 0.02 0.02 0.05 0.07 0.06 0.13
0.02 0.07 0.02 0.02 0.05 0.07 0.05 0.10
0.02 0.06 0.01 0.02 0.05 0.06 0.05 0.12
0.04 0.09 0.02 0.02 0.08 0.10 0.08 0.10
0.17 0.35 0.09 0.08 0.32 0.33 0.27 0.37
0.12 0.23 0.09 0.07 0.21 0.20 0.24 0.28
0.10 0.19 0.06 0.05 0.17 0.17 0.16 0.21
0.06 0.13 0.04 0.02 0.10 0.11 0.10 0.08
0.05 0.11 0.04 0.03 0.08 0.09 0.09 0.09
0.05 0.11 0.02 0.02 0.07 0.09 0.06 0.06
0.05 0.09 0.04 0.03 0.08 0.09 0.10 0.09
0.10 0.20 0.07 0.06 0.17 0.18 0.18 0.18
0.14 0.26 0.08 0.08 0.22 0.23 0.19 0.25
0.11 0.18 0.07 0.11 0.18 0.15 0.17 0.33
0.03 0.07 0.02 0.04 0.05 0.06 0.04 0.13
0.04 0.07 0.02 0.03 0.06 0.06 0.04 0.11
0.02 0.06 0.03 0.02 0.05 0.05 0.07 0.06
0.03 0.05 0.03 0.02 0.05 0.05 0.08 0.09
0.03 0.07 0.02 0.02 0.06 0.07 0.06 0.08
0.04 0.10 0.02 0.02 0.07 0.10 0.06 0.08
0.04 0.10 0.02 0.02 0.07 0.10 0.06 0.09
0.03 0.08 0.03 0.03 0.06 0.08 0.07 0.10
0.03 0.08 0.03 0.01 0.06 0.07 0.06 0.05
0.05 0.08 0.05 0.03 0.08 0.08 0.11 0.09
0.04 0.10 0.02 0.02 0.06 0.10 0.05 0.06
0.03 0.09 0.02 0.02 0.05 0.09 0.06 0.06
0.05 0.13 0.03 0.02 0.08 0.12 0.09 0.06
0.04 0.08 0.02 0.02 0.07 0.09 0.06 0.07
0.05 0.11 0.03 0.03 0.09 0.13 0.10 0.09
0.03 0.09 0.02 0.02 0.07 0.11 0.08 0.06
0.03 0.07 0.03 0.03 0.06 0.08 0.08 0.08
0.04 0.08 0.05 0.03 0.06 0.08 0.10 0.07
0.02 0.04 0.02 0.03 0.03 0.04 0.05 0.06
0.03 0.06 0.03 0.02 0.05 0.06 0.06 0.05
0.03 0.08 0.02 0.02 0.05 0.08 0.04 0.06
0.06 0.14 0.03 0.03 0.09 0.13 0.07 0.06
0.04 0.09 0.04 0.02 0.05 0.08 0.08 0.05
0.05 0.10 0.04 0.03 0.07 0.10 0.07 0.07
0.04 0.09 0.03 0.03 0.06 0.08 0.05 0.07
0.06 0.12 0.03 0.03 0.07 0.10 0.05 0.08
0.04 0.11 0.03 0.03 0.06 0.09 0.06 0.07
0.05 0.11 0.02 0.02 0.06 0.09 0.04 0.05
0.04 0.11 0.02 0.02 0.06 0.09 0.05 0.04
0.06 0.11 0.06 0.02 0.08 0.09 0.11 0.06
0.05 0.10 0.04 0.02 0.07 0.09 0.08 0.04
0.03 0.05 0.03 0.02 0.04 0.04 0.04 0.06
0.05 0.12 0.03 0.02 0.06 0.08 0.05 0.05
0.04 0.07 0.03 0.03 0.04 0.05 0.05 0.05
0.02 0.06 0.02 0.02 0.02 0.04 0.03 0.05
0.02 0.06 0.03 0.01 0.02 0.03 0.05 0.02
0.02 0.04 0.03 0.03 0.02 0.02 0.04 0.05
0.02 0.05 0.03 0.02 0.02 0.02 0.04 0.04
0.03 0.05 0.04 0.03 0.02 0.02 0.05 0.05
0.06 0.11 0.05 0.03 0.05 0.05 0.06 0.05
0.04 0.09 0.03 0.04 0.03 0.05 0.04 0.05
0.04 0.08 0.04 0.05 0.03 0.04 0.05 0.07
0.02 0.04 0.03 0.03 0.02 0.02 0.04 0.04
0.03 0.08 0.02 0.03 0.04 0.05 0.04 0.05
0.03 0.07 0.03 0.03 0.03 0.04 0.04 0.05
0.03 0.07 0.03 0.02 0.03 0.04 0.05 0.04
0.03 0.06 0.02 0.03 0.04 0.04 0.04 0.07
0.04 0.09 0.02 0.03 0.06 0.07 0.05 0.09
0.03 0.07 0.03 0.03 0.04 0.05 0.05 0.08
0.04 0.10 0.04 0.02 0.06 0.07 0.07 0.07
0.03 0.07 0.02 0.01 0.04 0.04 0.04 0.03
0.04 0.11 0.03 0.01 0.06 0.08 0.06 0.04
0.05 0.10 0.04 0.02 0.07 0.08 0.09 0.07
0.03 0.07 0.03 0.01 0.05 0.05 0.08 0.07
0.15 0.28 0.10 0.08 0.24 0.22 0.25 0.31
0.10 0.20 0.07 0.05 0.17 0.16 0.17 0.19
0.06 0.12 0.04 0.03 0.11 0.10 0.11 0.14
0.03 0.07 0.02 0.02 0.05 0.06 0.05 0.09
0.00 0.00 0.00 0.00 0.00 0.00 0.01 0.01
0.00 0.02 0.00 0.01 0.01 0.01 0.01 0.02
0.01 0.03 0.00 0.02 0.02 0.02 0.01 0.08
0.03 0.06 0.01 0.01 0.04 0.05 0.03 0.06
0.03 0.07 0.01 0.02 0.05 0.05 0.02 0.08
0.02 0.04 0.01 0.02 0.03 0.03 0.02 0.10
0.03 0.07 0.01 0.01 0.04 0.06 0.03 0.06
0.03 0.07 0.01 0.01 0.05 0.06 0.04 0.05
0.02 0.05 0.02 0.01 0.03 0.04 0.05 0.05
0.01 0.04 0.01 0.01 0.02 0.03 0.02 0.04
0.10 0.20 0.06 0.05 0.17 0.17 0.16 0.18
0.13 0.26 0.06 0.07 0.22 0.23 0.18 0.25
0.06 0.12 0.04 0.03 0.11 0.11 0.13 0.12
0.03 0.05 0.02 0.01 0.05 0.05 0.07 0.06
0.03 0.05 0.04 0.02 0.05 0.05 0.12 0.07
0.02 0.05 0.03 0.02 0.04 0.04 0.08 0.08
0.03 0.07 0.04 0.02 0.06 0.06 0.11 0.09
0.03 0.08 0.02 0.02 0.05 0.07 0.07 0.07
0.04 0.07 0.04 0.02 0.07 0.06 0.12 0.07
0.03 0.05 0.02 0.02 0.04 0.04 0.05 0.08
0.02 0.05 0.02 0.02 0.03 0.04 0.05 0.09
0.04 0.08 0.02 0.03 0.06 0.06 0.06 0.11
0.03 0.04 0.02 0.02 0.04 0.03 0.07 0.11
0.02 0.04 0.02 0.01 0.04 0.04 0.06 0.07
0.01 0.04 0.02 0.02 0.03 0.04 0.05 0.11
0.01 0.03 0.01 0.02 0.02 0.03 0.04 0.10
0.02 0.04 0.02 0.02 0.04 0.04 0.05 0.12
0.03 0.07 0.02 0.01 0.05 0.06 0.05 0.08
0.02 0.04 0.01 0.02 0.03 0.04 0.03 0.12
0.03 0.06 0.02 0.02 0.05 0.06 0.05 0.11
0.02 0.04 0.02 0.02 0.04 0.04 0.06 0.10
0.02 0.06 0.01 0.02 0.05 0.05 0.04 0.10
0.03 0.07 0.02 0.01 0.05 0.06 0.05 0.07
0.02 0.03 0.02 0.03 0.03 0.03 0.06 0.12
0.03 0.08 0.03 0.02 0.05 0.06 0.07 0.07
0.03 0.08 0.02 0.01 0.04 0.05 0.05 0.05
0.04 0.09 0.02 0.02 0.06 0.06 0.05 0.07
0.02 0.05 0.01 0.02 0.03 0.03 0.03 0.05
0.03 0.06 0.04 0.02 0.04 0.03 0.08 0.07
0.03 0.07 0.03 0.01 0.04 0.04 0.07 0.04
0.02 0.05 0.04 0.02 0.02 0.03 0.07 0.07
0.03 0.06 0.03 0.02 0.03 0.04 0.06 0.06
0.02 0.06 0.03 0.02 0.03 0.04 0.06 0.06
0.03 0.07 0.03 0.02 0.04 0.05 0.07 0.06
0.03 0.06 0.03 0.02 0.03 0.04 0.07 0.07
0.11 0.18 0.06 0.08 0.15 0.13 0.16 0.25
0.09 0.17 0.06 0.07 0.14 0.12 0.14 0.24
0.04 0.08 0.03 0.02 0.05 0.06 0.08 0.08
0.03 0.06 0.03 0.02 0.05 0.06 0.08 0.07
0.02 0.04 0.02 0.02 0.03 0.04 0.04 0.08
