0.00 0.00 0.00 0.00 0.00 0.00 0.00 0.00
0.00 0.00 0.00 0.00 0.00 0.00 0.00 0.00
0.00 0.00 0.00 0.00 0.00 0.00 0.00 0.00
0.00 0.00 0.00 0.00 0.00 0.00 0.00 0.00
0.00 0.00 0.00 0.00 0.00 0.00 0.00 0.00
0.00 0.00 0.00 0.00 0.00 0.00 0.00 0.00
0.00 0.00 0.00 0.00 0.00 0.00 0.00 0.00
0.00 0.00 0.00 0.00 0.00 0.00 0.00 0.00
0.00 0.00 0.00 0.00 0.00 0.00 0.00 0.00
0.00 0.00 0.00 0.00 0.00 0.00 0.00 0.00
0.00 0.00 0.00 0.00 0.00 0.00 0.00 0.00
0.00 0.00 0.00 0.00 0.00 0.00 0.00 0.00
0.00 0.00 0.00 0.00 0.00 0.00 0.00 0.00
0.00 0.00 0.00 0.00 0.00 0.00 0.00 0.00
0.00 0.00 0.00 0.00 0.00 0.00 0.00 0.00
0.00 0.00 0.00 0.00 0.00 0.00 0.00 0.00
0.00 0.00 0.00 0.00 0.00 0.00 0.00 0.00
0.00 0.00 0.00 0.00 0.00 0.00 0.00 0.00
0.00 0.00 0.00 0.00 0.00 0.00 0.00 0.00
0.00 0.00 0.00 0.00 0.00 0.00 0.00 0.00
0.00 0.00 0.00 0.00 0.00 0.00 0.00 0.00
0.00 0.00 0.00 0.00 0.00 0.00 0.00 0.00
0.00 0.00 0.00 0.00 0.00 0.00 0.00 0.00
0.00 0.00 0.00 0.00 0.00 0.00 0.00 0.00
0.00 0.00 0.00 0.00 0.00 0.00 0.00 0.00
0.00 0.00 0.00 0.00 0.00 0.00 0.00 0.00
0.00 0.00 0.00 0.00 0.00 0.00 0.00 0.00
0.00 0.00 0.00 0.00 0.00 0.00 0.00 0.00
0.00 0.00 0.00 0.00 0.00 0.00 0.01 0.00
0.01 0.05 0.00 0.00 0.01 0.01 0.00 0.00
0.42 2.86 0.03 0.01 0.74 1.21 0.17 0.08
0.61 3.68 0.07 0.03 1.10 1.62 0.39 0.29
0.46 2.84 0.06 0.01 0.68 1.03 0.29 0.10
0.55 3.16 0.07 0.03 0.81 1.20 0.31 0.21
0.44 2.41 0.08 0.02 0.81 1.15 0.41 0.23
0.30 1.67 0.05 0.02 0.69 1.01 0.33 0.19
0.47 2.44 0.10 0.04 0.93 1.24 0.52 0.38
0.24 1.30 0.04 0.02 0.58 0.83 0.25 0.20
0.30 1.51 0.08 0.02 0.70 0.93 0.45 0.27
0.42 2.14 0.08 0.04 0.77 1.03 0.43 0.38
0.37 2.19 0.05 0.02 0.57 0.85 0.24 0.14
0.16 1.05 0.02 0.00 0.29 0.48 0.10 0.03
0.22 1.40 0.02 0.01 0.41 0.62 0.14 0.07
0.27 1.77 0.03 0.00 0.58 0.86 0.19 0.08
0.26 1.83 0.03 0.00 0.57 0.91 0.20 0.00
0.33 2.22 0.03 0.01 0.77 1.12 0.20 0.14
0.32 2.10 0.04 0.00 0.80 1.13 0.30 0.11
0.23 1.53 0.02 0.00 0.61 0.90 0.20 0.04
0.33 2.36 0.03 0.00 0.91 1.34 0.24 0.04
0.38 2.56 0.04 0.00 1.23 1.71 0.48 0.08
0.43 2.83 0.05 0.00 1.50 2.01 0.58 0.14
0.46 3.14 0.05 0.00 1.48 2.04 0.49 0.15
0.56 3.81 0.06 0.00 1.37 1.86 0.49 0.12
0.57 4.12 0.05 0.00 1.41 1.96 0.45 0.07
0.62 4.48 0.05 0.00 1.46 2.03 0.44 0.08
0.52 3.82 0.03 0.00 1.42 1.97 0.37 0.09
0.72 5.36 0.05 0.00 1.85 2.54 0.52 0.05
0.65 4.77 0.04 0.00 1.93 2.66 0.54 0.11
0.48 3.38 0.04 0.00 1.88 2.59 0.63 0.15
0.48 3.27 0.05 0.00 1.88 2.58 0.69 0.20
0.03 0.16 0.01 0.00 0.17 0.18 0.15 0.15
0.01 0.06 0.01 0.00 0.09 0.08 0.10 0.07
0.00 0.01 0.00 0.00 0.02 0.02 0.03 0.02
0.00 0.00 0.00 0.00 0.00 0.01 0.01 0.01
0.00 0.00 0.00 0.00 0.00 0.00 0.01 0.00
0.00 0.00 0.00 0.00 0.00 0.00 0.00 0.01
0.00 0.00 0.00 0.00 0.00 0.00 0.01 0.04
0.00 0.00 0.00 0.00 0.00 0.00 0.00 0.01
0.00 0.00 0.00 0.00 0.00 0.00 0.01 0.01
0.00 0.00 0.00 0.00 0.01 0.00 0.01 0.04
0.00 0.00 0.00 0.00 0.00 0.00 0.01 0.02
0.00 0.00 0.00 0.00 0.00 0.00 0.01 0.01
0.00 0.00 0.00 0.00 0.00 0.00 0.00 0.01
0.00 0.00 0.00 0.00 0.00 0.00 0.01 0.00
0.00 0.00 0.00 0.00 0.00 0.00 0.01 0.00
0.00 0.00 0.00 0.00 0.00 0.00 0.00 0.01
0.00 0.00 0.00 0.00 0.00 0.00 0.00 0.01
0.00 0.00 0.00 0.00 0.00 0.00 0.01 0.00
0.00 0.00 0.00 0.00 0.00 0.00 0.01 0.00
0.00 0.00 0.00 0.00 0.00 0.00 0.00 0.00
0.00 0.00 0.00 0.00 0.00 0.00 0.01 0.00
0.00 0.00 0.00 0.00 0.00 0.00 0.00 0.00
0.00 0.00 0.00 0.00 0.00 0.00 0.00 0.00
0.00 0.00 0.00 0.00 0.00 0.00 0.00 0.00
0.00 0.00 0.00 0.00 0.00 0.00 0.00 0.00
0.00 0.00 0.00 0.00 0.00 0.00 0.00 0.00
0.00 0.00 0.00 0.00 0.00 0.00 0.00 0.00
0.00 0.00 0.00 0.00 0.00 0.00 0.01 0.01
0.00 0.00 0.00 0.00 0.00 0.00 0.00 0.01
0.00 0.00 0.00 0.00 0.00 0.00 0.01 0.01
0.00 0.00 0.00 0.00 0.00 0.00 0.01 0.01
0.00 0.00 0.00 0.00 0.00 0.00 0.00 0.00
0.00 0.00 0.00 0.00 0.00 0.00 0.00 0.01
0.00 0.01 0.00 0.00 0.00 0.01 0.00 0.01
0.00 0.01 0.00 0.00 0.01 0.02 0.00 0.01
0.00 0.01 0.00 0.00 0.00 0.01 0.01 0.00
0.00 0.00 0.00 0.00 0.00 0.01 0.01 0.00
0.00 0.01 0.00 0.01 0.01 0.01 0.01 0.04
0.01 0.02 0.00 0.00 0.02 0.02 0.02 0.04
0.00 0.01 0.00 0.00 0.01 0.01 0.01 0.02
0.00 0.01 0.00 0.00 0.01 0.01 0.01 0.01
0.00 0.00 0.00 0.00 0.00 0.00 0.00 0.00
0.04 0.09 0.02 0.03 0.08 0.06 0.07 0.16
0.02 0.03 0.01 0.01 0.03 0.02 0.05 0.07
0.01 0.02 0.01 0.01 0.02 0.01 0.02 0.06
0.07 0.21 0.03 0.03 0.13 0.12 0.12 0.20
0.05 0.13 0.02 0.02 0.08 0.07 0.09 0.14
0.02 0.04 0.02 0.01 0.03 0.02 0.07 0.03
0.01 0.01 0.01 0.00 0.01 0.01 0.04 0.03
0.00 0.00 0.00 0.00 0.00 0.00 0.01 0.01
0.00 0.00 0.00 0.00 0.00 0.00 0.01 0.00
0.00 0.00 0.00 0.00 0.00 0.00 0.01 0.00
0.00 0.00 0.00 0.00 0.00 0.00 0.01 0.00
0.00 0.00 0.00 0.00 0.00 0.00 0.01 0.00
0.00 0.00 0.00 0.00 0.00 0.00 0.01 0.02
0.00 0.00 0.00 0.00 0.00 0.00 0.00 0.01
0.01 0.05 0.00 0.00 0.03 0.04 0.01 0.01
0.00 0.00 0.00 0.00 0.00 0.00 0.00 0.01
0.00 0.00 0.00 0.00 0.00 0.00 0.00 0.01
0.00 0.01 0.00 0.00 0.00 0.01 0.01 0.00
0.00 0.01 0.00 0.00 0.00 0.01 0.01 0.00
0.00 0.01 0.00 0.00 0.01 0.01 0.01 0.01
0.00 0.00 0.00 0.00 0.00 0.00 0.00 0.01
0.00 0.00 0.00 0.00 0.00 0.00 0.00 0.01
0.00 0.00 0.00 0.00 0.00 0.00 0.00 0.00
0.00 0.00 0.00 0.00 0.00 0.00 0.00 0.01
0.00 0.00 0.00 0.00 0.00 0.00 0.00 0.01
0.00 0.01 0.00 0.00 0.00 0.00 0.00 0.01
0.00 0.01 0.00 0.00 0.00 0.00 0.00 0.01
0.00 0.00 0.00 0.00 0.00 0.00 0.00 0.01
0.00 0.02 0.00 0.00 0.01 0.01 0.02 0.01
0.00 0.01 0.00 0.00 0.01 0.01 0.01 0.02
0.00 0.01 0.00 0.00 0.00 0.00 0.01 0.01
0.00 0.01 0.00 0.00 0.00 0.00 0.01 0.01
0.00 0.01 0.00 0.00 0.00 0.00 0.01 0.00
0.00 0.01 0.00 0.00 0.00 0.00 0.00 0.01
0.00 0.00 0.00 0.00 0.00 0.00 0.00 0.02
0.00 0.00 0.00 0.00 0.00 0.00 0.01 0.01
0.00 0.00 0.00 0.00 0.00 0.00 0.01 0.02
0.00 0.01 0.00 0.00 0.00 0.00 0.00 0.01
0.00 0.01 0.00 0.00 0.00 0.00 0.00 0.01
0.00 0.01 0.00 0.00 0.00 0.00 0.00 0.02
0.00 0.00 0.00 0.00 0.00 0.00 0.00 0.01
0.01 0.03 0.00 0.00 0.01 0.01 0.01 0.03
0.01 0.03 0.00 0.00 0.01 0.01 0.01 0.04
0.00 0.01 0.00 0.00 0.00 0.00 0.01 0.02
0.00 0.00 0.00 0.00 0.00 0.00 0.00 0.02
0.00 0.00 0.00 0.00 0.00 0.00 0.01 0.05
0.00 0.00 0.00 0.00 0.00 0.00 0.01 0.04
0.00 0.00 0.00 0.00 0.00 0.00 0.01 0.05
0.00 0.03 0.00 0.00 0.01 0.02 0.01 0.04
0.01 0.04 0.00 0.00 0.02 0.03 0.01 0.06
0.01 0.05 0.00 0.00 0.03 0.03 0.01 0.04
0.01 0.05 0.00 0.00 0.04 0.05 0.01 0.07
0.01 0.06 0.00 0.00 0.04 0.05 0.02 0.06
0.01 0.04 0.00 0.00 0.02 0.03 0.01 0.06
0.01 0.05 0.00 0.00 0.03 0.04 0.01 0.03
0.01 0.05 0.00 0.00 0.03 0.04 0.01 0.02
0.00 0.03 0.00 0.00 0.02 0.03 0.01 0.02
0.00 0.03 0.00 0.00 0.02 0.03 0.01 0.05
0.00 0.02 0.00 0.00 0.01 0.02 0.01 0.05
0.00 0.01 0.00 0.00 0.01 0.01 0.00 0.03
0.00 0.01 0.00 0.00 0.00 0.01 0.01 0.01
0.00 0.01 0.00 0.00 0.00 0.01 0.01 0.02
0.00 0.01 0.00 0.00 0.01 0.01 0.01 0.02
0.00 0.03 0.00 0.00 0.01 0.02 0.01 0.02
0.00 0.03 0.00 0.00 0.01 0.02 0.01 0.02
0.00 0.03 0.00 0.00 0.01 0.02 0.01 0.02
0.01 0.05 0.00 0.00 0.03 0.03 0.02 0.02
0.00 0.03 0.00 0.00 0.02 0.02 0.01 0.02
0.00 0.01 0.00 0.00 0.01 0.01 0.01 0.05
0.01 0.05 0.01 0.00 0.05 0.04 0.06 0.10
0.01 0.07 0.01 0.00 0.05 0.05 0.06 0.06
0.01 0.03 0.01 0.00 0.03 0.03 0.06 0.02
0.00 0.01 0.00 0.00 0.01 0.01 0.02 0.00
0.00 0.01 0.00 0.00 0.01 0.01 0.01 0.01
0.00 0.02 0.00 0.00 0.01 0.02 0.01 0.02
0.00 0.02 0.00 0.00 0.02 0.02 0.03 0.01
0.00 0.03 0.00 0.00 0.02 0.04 0.02 0.02
0.00 0.01 0.00 0.00 0.01 0.01 0.01 0.01
0.00 0.01 0.00 0.00 0.01 0.01 0.01 0.01
0.01 0.06 0.00 0.00 0.03 0.06 0.01 0.02
0.01 0.07 0.00 0.00 0.04 0.07 0.01 0.02
0.01 0.06 0.00 0.00 0.03 0.04 0.01 0.02
0.01 0.07 0.00 0.00 0.04 0.05 0.01 0.02
0.00 0.00 0.00 0.00 0.00 0.00 0.01 0.02
0.00 0.00 0.00 0.00 0.00 0.00 0.01 0.01
0.00 0.00 0.00 0.00 0.00 0.00 0.00 0.02
0.00 0.01 0.01 0.00 0.01 0.00 0.03 0.04
0.00 0.01 0.00 0.00 0.00 0.00 0.02 0.00
0.01 0.06 0.00 0.00 0.03 0.04 0.02 0.01
0.02 0.07 0.01 0.00 0.05 0.05 0.05 0.04
0.00 0.01 0.00 0.00 0.01 0.01 0.02 0.01
0.00 0.01 0.00 0.00 0.01 0.01 0.01 0.02
0.00 0.00 0.00 0.00 0.00 0.00 0.00 0.01
0.01 0.04 0.00 0.00 0.03 0.04 0.02 0.08
0.01 0.02 0.00 0.00 0.02 0.02 0.02 0.03
0.01 0.02 0.00 0.00 0.02 0.02 0.02 0.04
0.00 0.02 0.00 0.00 0.01 0.02 0.00 0.01
0.01 0.03 0.00 0.00 0.02 0.03 0.01 0.02
0.00 0.03 0.00 0.00 0.02 0.03 0.00 0.02
0.01 0.04 0.00 0.00 0.02 0.04 0.01 0.01
0.00 0.02 0.00 0.00 0.01 0.01 0.01 0.01
0.00 0.02 0.00 0.00 0.01 0.02 0.01 0.01
0.00 0.01 0.00 0.00 0.01 0.01 0.00 0.00
0.00 0.02 0.00 0.00 0.01 0.02 0.00 0.00
0.00 0.02 0.00 0.00 0.01 0.02 0.01 0.01
0.00 0.01 0.00 0.00 0.01 0.01 0.01 0.01
0.00 0.01 0.00 0.00 0.01 0.01 0.01 0.01
0.00 0.02 0.00 0.00 0.01 0.03 0.01 0.01
0.00 0.02 0.00 0.00 0.01 0.02 0.01 0.00
0.01 0.04 0.00 0.00 0.02 0.03 0.01 0.01
0.01 0.03 0.00 0.00 0.02 0.03 0.01 0.00
0.01 0.05 0.00 0.00 0.03 0.05 0.02 0.01
0.01 0.04 0.00 0.00 0.02 0.03 0.01 0.01
0.01 0.05 0.00 0.00 0.02 0.04 0.01 0.01
0.01 0.07 0.00 0.00 0.03 0.05 0.01 0.01
0.00 0.02 0.00 0.00 0.01 0.01 0.01 0.00
0.03 0.11 0.01 0.01 0.05 0.06 0.03 0.06
0.03 0.12 0.01 0.01 0.05 0.07 0.02 0.04
0.01 0.07 0.00 0.00 0.03 0.05 0.01 0.01
0.01 0.03 0.00 0.00 0.01 0.01 0.01 0.00
0.00 0.01 0.00 0.00 0.01 0.01 0.01 0.00
0.01 0.02 0.01 0.00 0.01 0.01 0.01 0.01
0.00 0.01 0.00 0.00 0.00 0.01 0.00 0.00
0.00 0.02 0.00 0.00 0.00 0.01 0.00 0.00
0.00 0.00 0.00 0.00 0.00 0.00 0.00 0.00
0.00 0.00 0.00 0.00 0.00 0.00 0.00 0.00
0.00 0.00 0.00 0.00 0.00 0.00 0.00 0.00
0.00 0.01 0.00 0.00 0.00 0.00 0.00 0.00
0.00 0.01 0.00 0.00 0.00 0.00 0.00 0.00
0.00 0.02 0.00 0.00 0.00 0.00 0.00 0.00
0.00 0.02 0.00 0.00 0.00 0.01 0.00 0.00
0.00 0.01 0.00 0.00 0.00 0.00 0.00 0.00
0.00 0.01 0.00 0.00 0.00 0.00 0.00 0.00
0.00 0.01 0.00 0.00 0.00 0.00 0.00 0.00
0.00 0.01 0.00 0.00 0.00 0.00 0.00 0.00
0.00 0.01 0.00 0.00 0.00 0.00 0.00 0.00
0.00 0.01 0.00 0.00 0.00 0.00 0.00 0.00
0.00 0.02 0.00 0.00 0.01 0.01 0.01 0.01
0.02 0.08 0.01 0.00 0.04 0.04 0.03 0.04
0.02 0.07 0.01 0.00 0.03 0.03 0.04 0.05
0.01 0.05 0.01 0.00 0.03 0.03 0.03 0.03
0.01 0.02 0.00 0.00 0.01 0.02 0.02 0.01
0.00 0.01 0.00 0.00 0.01 0.01 0.01 0.01
0.00 0.01 0.00 0.00 0.01 0.01 0.02 0.01
0.00 0.01 0.00 0.00 0.01 0.01 0.01 0.02
0.00 0.01 0.00 0.00 0.01 0.01 0.00 0.01
0.00 0.00 0.00 0.00 0.00 0.00 0.00 0.02
0.00 0.00 0.00 0.00 0.00 0.00 0.00 0.01
0.00 0.00 0.00 0.00 0.00 0.00 0.00 0.00
0.00 0.00 0.00 0.00 0.00 0.00 0.00 0.01
0.00 0.00 0.00 0.00 0.00 0.00 0.00 0.00
0.00 0.00 0.00 0.00 0.00 0.00 0.00 0.00
0.00 0.01 0.00 0.00 0.00 0.00 0.00 0.00
0.00 0.01 0.00 0.00 0.00 0.00 0.01 0.00
0.00 0.01 0.00 0.00 0.00 0.00 0.00 0.00
0.00 0.00 0.00 0.00 0.00 0.00 0.00 0.00
0.00 0.01 0.00 0.00 0.00 0.01 0.00 0.00
0.00 0.01 0.00 0.00 0.00 0.01 0.00 0.00
0.00 0.00 0.00 0.00 0.00 0.00 0.01 0.00
0.00 0.00 0.00 0.00 0.00 0.00 0.00 0.00
0.00 0.00 0.00 0.00 0.00 0.00 0.01 0.00
0.00 0.01 0.00 0.00 0.01 0.01 0.00 0.00
0.00 0.00 0.00 0.00 0.00 0.00 0.00 0.00
0.00 0.00 0.00 0.00 0.00 0.00 0.00 0.00
0.00 0.00 0.00 0.00 0.00 0.00 0.00 0.00
0.00 0.00 0.00 0.00 0.00 0.00 0.00 0.01
0.01 0.01 0.00 0.00 0.01 0.01 0.01 0.03
0.00 0.00 0.00 0.00 0.00 0.00 0.01 0.02
0.00 0.00 0.00 0.00 0.00 0.00 0.00 0.01
0.00 0.00 0.00 0.00 0.00 0.00 0.01 0.00
0.00 0.00 0.00 0.00 0.00 0.00 0.00 0.00
0.00 0.00 0.00 0.00 0.00 0.00 0.00 0.01
0.00 0.00 0.00 0.00 0.00 0.00 0.01 0.01
0.00 0.00 0.00 0.00 0.00 0.00 0.00 0.04
0.00 0.01 0.00 0.00 0.01 0.01 0.01 0.01
0.00 0.01 0.00 0.00 0.01 0.01 0.00 0.02
0.00 0.00 0.00 0.00 0.00 0.00 0.00 0.01
0.00 0.00 0.00 0.00 0.00 0.00 0.01 0.01
0.00 0.00 0.00 0.00 0.01 0.00 0.00 0.02
0.00 0.01 0.00 0.00 0.01 0.00 0.01 0.02
0.00 0.01 0.00 0.00 0.00 0.01 0.00 0.02
0.00 0.00 0.00 0.00 0.00 0.00 0.00 0.01
0.00 0.02 0.00 0.00 0.01 0.01 0.01 0.02
0.00 0.01 0.00 0.00 0.01 0.00 0.01 0.02
0.00 0.01 0.00 0.00 0.00 0.00 0.00 0.01
0.02 0.10 0.01 0.00 0.03 0.04 0.03 0.03
0.01 0.02 0.00 0.00 0.01 0.01 0.01 0.02
0.01 0.03 0.00 0.00 0.01 0.01 0.01 0.01
0.00 0.00 0.00 0.00 0.00 0.00 0.00 0.01
0.00 0.01 0.00 0.00 0.00 0.00 0.00 0.00
0.00 0.01 0.00 0.00 0.00 0.00 0.00 0.00
0.00 0.01 0.00 0.00 0.00 0.00 0.01 0.01
0.03 0.09 0.01 0.01 0.04 0.04 0.06 0.06
0.00 0.01 0.00 0.00 0.00 0.00 0.01 0.01
0.00 0.03 0.00 0.00 0.01 0.01 0.01 0.01
0.01 0.03 0.00 0.00 0.02 0.02 0.01 0.02
0.00 0.01 0.00 0.00 0.01 0.01 0.01 0.01
0.01 0.02 0.00 0.00 0.02 0.01 0.03 0.02
0.00 0.01 0.00 0.00 0.01 0.01 0.01 0.01
0.00 0.01 0.00 0.00 0.01 0.01 0.01 0.01
0.00 0.01 0.00 0.00 0.00 0.00 0.00 0.02
0.01 0.02 0.00 0.00 0.02 0.01 0.01 0.04
0.01 0.03 0.01 0.00 0.03 0.02 0.04 0.05
0.00 0.00 0.00 0.00 0.01 0.00 0.01 0.04
0.01 0.04 0.01 0.01 0.04 0.03 0.05 0.08
0.01 0.02 0.01 0.00 0.03 0.01 0.06 0.06
0.00 0.01 0.00 0.00 0.00 0.00 0.01 0.00
0.00 0.01 0.01 0.00 0.01 0.01 0.03 0.01
0.00 0.00 0.00 0.00 0.00 0.00 0.01 0.01
0.00 0.00 0.00 0.00 0.00 0.00 0.00 0.00
0.00 0.00 0.00 0.00 0.00 0.00 0.00 0.00
0.00 0.00 0.00 0.00 0.00 0.00 0.00 0.00
0.00 0.00 0.00 0.00 0.00 0.00 0.00 0.01
0.00 0.00 0.00 0.00 0.00 0.00 0.00 0.00
0.00 0.01 0.00 0.00 0.00 0.00 0.00 0.00
0.00 0.01 0.00 0.00 0.00 0.00 0.01 0.01
0.00 0.01 0.00 0.00 0.00 0.00 0.01 0.01
0.00 0.01 0.00 0.00 0.00 0.00 0.00 0.02
0.00 0.00 0.00 0.00 0.00 0.00 0.01 0.01
0.00 0.00 0.00 0.00 0.00 0.00 0.00 0.01
0.00 0.01 0.00 0.00 0.00 0.00 0.00 0.00
0.00 0.01 0.00 0.00 0.00 0.00 0.01 0.01
0.00 0.01 0.00 0.00 0.01 0.01 0.01 0.00
0.00 0.01 0.00 0.00 0.01 0.00 0.02 0.01
0.00 0.01 0.00 0.00 0.00 0.00 0.01 0.00
0.00 0.00 0.00 0.00 0.00 0.00 0.01 0.01
0.00 0.00 0.00 0.00 0.00 0.00 0.00 0.02
0.00 0.01 0.00 0.00 0.00 0.00 0.00 0.00
0.04 0.25 0.01 0.00 0.11 0.16 0.05 0.02
0.10 0.57 0.02 0.01 0.21 0.29 0.10 0.08
0.12 0.67 0.02 0.01 0.22 0.30 0.10 0.06
0.11 0.63 0.02 0.01 0.20 0.28 0.12 0.06
0.06 0.31 0.01 0.00 0.10 0.15 0.06 0.03
0.05 0.25 0.01 0.00 0.10 0.14 0.04 0.05
0.06 0.30 0.01 0.01 0.12 0.15 0.06 0.06
0.03 0.16 0.00 0.00 0.06 0.10 0.02 0.00
0.02 0.10 0.00 0.00 0.04 0.07 0.02 0.00
0.05 0.28 0.01 0.00 0.09 0.13 0.04 0.03
0.10 0.49 0.03 0.01 0.19 0.24 0.14 0.07
0.04 0.25 0.01 0.00 0.08 0.12 0.03 0.03
0.03 0.18 0.00 0.00 0.08 0.11 0.03 0.03
0.03 0.21 0.00 0.00 0.08 0.12 0.03 0.03
0.03 0.17 0.00 0.00 0.08 0.11 0.03 0.02
0.02 0.14 0.00 0.00 0.06 0.10 0.02 0.01
0.02 0.14 0.00 0.00 0.06 0.10 0.01 0.01
0.03 0.22 0.01 0.00 0.11 0.15 0.05 0.02
0.03 0.19 0.00 0.00 0.10 0.14 0.03 0.01
0.03 0.18 0.00 0.00 0.11 0.16 0.04 0.01
0.02 0.16 0.00 0.00 0.12 0.17 0.04 0.01
0.03 0.20 0.00 0.00 0.14 0.20 0.04 0.02
0.03 0.24 0.00 0.00 0.12 0.19 0.04 0.01
0.03 0.24 0.00 0.00 0.11 0.16 0.05 0.02
0.02 0.15 0.00 0.00 0.08 0.11 0.02 0.02
0.04 0.27 0.00 0.00 0.13 0.19 0.03 0.02
0.02 0.16 0.00 0.00 0.09 0.14 0.02 0.01
0.02 0.15 0.00 0.00 0.09 0.13 0.02 0.01
0.01 0.08 0.00 0.00 0.07 0.10 0.01 0.04
0.00 0.03 0.00 0.00 0.02 0.03 0.00 0.03
0.00 0.01 0.00 0.00 0.01 0.01 0.01 0.02
0.01 0.09 0.00 0.00 0.05 0.08 0.02 0.02
0.01 0.09 0.00 0.00 0.09 0.13 0.04 0.02
0.01 0.09 0.00 0.00 0.10 0.14 0.04 0.02
0.02 0.12 0.00 0.00 0.14 0.19 0.06 0.02
0.02 0.11 0.00 0.00 0.12 0.16 0.06 0.02
0.02 0.12 0.00 0.00 0.09 0.13 0.03 0.03
0.02 0.15 0.00 0.00 0.12 0.17 0.04 0.02
0.02 0.14 0.00 0.00 0.13 0.20 0.06 0.04
0.01 0.08 0.00 0.00 0.08 0.11 0.05 0.02
0.02 0.13 0.00 0.00 0.14 0.19 0.05 0.03
0.01 0.09 0.00 0.00 0.11 0.14 0.06 0.02
0.02 0.10 0.00 0.00 0.11 0.15 0.05 0.02
0.01 0.08 0.00 0.00 0.09 0.12 0.05 0.03
0.01 0.06 0.00 0.00 0.08 0.10 0.05 0.05
0.02 0.10 0.01 0.00 0.11 0.11 0.07 0.16
0.09 0.33 0.04 0.02 0.26 0.26 0.24 0.32
0.24 0.84 0.06 0.09 0.49 0.51 0.30 0.76
0.43 1.50 0.10 0.18 0.66 0.68 0.40 0.96
0.71 2.39 0.14 0.39 0.80 0.82 0.42 1.24
0.66 2.02 0.13 0.42 0.68 0.68 0.36 1.17
0.92 2.53 0.24 0.62 0.94 0.88 0.61 1.50
0.82 2.46 0.14 0.59 0.88 0.91 0.38 1.49
0.63 1.83 0.07 0.57 0.81 0.84 0.26 1.40
0.44 1.28 0.08 0.33 0.63 0.68 0.28 0.99
0.48 1.28 0.07 0.48 0.66 0.64 0.28 1.16
0.52 1.31 0.08 0.55 0.75 0.74 0.31 1.27
0.59 1.47 0.09 0.63 0.85 0.83 0.36 1.44
0.29 0.79 0.06 0.23 0.61 0.66 0.30 0.83
0.38 0.94 0.07 0.40 0.72 0.70 0.33 1.23
0.01 0.02 0.00 0.00 0.02 0.02 0.02 0.02
0.00 0.02 0.00 0.00 0.01 0.02 0.01 0.01
0.01 0.06 0.00 0.00 0.03 0.06 0.02 0.01
0.01 0.06 0.00 0.00 0.04 0.07 0.03 0.01
0.01 0.05 0.00 0.01 0.06 0.09 0.03 0.04
0.01 0.05 0.00 0.00 0.04 0.08 0.01 0.03
0.01 0.03 0.00 0.00 0.03 0.05 0.01 0.01
0.01 0.03 0.00 0.00 0.02 0.03 0.01 0.01
0.01 0.03 0.00 0.00 0.02 0.03 0.01 0.01
0.01 0.03 0.00 0.00 0.01 0.03 0.00 0.01
0.01 0.03 0.00 0.00 0.01 0.02 0.01 0.01
0.03 0.06 0.02 0.02 0.06 0.05 0.08 0.10
0.03 0.09 0.01 0.01 0.05 0.05 0.06 0.07
0.04 0.10 0.02 0.02 0.07 0.06 0.09 0.12
0.03 0.10 0.02 0.01 0.06 0.06 0.06 0.05
0.02 0.09 0.01 0.01 0.04 0.05 0.05 0.03
0.01 0.06 0.00 0.00 0.02 0.03 0.02 0.01
0.02 0.11 0.01 0.00 0.03 0.06 0.03 0.01
0.01 0.07 0.00 0.00 0.03 0.05 0.01 0.02
0.01 0.09 0.00 0.00 0.03 0.06 0.01 0.01
0.01 0.06 0.01 0.00 0.04 0.05 0.04 0.03
0.03 0.13 0.01 0.01 0.07 0.09 0.05 0.06
0.02 0.12 0.01 0.00 0.08 0.11 0.06 0.05
0.01 0.07 0.00 0.00 0.05 0.07 0.04 0.01
0.02 0.11 0.01 0.00 0.07 0.09 0.06 0.06
0.04 0.20 0.01 0.00 0.11 0.15 0.08 0.03
0.05 0.23 0.01 0.00 0.13 0.17 0.10 0.05
0.02 0.12 0.01 0.00 0.05 0.08 0.04 0.00
0.02 0.14 0.01 0.00 0.05 0.08 0.03 0.01
0.04 0.21 0.01 0.00 0.09 0.12 0.07 0.02
0.00 0.01 0.00 0.00 0.01 0.01 0.03 0.02
0.00 0.01 0.00 0.00 0.01 0.01 0.02 0.01
0.00 0.01 0.00 0.00 0.01 0.01 0.02 0.01
0.00 0.02 0.00 0.00 0.01 0.01 0.01 0.01
0.00 0.01 0.00 0.00 0.01 0.01 0.02 0.01
0.00 0.01 0.00 0.00 0.00 0.00 0.01 0.00
0.02 0.08 0.00 0.00 0.04 0.05 0.02 0.04
0.03 0.13 0.01 0.00 0.08 0.10 0.06 0.04
0.01 0.04 0.00 0.00 0.03 0.03 0.02 0.02
0.01 0.05 0.00 0.00 0.04 0.04 0.04 0.04
0.03 0.14 0.01 0.00 0.09 0.10 0.08 0.08
0.03 0.13 0.01 0.01 0.09 0.09 0.09 0.14
0.01 0.04 0.00 0.00 0.03 0.03 0.04 0.06
0.01 0.04 0.00 0.00 0.02 0.02 0.02 0.03
0.01 0.06 0.00 0.00 0.02 0.02 0.02 0.02
0.01 0.03 0.00 0.00 0.01 0.01 0.02 0.02
0.01 0.02 0.00 0.00 0.01 0.01 0.01 0.01
0.00 0.01 0.00 0.00 0.00 0.00 0.01 0.00
0.00 0.01 0.00 0.00 0.00 0.00 0.02 0.00
0.01 0.03 0.00 0.00 0.01 0.01 0.01 0.01
0.00 0.01 0.00 0.00 0.00 0.00 0.01 0.00
0.00 0.01 0.00 0.00 0.00 0.00 0.00 0.00
0.01 0.06 0.00 0.00 0.01 0.02 0.01 0.00
0.00 0.02 0.00 0.00 0.00 0.01 0.01 0.00
0.00 0.01 0.00 0.00 0.00 0.01 0.00 0.01
0.00 0.03 0.00 0.00 0.01 0.02 0.00 0.01
0.00 0.02 0.00 0.00 0.01 0.01 0.00 0.01
0.00 0.02 0.00 0.00 0.01 0.01 0.00 0.02
0.00 0.01 0.00 0.00 0.00 0.01 0.00 0.01
0.01 0.04 0.00 0.00 0.02 0.02 0.01 0.02
0.00 0.00 0.00 0.00 0.00 0.00 0.01 0.01
0.00 0.00 0.00 0.00 0.00 0.00 0.00 0.02
0.00 0.00 0.00 0.00 0.00 0.00 0.01 0.02
0.00 0.00 0.00 0.00 0.00 0.00 0.01 0.02
0.00 0.00 0.00 0.00 0.00 0.00 0.01 0.02
0.00 0.00 0.00 0.00 0.00 0.00 0.01 0.01
0.00 0.00 0.00 0.00 0.00 0.00 0.00 0.02
0.00 0.00 0.00 0.00 0.00 0.00 0.00 0.01
0.00 0.00 0.00 0.00 0.00 0.00 0.01 0.00
0.00 0.00 0.00 0.00 0.00 0.00 0.01 0.01
0.00 0.00 0.00 0.00 0.00 0.00 0.00 0.00
0.00 0.00 0.00 0.00 0.00 0.00 0.00 0.01
0.00 0.00 0.00 0.00 0.00 0.00 0.00 0.01
0.00 0.00 0.00 0.00 0.00 0.00 0.00 0.00
0.00 0.00 0.00 0.00 0.00 0.00 0.00 0.00
0.00 0.00 0.00 0.00 0.00 0.00 0.00 0.00
0.00 0.00 0.00 0.00 0.00 0.00 0.00 0.00
0.00 0.00 0.00 0.00 0.00 0.00 0.00 0.00
0.00 0.00 0.00 0.00 0.00 0.00 0.00 0.00
0.00 0.00 0.00 0.00 0.00 0.00 0.00 0.00
0.00 0.00 0.00 0.00 0.00 0.00 0.00 0.02
0.00 0.00 0.00 0.00 0.00 0.00 0.00 0.01
0.00 0.00 0.00 0.00 0.00 0.00 0.01 0.01
0.00 0.00 0.00 0.00 0.00 0.00 0.00 0.01
0.00 0.00 0.00 0.00 0.00 0.00 0.01 0.01
0.00 0.00 0.00 0.00 0.00 0.00 0.01 0.01
0.00 0.00 0.00 0.00 0.00 0.00 0.01 0.01
0.00 0.00 0.00 0.00 0.00 0.00 0.01 0.02
0.00 0.00 0.00 0.00 0.00 0.00 0.01 0.01
0.00 0.00 0.00 0.00 0.00 0.00 0.01 0.02
0.04 0.28 0.00 0.00 0.14 0.24 0.02 0.03
0.05 0.36 0.00 0.00 0.13 0.22 0.02 0.04
0.06 0.39 0.00 0.00 0.14 0.21 0.04 0.05
0.04 0.28 0.00 0.00 0.09 0.14 0.03 0.02
0.02 0.20 0.00 0.00 0.04 0.09 0.01 0.02
0.01 0.14 0.00 0.00 0.03 0.07 0.01 0.01
0.01 0.07 0.01 0.00 0.02 0.03 0.04 0.02
0.02 0.16 0.01 0.00 0.04 0.08 0.03 0.03
0.01 0.10 0.00 0.00 0.04 0.07 0.02 0.00
0.03 0.17 0.00 0.00 0.06 0.09 0.02 0.02
0.04 0.23 0.01 0.01 0.10 0.14 0.04 0.05
0.04 0.22 0.00 0.01 0.07 0.11 0.01 0.04
0.04 0.24 0.00 0.00 0.08 0.14 0.02 0.02
0.03 0.15 0.00 0.00 0.06 0.11 0.02 0.02
0.03 0.17 0.01 0.00 0.08 0.11 0.03 0.05
0.04 0.18 0.01 0.01 0.09 0.12 0.04 0.07
0.02 0.08 0.01 0.00 0.05 0.06 0.04 0.04
0.04 0.15 0.02 0.02 0.11 0.10 0.10 0.14
0.02 0.08 0.00 0.01 0.04 0.05 0.02 0.05
0.06 0.27 0.02 0.01 0.15 0.19 0.10 0.08
0.02 0.10 0.00 0.01 0.06 0.07 0.02 0.08
0.06 0.18 0.02 0.02 0.13 0.12 0.10 0.20
0.05 0.16 0.01 0.03 0.12 0.11 0.07 0.21
0.03 0.11 0.01 0.01 0.07 0.08 0.06 0.08
0.03 0.12 0.01 0.01 0.06 0.08 0.05 0.03
0.06 0.25 0.01 0.01 0.12 0.17 0.07 0.07
0.04 0.15 0.01 0.02 0.12 0.14 0.08 0.11
0.06 0.17 0.02 0.04 0.21 0.22 0.14 0.25
0.03 0.11 0.00 0.02 0.09 0.12 0.03 0.13
0.06 0.20 0.01 0.03 0.11 0.14 0.05 0.12
0.32 0.92 0.12 0.15 0.54 0.57 0.40 0.63
0.72 1.82 0.16 0.63 0.94 0.87 0.50 1.75
0.73 1.75 0.18 0.69 0.94 0.83 0.54 1.84
0.98 2.65 0.22 0.77 1.12 1.09 0.62 1.88
0.69 1.75 0.10 0.77 0.79 0.71 0.28 1.88
0.78 2.02 0.10 0.85 0.85 0.77 0.28 1.94
1.06 3.14 0.14 0.93 1.02 1.01 0.34 2.10
1.29 3.36 0.25 1.16 1.13 0.99 0.56 2.41
0.96 2.37 0.24 0.84 0.88 0.75 0.49 1.95
1.36 3.46 0.43 0.98 1.14 1.04 0.77 1.92
1.21 3.19 0.35 0.86 1.12 1.04 0.74 1.86
1.11 2.72 0.35 0.86 0.90 0.75 0.60 1.96
1.00 2.66 0.32 0.67 0.88 0.79 0.58 1.70
1.29 3.23 0.34 1.10 0.85 0.71 0.53 1.97
1.66 4.28 0.49 1.33 0.91 0.84 0.60 1.77
2.01 5.14 0.44 1.95 0.83 0.74 0.44 1.95
1.56 5.18 0.46 0.71 0.70 0.73 0.52 0.91
2.60 8.58 0.92 0.98 0.94 1.00 0.75 1.07
3.07 11.70 0.77 1.08 0.92 1.07 0.57 1.02
3.23 12.07 0.71 1.32 0.82 0.91 0.49 1.05
3.00 10.87 0.88 1.06 0.71 0.78 0.52 0.82
2.60 10.11 0.55 1.10 0.68 0.79 0.40 0.89
2.69 9.44 0.47 1.80 0.71 0.78 0.37 1.23
2.68 10.84 0.56 0.97 0.87 1.01 0.58 0.92
1.95 8.01 0.32 0.88 0.61 0.73 0.33 0.76
2.01 9.07 0.35 0.57 0.73 0.89 0.40 0.71
1.58 7.53 0.28 0.31 0.77 0.98 0.42 0.57
1.32 6.06 0.24 0.29 0.77 0.94 0.44 0.64
1.11 5.80 0.21 0.10 0.65 0.86 0.37 0.28
1.13 6.08 0.19 0.08 0.70 0.94 0.36 0.28
0.06 0.29 0.02 0.01 0.09 0.11 0.05 0.05
0.07 0.37 0.02 0.01 0.11 0.14 0.08 0.05
0.05 0.24 0.01 0.00 0.08 0.11 0.05 0.05
0.04 0.19 0.01 0.00 0.08 0.10 0.04 0.06
0.04 0.21 0.01 0.00 0.09 0.11 0.05 0.06
0.05 0.31 0.01 0.00 0.11 0.15 0.05 0.05
0.03 0.19 0.01 0.00 0.07 0.10 0.03 0.03
0.03 0.18 0.01 0.00 0.06 0.09 0.03 0.02
0.02 0.11 0.00 0.00 0.04 0.06 0.02 0.02
0.01 0.08 0.00 0.00 0.03 0.04 0.02 0.02
0.19 0.60 0.12 0.04 0.42 0.33 0.66 0.66
0.06 0.21 0.03 0.02 0.15 0.11 0.22 0.27
0.03 0.07 0.02 0.01 0.06 0.04 0.10 0.17
0.03 0.09 0.01 0.01 0.06 0.05 0.08 0.11
0.02 0.08 0.01 0.01 0.04 0.04 0.04 0.09
0.01 0.05 0.00 0.00 0.03 0.03 0.02 0.08
0.02 0.07 0.00 0.00 0.04 0.04 0.02 0.08
0.01 0.07 0.00 0.00 0.03 0.04 0.01 0.05
0.02 0.10 0.00 0.00 0.05 0.06 0.01 0.06
0.02 0.09 0.00 0.00 0.04 0.05 0.02 0.05
0.02 0.08 0.00 0.00 0.04 0.05 0.02 0.04
0.02 0.08 0.00 0.00 0.04 0.06 0.02 0.05
0.01 0.06 0.00 0.00 0.04 0.05 0.02 0.03
0.01 0.03 0.00 0.00 0.02 0.03 0.02 0.02
0.01 0.05 0.00 0.00 0.02 0.04 0.02 0.02
0.01 0.08 0.00 0.00 0.04 0.05 0.01 0.02
0.01 0.06 0.00 0.00 0.03 0.04 0.03 0.02
0.03 0.14 0.00 0.00 0.06 0.08 0.03 0.05
0.03 0.16 0.01 0.00 0.07 0.10 0.05 0.04
0.05 0.27 0.01 0.00 0.10 0.13 0.07 0.03
0.03 0.14 0.01 0.00 0.05 0.07 0.04 0.01
0.04 0.22 0.01 0.00 0.08 0.11 0.05 0.05
0.04 0.21 0.01 0.00 0.09 0.12 0.06 0.07
0.04 0.20 0.01 0.00 0.10 0.13 0.08 0.06
0.01 0.06 0.00 0.00 0.03 0.04 0.01 0.03
0.00 0.02 0.00 0.00 0.01 0.02 0.01 0.01
0.00 0.01 0.00 0.00 0.01 0.01 0.01 0.01
0.00 0.01 0.00 0.00 0.01 0.01 0.01 0.02
0.00 0.01 0.00 0.00 0.01 0.01 0.00 0.02
0.00 0.01 0.00 0.00 0.00 0.00 0.00 0.01
0.01 0.03 0.00 0.00 0.02 0.02 0.01 0.03
0.01 0.02 0.00 0.00 0.02 0.02 0.02 0.04
0.00 0.01 0.00 0.00 0.01 0.01 0.01 0.03
0.00 0.01 0.00 0.00 0.01 0.01 0.01 0.03
0.01 0.02 0.00 0.00 0.01 0.01 0.02 0.02
0.00 0.00 0.00 0.00 0.00 0.00 0.01 0.01
0.00 0.02 0.00 0.00 0.00 0.01 0.00 0.01
0.00 0.01 0.00 0.00 0.00 0.00 0.00 0.01
0.00 0.01 0.00 0.00 0.00 0.00 0.00 0.01
0.00 0.02 0.00 0.00 0.00 0.01 0.00 0.01
0.00 0.01 0.00 0.00 0.00 0.00 0.01 0.01
0.00 0.01 0.00 0.00 0.00 0.00 0.00 0.00
0.00 0.01 0.00 0.00 0.00 0.00 0.00 0.01
0.00 0.01 0.00 0.00 0.00 0.00 0.00 0.01
0.00 0.02 0.00 0.00 0.01 0.01 0.00 0.02
0.02 0.07 0.01 0.00 0.03 0.04 0.05 0.02
0.00 0.01 0.00 0.00 0.01 0.01 0.00 0.01
0.00 0.02 0.00 0.00 0.01 0.01 0.01 0.01
0.00 0.01 0.00 0.00 0.01 0.01 0.01 0.01
0.00 0.02 0.00 0.00 0.01 0.02 0.02 0.01
0.00 0.00 0.00 0.00 0.00 0.00 0.00 0.00
0.00 0.01 0.00 0.00 0.01 0.01 0.01 0.01
0.00 0.02 0.00 0.00 0.01 0.01 0.00 0.01
0.00 0.02 0.00 0.00 0.01 0.01 0.00 0.01
0.01 0.03 0.00 0.00 0.01 0.02 0.01 0.02
0.00 0.02 0.00 0.00 0.01 0.01 0.01 0.02
0.00 0.02 0.00 0.00 0.01 0.01 0.01 0.01
0.01 0.02 0.00 0.00 0.01 0.02 0.01 0.01
0.00 0.02 0.00 0.00 0.01 0.01 0.01 0.01
0.01 0.02 0.00 0.00 0.01 0.02 0.01 0.01
0.01 0.02 0.00 0.00 0.01 0.02 0.01 0.01
0.00 0.02 0.00 0.00 0.01 0.01 0.00 0.01
0.00 0.01 0.00 0.00 0.00 0.01 0.01 0.00
0.00 0.02 0.00 0.00 0.01 0.01 0.01 0.01
0.00 0.01 0.00 0.00 0.00 0.00 0.00 0.01
0.00 0.01 0.00 0.00 0.01 0.01 0.01 0.02
0.00 0.01 0.00 0.00 0.00 0.00 0.01 0.00
0.00 0.01 0.00 0.00 0.01 0.00 0.01 0.02
0.00 0.00 0.00 0.00 0.00 0.00 0.01 0.01
0.00 0.01 0.00 0.00 0.00 0.00 0.01 0.01
0.00 0.00 0.00 0.00 0.00 0.00 0.01 0.01
0.00 0.00 0.00 0.00 0.00 0.00 0.01 0.01
0.00 0.02 0.00 0.00 0.01 0.01 0.01 0.02
0.01 0.02 0.00 0.00 0.01 0.01 0.01 0.01
0.00 0.02 0.00 0.00 0.01 0.01 0.01 0.01
0.01 0.03 0.00 0.00 0.01 0.02 0.01 0.01
0.00 0.02 0.00 0.00 0.01 0.01 0.01 0.02
0.00 0.01 0.00 0.00 0.01 0.01 0.02 0.01
0.00 0.00 0.00 0.00 0.00 0.00 0.01 0.01
0.00 0.01 0.00 0.00 0.01 0.01 0.01 0.01
0.01 0.06 0.00 0.00 0.03 0.04 0.02 0.04
0.01 0.05 0.00 0.00 0.02 0.03 0.02 0.01
0.01 0.07 0.00 0.00 0.03 0.05 0.02 0.02
0.01 0.07 0.00 0.00 0.03 0.04 0.02 0.02
0.02 0.07 0.01 0.00 0.04 0.05 0.04 0.05
0.01 0.05 0.00 0.00 0.03 0.04 0.03 0.03
0.01 0.05 0.00 0.00 0.03 0.04 0.02 0.01
0.01 0.04 0.00 0.00 0.03 0.04 0.02 0.02
0.01 0.04 0.00 0.00 0.02 0.03 0.02 0.01
0.01 0.05 0.00 0.00 0.03 0.04 0.02 0.01
0.01 0.04 0.00 0.00 0.03 0.03 0.03 0.04
0.01 0.03 0.00 0.00 0.02 0.02 0.03 0.04
0.02 0.05 0.01 0.00 0.04 0.04 0.06 0.05
0.00 0.02 0.00 0.00 0.01 0.01 0.01 0.02
0.00 0.02 0.00 0.00 0.01 0.02 0.01 0.01
0.00 0.01 0.00 0.00 0.01 0.01 0.01 0.01
0.00 0.02 0.00 0.00 0.01 0.01 0.00 0.01
0.00 0.02 0.00 0.00 0.01 0.02 0.01 0.03
0.00 0.01 0.00 0.00 0.01 0.01 0.00 0.04
0.00 0.01 0.00 0.00 0.01 0.01 0.01 0.04
0.00 0.01 0.00 0.00 0.00 0.01 0.01 0.02
0.00 0.00 0.00 0.00 0.00 0.00 0.01 0.04
0.00 0.00 0.00 0.00 0.00 0.00 0.01 0.01
0.00 0.01 0.00 0.00 0.00 0.00 0.01 0.03
0.00 0.00 0.00 0.00 0.00 0.00 0.00 0.03
0.00 0.00 0.00 0.00 0.00 0.00 0.01 0.02
0.00 0.00 0.00 0.00 0.00 0.00 0.00 0.02
0.00 0.01 0.00 0.00 0.00 0.01 0.00 0.02
0.00 0.00 0.00 0.00 0.00 0.00 0.00 0.01
0.00 0.01 0.00 0.00 0.01 0.01 0.01 0.01
0.00 0.00 0.00 0.00 0.00 0.00 0.00 0.01
0.00 0.00 0.00 0.00 0.00 0.00 0.00 0.01
0.00 0.00 0.00 0.00 0.00 0.00 0.01 0.01
0.00 0.00 0.00 0.00 0.00 0.00 0.01 0.01
0.00 0.00 0.00 0.00 0.00 0.00 0.00 0.02
0.00 0.00 0.00 0.00 0.00 0.00 0.00 0.01
0.00 0.00 0.00 0.00 0.00 0.00 0.00 0.02
0.00 0.00 0.00 0.00 0.00 0.00 0.00 0.01
0.00 0.01 0.00 0.00 0.01 0.01 0.01 0.02
0.00 0.00 0.00 0.00 0.01 0.01 0.01 0.01
0.00 0.00 0.00 0.00 0.00 0.01 0.00 0.01
0.00 0.00 0.00 0.00 0.00 0.00 0.01 0.00
0.00 0.00 0.00 0.00 0.00 0.00 0.01 0.01
0.00 0.00 0.00 0.00 0.00 0.00 0.01 0.02
0.00 0.00 0.00 0.00 0.01 0.01 0.01 0.02
0.00 0.01 0.00 0.00 0.02 0.02 0.02 0.05
0.00 0.02 0.00 0.00 0.02 0.02 0.02 0.02
0.00 0.01 0.00 0.00 0.01 0.01 0.01 0.01
0.00 0.00 0.00 0.00 0.00 0.00 0.01 0.01
0.00 0.00 0.00 0.00 0.00 0.00 0.00 0.01
0.02 0.04 0.00 0.02 0.03 0.02 0.02 0.10
0.01 0.02 0.00 0.01 0.01 0.01 0.01 0.03
0.00 0.01 0.00 0.00 0.00 0.00 0.01 0.01
0.00 0.00 0.00 0.00 0.00 0.00 0.00 0.01
0.00 0.00 0.00 0.00 0.00 0.00 0.00 0.01
0.00 0.00 0.00 0.00 0.00 0.00 0.00 0.00
0.00 0.00 0.00 0.00 0.00 0.00 0.00 0.00
0.00 0.00 0.00 0.00 0.00 0.00 0.00 0.00
0.00 0.00 0.00 0.00 0.00 0.00 0.01 0.00
0.00 0.00 0.00 0.00 0.00 0.00 0.01 0.00
0.00 0.00 0.00 0.00 0.00 0.01 0.01 0.00
0.01 0.02 0.00 0.00 0.02 0.03 0.02 0.01
0.01 0.07 0.00 0.00 0.05 0.08 0.02 0.02
0.03 0.12 0.01 0.00 0.09 0.14 0.05 0.02
0.01 0.05 0.00 0.00 0.06 0.10 0.04 0.03
0.02 0.09 0.00 0.00 0.09 0.16 0.03 0.04
0.01 0.03 0.00 0.00 0.03 0.06 0.02 0.02
0.01 0.04 0.00 0.00 0.03 0.07 0.01 0.01
0.01 0.04 0.00 0.00 0.02 0.04 0.01 0.01
0.01 0.02 0.00 0.00 0.02 0.02 0.01 0.02
0.01 0.03 0.00 0.01 0.02 0.02 0.02 0.03
0.01 0.04 0.01 0.01 0.03 0.03 0.03 0.05
0.00 0.02 0.00 0.00 0.01 0.01 0.01 0.02
0.00 0.02 0.00 0.00 0.01 0.01 0.01 0.01
0.00 0.03 0.00 0.00 0.01 0.02 0.01 0.00
0.01 0.04 0.00 0.00 0.01 0.02 0.01 0.00
0.00 0.02 0.00 0.00 0.00 0.01 0.00 0.01
0.00 0.01 0.00 0.00 0.00 0.01 0.00 0.01
0.00 0.02 0.00 0.00 0.01 0.01 0.00 0.01
0.00 0.02 0.00 0.00 0.01 0.01 0.00 0.01
0.00 0.01 0.00 0.00 0.00 0.01 0.01 0.01
0.00 0.01 0.00 0.00 0.01 0.01 0.01 0.00
0.00 0.01 0.00 0.00 0.01 0.01 0.01 0.00
0.00 0.01 0.00 0.00 0.01 0.01 0.01 0.01
0.00 0.01 0.00 0.00 0.01 0.01 0.00 0.01
0.00 0.01 0.00 0.00 0.01 0.01 0.01 0.01
0.00 0.02 0.00 0.00 0.01 0.02 0.00 0.01
0.01 0.04 0.00 0.00 0.02 0.04 0.01 0.02
0.00 0.01 0.00 0.00 0.01 0.01 0.01 0.00
0.04 0.20 0.01 0.01 0.10 0.15 0.05 0.07
0.01 0.04 0.00 0.00 0.02 0.03 0.01 0.01
0.02 0.08 0.01 0.01 0.05 0.06 0.04 0.06
0.01 0.05 0.00 0.00 0.04 0.04 0.03 0.03
0.03 0.10 0.01 0.01 0.07 0.07 0.05 0.09
0.02 0.05 0.01 0.01 0.05 0.04 0.05 0.09
0.00 0.00 0.00 0.00 0.00 0.00 0.00 0.02
0.00 0.00 0.00 0.00 0.00 0.00 0.01 0.02
0.00 0.01 0.00 0.00 0.00 0.01 0.00 0.01
0.00 0.01 0.00 0.00 0.00 0.00 0.01 0.00
0.00 0.00 0.00 0.00 0.00 0.00 0.00 0.02
0.00 0.01 0.00 0.00 0.01 0.01 0.01 0.03
0.00 0.00 0.00 0.00 0.00 0.00 0.01 0.01
0.00 0.00 0.00 0.00 0.00 0.00 0.00 0.01
0.00 0.01 0.00 0.00 0.00 0.00 0.01 0.00
0.00 0.01 0.00 0.00 0.00 0.00 0.01 0.00
0.00 0.01 0.00 0.00 0.00 0.00 0.00 0.00
0.00 0.01 0.00 0.00 0.00 0.00 0.00 0.01
0.00 0.01 0.00 0.00 0.00 0.00 0.00 0.00
0.00 0.00 0.00 0.00 0.00 0.00 0.00 0.00
0.00 0.01 0.00 0.00 0.00 0.00 0.01 0.00
0.00 0.00 0.00 0.00 0.00 0.00 0.00 0.00
0.00 0.01 0.00 0.00 0.00 0.00 0.00 0.01
0.00 0.00 0.00 0.00 0.00 0.00 0.00 0.00
0.00 0.01 0.00 0.00 0.00 0.00 0.00 0.01
0.00 0.01 0.00 0.00 0.00 0.00 0.01 0.01
0.00 0.00 0.00 0.00 0.00 0.00 0.00 0.01
0.00 0.00 0.00 0.00 0.00 0.00 0.00 0.01
0.00 0.00 0.00 0.00 0.00 0.00 0.01 0.03
0.00 0.00 0.00 0.00 0.00 0.00 0.00 0.04
0.00 0.00 0.00 0.00 0.00 0.00 0.00 0.03
0.00 0.01 0.00 0.00 0.00 0.00 0.00 0.01
0.00 0.01 0.00 0.00 0.00 0.00 0.01 0.02
0.00 0.01 0.00 0.00 0.01 0.01 0.01 0.02
0.00 0.01 0.00 0.00 0.01 0.01 0.01 0.03
0.00 0.01 0.00 0.00 0.00 0.01 0.01 0.03
0.00 0.01 0.00 0.00 0.01 0.01 0.01 0.03
0.00 0.01 0.00 0.00 0.01 0.01 0.01 0.02
0.00 0.01 0.00 0.00 0.01 0.01 0.01 0.04
0.00 0.01 0.00 0.00 0.01 0.01 0.01 0.03
0.00 0.00 0.00 0.00 0.00 0.00 0.01 0.03
0.00 0.00 0.00 0.00 0.00 0.00 0.00 0.02
0.00 0.00 0.00 0.00 0.01 0.01 0.01 0.05
0.00 0.00 0.00 0.00 0.00 0.00 0.01 0.03
0.00 0.02 0.00 0.00 0.02 0.02 0.01 0.03
0.00 0.01 0.00 0.00 0.01 0.01 0.02 0.02
0.00 0.00 0.00 0.00 0.00 0.00 0.01 0.02
0.00 0.01 0.00 0.00 0.00 0.01 0.01 0.02
0.00 0.00 0.00 0.00 0.00 0.00 0.01 0.04
0.00 0.01 0.00 0.00 0.01 0.01 0.01 0.05
0.00 0.01 0.00 0.00 0.00 0.00 0.00 0.03
0.00 0.01 0.00 0.00 0.00 0.00 0.00 0.01
0.00 0.01 0.00 0.00 0.00 0.01 0.00 0.02
0.00 0.00 0.00 0.00 0.00 0.00 0.00 0.02
0.00 0.01 0.00 0.00 0.01 0.01 0.01 0.01
0.00 0.01 0.00 0.00 0.00 0.01 0.01 0.01
0.00 0.00 0.00 0.00 0.00 0.01 0.00 0.01
0.00 0.00 0.00 0.00 0.00 0.00 0.00 0.02
0.00 0.00 0.00 0.00 0.00 0.01 0.01 0.01
0.00 0.00 0.00 0.00 0.00 0.00 0.00 0.02
0.00 0.00 0.00 0.00 0.00 0.00 0.00 0.01
0.00 0.00 0.00 0.00 0.00 0.00 0.00 0.01
0.00 0.01 0.00 0.00 0.01 0.01 0.01 0.01
0.03 0.12 0.01 0.01 0.10 0.11 0.07 0.13
0.01 0.05 0.01 0.00 0.05 0.04 0.06 0.08
0.01 0.04 0.00 0.00 0.03 0.03 0.03 0.04
0.00 0.02 0.00 0.00 0.01 0.01 0.01 0.01
0.00 0.01 0.00 0.00 0.01 0.01 0.01 0.01
0.00 0.01 0.00 0.00 0.01 0.01 0.00 0.00
0.00 0.01 0.00 0.00 0.01 0.01 0.01 0.01
0.01 0.04 0.01 0.00 0.03 0.03 0.03 0.03
0.02 0.07 0.01 0.01 0.05 0.05 0.04 0.06
0.01 0.03 0.00 0.01 0.03 0.02 0.03 0.11
0.00 0.00 0.00 0.00 0.00 0.00 0.00 0.02
0.00 0.00 0.00 0.00 0.00 0.00 0.00 0.01
0.00 0.00 0.00 0.00 0.00 0.00 0.00 0.00
0.00 0.00 0.00 0.00 0.00 0.00 0.01 0.01
0.00 0.01 0.00 0.00 0.00 0.00 0.00 0.01
0.00 0.01 0.00 0.00 0.01 0.01 0.00 0.01
0.00 0.01 0.00 0.00 0.01 0.01 0.00 0.01
0.00 0.01 0.00 0.00 0.00 0.01 0.01 0.01
0.00 0.01 0.00 0.00 0.00 0.01 0.00 0.00
0.00 0.01 0.00 0.00 0.01 0.01 0.01 0.01
0.00 0.01 0.00 0.00 0.00 0.01 0.00 0.00
0.00 0.01 0.00 0.00 0.00 0.01 0.00 0.00
0.00 0.02 0.00 0.00 0.01 0.01 0.01 0.00
0.00 0.01 0.00 0.00 0.00 0.01 0.00 0.01
0.00 0.01 0.00 0.00 0.01 0.02 0.01 0.01
0.00 0.01 0.00 0.00 0.01 0.01 0.01 0.00
0.00 0.00 0.00 0.00 0.00 0.01 0.01 0.01
0.00 0.01 0.00 0.00 0.00 0.01 0.01 0.00
0.00 0.00 0.00 0.00 0.00 0.00 0.00 0.00
0.00 0.00 0.00 0.00 0.00 0.00 0.00 0.00
0.00 0.01 0.00 0.00 0.00 0.01 0.00 0.00
0.00 0.02 0.00 0.00 0.01 0.02 0.00 0.00
0.00 0.01 0.00 0.00 0.00 0.01 0.01 0.00
0.00 0.01 0.00 0.00 0.01 0.01 0.01 0.01
0.00 0.01 0.00 0.00 0.00 0.01 0.00 0.00
0.00 0.01 0.00 0.00 0.01 0.01 0.00 0.01
0.00 0.01 0.00 0.00 0.00 0.01 0.00 0.00
0.00 0.01 0.00 0.00 0.00 0.01 0.00 0.00
0.00 0.01 0.00 0.00 0.00 0.01 0.00 0.00
0.00 0.01 0.00 0.00 0.01 0.01 0.01 0.00
0.00 0.01 0.00 0.00 0.00 0.01 0.01 0.00
0.00 0.00 0.00 0.00 0.00 0.00 0.00 0.00
0.00 0.01 0.00 0.00 0.00 0.01 0.00 0.00
0.00 0.01 0.00 0.00 0.00 0.00 0.00 0.00
0.00 0.00 0.00 0.00 0.00 0.00 0.00 0.00
0.00 0.00 0.00 0.00 0.00 0.00 0.00 0.00
0.00 0.00 0.00 0.00 0.00 0.00 0.00 0.00
0.00 0.00 0.00 0.00 0.00 0.00 0.00 0.00
0.00 0.00 0.00 0.00 0.00 0.00 0.00 0.00
0.00 0.01 0.00 0.00 0.00 0.00 0.00 0.00
0.00 0.01 0.00 0.00 0.00 0.00 0.00 0.00
0.00 0.01 0.00 0.00 0.00 0.00 0.00 0.00
0.00 0.00 0.00 0.00 0.00 0.00 0.00 0.00
0.00 0.01 0.00 0.00 0.00 0.00 0.00 0.00
0.00 0.01 0.00 0.00 0.00 0.00 0.00 0.00
0.00 0.00 0.00 0.00 0.00 0.00 0.00 0.00
0.00 0.00 0.00 0.00 0.00 0.00 0.00 0.00
0.00 0.01 0.00 0.00 0.00 0.01 0.00 0.01
0.00 0.01 0.00 0.00 0.00 0.00 0.00 0.01
0.00 0.01 0.00 0.00 0.00 0.00 0.01 0.01
0.00 0.00 0.00 0.00 0.00 0.00 0.00 0.00
0.00 0.01 0.00 0.00 0.00 0.01 0.00 0.00
0.00 0.01 0.00 0.00 0.00 0.01 0.01 0.01
0.00 0.00 0.00 0.00 0.00 0.00 0.01 0.00
0.02 0.08 0.01 0.01 0.06 0.05 0.06 0.10
0.01 0.04 0.00 0.00 0.03 0.03 0.03 0.03
0.00 0.01 0.00 0.00 0.01 0.01 0.01 0.02
0.00 0.00 0.00 0.00 0.00 0.00 0.00 0.01
0.00 0.00 0.00 0.00 0.00 0.00 0.00 0.00
0.00 0.00 0.00 0.00 0.00 0.00 0.00 0.00
0.00 0.00 0.00 0.00 0.00 0.00 0.00 0.01
0.00 0.00 0.00 0.00 0.00 0.00 0.00 0.00
0.00 0.01 0.00 0.00 0.00 0.00 0.00 0.01
0.00 0.00 0.00 0.00 0.00 0.00 0.00 0.01
0.00 0.00 0.00 0.00 0.00 0.00 0.00 0.00
0.00 0.01 0.00 0.00 0.00 0.00 0.00 0.00
0.00 0.00 0.00 0.00 0.00 0.00 0.00 0.00
0.00 0.00 0.00 0.00 0.00 0.00 0.00 0.00
0.01 0.04 0.00 0.00 0.03 0.03 0.03 0.03
0.02 0.07 0.00 0.00 0.05 0.05 0.03 0.06
0.00 0.01 0.00 0.00 0.01 0.01 0.02 0.01
0.00 0.00 0.00 0.00 0.00 0.00 0.01 0.00
0.00 0.00 0.00 0.00 0.00 0.00 0.01 0.01
0.00 0.00 0.00 0.00 0.00 0.00 0.01 0.01
0.00 0.00 0.00 0.00 0.00 0.00 0.01 0.01
0.00 0.01 0.00 0.00 0.00 0.00 0.00 0.01
0.00 0.00 0.00 0.00 0.00 0.00 0.01 0.00
0.00 0.00 0.00 0.00 0.00 0.00 0.00 0.01
0.00 0.00 0.00 0.00 0.00 0.00 0.00 0.01
0.00 0.01 0.00 0.00 0.00 0.00 0.00 0.01
0.00 0.00 0.00 0.00 0.00 0.00 0.00 0.01
0.00 0.00 0.00 0.00 0.00 0.00 0.00 0.01
0.00 0.00 0.00 0.00 0.00 0.00 0.00 0.01
0.00 0.00 0.00 0.00 0.00 0.00 0.00 0.01
0.00 0.00 0.00 0.00 0.00 0.00 0.00 0.01
0.00 0.00 0.00 0.00 0.00 0.00 0.00 0.01
0.00 0.00 0.00 0.00 0.00 0.00 0.00 0.01
0.00 0.00 0.00 0.00 0.00 0.00 0.00 0.01
0.00 0.00 0.00 0.00 0.00 0.00 0.00 0.01
0.00 0.00 0.00 0.00 0.00 0.00 0.00 0.01
0.00 0.00 0.00 0.00 0.00 0.00 0.00 0.01
0.00 0.00 0.00 0.00 0.00 0.00 0.00 0.01
0.00 0.01 0.00 0.00 0.00 0.00 0.01 0.00
0.00 0.01 0.00 0.00 0.00 0.00 0.00 0.00
0.00 0.01 0.00 0.00 0.00 0.00 0.00 0.00
0.00 0.00 0.00 0.00 0.00 0.00 0.00 0.00
0.00 0.00 0.00 0.00 0.00 0.00 0.01 0.00
0.00 0.01 0.00 0.00 0.00 0.00 0.00 0.00
0.00 0.00 0.00 0.00 0.00 0.00 0.01 0.01
0.00 0.00 0.00 0.00 0.00 0.00 0.00 0.00
0.00 0.00 0.00 0.00 0.00 0.00 0.00 0.00
0.00 0.01 0.00 0.00 0.00 0.00 0.00 0.00
0.00 0.00 0.00 0.00 0.00 0.00 0.00 0.01
0.01 0.03 0.00 0.01 0.02 0.02 0.02 0.06
0.01 0.03 0.00 0.00 0.02 0.02 0.02 0.06
0.00 0.01 0.00 0.00 0.00 0.00 0.01 0.01
0.00 0.00 0.00 0.00 0.00 0.00 0.01 0.00
0.00 0.00 0.00 0.00 0.00 0.00 0.00 0.01
