5.99 12.66 3.14 2.17 40.36 37.11 43.17 44.77
6.34 13.68 3.03 2.31 40.11 36.77 43.32 44.50
6.43 14.04 3.05 2.19 40.05 36.66 43.29 44.72
6.44 14.14 3.04 2.15 40.04 36.63 43.30 44.80
6.49 14.09 3.18 2.19 40.01 36.64 43.10 44.73
6.86 15.00 3.21 2.37 39.77 36.37 43.07 44.39
7.01 15.25 3.38 2.40 39.67 36.30 42.85 44.33
7.51 16.47 3.56 2.51 39.37 35.96 42.62 44.14
6.43 13.99 3.14 2.15 40.05 36.67 43.16 44.81
7.17 15.57 3.35 2.60 39.57 36.21 42.88 43.98
7.25 15.82 3.30 2.64 39.53 36.14 42.95 43.91
6.88 15.36 3.03 2.25 39.75 36.27 43.32 44.60
6.74 14.97 3.04 2.20 39.85 36.38 43.30 44.70
7.87 17.56 3.68 2.38 39.17 35.69 42.47 44.37
7.58 17.24 3.18 2.32 39.33 35.77 43.10 44.48
8.00 18.16 3.44 2.39 39.10 35.54 42.77 44.35
7.34 16.60 3.27 2.16 39.47 35.93 42.99 44.79
7.27 16.67 3.19 1.96 39.51 35.91 43.10 45.22
6.43 14.74 2.82 1.72 40.05 36.45 43.63 45.77
6.42 14.79 2.75 1.73 40.05 36.43 43.73 45.76
6.33 14.34 2.86 1.78 40.12 36.57 43.57 45.62
6.00 13.55 2.61 1.85 40.35 36.81 43.97 45.44
6.22 13.78 2.88 1.97 40.20 36.73 43.54 45.17
5.86 12.90 2.85 1.85 40.45 37.02 43.59 45.46
5.01 11.06 2.40 1.58 41.13 37.69 44.33 46.15
4.74 10.56 2.22 1.44 41.37 37.90 44.66 46.54
4.21 9.33 1.95 1.35 41.89 38.43 45.23 46.81
4.06 9.10 1.90 1.18 42.04 38.54 45.34 47.42
3.82 8.47 1.83 1.13 42.31 38.85 45.49 47.58
4.07 8.92 2.05 1.25 42.04 38.63 45.03 47.17
3.56 7.43 2.00 1.25 42.70 39.55 45.13 47.17
3.62 7.42 1.97 1.46 42.66 39.60 45.22 46.53
3.87 7.93 2.12 1.56 42.33 39.25 44.89 46.22
3.89 7.89 2.18 1.58 42.32 39.28 44.78 46.16
3.48 6.96 2.03 1.44 42.80 39.83 45.09 46.55
3.09 6.16 1.80 1.33 43.30 40.35 45.61 46.92
3.40 6.79 2.02 1.41 42.91 39.95 45.14 46.68
3.00 5.93 1.78 1.27 43.43 40.48 45.64 47.11
3.09 6.08 1.89 1.31 43.30 40.39 45.43 46.96
3.48 6.88 2.03 1.54 42.80 39.87 45.11 46.29
3.77 7.58 2.15 1.58 42.43 39.42 44.84 46.16
3.40 6.86 1.92 1.41 42.85 39.83 45.30 46.64
3.37 7.01 1.86 1.24 42.90 39.74 45.45 47.20
3.18 6.81 1.73 1.01 43.17 39.89 45.77 48.10
3.13 6.76 1.73 0.90 43.23 39.92 45.77 48.57
3.10 6.78 1.65 0.87 43.30 39.94 45.98 48.76
3.01 6.57 1.66 0.80 43.43 40.08 45.96 49.13
2.83 6.22 1.57 0.71 43.67 40.29 46.19 49.62
2.89 6.45 1.52 0.69 43.62 40.18 46.33 49.77
2.68 6.07 1.40 0.58 43.98 40.48 46.72 50.54
2.61 5.95 1.42 0.46 44.13 40.60 46.69 51.52
2.73 6.23 1.44 0.51 43.93 40.40 46.60 51.05
3.11 7.15 1.61 0.57 43.35 39.78 46.12 50.59
3.13 7.30 1.60 0.51 43.32 39.71 46.15 51.03
3.21 7.49 1.56 0.57 43.23 39.60 46.24 50.58
2.97 7.00 1.41 0.50 43.55 39.89 46.69 51.13
3.12 7.46 1.39 0.51 43.38 39.67 46.74 51.03
2.92 6.93 1.31 0.51 43.68 40.00 47.02 51.06
2.52 5.89 1.18 0.50 44.31 40.70 47.47 51.14
2.54 5.80 1.28 0.54 44.28 40.76 47.15 50.81
2.00 4.24 1.24 0.51 45.15 41.87 47.23 51.03
1.86 3.88 1.22 0.50 45.43 42.26 47.26 51.17
1.56 3.21 1.05 0.44 46.19 43.08 47.93 51.71
1.48 3.17 0.95 0.32 46.43 43.13 48.35 53.06
1.37 2.89 0.91 0.33 46.74 43.53 48.52 53.00
1.46 3.12 0.92 0.34 46.48 43.19 48.48 52.81
1.65 3.47 1.03 0.46 45.95 42.73 48.00 51.54
1.63 3.42 1.04 0.45 46.00 42.80 47.97 51.61
1.48 3.03 0.98 0.43 46.43 43.32 48.22 51.81
1.44 3.02 0.94 0.35 46.56 43.33 48.41 52.72
1.43 3.00 0.94 0.34 46.58 43.35 48.39 52.86
1.39 2.92 0.92 0.32 46.70 43.47 48.47 53.02
1.57 3.21 1.05 0.46 46.17 43.06 47.94 51.50
1.49 3.07 0.98 0.43 46.38 43.26 48.20 51.76
1.57 3.25 1.00 0.44 46.19 43.01 48.11 51.71
1.91 3.87 1.27 0.58 45.33 42.26 47.07 50.51
2.19 4.25 1.51 0.79 44.74 41.84 46.34 49.16
2.44 4.52 1.72 1.08 44.26 41.58 45.78 47.81
2.58 4.69 1.70 1.35 44.01 41.42 45.82 46.83
2.91 5.18 1.90 1.65 43.49 40.99 45.35 45.97
3.12 5.47 2.14 1.76 43.19 40.75 44.84 45.67
3.02 5.28 2.01 1.77 43.32 40.90 45.09 45.64
2.89 4.93 2.02 1.74 43.52 41.21 45.08 45.73
2.69 4.52 1.80 1.75 43.83 41.58 45.58 45.69
2.82 4.67 1.97 1.82 43.63 41.44 45.18 45.52
2.61 4.25 1.80 1.77 43.97 41.85 45.56 45.66
2.67 4.35 1.85 1.81 43.87 41.75 45.45 45.56
2.41 3.87 1.75 1.60 44.31 42.25 45.70 46.08
2.21 3.57 1.53 1.52 44.69 42.60 46.29 46.31
2.13 3.45 1.46 1.48 44.85 42.76 46.48 46.44
2.28 3.81 1.47 1.57 44.55 42.32 46.47 46.16
2.44 4.02 1.66 1.64 44.25 42.09 45.93 45.98
2.35 3.75 1.61 1.67 44.43 42.39 46.05 45.92
2.20 3.59 1.47 1.53 44.71 42.58 46.44 46.29
1.92 3.10 1.23 1.44 45.29 43.22 47.23 46.55
1.90 3.06 1.20 1.44 45.34 43.28 47.33 46.55
1.95 3.14 1.27 1.46 45.22 43.17 47.11 46.49
2.28 3.74 1.59 1.51 44.56 42.40 46.12 46.35
2.44 4.18 1.65 1.50 44.26 41.92 45.97 46.39
2.64 4.59 1.79 1.54 43.92 41.51 45.61 46.27
2.90 4.96 1.99 1.74 43.51 41.18 45.14 45.73
3.08 5.25 2.07 1.92 43.25 40.93 44.98 45.29
3.02 5.31 2.02 1.74 43.34 40.89 45.09 45.75
3.13 5.50 2.11 1.80 43.17 40.73 44.90 45.59
3.01 5.38 2.05 1.60 43.35 40.82 45.03 46.09
3.18 5.74 2.21 1.59 43.12 40.56 44.69 46.13
3.22 5.82 2.19 1.66 43.06 40.49 44.73 45.96
3.21 5.79 2.20 1.64 43.07 40.51 44.71 45.99
2.84 5.19 1.91 1.42 43.60 40.98 45.33 46.62
2.56 4.81 1.71 1.14 44.05 41.31 45.79 47.55
2.41 4.43 1.62 1.17 44.31 41.67 46.02 47.44
2.40 4.47 1.55 1.18 44.33 41.63 46.23 47.41
2.09 3.82 1.44 1.01 44.92 42.31 46.53 48.07
2.13 3.86 1.45 1.09 44.84 42.27 46.53 47.74
2.23 4.14 1.48 1.07 44.65 41.97 46.42 47.84
2.48 4.53 1.64 1.28 44.18 41.57 45.97 47.04
2.43 4.53 1.53 1.21 44.29 41.57 46.28 47.30
2.57 4.77 1.61 1.33 44.03 41.34 46.06 46.91
2.69 5.08 1.61 1.39 43.83 41.07 46.08 46.70
2.69 4.96 1.66 1.44 43.84 41.17 45.94 46.54
2.52 4.63 1.55 1.37 44.12 41.47 46.22 46.76
2.67 4.87 1.62 1.52 43.87 41.26 46.03 46.32
2.68 4.98 1.54 1.53 43.85 41.16 46.27 46.29
3.01 5.64 1.73 1.65 43.35 40.62 45.75 45.96
2.95 5.48 1.70 1.65 43.44 40.74 45.83 45.94
2.96 5.43 1.72 1.72 43.42 40.78 45.77 45.78
2.93 5.49 1.74 1.55 43.47 40.73 45.73 46.22
2.70 5.12 1.61 1.38 43.82 41.04 46.08 46.75
2.42 4.79 1.37 1.09 44.30 41.32 46.78 47.74
2.35 4.81 1.29 0.95 44.42 41.31 47.01 48.37
2.30 4.78 1.24 0.89 44.51 41.34 47.19 48.64
2.38 5.03 1.29 0.81 44.37 41.12 47.02 49.03
2.62 5.56 1.42 0.89 43.94 40.68 46.62 48.62
3.04 6.37 1.61 1.15 43.30 40.09 46.07 47.52
3.17 6.61 1.65 1.25 43.12 39.93 45.95 47.17
3.35 7.01 1.74 1.30 42.88 39.67 45.72 47.00
3.51 7.40 1.86 1.29 42.67 39.44 45.44 47.05
3.48 7.30 1.91 1.23 42.71 39.50 45.31 47.22
3.47 7.41 1.85 1.15 42.73 39.44 45.45 47.53
3.84 8.36 2.02 1.14 42.29 38.91 45.08 47.55
3.83 8.34 2.04 1.10 42.30 38.92 45.04 47.70
3.70 8.07 1.95 1.06 42.46 39.06 45.23 47.87
3.65 8.02 1.87 1.08 42.50 39.09 45.41 47.81
3.10 6.79 1.51 1.00 43.22 39.82 46.33 48.14
2.95 6.49 1.50 0.87 43.43 40.01 46.37 48.74
2.60 5.83 1.26 0.70 43.98 40.47 47.14 49.65
2.31 5.19 1.17 0.56 44.50 40.98 47.43 50.63
2.22 5.01 1.13 0.52 44.66 41.13 47.61 50.97
2.21 4.95 1.18 0.50 44.68 41.18 47.42 51.13
2.25 5.07 1.20 0.49 44.60 41.08 47.35 51.25
2.34 5.23 1.29 0.49 44.45 40.95 47.02 51.22
2.40 5.42 1.29 0.50 44.33 40.80 47.01 51.19
2.18 4.83 1.23 0.47 44.75 41.30 47.24 51.39
1.99 4.44 1.13 0.39 45.15 41.66 47.58 52.23
2.02 4.54 1.12 0.39 45.09 41.57 47.65 52.23
2.11 4.80 1.16 0.39 44.88 41.32 47.49 52.26
2.11 4.69 1.18 0.46 44.90 41.43 47.41 51.53
2.14 4.72 1.18 0.51 44.84 41.39 47.41 51.07
2.08 4.63 1.15 0.47 44.95 41.48 47.52 51.40
2.00 4.42 1.10 0.47 45.14 41.68 47.72 51.43
1.90 4.25 1.04 0.41 45.34 41.85 47.96 51.98
1.75 3.89 0.99 0.37 45.70 42.24 48.18 52.44
1.87 4.10 1.12 0.39 45.41 42.00 47.65 52.26
1.95 4.30 1.18 0.37 45.23 41.79 47.40 52.46
2.31 5.06 1.40 0.47 44.50 41.09 46.69 51.36
2.46 5.38 1.47 0.53 44.22 40.82 46.46 50.88
2.41 5.33 1.41 0.50 44.31 40.87 46.64 51.15
2.30 5.14 1.27 0.48 44.52 41.02 47.09 51.32
2.35 5.34 1.26 0.45 44.42 40.86 47.14 51.59
2.24 5.07 1.22 0.43 44.63 41.09 47.25 51.85
2.12 4.71 1.21 0.46 44.86 41.40 47.32 51.49
2.18 4.71 1.29 0.53 44.76 41.40 47.04 50.95
2.32 4.95 1.39 0.61 44.48 41.19 46.72 50.25
2.25 4.77 1.37 0.61 44.61 41.35 46.76 50.30
2.07 4.35 1.30 0.57 44.97 41.75 46.99 50.59
2.03 4.29 1.26 0.52 45.06 41.80 47.12 50.96
1.86 3.91 1.19 0.46 45.45 42.21 47.37 51.46
1.80 3.82 1.13 0.46 45.58 42.32 47.60 51.52
1.89 3.92 1.17 0.57 45.38 42.21 47.45 50.58
1.99 4.09 1.21 0.68 45.13 42.01 47.30 49.79
1.89 3.82 1.17 0.69 45.36 42.31 47.45 49.72
2.06 4.09 1.30 0.81 44.99 42.02 47.01 49.07
2.16 4.25 1.35 0.89 44.78 41.85 46.83 48.64
2.36 4.63 1.48 0.98 44.40 41.48 46.44 48.23
2.41 4.60 1.57 1.06 44.31 41.51 46.18 47.86
2.58 4.81 1.69 1.24 44.02 41.31 45.84 47.22
2.71 5.00 1.76 1.37 43.80 41.14 45.67 46.77
2.61 4.77 1.73 1.34 43.96 41.35 45.76 46.86
2.81 5.14 1.84 1.46 43.64 41.02 45.47 46.50
2.77 5.06 1.84 1.42 43.70 41.09 45.49 46.59
2.58 4.73 1.68 1.33 44.02 41.39 45.89 46.90
2.48 4.64 1.59 1.22 44.18 41.47 46.11 47.27
2.42 4.52 1.58 1.17 44.29 41.58 46.14 47.45
2.36 4.40 1.61 1.08 44.40 41.69 46.06 47.81
2.38 4.40 1.62 1.10 44.37 41.70 46.02 47.72
2.52 4.63 1.79 1.14 44.12 41.48 45.60 47.59
2.48 4.54 1.69 1.21 44.18 41.56 45.84 47.30
2.47 4.41 1.67 1.31 44.21 41.68 45.90 46.96
2.31 4.09 1.58 1.26 44.49 42.02 46.14 47.12
2.31 4.16 1.58 1.19 44.49 41.94 46.14 47.36
2.39 4.37 1.58 1.23 44.34 41.73 46.15 47.22
2.44 4.37 1.63 1.32 44.26 41.73 46.02 46.92
2.45 4.31 1.66 1.37 44.25 41.79 45.92 46.76
2.39 4.17 1.61 1.39 44.35 41.93 46.07 46.70
2.50 4.26 1.68 1.57 44.15 41.84 45.87 46.19
2.39 4.04 1.66 1.46 44.35 42.07 45.92 46.48
2.11 3.52 1.43 1.39 44.89 42.67 46.59 46.71
1.85 2.99 1.26 1.30 45.46 43.38 47.13 46.99
2.13 3.34 1.65 1.40 44.85 42.89 45.97 46.69
2.47 3.94 1.94 1.53 44.21 42.18 45.25 46.28
2.47 3.95 1.89 1.57 44.21 42.17 45.38 46.18
2.63 4.25 2.02 1.62 43.94 41.85 45.08 46.04
2.65 4.30 1.98 1.68 43.89 41.80 45.16 45.88
2.56 4.17 1.83 1.68 44.05 41.93 45.51 45.88
2.83 4.69 2.10 1.68 43.62 41.42 44.90 45.88
2.82 4.61 2.08 1.76 43.63 41.50 44.94 45.67
2.92 4.79 2.20 1.78 43.48 41.33 44.71 45.63
3.20 5.34 2.36 1.91 43.07 40.85 44.41 45.32
3.39 5.56 2.59 2.01 42.84 40.69 44.00 45.10
3.28 5.35 2.49 2.00 42.98 40.85 44.18 45.13
3.05 5.05 2.25 1.84 43.30 41.10 44.61 45.49
3.33 5.56 2.55 1.89 42.90 40.68 44.07 45.36
3.07 5.03 2.35 1.83 43.26 41.12 44.42 45.49
3.73 6.34 2.73 2.11 42.42 40.11 43.78 44.89
3.70 6.07 2.76 2.26 42.45 40.30 43.72 44.59
4.28 7.19 3.20 2.46 41.81 39.57 43.08 44.23
4.08 6.99 2.87 2.38 42.03 39.69 43.56 44.37
4.20 7.07 3.08 2.47 41.89 39.64 43.25 44.21
4.71 8.17 3.31 2.64 41.40 39.01 42.94 43.91
5.30 9.49 3.60 2.80 40.89 38.36 42.56 43.65
5.20 9.09 3.54 2.96 40.97 38.54 42.64 43.42
5.13 8.94 3.42 3.02 41.03 38.62 42.80 43.33
4.94 8.52 3.32 2.98 41.20 38.83 42.92 43.39
4.58 8.05 2.85 2.83 41.52 39.07 43.58 43.61
4.34 7.73 2.70 2.60 41.75 39.25 43.81 43.98
4.32 7.83 2.71 2.42 41.77 39.19 43.80 44.29
3.86 6.87 2.54 2.18 42.26 39.76 44.09 44.74
3.42 6.28 2.14 1.83 42.80 40.15 44.83 45.50
3.24 6.05 2.06 1.63 43.02 40.32 45.00 46.02
2.94 5.47 1.90 1.44 43.45 40.75 45.34 46.54
2.89 5.56 1.85 1.26 43.53 40.69 45.47 47.14
3.08 5.99 1.94 1.30 43.25 40.36 45.25 46.99
2.81 5.43 1.82 1.18 43.64 40.79 45.53 47.40
2.61 5.18 1.68 0.96 43.97 40.99 45.87 48.32
2.47 4.93 1.58 0.90 44.20 41.20 46.15 48.57
2.56 5.16 1.60 0.92 44.05 41.00 46.10 48.52
2.50 4.94 1.57 0.98 44.16 41.19 46.18 48.22
2.52 5.05 1.54 0.97 44.12 41.10 46.27 48.28
2.47 4.93 1.56 0.93 44.20 41.20 46.21 48.47
2.51 5.10 1.53 0.89 44.14 41.06 46.28 48.62
2.49 5.07 1.56 0.84 44.15 41.08 46.19 48.85
2.50 5.04 1.58 0.86 44.17 41.11 46.12 48.81
2.65 5.30 1.66 0.99 43.90 40.89 45.94 48.17
2.82 5.58 1.80 1.06 43.64 40.66 45.57 47.87
2.76 5.57 1.72 1.01 43.71 40.67 45.78 48.10
2.70 5.52 1.60 0.98 43.82 40.71 46.07 48.21
2.56 5.21 1.50 0.97 44.05 40.97 46.38 48.26
2.58 5.14 1.56 1.03 44.02 41.02 46.21 48.00
2.61 5.14 1.59 1.10 43.97 41.02 46.13 47.70
2.57 5.01 1.58 1.13 44.03 41.13 46.15 47.60
2.51 4.88 1.55 1.09 44.14 41.25 46.22 47.74
2.35 4.54 1.45 1.04 44.43 41.56 46.50 47.94
2.19 4.23 1.38 0.98 44.72 41.87 46.75 48.22
2.15 4.15 1.34 0.95 44.82 41.95 46.86 48.36
2.40 4.71 1.48 1.01 44.33 41.40 46.44 48.11
2.35 4.58 1.48 0.99 44.42 41.52 46.43 48.15
2.62 5.14 1.58 1.14 43.95 41.02 46.16 47.56
2.67 5.21 1.64 1.16 43.86 40.96 45.99 47.46
2.93 5.73 1.76 1.30 43.47 40.55 45.68 47.01
2.84 5.49 1.73 1.30 43.60 40.74 45.74 47.00
2.66 5.28 1.58 1.13 43.88 40.90 46.14 47.61
2.68 5.37 1.62 1.06 43.85 40.83 46.04 47.89
2.54 5.11 1.54 0.96 44.09 41.04 46.26 48.33
2.21 4.52 1.33 0.78 44.69 41.58 46.89 49.24
2.05 4.21 1.31 0.64 45.01 41.89 46.95 50.08
2.00 4.16 1.20 0.63 45.13 41.94 47.36 50.11
2.03 4.19 1.21 0.68 45.06 41.91 47.29 49.82
2.12 4.43 1.24 0.69 44.87 41.67 47.19 49.75
2.25 4.67 1.34 0.75 44.60 41.44 46.87 49.38
2.23 4.63 1.28 0.79 44.65 41.48 47.07 49.16
2.11 4.34 1.19 0.80 44.89 41.76 47.37 49.08
2.28 4.70 1.30 0.86 44.54 41.41 47.00 48.79
2.39 4.90 1.37 0.91 44.35 41.23 46.77 48.55
2.88 5.88 1.68 1.07 43.54 40.44 45.87 47.85
3.23 6.58 1.86 1.25 43.04 39.95 45.45 47.17
3.44 6.96 2.02 1.34 42.77 39.70 45.08 46.87
3.36 6.87 1.89 1.30 42.87 39.76 45.36 46.98
3.62 7.45 2.06 1.36 42.54 39.42 44.99 46.79
3.95 8.15 2.28 1.42 42.17 39.02 44.56 46.61
4.02 8.35 2.29 1.41 42.09 38.91 44.52 46.65
3.79 7.79 2.20 1.36 42.35 39.21 44.70 46.78
4.01 8.40 2.32 1.32 42.10 38.89 44.47 46.92
3.77 7.91 2.13 1.28 42.36 39.15 44.84 47.05
3.42 7.05 1.99 1.23 42.79 39.65 45.15 47.22
3.31 6.61 1.93 1.38 42.94 39.93 45.27 46.75
3.25 6.40 1.91 1.43 43.02 40.07 45.32 46.59
3.07 5.96 1.91 1.33 43.26 40.38 45.32 46.89
2.98 5.62 1.83 1.48 43.40 40.63 45.50 46.43
2.58 4.72 1.65 1.38 44.01 41.40 45.95 46.74
2.64 4.73 1.67 1.52 43.92 41.38 45.91 46.31
2.21 4.05 1.46 1.11 44.69 42.06 46.48 47.66
2.69 5.09 1.65 1.31 43.84 41.06 45.95 46.95
2.68 5.08 1.66 1.31 43.85 41.07 45.93 46.98
2.62 5.06 1.56 1.23 43.95 41.09 46.21 47.22
2.62 5.05 1.58 1.21 43.96 41.10 46.15 47.30
2.49 4.80 1.50 1.18 44.17 41.32 46.36 47.43
2.64 5.22 1.51 1.20 43.92 40.95 46.35 47.36
2.68 5.27 1.56 1.20 43.85 40.91 46.20 47.33
2.61 5.07 1.58 1.18 43.96 41.08 46.15 47.41
2.99 5.90 1.76 1.33 43.37 40.43 45.69 46.90
2.93 5.80 1.63 1.35 43.46 40.49 46.01 46.82
2.88 5.81 1.64 1.18 43.54 40.49 45.98 47.41
2.80 5.66 1.65 1.10 43.66 40.60 45.96 47.73
2.97 6.02 1.74 1.15 43.40 40.33 45.72 47.53
3.11 6.44 1.78 1.12 43.20 40.04 45.63 47.65
3.31 6.94 1.82 1.18 42.93 39.72 45.54 47.39
3.76 7.73 2.14 1.41 42.38 39.25 44.83 46.65
3.63 7.67 2.02 1.20 42.54 39.28 45.08 47.36
3.23 6.91 1.76 1.01 43.04 39.73 45.67 48.07
2.96 6.30 1.68 0.91 43.41 40.14 45.88 48.53
2.96 6.20 1.61 1.06 43.42 40.20 46.05 47.90
3.04 6.36 1.67 1.11 43.30 40.09 45.92 47.69
3.10 6.30 1.78 1.21 43.22 40.14 45.62 47.29
3.08 6.23 1.81 1.18 43.26 40.18 45.56 47.41
2.92 5.93 1.70 1.14 43.47 40.40 45.82 47.55
2.67 5.35 1.57 1.08 43.87 40.85 46.17 47.80
2.37 4.77 1.39 0.95 44.38 41.34 46.70 48.34
2.23 4.56 1.31 0.81 44.66 41.54 46.97 49.04
2.11 4.31 1.25 0.78 44.88 41.78 47.17 49.19
2.34 4.75 1.38 0.90 44.43 41.37 46.72 48.59
2.48 4.90 1.50 1.03 44.21 41.25 46.37 48.02
2.67 5.21 1.57 1.23 43.89 41.00 46.19 47.22
2.78 5.52 1.59 1.24 43.72 40.75 46.13 47.22
2.86 5.65 1.64 1.27 43.60 40.64 45.99 47.11
2.93 5.60 1.80 1.39 43.48 40.67 45.59 46.71
2.70 5.18 1.69 1.23 43.83 41.01 45.85 47.22
2.82 5.45 1.74 1.28 43.64 40.79 45.73 47.07
2.73 5.10 1.81 1.29 43.77 41.07 45.57 47.02
2.63 4.95 1.74 1.21 43.93 41.20 45.72 47.31
3.00 5.70 1.91 1.40 43.37 40.59 45.33 46.68
2.86 5.47 1.84 1.28 43.58 40.79 45.49 47.05
3.03 5.81 1.87 1.39 43.34 40.50 45.42 46.70
2.52 5.01 1.53 1.01 44.13 41.14 46.29 48.10
2.56 5.24 1.53 0.91 44.05 40.95 46.29 48.54
2.41 5.01 1.42 0.79 44.33 41.14 46.62 49.16
2.38 4.92 1.44 0.78 44.37 41.22 46.54 49.23
2.34 4.89 1.42 0.69 44.46 41.25 46.60 49.76
2.27 4.75 1.36 0.69 44.59 41.39 46.79 49.74
2.16 4.57 1.30 0.61 44.80 41.55 47.01 50.30
1.90 4.10 1.10 0.50 45.35 42.02 47.70 51.09
1.76 3.83 1.04 0.40 45.69 42.31 47.96 52.11
1.76 3.80 1.06 0.42 45.69 42.35 47.89 51.90
2.02 4.37 1.23 0.46 45.09 41.75 47.23 51.51
2.19 4.80 1.27 0.50 44.74 41.34 47.10 51.10
2.12 4.65 1.26 0.46 44.87 41.47 47.13 51.51
2.10 4.63 1.16 0.50 44.93 41.50 47.49 51.17
1.93 4.25 1.10 0.43 45.29 41.87 47.72 51.79
1.90 4.17 1.06 0.46 45.35 41.94 47.86 51.48
1.63 3.53 0.92 0.44 46.02 42.66 48.50 51.69
1.72 3.66 1.04 0.47 45.77 42.50 47.95 51.42
2.00 4.27 1.24 0.50 45.11 41.83 47.19 51.10
1.99 4.20 1.26 0.51 45.14 41.91 47.12 51.04
1.65 3.41 1.07 0.46 45.97 42.82 47.83 51.47
1.46 3.13 0.94 0.32 46.49 43.20 48.41 53.08
1.42 3.06 0.90 0.31 46.61 43.29 48.60 53.19
1.47 3.19 0.91 0.30 46.48 43.12 48.54 53.34
1.76 3.69 1.12 0.46 45.69 42.48 47.63 51.47
1.72 3.64 1.08 0.44 45.79 42.54 47.81 51.68
1.54 3.17 1.01 0.43 46.28 43.14 48.10 51.77
1.61 3.43 1.02 0.39 46.06 42.79 48.04 52.24
1.51 3.20 0.99 0.34 46.34 43.10 48.17 52.74
1.46 3.10 0.94 0.33 46.51 43.23 48.41 52.92
1.55 3.22 1.01 0.43 46.23 43.07 48.09 51.85
1.51 3.17 0.97 0.41 46.34 43.14 48.29 52.01
1.54 3.19 1.01 0.40 46.28 43.11 48.09 52.08
1.87 3.84 1.22 0.54 45.43 42.30 47.28 50.79
2.19 4.24 1.49 0.85 44.76 41.89 46.44 48.88
2.47 4.56 1.67 1.16 44.28 41.60 45.94 47.58
2.80 5.15 1.81 1.45 43.74 41.11 45.61 46.63
3.21 5.78 2.07 1.79 43.17 40.62 45.03 45.78
3.38 5.94 2.26 1.94 42.94 40.49 44.64 45.43
3.29 5.66 2.21 2.01 43.09 40.73 44.77 45.32
3.23 5.48 2.23 1.97 43.17 40.87 44.70 45.41
2.99 4.97 1.98 2.01 43.49 41.29 45.20 45.30
2.89 4.75 2.01 1.90 43.61 41.46 45.13 45.48
2.96 4.91 1.88 2.09 43.51 41.31 45.43 45.09
2.84 4.55 1.88 2.09 43.69 41.65 45.44 45.10
2.80 4.48 1.82 2.09 43.78 41.73 45.58 45.14
2.39 3.79 1.61 1.77 44.43 42.43 46.11 45.76
2.50 4.02 1.66 1.82 44.25 42.19 45.97 45.69
2.29 3.73 1.53 1.60 44.54 42.42 46.27 46.11
2.63 4.31 1.70 1.89 43.93 41.79 45.83 45.36
2.64 4.31 1.75 1.86 43.92 41.79 45.71 45.45
2.44 4.01 1.62 1.69 44.26 42.11 46.05 45.84
2.11 3.35 1.38 1.60 44.89 42.88 46.72 46.09
2.00 3.24 1.31 1.46 45.12 43.03 46.96 46.49
1.95 3.08 1.31 1.47 45.23 43.26 46.97 46.44
2.44 4.01 1.64 1.65 44.27 42.10 45.98 45.96
2.68 4.55 1.81 1.70 43.84 41.56 45.54 45.84
2.76 4.78 1.88 1.62 43.72 41.34 45.38 46.05
2.90 4.99 1.99 1.72 43.51 41.15 45.14 45.78
2.98 5.16 2.02 1.78 43.39 41.01 45.09 45.65
3.18 5.62 2.05 1.86 43.11 40.64 45.01 45.44
3.15 5.51 2.14 1.80 43.15 40.73 44.83 45.59
2.99 5.29 2.10 1.57 43.39 40.91 44.91 46.18
3.34 6.05 2.24 1.72 42.90 40.32 44.63 45.78
3.05 5.54 2.14 1.45 43.30 40.70 44.82 46.52
3.12 5.68 2.15 1.53 43.20 40.60 44.81 46.30
2.69 4.97 1.85 1.25 43.84 41.18 45.46 47.18
2.73 5.21 1.81 1.19 43.77 40.97 45.56 47.38
2.52 4.71 1.69 1.15 44.12 41.40 45.84 47.52
2.60 4.88 1.68 1.24 43.99 41.25 45.88 47.22
2.30 4.24 1.55 1.11 44.52 41.88 46.23 47.68
2.14 3.98 1.42 1.02 44.84 42.14 46.62 48.07
2.37 4.45 1.52 1.15 44.39 41.66 46.30 47.54
2.38 4.42 1.52 1.19 44.39 41.69 46.33 47.39
2.43 4.61 1.50 1.18 44.29 41.51 46.38 47.43
2.57 4.88 1.57 1.25 44.05 41.26 46.19 47.17
2.84 5.40 1.67 1.46 43.60 40.82 45.90 46.49
2.74 5.20 1.60 1.43 43.76 40.98 46.09 46.58
2.51 4.71 1.49 1.32 44.14 41.40 46.39 46.92
2.64 4.98 1.53 1.41 43.91 41.16 46.29 46.65
2.55 4.83 1.45 1.36 44.07 41.29 46.52 46.80
2.71 5.14 1.54 1.45 43.81 41.03 46.26 46.53
2.57 4.79 1.49 1.43 44.03 41.33 46.39 46.59
2.75 5.18 1.59 1.47 43.74 40.99 46.11 46.46
2.80 5.30 1.62 1.47 43.67 40.90 46.03 46.48
2.69 5.21 1.56 1.30 43.84 40.97 46.20 46.99
2.57 5.15 1.43 1.14 44.03 41.02 46.59 47.57
2.48 5.12 1.38 0.96 44.18 41.05 46.73 48.33
2.45 5.11 1.34 0.90 44.25 41.06 46.88 48.59
2.49 5.28 1.36 0.84 44.17 40.91 46.80 48.92
2.64 5.62 1.44 0.86 43.92 40.64 46.55 48.77
3.01 6.39 1.58 1.07 43.34 40.08 46.14 47.85
3.12 6.64 1.61 1.11 43.19 39.91 46.07 47.67
3.42 7.34 1.73 1.18 42.79 39.47 45.75 47.40
3.72 7.86 1.94 1.36 42.42 39.17 45.25 46.80
3.66 7.71 1.97 1.30 42.49 39.26 45.19 46.98
3.75 8.07 1.94 1.25 42.39 39.06 45.26 47.16
3.91 8.50 2.05 1.17 42.21 38.84 45.02 47.43
3.93 8.65 2.06 1.09 42.18 38.76 44.99 47.74
3.95 8.76 2.00 1.09 42.16 38.71 45.11 47.74
3.87 8.55 1.99 1.06 42.26 38.81 45.15 47.88
3.30 7.24 1.65 1.01 42.95 39.54 45.96 48.09
3.11 6.89 1.57 0.88 43.20 39.75 46.17 48.71
2.80 6.30 1.37 0.73 43.66 40.14 46.77 49.50
2.47 5.63 1.22 0.57 44.20 40.62 47.28 50.59
2.31 5.29 1.15 0.49 44.49 40.90 47.52 51.22
2.29 5.24 1.16 0.47 44.54 40.94 47.50 51.44
2.37 5.43 1.23 0.46 44.37 40.78 47.24 51.47
2.47 5.57 1.37 0.47 44.20 40.67 46.75 51.44
2.57 5.90 1.35 0.47 44.02 40.42 46.81 51.39
2.42 5.46 1.34 0.47 44.29 40.76 46.85 51.43
2.23 5.09 1.20 0.42 44.64 41.07 47.36 51.89
2.19 5.02 1.17 0.40 44.71 41.12 47.43 52.15
2.33 5.40 1.20 0.39 44.45 40.81 47.31 52.23
2.27 5.16 1.20 0.44 44.57 41.00 47.35 51.71
2.30 5.17 1.22 0.51 44.51 40.99 47.25 51.08
2.32 5.25 1.23 0.48 44.47 40.93 47.24 51.29
2.23 5.08 1.15 0.46 44.65 41.08 47.52 51.49
2.00 4.44 1.14 0.43 45.11 41.66 47.56 51.75
1.83 4.09 1.04 0.35 45.51 42.02 47.94 52.65
1.84 4.07 1.14 0.32 45.48 42.04 47.59 53.03
2.24 5.00 1.33 0.39 44.63 41.14 46.91 52.19
2.43 5.38 1.48 0.45 44.27 40.82 46.43 51.62
2.67 5.84 1.62 0.55 43.87 40.47 46.04 50.71
2.68 5.94 1.60 0.52 43.84 40.39 46.10 51.02
2.63 5.88 1.52 0.48 43.93 40.43 46.31 51.31
2.76 6.24 1.53 0.52 43.72 40.18 46.29 50.99
2.58 5.84 1.45 0.46 44.01 40.46 46.52 51.51
2.22 4.95 1.26 0.46 44.66 41.19 47.15 51.49
2.34 5.13 1.34 0.55 44.44 41.03 46.87 50.74
2.36 5.14 1.37 0.57 44.40 41.02 46.75 50.56
2.52 5.34 1.55 0.67 44.12 40.85 46.24 49.87
2.36 4.93 1.51 0.63 44.41 41.20 46.34 50.17
2.32 4.91 1.43 0.60 44.48 41.22 46.57 50.32
2.08 4.39 1.29 0.57 44.95 41.70 47.05 50.59
2.01 4.22 1.26 0.55 45.10 41.87 47.13 50.70
2.13 4.50 1.29 0.61 44.85 41.60 47.02 50.32
2.11 4.34 1.28 0.71 44.89 41.76 47.05 49.60
2.25 4.72 1.28 0.76 44.61 41.42 47.06 49.34
2.69 5.71 1.49 0.88 43.84 40.59 46.39 48.70
2.86 5.95 1.62 1.02 43.58 40.41 46.05 48.05
3.01 6.22 1.70 1.13 43.35 40.21 45.84 47.61
3.22 6.49 1.89 1.28 43.06 40.02 45.36 47.08
3.18 6.31 1.86 1.38 43.10 40.14 45.44 46.72
3.17 6.16 1.92 1.43 43.12 40.24 45.31 46.59
3.12 6.08 1.86 1.41 43.20 40.30 45.44 46.63
2.69 5.09 1.66 1.31 43.84 41.07 45.93 46.96
3.14 6.04 1.90 1.49 43.17 40.33 45.35 46.41
2.99 5.69 1.86 1.42 43.39 40.60 45.44 46.62
3.22 6.27 1.92 1.47 43.06 40.17 45.30 46.46
3.01 5.81 1.88 1.35 43.35 40.51 45.38 46.82
2.76 5.27 1.76 1.25 43.73 40.93 45.67 47.16
2.84 5.47 1.80 1.27 43.60 40.77 45.59 47.11
2.77 5.31 1.79 1.21 43.71 40.89 45.60 47.32
2.69 5.03 1.82 1.22 43.84 41.13 45.53 47.26
2.90 5.33 1.86 1.50 43.52 40.88 45.44 46.38
2.87 5.35 1.80 1.46 43.56 40.86 45.59 46.50
2.78 5.19 1.85 1.31 43.70 41.00 45.48 46.95
2.81 5.21 1.82 1.40 43.65 40.97 45.54 46.67
2.91 5.33 1.89 1.50 43.51 40.88 45.37 46.41
2.91 5.23 1.87 1.62 43.51 40.96 45.41 46.06
2.90 5.11 1.90 1.69 43.51 41.05 45.34 45.87
3.01 5.30 2.02 1.70 43.36 40.90 45.08 45.84
3.04 5.26 1.96 1.91 43.31 40.94 45.22 45.32
2.67 4.51 1.77 1.74 43.88 41.61 45.67 45.74
2.31 3.76 1.50 1.65 44.52 42.40 46.37 45.98
2.61 4.17 1.86 1.81 43.97 41.94 45.44 45.58
3.13 5.11 2.26 2.01 43.19 41.06 44.59 45.11
3.25 5.37 2.31 2.08 43.07 40.90 44.53 45.02
3.68 6.12 2.43 2.49 42.58 40.37 44.32 44.39
3.76 6.22 2.51 2.54 42.49 40.29 44.19 44.30
3.95 6.64 2.57 2.66 42.29 40.04 44.10 44.10
3.95 6.67 2.56 2.62 42.26 39.98 44.08 44.17
4.03 6.82 2.54 2.74 42.17 39.88 44.12 43.98
4.31 7.48 2.72 2.75 41.90 39.51 43.83 43.99
4.51 7.77 2.87 2.87 41.72 39.34 43.61 43.83
4.42 7.57 2.98 2.72 41.78 39.43 43.44 44.02
4.57 7.65 3.09 2.98 41.66 39.42 43.32 43.63
4.43 7.48 2.97 2.85 41.79 39.51 43.48 43.80
4.74 8.17 3.25 2.79 41.48 39.10 43.07 43.91
4.64 8.03 3.21 2.68 41.57 39.17 43.14 44.05
5.38 9.57 3.41 3.16 40.92 38.40 42.86 43.36
6.21 10.89 4.01 3.73 40.30 37.85 42.16 42.62
7.13 12.69 4.42 4.28 39.69 37.18 41.72 42.04
7.21 13.32 4.35 3.97 39.62 36.96 41.80 42.25
8.24 15.17 4.99 4.55 39.07 36.42 41.23 41.66
9.58 18.20 5.64 4.89 38.41 35.64 40.68 41.34
10.24 19.59 5.77 5.35 38.11 35.30 40.58 40.96
10.23 19.45 6.00 5.24 38.11 35.32 40.41 41.03
9.90 19.18 5.47 5.03 38.25 35.38 40.79 41.21
9.90 18.86 5.42 5.42 38.25 35.45 40.84 40.93
9.27 18.26 4.80 4.75 38.55 35.61 41.38 41.46
9.18 18.01 4.76 4.77 38.57 35.65 41.39 41.43
8.94 17.91 4.69 4.21 38.69 35.69 41.46 41.97
7.92 15.91 4.22 3.64 39.22 36.21 41.92 42.59
7.10 14.32 3.71 3.29 39.69 36.66 42.49 43.03
7.12 14.68 3.81 2.89 39.67 36.55 42.36 43.55
6.99 14.55 3.71 2.71 39.76 36.59 42.47 43.83
3.77 7.16 2.42 1.71 42.38 39.59 44.29 45.82
3.56 6.88 2.29 1.51 42.63 39.77 44.54 46.34
3.21 6.26 2.06 1.30 43.08 40.18 44.99 46.98
2.96 5.94 1.88 1.08 43.42 40.41 45.40 47.80
2.78 5.65 1.69 0.99 43.70 40.62 45.85 48.20
2.90 5.98 1.74 0.99 43.52 40.39 45.74 48.20
2.85 5.71 1.72 1.13 43.58 40.57 45.78 47.61
3.00 6.15 1.76 1.09 43.37 40.25 45.68 47.74
2.69 5.46 1.62 1.00 43.83 40.77 46.03 48.13
2.76 5.68 1.66 0.95 43.72 40.59 45.92 48.38
2.79 5.60 1.73 1.04 43.72 40.68 45.83 48.02
2.78 5.67 1.65 1.01 43.71 40.61 45.97 48.11
2.70 5.47 1.63 1.00 43.82 40.75 46.02 48.15
2.88 5.85 1.73 1.05 43.55 40.46 45.76 47.92
3.00 6.17 1.79 1.03 43.37 40.23 45.61 48.02
2.87 5.95 1.68 1.00 43.55 40.39 45.87 48.16
2.80 5.79 1.60 1.00 43.66 40.51 46.09 48.12
2.85 5.77 1.67 1.11 43.58 40.52 45.89 47.66
2.90 5.80 1.70 1.19 43.51 40.50 45.81 47.38
2.95 5.79 1.72 1.33 43.45 40.51 45.78 46.91
2.80 5.56 1.61 1.23 43.66 40.68 46.05 47.25
2.72 5.39 1.56 1.19 43.80 40.82 46.19 47.36
2.53 5.05 1.45 1.10 44.10 41.11 46.52 47.73
2.37 4.62 1.45 1.05 44.38 41.49 46.53 47.91
2.68 5.40 1.52 1.13 43.84 40.81 46.31 47.60
2.74 5.59 1.57 1.07 43.75 40.66 46.18 47.84
2.82 5.68 1.66 1.12 43.63 40.59 45.93 47.64
3.04 6.23 1.69 1.21 43.30 40.19 45.86 47.30
3.04 6.18 1.67 1.26 43.31 40.23 45.90 47.11
3.38 6.85 1.84 1.44 42.86 39.79 45.49 46.54
3.05 6.12 1.82 1.21 43.29 40.27 45.53 47.30
3.07 6.19 1.82 1.21 43.26 40.22 45.54 47.32
2.86 5.77 1.71 1.09 43.58 40.54 45.80 47.75
2.56 5.23 1.52 0.92 44.07 40.96 46.32 48.52
2.43 4.97 1.48 0.86 44.27 41.17 46.44 48.79
2.21 4.56 1.34 0.74 44.68 41.54 46.85 49.46
2.10 4.34 1.26 0.71 44.90 41.76 47.12 49.63
2.14 4.39 1.28 0.74 44.83 41.71 47.05 49.42
2.13 4.36 1.26 0.76 44.85 41.74 47.12 49.33
2.28 4.70 1.33 0.82 44.55 41.41 46.91 48.98
2.24 4.58 1.26 0.87 44.63 41.52 47.12 48.73
2.26 4.61 1.25 0.91 44.60 41.49 47.17 48.56
2.38 4.86 1.37 0.91 44.37 41.27 46.78 48.54
2.56 5.27 1.44 0.96 44.06 40.92 46.55 48.30
3.00 6.14 1.69 1.16 43.36 40.25 45.85 47.48
3.35 6.79 1.92 1.35 42.88 39.81 45.30 46.84
3.55 7.26 2.02 1.37 42.63 39.52 45.07 46.77
3.57 7.28 2.02 1.41 42.61 39.51 45.08 46.65
3.94 8.08 2.22 1.53 42.17 39.05 44.67 46.29
4.21 8.71 2.42 1.50 41.89 38.73 44.29 46.36
4.00 8.23 2.28 1.48 42.11 38.98 44.54 46.42
3.93 8.27 2.27 1.24 42.19 38.95 44.57 47.20
3.48 7.34 1.94 1.17 42.71 39.47 45.26 47.46
3.39 7.05 1.93 1.20 42.83 39.65 45.27 47.35
3.32 6.75 1.94 1.29 42.92 39.84 45.26 47.04
3.13 6.16 1.83 1.40 43.18 40.24 45.52 46.68
3.21 6.23 1.97 1.44 43.06 40.18 45.18 46.56
2.94 5.64 1.76 1.42 43.45 40.62 45.67 46.62
2.57 4.73 1.64 1.35 44.03 41.38 46.00 46.82
2.73 4.88 1.75 1.55 43.78 41.25 45.71 46.22
3.03 5.49 1.97 1.64 43.31 40.73 45.19 45.97
3.17 5.90 1.96 1.66 43.12 40.43 45.20 45.92
3.04 5.59 1.97 1.56 43.30 40.66 45.19 46.21
2.71 5.04 1.72 1.37 43.80 41.11 45.77 46.76
2.78 5.25 1.73 1.34 43.70 40.93 45.74 46.88
2.69 5.08 1.69 1.31 43.83 41.08 45.85 46.96
2.57 4.86 1.60 1.25 44.03 41.27 46.10 47.15
2.89 5.53 1.76 1.38 43.53 40.71 45.67 46.74
2.84 5.46 1.75 1.32 43.59 40.76 45.71 46.91
2.89 5.51 1.82 1.35 43.52 40.72 45.53 46.83
2.90 5.70 1.64 1.37 43.50 40.57 45.98 46.75
2.72 5.41 1.57 1.18 43.79 40.80 46.18 47.41
2.81 5.70 1.65 1.08 43.65 40.57 45.96 47.80
2.97 6.03 1.75 1.13 43.40 40.33 45.71 47.58
3.27 6.80 1.87 1.16 42.98 39.80 45.42 47.49
3.49 7.25 1.92 1.30 42.70 39.53 45.29 46.98
3.93 8.05 2.26 1.47 42.19 39.08 44.59 46.47
3.66 7.67 2.09 1.22 42.49 39.28 44.93 47.28
3.26 6.93 1.85 1.02 42.99 39.72 45.46 48.06
3.00 6.36 1.71 0.92 43.37 40.10 45.81 48.51
2.91 6.01 1.67 1.06 43.49 40.34 45.90 47.90
2.95 6.07 1.66 1.11 43.43 40.30 45.92 47.67
3.13 6.40 1.79 1.21 43.18 40.07 45.61 47.32
3.14 6.44 1.81 1.18 43.16 40.05 45.56 47.40
2.99 6.12 1.74 1.10 43.37 40.26 45.72 47.70
2.76 5.59 1.60 1.08 43.73 40.66 46.10 47.80
2.45 4.96 1.42 0.98 44.23 41.18 46.61 48.20
2.26 4.58 1.33 0.88 44.59 41.53 46.88 48.69
2.11 4.31 1.23 0.79 44.89 41.79 47.24 49.14
2.41 4.93 1.42 0.89 44.30 41.20 46.60 48.63
2.73 5.39 1.65 1.15 43.78 40.82 45.97 47.53
2.67 5.14 1.64 1.24 43.86 41.03 45.98 47.19
2.69 5.20 1.63 1.25 43.83 40.97 46.01 47.16
2.79 5.39 1.69 1.29 43.68 40.82 45.87 47.03
2.66 5.10 1.63 1.26 43.88 41.06 46.02 47.13
2.47 4.76 1.48 1.17 44.21 41.36 46.44 47.45
2.33 4.45 1.47 1.06 44.46 41.65 46.46 47.87
2.44 4.65 1.53 1.14 44.26 41.46 46.28 47.55
2.30 4.36 1.47 1.05 44.53 41.74 46.47 47.92
2.55 4.87 1.61 1.18 44.07 41.26 46.08 47.40
2.65 5.08 1.63 1.23 43.90 41.07 46.00 47.23
2.88 5.59 1.74 1.31 43.54 40.66 45.73 46.97
2.56 5.04 1.54 1.09 44.06 41.11 46.27 47.75
2.56 5.22 1.51 0.94 44.06 40.96 46.34 48.39
2.54 5.24 1.53 0.86 44.08 40.94 46.29 48.77
2.57 5.22 1.62 0.86 44.04 40.95 46.03 48.80
2.55 5.23 1.62 0.79 44.07 40.95 46.05 49.15
2.32 4.74 1.48 0.74 44.47 41.37 46.43 49.42
2.19 4.53 1.37 0.67 44.73 41.57 46.76 49.90
1.92 4.02 1.16 0.57 45.30 42.09 47.46 50.53
1.72 3.67 1.06 0.42 45.79 42.48 47.88 51.93
1.80 3.88 1.09 0.44 45.57 42.24 47.76 51.73
1.96 4.18 1.22 0.47 45.21 41.92 47.28 51.37
2.22 4.77 1.34 0.57 44.66 41.35 46.87 50.62
2.10 4.50 1.30 0.50 44.91 41.60 46.98 51.15
2.07 4.46 1.21 0.54 44.97 41.64 47.29 50.82
1.94 4.20 1.16 0.45 45.26 41.89 47.48 51.60
1.90 4.10 1.12 0.49 45.34 42.00 47.65 51.25
1.76 3.74 1.04 0.48 45.69 42.40 47.95 51.29
1.72 3.65 1.02 0.50 45.77 42.51 48.03 51.14
1.96 4.15 1.24 0.51 45.20 41.95 47.21 51.07
1.89 3.93 1.24 0.50 45.36 42.18 47.22 51.10
1.61 3.34 1.03 0.47 46.05 42.90 47.99 51.39
1.42 3.05 0.92 0.30 46.59 43.29 48.48 53.34
1.35 2.85 0.88 0.32 46.82 43.58 48.68 53.06
1.38 2.96 0.88 0.30 46.73 43.41 48.68 53.36
1.62 3.37 1.04 0.46 46.03 42.86 47.96 51.47
1.67 3.50 1.07 0.46 45.89 42.69 47.85 51.49
1.57 3.24 1.00 0.47 46.17 43.02 48.11 51.47
1.56 3.26 1.00 0.43 46.20 43.01 48.12 51.84
1.53 3.20 1.03 0.35 46.29 43.08 48.01 52.66
1.52 3.20 0.99 0.36 46.32 43.09 48.17 52.51
1.53 3.15 1.02 0.43 46.28 43.15 48.05 51.82
1.51 3.04 1.03 0.45 46.35 43.30 48.02 51.60
1.56 3.21 1.00 0.46 46.21 43.07 48.13 51.51
1.81 3.72 1.15 0.54 45.57 42.42 47.52 50.79
2.19 4.25 1.49 0.81 44.74 41.85 46.39 49.04
2.40 4.53 1.61 1.04 44.34 41.57 46.06 47.95
2.59 4.79 1.68 1.30 44.00 41.33 45.89 46.99
2.82 5.09 1.82 1.55 43.63 41.06 45.53 46.24
3.13 5.48 2.10 1.80 43.18 40.75 44.92 45.59
3.03 5.17 2.04 1.88 43.32 41.00 45.04 45.40
3.01 5.18 2.02 1.82 43.35 40.98 45.08 45.53
2.75 4.58 1.88 1.77 43.74 41.52 45.39 45.65
2.70 4.50 1.90 1.68 43.82 41.60 45.33 45.87
2.76 4.58 1.82 1.88 43.72 41.52 45.53 45.40
2.76 4.49 1.86 1.93 43.72 41.61 45.44 45.27
2.65 4.28 1.79 1.88 43.90 41.82 45.61 45.39
2.32 3.71 1.62 1.65 44.47 42.44 46.03 45.96
2.37 3.68 1.63 1.79 44.38 42.47 46.00 45.60
2.29 3.69 1.51 1.67 44.54 42.46 46.33 45.92
2.31 3.68 1.56 1.69 44.49 42.47 46.19 45.86
2.38 3.83 1.62 1.68 44.38 42.31 46.03 45.89
2.41 3.96 1.57 1.69 44.33 42.17 46.17 45.87
1.99 3.15 1.29 1.54 45.15 43.16 47.04 46.27
2.00 3.17 1.30 1.52 45.13 43.13 47.00 46.31
1.79 2.86 1.14 1.36 45.61 43.57 47.56 46.79
1.99 3.27 1.36 1.32 45.15 42.99 46.78 46.91
2.42 4.06 1.65 1.56 44.29 42.05 45.96 46.21
2.55 4.34 1.78 1.52 44.07 41.76 45.63 46.30
2.89 5.00 1.91 1.76 43.53 41.14 45.32 45.68
2.83 4.85 1.93 1.72 43.62 41.28 45.28 45.80
2.80 4.93 1.90 1.56 43.67 41.20 45.35 46.20
2.92 5.17 1.92 1.68 43.47 41.00 45.29 45.87
2.85 5.07 1.97 1.52 43.58 41.08 45.18 46.33
3.15 5.72 2.10 1.63 43.15 40.56 44.91 46.00
2.90 5.25 2.02 1.44 43.50 40.93 45.07 46.57
3.01 5.49 2.04 1.49 43.35 40.74 45.03 46.40
2.64 4.85 1.80 1.27 43.91 41.28 45.58 47.08
2.49 4.75 1.63 1.11 44.16 41.37 46.02 47.69
2.35 4.33 1.60 1.12 44.42 41.77 46.09 47.63
2.40 4.46 1.59 1.16 44.32 41.64 46.13 47.48
2.20 4.07 1.47 1.07 44.71 42.04 46.46 47.85
1.98 3.70 1.30 0.94 45.17 42.45 47.01 48.39
2.22 4.19 1.40 1.07 44.67 41.91 46.68 47.85
2.26 4.21 1.44 1.14 44.58 41.88 46.56 47.55
2.38 4.48 1.45 1.19 44.37 41.62 46.51 47.38
2.35 4.45 1.44 1.16 44.42 41.66 46.54 47.50
2.63 4.93 1.59 1.36 43.94 41.21 46.13 46.79
2.56 4.77 1.59 1.33 44.05 41.36 46.11 46.91
2.75 4.98 1.70 1.57 43.74 41.16 45.83 46.18
2.56 4.67 1.56 1.45 44.06 41.45 46.21 46.54
2.57 4.74 1.49 1.46 44.04 41.37 46.39 46.49
2.64 4.92 1.54 1.45 43.93 41.22 46.27 46.52
2.57 4.74 1.54 1.44 44.03 41.38 46.26 46.56
2.44 4.46 1.49 1.38 44.25 41.64 46.41 46.73
2.55 4.71 1.53 1.41 44.07 41.40 46.28 46.64
2.37 4.50 1.39 1.21 44.39 41.60 46.69 47.32
2.38 4.69 1.35 1.12 44.35 41.42 46.83 47.63
2.26 4.60 1.25 0.93 44.59 41.50 47.15 48.45
2.22 4.61 1.19 0.85 44.68 41.50 47.37 48.85
2.25 4.76 1.23 0.76 44.61 41.35 47.25 49.35
2.42 5.11 1.32 0.83 44.29 41.04 46.93 48.96
2.93 6.17 1.56 1.07 43.46 40.23 46.19 47.84
3.03 6.30 1.62 1.17 43.31 40.14 46.03 47.45
3.26 6.87 1.71 1.21 43.00 39.76 45.81 47.30
3.56 7.51 1.85 1.32 42.62 39.38 45.46 46.94
3.59 7.48 1.95 1.35 42.58 39.39 45.24 46.84
3.80 8.01 2.07 1.31 42.34 39.09 44.98 46.95
3.55 7.65 1.90 1.10 42.63 39.30 45.34 47.72
3.89 8.50 2.04 1.14 42.23 38.83 45.04 47.57
3.78 8.26 2.00 1.10 42.35 38.96 45.12 47.72
3.60 7.82 1.93 1.05 42.57 39.20 45.29 47.90
3.20 6.99 1.59 1.01 43.09 39.69 46.12 48.10
3.18 7.01 1.61 0.92 43.11 39.67 46.06 48.52
2.83 6.28 1.42 0.78 43.62 40.15 46.59 49.23
2.42 5.47 1.20 0.60 44.28 40.75 47.33 50.32
2.15 4.86 1.12 0.47 44.81 41.27 47.65 51.40
2.21 5.02 1.16 0.45 44.69 41.13 47.48 51.58
2.21 5.01 1.19 0.44 44.68 41.14 47.38 51.65
2.25 5.05 1.25 0.45 44.61 41.10 47.17 51.62
2.36 5.36 1.27 0.45 44.40 40.84 47.11 51.57
2.22 5.02 1.19 0.46 44.66 41.13 47.36 51.52
2.00 4.52 1.09 0.38 45.13 41.58 47.77 52.29
1.94 4.44 1.04 0.35 45.24 41.65 47.95 52.68
2.03 4.69 1.06 0.35 45.05 41.43 47.88 52.68
1.96 4.45 1.06 0.38 45.20 41.64 47.89 52.38
2.09 4.70 1.09 0.48 44.94 41.41 47.76 51.36
2.06 4.62 1.10 0.45 45.00 41.49 47.72 51.63
1.99 4.51 1.01 0.44 45.15 41.59 48.09 51.70
1.87 4.15 1.03 0.43 45.41 41.95 48.00 51.77
1.75 3.90 0.98 0.37 45.70 42.22 48.22 52.50
1.79 3.95 1.09 0.33 45.60 42.16 47.76 52.93
2.00 4.38 1.21 0.40 45.13 41.72 47.30 52.15
2.11 4.62 1.27 0.43 44.89 41.49 47.09 51.78
2.38 5.24 1.42 0.49 44.36 40.94 46.60 51.23
2.37 5.23 1.40 0.47 44.39 40.95 46.67 51.37
2.23 4.95 1.29 0.45 44.65 41.19 47.03 51.60
2.29 5.16 1.28 0.45 44.52 41.01 47.04 51.65
2.11 4.77 1.18 0.38 44.90 41.35 47.42 52.39
2.11 4.75 1.17 0.43 44.88 41.37 47.44 51.81
2.06 4.55 1.18 0.46 44.98 41.55 47.42 51.47
2.08 4.48 1.24 0.51 44.96 41.61 47.20 51.11
2.11 4.50 1.28 0.56 44.88 41.60 47.06 50.68
2.08 4.42 1.30 0.54 44.94 41.68 46.98 50.79
2.00 4.26 1.23 0.52 45.12 41.83 47.24 50.97
1.85 3.95 1.14 0.45 45.47 42.17 47.57 51.54
1.95 4.07 1.23 0.54 45.24 42.04 47.23 50.79
2.08 4.37 1.29 0.60 44.94 41.73 47.04 50.36
2.07 4.18 1.31 0.72 44.97 41.92 46.95 49.58
1.98 3.98 1.22 0.73 45.17 42.13 47.26 49.48
2.08 4.14 1.30 0.81 44.95 41.97 46.99 49.05
2.35 4.60 1.46 0.98 44.44 41.52 46.49 48.22
2.48 4.85 1.54 1.05 44.19 41.27 46.26 47.94
2.50 4.82 1.60 1.09 44.16 41.31 46.10 47.78
2.67 5.02 1.72 1.28 43.86 41.13 45.79 47.06
2.85 5.30 1.81 1.44 43.58 40.88 45.55 46.56
2.66 4.85 1.75 1.38 43.89 41.28 45.71 46.74
2.39 4.36 1.54 1.26 44.35 41.73 46.27 47.11
2.67 4.82 1.74 1.43 43.87 41.30 45.72 46.56
2.69 4.97 1.75 1.37 43.83 41.18 45.72 46.76
2.77 5.11 1.78 1.43 43.71 41.05 45.63 46.59
2.71 5.01 1.79 1.32 43.81 41.13 45.60 46.93
2.64 4.90 1.77 1.26 43.91 41.23 45.64 47.14
2.45 4.58 1.65 1.13 44.23 41.52 45.97 47.60
2.38 4.36 1.67 1.10 44.37 41.73 45.90 47.70
2.36 4.27 1.69 1.12 44.40 41.82 45.85 47.63
2.43 4.38 1.65 1.26 44.28 41.72 45.96 47.15
2.42 4.38 1.62 1.25 44.30 41.72 46.03 47.16
2.42 4.34 1.62 1.29 44.30 41.76 46.04 47.02
2.67 4.63 1.94 1.45 43.86 41.48 45.26 46.50
2.53 4.41 1.80 1.38 44.10 41.69 45.57 46.74
2.66 4.51 1.91 1.56 43.89 41.59 45.33 46.20
2.52 4.21 1.78 1.59 44.11 41.89 45.63 46.13
2.56 4.36 1.81 1.51 44.06 41.74 45.56 46.35
2.39 4.02 1.68 1.46 44.35 42.09 45.87 46.49
2.23 3.73 1.52 1.42 44.66 42.41 46.30 46.60
2.11 3.40 1.40 1.55 44.88 42.81 46.68 46.23
2.37 3.71 1.83 1.57 44.38 42.44 45.50 46.17
2.76 4.43 2.05 1.79 43.73 41.67 45.01 45.60
2.74 4.36 2.06 1.81 43.75 41.73 45.00 45.55
2.83 4.61 2.11 1.77 43.62 41.49 44.90 45.65
2.77 4.53 2.01 1.75 43.71 41.57 45.09 45.70
2.75 4.52 1.96 1.76 43.75 41.59 45.21 45.68
2.92 4.88 2.12 1.78 43.47 41.25 44.86 45.64
2.90 4.73 2.13 1.83 43.51 41.39 44.84 45.50
3.03 5.02 2.23 1.85 43.32 41.13 44.65 45.45
3.18 5.36 2.32 1.87 43.11 40.84 44.48 45.42
3.21 5.41 2.39 1.83 43.06 40.80 44.34 45.50
3.24 5.37 2.48 1.88 43.02 40.83 44.19 45.38
3.15 5.36 2.25 1.83 43.15 40.84 44.62 45.51
3.33 5.66 2.54 1.79 42.91 40.60 44.09 45.60
3.05 5.08 2.37 1.69 43.29 41.07 44.39 45.84
3.52 6.12 2.53 1.90 42.67 40.26 44.11 45.34
3.63 6.10 2.63 2.17 42.53 40.28 43.93 44.77
4.04 6.81 2.99 2.32 42.07 39.80 43.38 44.48
3.99 6.90 2.76 2.32 42.12 39.74 43.72 44.48
4.11 6.94 2.95 2.45 41.99 39.72 43.43 44.25
4.87 8.46 3.39 2.75 41.26 38.86 42.83 43.73
5.48 9.61 3.73 3.10 40.74 38.31 42.41 43.21
5.13 9.02 3.46 2.89 41.04 38.58 42.74 43.52
5.30 9.35 3.43 3.13 40.89 38.42 42.77 43.18
4.97 8.69 3.25 2.97 41.16 38.74 43.01 43.40
4.86 8.55 2.97 3.05 41.27 38.81 43.40 43.29
4.42 7.73 2.85 2.69 41.67 39.25 43.58 43.83
4.26 7.66 2.68 2.44 41.84 39.29 43.84 44.27
3.98 7.12 2.51 2.31 42.13 39.61 44.14 44.50
3.70 6.74 2.34 2.02 42.45 39.85 44.44 45.07
3.44 6.37 2.18 1.79 42.76 40.09 44.74 45.61
2.95 5.51 1.90 1.45 43.43 40.72 45.35 46.50
3.43 6.47 2.24 1.60 42.77 40.02 44.63 46.09
3.26 6.18 2.12 1.47 43.00 40.22 44.87 46.45
3.40 6.53 2.18 1.48 42.82 39.98 44.74 46.42
2.99 5.85 1.93 1.20 43.37 40.46 45.29 47.34
2.83 5.65 1.73 1.11 43.62 40.61 45.75 47.70
2.75 5.52 1.74 1.00 43.73 40.71 45.72 48.14
2.74 5.40 1.71 1.11 43.76 40.82 45.81 47.69
2.70 5.38 1.66 1.07 43.81 40.83 45.92 47.84
2.54 5.04 1.58 1.00 44.09 41.11 46.15 48.13
2.46 4.92 1.54 0.92 44.22 41.21 46.26 48.49
3.09 6.01 2.09 1.16 43.24 40.34 44.93 47.48
2.88 5.67 1.90 1.07 43.54 40.59 45.35 47.84
2.67 5.28 1.73 0.99 43.87 40.91 45.75 48.15
2.72 5.38 1.72 1.05 43.79 40.82 45.77 47.91
2.80 5.61 1.75 1.05 43.65 40.64 45.70 47.92
2.81 5.68 1.73 1.01 43.64 40.58 45.74 48.07
2.58 5.22 1.53 0.99 44.02 40.95 46.29 48.19
2.60 5.18 1.56 1.05 43.98 40.99 46.20 47.92
2.61 5.19 1.53 1.12 43.96 40.98 46.28 47.64
2.57 4.98 1.55 1.19 44.02 41.16 46.21 47.38
2.73 5.29 1.66 1.23 43.78 40.90 45.92 47.23
2.72 5.27 1.68 1.21 43.79 40.92 45.88 47.30
2.43 4.69 1.50 1.10 44.28 41.42 46.39 47.70
2.25 4.35 1.38 1.00 44.62 41.75 46.74 48.11
2.32 4.50 1.46 1.00 44.48 41.60 46.50 48.12
2.47 4.88 1.48 1.06 44.20 41.25 46.44 47.88
2.48 4.90 1.50 1.04 44.18 41.23 46.37 47.95
2.64 5.23 1.55 1.13 43.92 40.95 46.23 47.58
2.50 4.90 1.50 1.08 44.16 41.23 46.38 47.78
2.69 5.32 1.59 1.15 43.84 40.88 46.11 47.53
2.57 5.06 1.58 1.07 44.03 41.09 46.15 47.84
2.73 5.48 1.64 1.09 43.76 40.75 45.98 47.77
2.57 5.12 1.58 1.00 44.04 41.03 46.14 48.15
2.37 4.85 1.42 0.84 44.38 41.27 46.59 48.89
2.08 4.24 1.32 0.69 44.94 41.86 46.93 49.71
2.10 4.36 1.28 0.67 44.90 41.74 47.06 49.88
2.18 4.52 1.30 0.72 44.75 41.58 46.99 49.57
2.23 4.58 1.36 0.74 44.65 41.52 46.79 49.44
2.10 4.32 1.30 0.69 44.90 41.78 46.99 49.76
2.11 4.30 1.29 0.73 44.90 41.80 47.03 49.52
2.22 4.55 1.28 0.83 44.67 41.55 47.05 48.96
2.38 4.91 1.35 0.88 44.36 41.21 46.82 48.68
2.32 4.73 1.35 0.89 44.47 41.38 46.82 48.66
2.45 4.96 1.47 0.94 44.23 41.18 46.46 48.41
2.88 5.82 1.70 1.10 43.54 40.48 45.82 47.71
3.10 6.34 1.78 1.17 43.22 40.11 45.64 47.44
3.46 7.14 1.90 1.32 42.75 39.59 45.33 46.92
3.49 7.14 1.96 1.37 42.70 39.59 45.20 46.76
3.55 7.30 2.03 1.31 42.63 39.50 45.05 46.95
4.00 8.32 2.25 1.43 42.11 38.93 44.61 46.58
3.88 8.03 2.16 1.44 42.25 39.09 44.78 46.55
3.90 8.15 2.22 1.32 42.23 39.02 44.67 46.91
3.46 7.28 1.94 1.16 42.74 39.51 45.25 47.48
3.25 6.73 1.88 1.14 43.01 39.85 45.38 47.58
3.21 6.62 1.85 1.18 43.06 39.93 45.47 47.40
3.10 6.20 1.77 1.34 43.21 40.21 45.66 46.85
2.92 5.75 1.75 1.25 43.48 40.54 45.70 47.16
2.75 5.31 1.66 1.28 43.74 40.88 45.94 47.06
2.48 4.63 1.57 1.25 44.18 41.48 46.18 47.16
2.52 4.62 1.60 1.35 44.11 41.48 46.10 46.83
