0.00 0.00 0.00 0.00 0.00 0.00 0.00 0.00
0.00 0.00 0.00 0.00 0.00 0.00 0.00 0.00
0.00 0.00 0.00 0.00 0.00 0.00 0.00 0.00
0.00 0.00 0.00 0.00 0.00 0.00 0.00 0.00
0.00 0.00 0.00 0.00 0.00 0.00 0.00 0.00
0.00 0.00 0.00 0.00 0.00 0.00 0.00 0.00
0.00 0.00 0.00 0.00 0.00 0.00 0.00 0.00
0.00 0.00 0.00 0.00 0.00 0.00 0.00 0.00
0.00 0.00 0.00 0.00 0.00 0.00 0.00 0.00
0.00 0.00 0.00 0.00 0.00 0.00 0.00 0.00
0.00 0.00 0.00 0.00 0.00 0.00 0.00 0.00
0.00 0.00 0.00 0.00 0.00 0.00 0.00 0.00
0.00 0.00 0.00 0.00 0.00 0.00 0.00 0.00
0.00 0.00 0.00 0.00 0.00 0.00 0.00 0.00
0.00 0.00 0.00 0.00 0.00 0.00 0.00 0.00
0.00 0.00 0.00 0.00 0.00 0.00 0.00 0.00
0.00 0.00 0.00 0.00 0.00 0.00 0.00 0.00
0.00 0.00 0.00 0.00 0.00 0.00 0.00 0.00
0.00 0.00 0.00 0.00 0.00 0.00 0.00 0.00
0.00 0.00 0.00 0.00 0.00 0.00 0.00 0.00
0.00 0.00 0.00 0.00 0.00 0.00 0.00 0.00
0.00 0.00 0.00 0.00 0.00 0.00 0.00 0.00
0.00 0.00 0.00 0.00 0.00 0.00 0.00 0.00
0.00 0.00 0.00 0.00 0.00 0.00 0.00 0.00
0.00 0.00 0.00 0.00 0.00 0.00 0.00 0.00
0.00 0.00 0.00 0.00 0.00 0.00 0.00 0.00
0.00 0.00 0.00 0.00 0.00 0.00 0.00 0.00
0.00 0.00 0.00 0.00 0.00 0.00 0.00 0.00
0.00 0.00 0.00 0.00 0.00 0.00 0.00 0.01
0.00 0.04 0.00 0.00 0.01 0.01 0.00 0.00
0.16 1.09 0.01 0.00 0.24 0.39 0.06 0.03
0.24 1.40 0.03 0.01 0.36 0.51 0.14 0.12
0.16 1.02 0.02 0.00 0.21 0.32 0.10 0.03
0.18 1.12 0.02 0.01 0.23 0.36 0.07 0.05
0.18 1.05 0.03 0.01 0.28 0.42 0.13 0.05
0.06 0.41 0.01 0.00 0.11 0.19 0.04 0.01
0.12 0.68 0.02 0.01 0.19 0.27 0.09 0.07
0.06 0.37 0.01 0.00 0.12 0.19 0.04 0.04
0.08 0.40 0.02 0.01 0.15 0.20 0.11 0.07
0.11 0.58 0.02 0.01 0.16 0.22 0.09 0.09
0.14 0.85 0.02 0.01 0.18 0.29 0.06 0.04
0.08 0.49 0.01 0.00 0.13 0.20 0.04 0.02
0.11 0.75 0.01 0.00 0.20 0.30 0.07 0.03
0.12 0.82 0.01 0.00 0.23 0.35 0.07 0.02
0.15 1.06 0.02 0.00 0.31 0.48 0.11 0.00
0.19 1.29 0.01 0.00 0.39 0.59 0.10 0.04
0.18 1.23 0.02 0.00 0.41 0.59 0.13 0.05
0.12 0.86 0.01 0.00 0.30 0.46 0.08 0.01
0.23 1.65 0.02 0.00 0.58 0.87 0.14 0.01
0.26 1.75 0.03 0.00 0.77 1.04 0.28 0.06
0.31 2.11 0.04 0.00 1.02 1.37 0.39 0.09
0.31 2.19 0.03 0.00 0.95 1.34 0.26 0.08
0.44 3.05 0.04 0.00 1.03 1.41 0.31 0.09
0.48 3.46 0.04 0.00 1.14 1.58 0.31 0.02
0.48 3.46 0.04 0.00 1.08 1.50 0.31 0.04
0.41 2.94 0.03 0.00 1.08 1.46 0.31 0.06
0.56 4.12 0.04 0.00 1.34 1.83 0.37 0.04
0.55 3.97 0.05 0.00 1.57 2.12 0.54 0.04
0.46 3.20 0.04 0.00 1.69 2.30 0.61 0.12
0.40 2.73 0.04 0.00 1.46 2.02 0.55 0.08
0.03 0.16 0.01 0.00 0.10 0.12 0.07 0.03
0.01 0.09 0.01 0.00 0.05 0.06 0.05 0.03
0.01 0.06 0.01 0.00 0.06 0.06 0.08 0.06
0.01 0.05 0.00 0.00 0.05 0.06 0.05 0.03
0.01 0.08 0.00 0.00 0.07 0.08 0.05 0.03
0.02 0.10 0.00 0.00 0.08 0.09 0.05 0.04
0.01 0.08 0.00 0.00 0.05 0.06 0.03 0.02
0.01 0.07 0.00 0.00 0.04 0.05 0.03 0.01
0.01 0.08 0.00 0.00 0.06 0.08 0.03 0.02
0.01 0.03 0.00 0.00 0.02 0.03 0.02 0.03
0.01 0.10 0.00 0.00 0.06 0.09 0.02 0.01
0.02 0.12 0.01 0.00 0.10 0.12 0.07 0.02
0.01 0.04 0.00 0.00 0.03 0.04 0.01 0.02
0.01 0.05 0.00 0.00 0.03 0.05 0.01 0.01
0.01 0.04 0.00 0.00 0.03 0.04 0.02 0.01
0.01 0.08 0.00 0.00 0.03 0.05 0.01 0.00
0.00 0.03 0.00 0.00 0.01 0.01 0.01 0.01
0.01 0.07 0.00 0.00 0.01 0.02 0.01 0.00
0.01 0.05 0.00 0.00 0.01 0.01 0.00 0.00
0.00 0.02 0.00 0.00 0.00 0.00 0.00 0.00
0.01 0.06 0.00 0.00 0.00 0.01 0.00 0.00
0.01 0.05 0.00 0.00 0.00 0.01 0.00 0.00
0.01 0.03 0.00 0.00 0.00 0.01 0.00 0.00
0.00 0.01 0.00 0.00 0.00 0.00 0.01 0.00
0.00 0.01 0.00 0.00 0.00 0.00 0.00 0.00
0.00 0.01 0.00 0.00 0.00 0.00 0.00 0.00
0.00 0.00 0.00 0.00 0.00 0.00 0.01 0.00
0.00 0.01 0.00 0.00 0.00 0.00 0.00 0.00
0.00 0.01 0.00 0.00 0.00 0.00 0.00 0.00
0.00 0.01 0.00 0.00 0.00 0.01 0.00 0.01
0.09 0.34 0.00 0.07 0.15 0.19 0.02 0.21
0.13 0.38 0.01 0.13 0.18 0.19 0.05 0.31
0.11 0.27 0.01 0.17 0.15 0.13 0.03 0.42
0.12 0.42 0.01 0.08 0.18 0.24 0.04 0.24
0.11 0.38 0.01 0.07 0.21 0.27 0.07 0.23
0.08 0.29 0.00 0.07 0.20 0.26 0.03 0.28
0.10 0.38 0.01 0.08 0.21 0.29 0.03 0.28
0.12 0.38 0.03 0.07 0.21 0.24 0.13 0.24
0.05 0.18 0.01 0.03 0.06 0.07 0.02 0.09
0.03 0.08 0.00 0.04 0.03 0.02 0.00 0.10
0.12 0.35 0.06 0.03 0.11 0.10 0.15 0.10
0.03 0.11 0.01 0.02 0.03 0.03 0.02 0.05
0.02 0.10 0.00 0.01 0.02 0.02 0.00 0.05
0.06 0.21 0.01 0.03 0.04 0.04 0.02 0.08
0.02 0.07 0.01 0.01 0.02 0.02 0.02 0.04
0.02 0.08 0.01 0.01 0.02 0.02 0.02 0.04
0.00 0.01 0.00 0.00 0.00 0.00 0.00 0.02
0.02 0.07 0.00 0.00 0.02 0.02 0.01 0.02
0.01 0.03 0.00 0.00 0.01 0.01 0.01 0.02
0.01 0.03 0.00 0.00 0.01 0.01 0.02 0.03
0.00 0.02 0.00 0.00 0.01 0.01 0.01 0.01
0.00 0.01 0.00 0.00 0.01 0.01 0.01 0.01
0.01 0.04 0.00 0.00 0.01 0.02 0.01 0.01
0.01 0.02 0.00 0.00 0.01 0.01 0.01 0.02
0.01 0.03 0.00 0.00 0.01 0.01 0.01 0.01
0.02 0.04 0.01 0.01 0.02 0.02 0.04 0.06
0.02 0.06 0.00 0.01 0.02 0.02 0.02 0.05
0.03 0.09 0.01 0.01 0.03 0.02 0.02 0.07
0.02 0.06 0.00 0.01 0.02 0.02 0.02 0.07
0.02 0.05 0.00 0.01 0.01 0.01 0.01 0.04
0.00 0.01 0.00 0.00 0.00 0.00 0.00 0.01
0.01 0.03 0.01 0.00 0.01 0.01 0.02 0.02
0.01 0.02 0.00 0.01 0.01 0.00 0.00 0.03
0.02 0.03 0.01 0.02 0.01 0.01 0.02 0.06
0.01 0.03 0.00 0.01 0.01 0.01 0.00 0.03
0.01 0.01 0.00 0.03 0.01 0.00 0.00 0.09
0.00 0.01 0.00 0.01 0.00 0.00 0.00 0.04
0.00 0.01 0.00 0.00 0.00 0.00 0.00 0.02
0.00 0.00 0.00 0.00 0.00 0.00 0.00 0.00
0.00 0.00 0.00 0.00 0.00 0.00 0.00 0.00
0.00 0.00 0.00 0.00 0.00 0.00 0.00 0.01
0.00 0.00 0.00 0.00 0.00 0.00 0.00 0.00
0.00 0.00 0.00 0.00 0.00 0.00 0.00 0.00
0.00 0.00 0.00 0.00 0.00 0.00 0.00 0.01
0.00 0.00 0.00 0.00 0.00 0.00 0.00 0.00
0.00 0.01 0.00 0.00 0.00 0.00 0.00 0.00
0.00 0.00 0.00 0.00 0.00 0.00 0.00 0.00
0.00 0.00 0.00 0.00 0.00 0.00 0.00 0.00
0.00 0.01 0.00 0.00 0.00 0.00 0.00 0.00
0.00 0.00 0.00 0.00 0.00 0.00 0.00 0.00
0.00 0.00 0.00 0.00 0.00 0.00 0.00 0.00
0.00 0.01 0.00 0.00 0.00 0.00 0.01 0.00
0.00 0.01 0.00 0.00 0.00 0.00 0.01 0.00
0.00 0.00 0.00 0.00 0.00 0.00 0.00 0.00
0.00 0.00 0.00 0.00 0.00 0.00 0.00 0.00
0.00 0.00 0.00 0.00 0.00 0.00 0.00 0.01
0.00 0.00 0.00 0.00 0.00 0.00 0.00 0.01
0.00 0.00 0.00 0.00 0.00 0.00 0.00 0.01
0.00 0.00 0.00 0.00 0.00 0.00 0.00 0.01
0.00 0.02 0.00 0.00 0.00 0.00 0.00 0.01
0.18 1.41 0.01 0.00 0.17 0.22 0.05 0.02
0.22 1.69 0.01 0.00 0.19 0.24 0.05 0.01
0.12 0.99 0.00 0.00 0.11 0.14 0.01 0.01
0.31 2.35 0.02 0.00 0.32 0.39 0.11 0.01
0.26 1.93 0.02 0.00 0.26 0.32 0.11 0.01
0.22 1.62 0.01 0.00 0.25 0.31 0.09 0.02
0.17 1.22 0.01 0.00 0.19 0.22 0.09 0.02
0.17 1.20 0.02 0.00 0.17 0.20 0.10 0.02
0.24 1.72 0.02 0.00 0.29 0.35 0.16 0.01
0.17 1.21 0.01 0.00 0.24 0.29 0.12 0.03
0.17 1.22 0.01 0.00 0.27 0.32 0.12 0.07
0.19 1.27 0.02 0.00 0.33 0.38 0.20 0.06
0.16 1.02 0.02 0.00 0.27 0.31 0.17 0.10
0.15 1.06 0.02 0.00 0.27 0.32 0.12 0.08
0.15 0.95 0.02 0.00 0.20 0.23 0.13 0.08
0.14 0.93 0.02 0.00 0.16 0.19 0.11 0.06
0.11 0.71 0.02 0.00 0.14 0.15 0.09 0.11
0.06 0.45 0.00 0.00 0.09 0.12 0.03 0.08
0.09 0.57 0.01 0.00 0.13 0.14 0.08 0.09
0.09 0.60 0.02 0.00 0.16 0.18 0.11 0.09
0.04 0.31 0.00 0.00 0.09 0.12 0.03 0.01
0.06 0.39 0.01 0.00 0.10 0.14 0.05 0.02
0.04 0.29 0.00 0.00 0.07 0.10 0.02 0.00
0.09 0.56 0.02 0.00 0.15 0.18 0.10 0.04
0.05 0.27 0.01 0.00 0.09 0.10 0.09 0.06
0.04 0.26 0.00 0.00 0.09 0.11 0.03 0.05
0.06 0.35 0.01 0.00 0.12 0.15 0.08 0.11
0.04 0.29 0.00 0.00 0.11 0.16 0.03 0.05
0.04 0.22 0.01 0.00 0.09 0.11 0.06 0.07
0.02 0.12 0.00 0.00 0.04 0.06 0.03 0.01
0.01 0.03 0.00 0.00 0.01 0.01 0.02 0.03
0.01 0.03 0.00 0.00 0.02 0.01 0.02 0.03
0.01 0.04 0.01 0.00 0.02 0.01 0.03 0.05
0.03 0.09 0.01 0.01 0.04 0.03 0.06 0.09
0.03 0.07 0.02 0.01 0.04 0.02 0.07 0.08
0.02 0.05 0.01 0.01 0.02 0.02 0.04 0.05
0.01 0.02 0.01 0.00 0.01 0.01 0.03 0.03
0.04 0.13 0.03 0.01 0.07 0.06 0.13 0.06
0.02 0.05 0.01 0.01 0.03 0.02 0.05 0.07
0.02 0.04 0.01 0.01 0.02 0.02 0.04 0.04
0.01 0.04 0.01 0.00 0.02 0.02 0.04 0.03
0.03 0.10 0.02 0.01 0.05 0.04 0.09 0.08
0.02 0.05 0.01 0.00 0.03 0.02 0.05 0.04
0.01 0.06 0.00 0.00 0.02 0.03 0.02 0.05
0.03 0.10 0.01 0.01 0.04 0.04 0.04 0.06
0.02 0.10 0.01 0.01 0.04 0.04 0.03 0.05
0.02 0.07 0.00 0.01 0.03 0.03 0.01 0.04
0.02 0.06 0.00 0.01 0.03 0.03 0.02 0.07
0.03 0.12 0.01 0.01 0.05 0.06 0.04 0.07
0.03 0.10 0.00 0.02 0.04 0.04 0.01 0.11
0.03 0.15 0.01 0.01 0.05 0.07 0.03 0.06
0.03 0.13 0.00 0.02 0.05 0.06 0.02 0.11
0.04 0.11 0.01 0.04 0.07 0.06 0.04 0.17
0.05 0.15 0.01 0.03 0.06 0.07 0.04 0.12
0.11 0.31 0.08 0.02 0.14 0.14 0.22 0.09
0.20 0.52 0.13 0.07 0.25 0.21 0.38 0.24
0.04 0.11 0.00 0.04 0.06 0.06 0.02 0.14
0.05 0.17 0.01 0.04 0.11 0.13 0.04 0.15
0.07 0.20 0.01 0.06 0.11 0.12 0.06 0.17
0.10 0.26 0.03 0.08 0.11 0.11 0.06 0.18
0.11 0.30 0.03 0.05 0.13 0.14 0.09 0.14
0.18 0.38 0.03 0.23 0.17 0.14 0.06 0.45
0.29 0.69 0.06 0.29 0.28 0.25 0.13 0.57
0.40 1.20 0.07 0.30 0.35 0.37 0.15 0.56
0.23 0.49 0.03 0.33 0.21 0.15 0.06 0.67
0.35 0.79 0.05 0.44 0.32 0.25 0.13 0.81
0.52 1.39 0.07 0.52 0.40 0.36 0.15 0.91
0.60 1.52 0.11 0.56 0.44 0.39 0.20 0.91
0.35 0.84 0.10 0.30 0.26 0.21 0.17 0.53
0.70 1.64 0.23 0.55 0.49 0.42 0.38 0.86
0.64 1.43 0.18 0.61 0.44 0.35 0.28 0.99
0.44 1.01 0.12 0.41 0.28 0.22 0.17 0.69
0.23 0.58 0.07 0.18 0.17 0.14 0.11 0.34
0.46 1.05 0.12 0.44 0.21 0.16 0.15 0.53
0.32 0.57 0.09 0.43 0.12 0.07 0.08 0.39
0.55 0.99 0.14 0.76 0.15 0.09 0.10 0.51
0.18 0.43 0.03 0.21 0.05 0.04 0.02 0.17
0.50 1.00 0.34 0.29 0.11 0.06 0.21 0.19
0.62 1.89 0.31 0.18 0.10 0.09 0.15 0.09
0.15 0.49 0.06 0.06 0.02 0.02 0.03 0.03
0.44 1.16 0.18 0.24 0.07 0.05 0.09 0.15
0.15 0.27 0.07 0.17 0.02 0.01 0.03 0.10
0.65 1.10 0.14 1.00 0.10 0.05 0.07 0.48
0.15 0.25 0.02 0.27 0.03 0.01 0.01 0.16
0.32 0.56 0.09 0.42 0.07 0.03 0.07 0.33
0.01 0.01 0.00 0.07 0.00 0.00 0.00 0.07
0.05 0.15 0.01 0.05 0.01 0.01 0.01 0.06
0.03 0.05 0.01 0.04 0.01 0.00 0.01 0.06
0.02 0.07 0.01 0.01 0.00 0.01 0.01 0.02
0.07 0.25 0.02 0.02 0.02 0.02 0.03 0.04
0.42 2.33 0.08 0.02 0.29 0.39 0.16 0.09
0.88 5.19 0.12 0.04 0.47 0.65 0.20 0.16
0.58 3.01 0.10 0.05 0.37 0.45 0.19 0.25
1.85 9.71 0.28 0.19 1.15 1.34 0.62 1.02
0.46 2.45 0.07 0.04 0.35 0.39 0.18 0.35
1.17 6.20 0.15 0.14 0.81 0.92 0.40 0.83
0.74 3.48 0.18 0.09 0.59 0.61 0.52 0.56
0.53 2.90 0.10 0.03 0.45 0.52 0.29 0.25
0.28 1.46 0.05 0.02 0.27 0.30 0.18 0.21
0.36 1.98 0.05 0.03 0.34 0.39 0.19 0.32
0.50 2.66 0.08 0.04 0.38 0.43 0.23 0.34
0.39 2.03 0.06 0.04 0.34 0.39 0.21 0.33
0.19 1.12 0.02 0.01 0.23 0.30 0.10 0.11
0.30 1.72 0.04 0.02 0.28 0.35 0.13 0.17
0.34 1.95 0.05 0.01 0.33 0.41 0.18 0.14
0.18 1.04 0.02 0.01 0.21 0.26 0.10 0.13
0.13 0.71 0.02 0.01 0.16 0.20 0.10 0.06
0.16 0.94 0.02 0.01 0.21 0.26 0.09 0.12
0.16 0.93 0.02 0.01 0.21 0.27 0.09 0.11
0.13 0.74 0.02 0.01 0.17 0.23 0.08 0.09
0.13 0.68 0.02 0.02 0.19 0.23 0.10 0.16
0.09 0.49 0.02 0.01 0.14 0.18 0.09 0.04
0.06 0.38 0.01 0.00 0.10 0.15 0.03 0.04
0.04 0.28 0.00 0.00 0.09 0.15 0.02 0.02
0.04 0.27 0.01 0.00 0.07 0.10 0.03 0.01
0.06 0.38 0.01 0.00 0.12 0.16 0.04 0.05
0.08 0.49 0.01 0.01 0.11 0.15 0.04 0.05
0.08 0.47 0.01 0.01 0.12 0.16 0.04 0.06
0.15 0.88 0.02 0.01 0.19 0.25 0.07 0.07
0.17 0.91 0.02 0.02 0.20 0.24 0.10 0.15
0.18 1.02 0.03 0.01 0.26 0.33 0.14 0.15
0.25 1.45 0.03 0.02 0.31 0.40 0.13 0.20
0.23 1.39 0.03 0.01 0.32 0.41 0.14 0.15
0.23 1.39 0.03 0.01 0.37 0.47 0.17 0.17
0.17 1.13 0.02 0.01 0.34 0.47 0.12 0.13
0.23 1.57 0.01 0.01 0.42 0.56 0.11 0.26
0.30 1.87 0.03 0.01 0.53 0.68 0.23 0.26
0.26 1.60 0.03 0.01 0.41 0.50 0.18 0.27
0.29 1.90 0.02 0.01 0.46 0.61 0.14 0.20
0.32 1.94 0.03 0.02 0.43 0.54 0.16 0.32
0.31 1.92 0.02 0.03 0.38 0.50 0.10 0.27
0.39 2.46 0.04 0.01 0.40 0.53 0.18 0.10
0.50 3.28 0.05 0.01 0.50 0.67 0.19 0.12
0.41 2.64 0.04 0.01 0.35 0.47 0.14 0.09
0.96 5.81 0.11 0.04 0.56 0.72 0.26 0.20
0.62 4.15 0.03 0.02 0.33 0.47 0.07 0.10
1.09 6.66 0.15 0.03 0.55 0.69 0.34 0.15
1.06 6.42 0.12 0.05 0.49 0.60 0.24 0.26
1.55 8.78 0.21 0.10 0.57 0.67 0.34 0.36
1.42 7.93 0.21 0.10 0.56 0.63 0.37 0.40
2.00 11.23 0.32 0.12 0.83 0.97 0.54 0.50
1.22 7.28 0.14 0.07 0.48 0.57 0.23 0.34
1.23 7.39 0.14 0.07 0.53 0.63 0.26 0.36
1.17 6.97 0.14 0.07 0.59 0.70 0.31 0.35
0.69 3.88 0.11 0.04 0.39 0.48 0.25 0.19
0.64 3.46 0.07 0.07 0.35 0.42 0.16 0.29
0.67 3.23 0.15 0.06 0.38 0.43 0.32 0.23
0.75 3.19 0.18 0.15 0.46 0.47 0.37 0.53
0.66 3.37 0.12 0.07 0.46 0.56 0.31 0.26
0.48 2.22 0.07 0.10 0.31 0.36 0.16 0.32
0.32 1.64 0.05 0.03 0.18 0.23 0.10 0.11
0.32 1.78 0.02 0.04 0.16 0.21 0.04 0.16
0.73 4.01 0.09 0.06 0.38 0.47 0.19 0.26
0.59 3.40 0.06 0.05 0.36 0.47 0.14 0.22
0.55 3.26 0.05 0.04 0.31 0.41 0.09 0.21
0.72 3.78 0.13 0.06 0.41 0.47 0.31 0.26
0.70 3.66 0.12 0.06 0.38 0.43 0.28 0.25
1.26 6.39 0.28 0.09 0.61 0.64 0.60 0.41
0.69 3.72 0.10 0.07 0.44 0.50 0.24 0.38
0.70 3.45 0.12 0.10 0.36 0.38 0.27 0.39
0.92 4.34 0.14 0.18 0.52 0.53 0.36 0.76
0.62 3.04 0.08 0.11 0.34 0.35 0.21 0.52
0.89 4.77 0.11 0.10 0.57 0.65 0.31 0.56
0.96 4.79 0.19 0.11 0.54 0.56 0.43 0.55
1.05 5.26 0.19 0.12 0.52 0.54 0.42 0.58
0.72 3.81 0.10 0.08 0.37 0.40 0.25 0.41
0.44 2.42 0.05 0.05 0.23 0.26 0.11 0.22
0.47 2.45 0.06 0.05 0.26 0.28 0.16 0.37
0.36 1.91 0.04 0.05 0.25 0.27 0.11 0.41
0.29 1.56 0.03 0.04 0.23 0.25 0.11 0.37
0.55 3.02 0.08 0.04 0.45 0.51 0.28 0.36
0.27 1.35 0.04 0.05 0.23 0.24 0.14 0.32
0.38 1.85 0.09 0.04 0.31 0.33 0.27 0.26
0.21 1.09 0.04 0.02 0.19 0.22 0.13 0.15
0.12 0.68 0.02 0.01 0.13 0.16 0.07 0.07
0.14 0.78 0.02 0.01 0.18 0.22 0.09 0.13
0.10 0.50 0.02 0.01 0.16 0.18 0.11 0.13
0.08 0.43 0.01 0.01 0.14 0.17 0.08 0.10
0.04 0.26 0.01 0.00 0.09 0.12 0.04 0.08
0.06 0.31 0.01 0.01 0.10 0.12 0.07 0.11
0.01 0.04 0.00 0.00 0.01 0.02 0.00 0.00
0.01 0.05 0.00 0.00 0.01 0.02 0.01 0.01
0.01 0.09 0.00 0.00 0.02 0.03 0.00 0.01
0.01 0.07 0.00 0.00 0.02 0.02 0.01 0.01
0.00 0.00 0.00 0.00 0.00 0.00 0.02 0.03
0.00 0.02 0.00 0.00 0.00 0.01 0.00 0.01
0.00 0.02 0.00 0.00 0.00 0.01 0.00 0.00
0.00 0.01 0.00 0.00 0.00 0.01 0.00 0.00
0.00 0.02 0.00 0.00 0.01 0.01 0.01 0.00
0.00 0.03 0.00 0.00 0.01 0.01 0.00 0.00
0.00 0.03 0.00 0.00 0.01 0.01 0.00 0.00
0.01 0.05 0.00 0.00 0.01 0.02 0.00 0.00
0.01 0.05 0.00 0.00 0.01 0.03 0.00 0.00
0.01 0.08 0.00 0.00 0.02 0.04 0.00 0.01
0.02 0.12 0.00 0.00 0.05 0.07 0.01 0.01
0.02 0.12 0.00 0.00 0.04 0.07 0.01 0.00
0.01 0.10 0.00 0.00 0.04 0.06 0.02 0.01
0.02 0.15 0.00 0.00 0.07 0.10 0.03 0.01
0.02 0.17 0.00 0.00 0.08 0.12 0.02 0.01
0.02 0.17 0.00 0.00 0.10 0.14 0.05 0.01
0.02 0.18 0.00 0.00 0.12 0.17 0.04 0.02
0.03 0.22 0.00 0.00 0.14 0.20 0.04 0.01
0.03 0.21 0.00 0.00 0.11 0.15 0.03 0.03
0.04 0.27 0.00 0.00 0.12 0.16 0.04 0.03
0.02 0.16 0.00 0.00 0.07 0.11 0.02 0.04
0.04 0.30 0.00 0.00 0.13 0.18 0.04 0.03
0.03 0.25 0.00 0.00 0.13 0.18 0.04 0.04
0.04 0.27 0.00 0.00 0.15 0.20 0.05 0.03
0.02 0.15 0.00 0.00 0.12 0.18 0.02 0.04
0.01 0.08 0.00 0.00 0.07 0.10 0.02 0.04
0.01 0.11 0.00 0.00 0.06 0.09 0.02 0.02
0.03 0.20 0.00 0.00 0.11 0.15 0.05 0.02
0.02 0.15 0.00 0.00 0.11 0.17 0.03 0.04
0.02 0.14 0.00 0.00 0.14 0.18 0.06 0.05
0.04 0.24 0.01 0.00 0.23 0.31 0.11 0.04
0.03 0.22 0.00 0.00 0.20 0.27 0.07 0.02
0.04 0.27 0.00 0.00 0.17 0.24 0.06 0.01
0.05 0.35 0.01 0.00 0.23 0.32 0.09 0.02
0.04 0.24 0.01 0.00 0.21 0.30 0.11 0.03
0.02 0.18 0.00 0.00 0.13 0.20 0.06 0.02
0.05 0.33 0.01 0.00 0.29 0.38 0.16 0.03
0.05 0.32 0.01 0.00 0.29 0.38 0.17 0.05
0.04 0.22 0.01 0.00 0.20 0.26 0.13 0.02
0.03 0.19 0.01 0.00 0.19 0.25 0.13 0.03
0.03 0.20 0.01 0.00 0.19 0.25 0.11 0.02
0.03 0.19 0.00 0.00 0.12 0.17 0.04 0.06
0.07 0.31 0.02 0.01 0.17 0.20 0.13 0.18
0.16 0.77 0.04 0.02 0.26 0.33 0.15 0.15
0.24 0.96 0.06 0.07 0.27 0.32 0.21 0.23
0.20 0.78 0.03 0.10 0.16 0.20 0.07 0.22
0.32 1.10 0.06 0.17 0.23 0.25 0.12 0.32
0.51 1.47 0.15 0.30 0.35 0.35 0.26 0.45
0.36 1.21 0.07 0.19 0.27 0.33 0.14 0.30
0.23 0.80 0.02 0.17 0.20 0.25 0.05 0.27
0.16 0.54 0.03 0.10 0.18 0.21 0.09 0.21
0.18 0.51 0.02 0.19 0.18 0.18 0.06 0.31
0.19 0.51 0.02 0.22 0.20 0.21 0.06 0.35
0.25 0.64 0.03 0.28 0.26 0.26 0.11 0.43
0.10 0.26 0.02 0.10 0.15 0.15 0.07 0.26
0.14 0.37 0.02 0.14 0.19 0.20 0.08 0.30
0.07 0.29 0.01 0.03 0.12 0.17 0.03 0.12
0.07 0.21 0.01 0.06 0.10 0.10 0.04 0.14
0.07 0.16 0.00 0.11 0.09 0.07 0.01 0.27
0.10 0.39 0.01 0.05 0.17 0.22 0.06 0.16
0.09 0.31 0.01 0.04 0.16 0.21 0.08 0.14
0.07 0.26 0.01 0.04 0.16 0.20 0.06 0.16
0.09 0.30 0.01 0.05 0.21 0.27 0.09 0.22
0.06 0.22 0.01 0.03 0.12 0.14 0.07 0.11
0.03 0.11 0.01 0.00 0.04 0.05 0.02 0.02
0.01 0.06 0.00 0.01 0.01 0.02 0.00 0.03
0.04 0.16 0.02 0.01 0.04 0.04 0.04 0.04
0.06 0.18 0.02 0.03 0.06 0.05 0.05 0.08
0.03 0.07 0.01 0.02 0.02 0.02 0.02 0.06
0.06 0.22 0.02 0.02 0.05 0.05 0.04 0.07
0.06 0.23 0.02 0.01 0.06 0.06 0.05 0.06
0.03 0.11 0.01 0.01 0.03 0.03 0.03 0.05
0.04 0.15 0.02 0.01 0.05 0.04 0.06 0.05
0.04 0.16 0.01 0.01 0.04 0.04 0.03 0.06
0.05 0.21 0.02 0.01 0.06 0.07 0.06 0.05
0.03 0.12 0.01 0.00 0.04 0.04 0.06 0.04
0.01 0.07 0.00 0.00 0.03 0.03 0.02 0.02
0.02 0.10 0.00 0.01 0.03 0.04 0.02 0.04
0.03 0.15 0.01 0.00 0.07 0.09 0.05 0.04
0.03 0.15 0.01 0.00 0.07 0.09 0.08 0.04
0.04 0.15 0.01 0.01 0.07 0.07 0.07 0.07
0.06 0.26 0.02 0.01 0.11 0.11 0.10 0.10
0.03 0.12 0.01 0.01 0.04 0.04 0.03 0.05
0.04 0.19 0.01 0.01 0.06 0.07 0.04 0.07
0.04 0.17 0.01 0.01 0.05 0.05 0.06 0.06
0.02 0.10 0.01 0.00 0.02 0.03 0.03 0.02
0.08 0.31 0.03 0.01 0.12 0.13 0.14 0.09
0.13 0.64 0.02 0.02 0.16 0.20 0.09 0.13
0.16 0.78 0.03 0.03 0.23 0.27 0.12 0.20
0.25 1.22 0.04 0.04 0.29 0.35 0.19 0.22
0.26 1.30 0.05 0.03 0.33 0.41 0.20 0.20
0.20 0.98 0.02 0.05 0.21 0.25 0.09 0.22
0.22 1.21 0.03 0.03 0.24 0.31 0.12 0.14
0.22 1.17 0.03 0.03 0.25 0.32 0.11 0.17
0.29 1.78 0.03 0.01 0.35 0.47 0.16 0.11
0.30 1.83 0.03 0.02 0.36 0.43 0.17 0.20
0.34 1.98 0.03 0.04 0.42 0.50 0.15 0.46
0.33 1.77 0.05 0.04 0.35 0.36 0.24 0.48
0.66 3.85 0.09 0.03 0.61 0.70 0.37 0.42
0.69 3.90 0.08 0.06 0.49 0.53 0.31 0.48
1.02 6.02 0.12 0.06 0.61 0.69 0.40 0.41
0.87 5.09 0.09 0.06 0.46 0.51 0.30 0.41
0.91 5.36 0.11 0.04 0.45 0.50 0.29 0.28
0.94 5.81 0.09 0.05 0.47 0.56 0.23 0.30
1.47 8.87 0.18 0.06 0.59 0.66 0.38 0.39
1.19 7.60 0.09 0.05 0.46 0.54 0.19 0.37
1.19 7.63 0.10 0.04 0.46 0.54 0.20 0.33
1.98 11.30 0.25 0.14 0.73 0.77 0.49 0.90
1.56 9.48 0.19 0.06 0.64 0.71 0.41 0.50
0.91 5.91 0.07 0.03 0.50 0.58 0.25 0.29
0.83 5.55 0.06 0.02 0.52 0.62 0.23 0.26
0.66 4.65 0.04 0.01 0.49 0.57 0.19 0.23
0.65 4.52 0.05 0.01 0.56 0.64 0.27 0.21
0.90 6.57 0.06 0.00 0.86 1.02 0.35 0.12
0.49 3.60 0.03 0.00 0.52 0.62 0.21 0.11
0.84 6.31 0.04 0.00 0.72 0.87 0.23 0.13
0.50 3.71 0.03 0.00 0.50 0.62 0.17 0.12
0.68 4.89 0.05 0.00 0.61 0.73 0.28 0.09
0.42 3.06 0.03 0.00 0.35 0.42 0.13 0.12
0.83 6.05 0.06 0.00 0.84 1.00 0.36 0.11
0.81 5.74 0.07 0.00 0.85 0.99 0.46 0.12
0.61 4.36 0.05 0.00 0.70 0.81 0.36 0.11
0.46 3.35 0.03 0.00 0.52 0.62 0.24 0.07
0.43 2.98 0.04 0.00 0.45 0.52 0.26 0.11
0.68 4.71 0.07 0.00 0.81 0.95 0.47 0.09
0.47 3.36 0.04 0.00 0.62 0.73 0.34 0.07
0.48 3.34 0.04 0.00 0.73 0.88 0.29 0.25
0.59 4.07 0.05 0.00 1.01 1.17 0.47 0.38
0.46 3.11 0.05 0.00 0.84 0.98 0.42 0.39
0.67 4.39 0.09 0.00 1.03 1.20 0.61 0.25
0.74 4.55 0.14 0.01 1.06 1.17 0.79 0.43
0.75 4.68 0.14 0.00 0.82 0.94 0.59 0.21
0.54 3.32 0.10 0.00 0.65 0.73 0.48 0.25
0.40 2.73 0.05 0.00 0.54 0.67 0.26 0.08
0.66 4.25 0.11 0.00 0.79 0.91 0.56 0.10
0.49 3.44 0.05 0.00 0.72 0.89 0.33 0.06
0.32 2.15 0.03 0.00 0.61 0.75 0.26 0.17
0.47 3.06 0.07 0.00 0.72 0.88 0.42 0.10
0.24 1.63 0.03 0.00 0.40 0.53 0.18 0.04
0.42 2.68 0.07 0.00 0.63 0.81 0.34 0.09
0.31 1.89 0.06 0.00 0.52 0.63 0.34 0.11
0.24 1.54 0.03 0.00 0.46 0.60 0.20 0.11
0.31 2.03 0.05 0.00 0.67 0.84 0.36 0.12
0.25 1.74 0.02 0.00 0.64 0.89 0.18 0.08
0.22 1.48 0.02 0.00 0.51 0.67 0.19 0.11
0.18 1.04 0.03 0.01 0.45 0.56 0.26 0.23
0.16 0.84 0.03 0.01 0.40 0.48 0.26 0.25
0.13 0.65 0.03 0.01 0.24 0.27 0.19 0.21
0.12 0.61 0.02 0.01 0.22 0.25 0.14 0.19
0.14 0.62 0.04 0.02 0.21 0.23 0.19 0.18
0.12 0.52 0.04 0.02 0.18 0.18 0.16 0.18
0.06 0.26 0.01 0.02 0.09 0.10 0.03 0.14
0.04 0.18 0.01 0.00 0.06 0.08 0.05 0.03
0.04 0.26 0.01 0.00 0.07 0.11 0.03 0.04
0.02 0.10 0.00 0.00 0.04 0.06 0.02 0.01
0.03 0.13 0.01 0.00 0.04 0.06 0.02 0.02
0.04 0.18 0.01 0.01 0.06 0.09 0.04 0.04
0.09 0.50 0.01 0.01 0.13 0.19 0.06 0.09
0.10 0.59 0.02 0.01 0.17 0.24 0.10 0.05
0.08 0.47 0.01 0.01 0.15 0.24 0.04 0.06
0.12 0.59 0.03 0.01 0.21 0.27 0.12 0.10
0.17 0.84 0.04 0.02 0.29 0.38 0.16 0.18
0.11 0.61 0.01 0.01 0.20 0.31 0.06 0.10
0.12 0.59 0.02 0.03 0.19 0.26 0.07 0.16
0.13 0.66 0.02 0.02 0.21 0.29 0.11 0.11
0.14 0.79 0.02 0.02 0.23 0.34 0.07 0.13
0.21 1.03 0.04 0.03 0.34 0.46 0.16 0.25
0.20 0.92 0.03 0.05 0.31 0.42 0.12 0.29
0.18 0.78 0.04 0.05 0.28 0.37 0.14 0.21
0.19 0.74 0.03 0.09 0.27 0.33 0.11 0.38
0.44 1.43 0.30 0.06 0.58 0.61 0.80 0.28
0.63 1.89 0.33 0.20 0.75 0.73 0.91 0.63
0.26 0.89 0.03 0.18 0.42 0.49 0.13 0.62
0.24 0.84 0.04 0.15 0.49 0.61 0.20 0.54
0.26 0.83 0.04 0.17 0.43 0.52 0.16 0.57
0.28 0.76 0.06 0.20 0.32 0.34 0.16 0.50
0.01 0.03 0.00 0.02 0.02 0.01 0.01 0.04
0.01 0.02 0.00 0.01 0.01 0.01 0.00 0.01
0.00 0.00 0.00 0.01 0.00 0.00 0.00 0.01
0.00 0.00 0.00 0.00 0.00 0.00 0.00 0.00
0.00 0.01 0.00 0.00 0.00 0.00 0.00 0.00
0.00 0.01 0.00 0.00 0.00 0.00 0.00 0.00
0.00 0.00 0.00 0.00 0.00 0.00 0.00 0.00
0.00 0.00 0.00 0.00 0.00 0.00 0.00 0.00
0.00 0.01 0.00 0.00 0.00 0.00 0.00 0.00
0.00 0.00 0.00 0.00 0.00 0.00 0.00 0.00
0.00 0.00 0.00 0.00 0.00 0.00 0.00 0.00
0.00 0.01 0.00 0.01 0.00 0.00 0.00 0.01
0.00 0.00 0.00 0.00 0.00 0.00 0.00 0.00
0.00 0.01 0.00 0.00 0.00 0.00 0.00 0.00
0.00 0.00 0.00 0.00 0.00 0.00 0.00 0.00
0.00 0.00 0.00 0.00 0.00 0.00 0.00 0.00
0.00 0.00 0.00 0.00 0.00 0.00 0.00 0.00
0.00 0.00 0.00 0.00 0.00 0.00 0.00 0.00
0.00 0.01 0.01 0.00 0.00 0.00 0.00 0.00
0.00 0.00 0.00 0.00 0.00 0.00 0.00 0.00
0.00 0.01 0.01 0.00 0.00 0.00 0.00 0.00
0.00 0.00 0.00 0.00 0.00 0.00 0.00 0.00
0.00 0.01 0.00 0.00 0.00 0.00 0.00 0.00
0.00 0.00 0.00 0.00 0.00 0.00 0.00 0.00
0.00 0.00 0.00 0.00 0.00 0.00 0.00 0.00
0.00 0.00 0.00 0.00 0.00 0.00 0.00 0.00
0.00 0.01 0.00 0.00 0.00 0.00 0.00 0.00
0.00 0.00 0.00 0.00 0.00 0.00 0.00 0.00
0.00 0.01 0.00 0.00 0.00 0.00 0.00 0.00
0.00 0.01 0.00 0.00 0.00 0.00 0.00 0.00
0.00 0.00 0.00 0.00 0.00 0.00 0.00 0.00
0.00 0.01 0.00 0.00 0.00 0.00 0.00 0.00
0.00 0.01 0.00 0.00 0.00 0.00 0.00 0.00
0.00 0.00 0.00 0.00 0.00 0.00 0.00 0.00
0.00 0.00 0.00 0.00 0.00 0.00 0.00 0.00
0.00 0.00 0.00 0.00 0.00 0.00 0.00 0.00
0.00 0.01 0.00 0.00 0.00 0.00 0.00 0.00
0.00 0.00 0.00 0.00 0.00 0.00 0.00 0.00
0.00 0.00 0.00 0.00 0.00 0.00 0.00 0.00
0.00 0.00 0.00 0.00 0.00 0.00 0.00 0.01
0.00 0.00 0.00 0.00 0.00 0.00 0.00 0.00
0.00 0.00 0.00 0.00 0.00 0.00 0.00 0.00
0.00 0.00 0.00 0.00 0.00 0.00 0.00 0.00
0.00 0.00 0.00 0.00 0.00 0.00 0.00 0.00
0.00 0.00 0.00 0.00 0.00 0.00 0.00 0.00
0.00 0.00 0.00 0.00 0.00 0.00 0.00 0.00
0.00 0.00 0.00 0.00 0.00 0.00 0.00 0.00
0.00 0.00 0.00 0.00 0.00 0.00 0.00 0.00
0.00 0.00 0.00 0.00 0.00 0.00 0.01 0.00
0.00 0.00 0.00 0.00 0.00 0.00 0.00 0.00
0.00 0.01 0.00 0.00 0.00 0.00 0.00 0.00
0.00 0.00 0.00 0.00 0.00 0.00 0.00 0.00
0.00 0.00 0.00 0.00 0.00 0.00 0.01 0.01
0.00 0.00 0.00 0.00 0.00 0.00 0.00 0.01
0.00 0.00 0.00 0.00 0.00 0.00 0.00 0.00
0.00 0.00 0.00 0.00 0.00 0.00 0.00 0.00
0.00 0.00 0.00 0.00 0.00 0.00 0.00 0.00
0.00 0.00 0.00 0.00 0.00 0.00 0.00 0.00
0.00 0.00 0.00 0.00 0.00 0.00 0.00 0.01
0.00 0.00 0.00 0.00 0.00 0.00 0.00 0.00
0.00 0.00 0.00 0.00 0.00 0.00 0.00 0.01
0.00 0.00 0.00 0.00 0.00 0.00 0.00 0.00
0.00 0.00 0.00 0.00 0.00 0.00 0.00 0.00
0.00 0.00 0.00 0.00 0.00 0.00 0.01 0.00
0.00 0.00 0.00 0.00 0.00 0.00 0.00 0.00
0.00 0.00 0.00 0.00 0.00 0.00 0.00 0.00
0.00 0.00 0.00 0.00 0.00 0.00 0.00 0.01
0.00 0.00 0.00 0.00 0.00 0.00 0.00 0.00
0.00 0.01 0.00 0.00 0.00 0.00 0.01 0.01
0.00 0.00 0.00 0.00 0.00 0.00 0.00 0.01
0.00 0.00 0.00 0.00 0.00 0.00 0.00 0.00
0.00 0.00 0.00 0.00 0.00 0.00 0.00 0.00
0.00 0.00 0.00 0.00 0.00 0.00 0.00 0.01
0.00 0.00 0.00 0.00 0.00 0.00 0.00 0.01
0.00 0.00 0.00 0.00 0.00 0.00 0.00 0.00
0.00 0.00 0.00 0.00 0.00 0.00 0.00 0.00
0.00 0.01 0.00 0.00 0.00 0.00 0.00 0.00
0.00 0.00 0.00 0.00 0.00 0.00 0.00 0.00
0.00 0.00 0.00 0.00 0.00 0.00 0.00 0.00
0.00 0.00 0.00 0.00 0.00 0.00 0.00 0.00
0.00 0.00 0.00 0.00 0.00 0.00 0.00 0.00
0.00 0.00 0.00 0.00 0.00 0.00 0.00 0.00
0.00 0.00 0.00 0.00 0.00 0.00 0.00 0.00
0.00 0.00 0.00 0.00 0.00 0.00 0.00 0.00
0.00 0.01 0.00 0.00 0.00 0.00 0.00 0.00
0.00 0.00 0.00 0.00 0.00 0.00 0.00 0.00
0.00 0.00 0.00 0.00 0.00 0.00 0.00 0.00
0.00 0.01 0.00 0.00 0.00 0.00 0.00 0.00
0.00 0.01 0.00 0.00 0.00 0.00 0.00 0.00
0.00 0.00 0.00 0.00 0.00 0.00 0.00 0.00
0.00 0.00 0.00 0.00 0.00 0.00 0.00 0.00
0.00 0.00 0.00 0.00 0.00 0.00 0.00 0.00
0.00 0.00 0.00 0.00 0.00 0.00 0.01 0.00
0.00 0.00 0.00 0.00 0.00 0.00 0.00 0.00
0.00 0.01 0.00 0.00 0.00 0.00 0.00 0.00
0.00 0.00 0.00 0.00 0.00 0.00 0.00 0.00
0.01 0.02 0.01 0.00 0.00 0.00 0.01 0.01
0.00 0.00 0.00 0.00 0.00 0.00 0.00 0.00
0.01 0.03 0.00 0.00 0.00 0.00 0.01 0.00
0.00 0.01 0.00 0.00 0.00 0.00 0.00 0.00
0.03 0.13 0.01 0.01 0.01 0.01 0.02 0.02
0.00 0.04 0.00 0.00 0.00 0.00 0.00 0.01
0.03 0.14 0.01 0.00 0.01 0.01 0.02 0.00
0.08 0.48 0.01 0.00 0.03 0.03 0.02 0.01
0.01 0.09 0.00 0.00 0.00 0.01 0.00 0.00
0.08 0.52 0.01 0.00 0.03 0.03 0.01 0.00
0.06 0.36 0.01 0.00 0.02 0.03 0.01 0.00
0.10 0.64 0.01 0.00 0.04 0.05 0.02 0.01
0.10 0.62 0.01 0.00 0.05 0.06 0.03 0.02
0.11 0.74 0.01 0.00 0.06 0.07 0.03 0.01
0.08 0.48 0.01 0.00 0.05 0.05 0.03 0.02
0.09 0.45 0.02 0.01 0.05 0.06 0.05 0.05
0.12 0.61 0.02 0.01 0.06 0.07 0.05 0.06
0.04 0.27 0.00 0.00 0.03 0.04 0.01 0.01
0.04 0.25 0.01 0.00 0.03 0.04 0.02 0.01
0.04 0.27 0.00 0.00 0.04 0.05 0.01 0.01
0.03 0.24 0.00 0.00 0.04 0.05 0.01 0.01
0.03 0.23 0.00 0.00 0.04 0.06 0.01 0.00
0.01 0.12 0.00 0.00 0.02 0.04 0.01 0.01
0.02 0.18 0.00 0.00 0.03 0.05 0.01 0.01
0.00 0.02 0.00 0.00 0.00 0.01 0.00 0.01
0.00 0.02 0.00 0.00 0.00 0.01 0.01 0.00
0.00 0.02 0.00 0.00 0.00 0.00 0.00 0.01
0.01 0.04 0.00 0.00 0.01 0.01 0.01 0.02
0.00 0.02 0.00 0.00 0.00 0.01 0.01 0.00
0.00 0.01 0.00 0.00 0.00 0.00 0.00 0.00
0.03 0.13 0.02 0.00 0.05 0.05 0.09 0.02
0.01 0.03 0.01 0.00 0.01 0.01 0.03 0.01
0.00 0.02 0.00 0.00 0.01 0.01 0.01 0.00
0.01 0.02 0.01 0.00 0.01 0.01 0.03 0.00
0.00 0.02 0.00 0.00 0.00 0.01 0.01 0.00
0.01 0.04 0.00 0.00 0.01 0.01 0.01 0.00
0.00 0.02 0.00 0.00 0.01 0.01 0.01 0.01
0.00 0.02 0.00 0.00 0.01 0.01 0.02 0.00
0.01 0.03 0.00 0.00 0.01 0.01 0.01 0.01
0.01 0.05 0.00 0.00 0.01 0.02 0.01 0.00
0.01 0.03 0.00 0.00 0.01 0.01 0.01 0.01
0.01 0.06 0.00 0.00 0.01 0.02 0.01 0.00
0.01 0.04 0.00 0.00 0.01 0.01 0.00 0.00
0.01 0.07 0.00 0.00 0.03 0.03 0.02 0.01
0.02 0.12 0.00 0.00 0.05 0.05 0.04 0.03
0.02 0.11 0.00 0.00 0.03 0.04 0.03 0.01
0.04 0.20 0.01 0.00 0.07 0.07 0.07 0.04
0.03 0.18 0.01 0.00 0.04 0.04 0.03 0.02
0.03 0.21 0.00 0.00 0.05 0.06 0.03 0.03
0.04 0.29 0.00 0.00 0.06 0.08 0.03 0.01
0.05 0.33 0.00 0.00 0.08 0.09 0.04 0.06
0.07 0.49 0.01 0.00 0.12 0.14 0.07 0.02
0.07 0.48 0.01 0.00 0.17 0.21 0.09 0.04
0.09 0.57 0.01 0.00 0.24 0.29 0.10 0.12
0.03 0.19 0.00 0.00 0.07 0.10 0.03 0.02
0.05 0.37 0.01 0.00 0.12 0.17 0.04 0.02
0.14 0.94 0.01 0.00 0.38 0.53 0.13 0.09
0.10 0.70 0.01 0.00 0.36 0.50 0.09 0.05
0.10 0.69 0.01 0.00 0.38 0.51 0.12 0.07
0.17 1.19 0.01 0.00 0.54 0.71 0.16 0.15
0.15 0.98 0.02 0.00 0.39 0.50 0.15 0.10
0.15 0.97 0.02 0.00 0.38 0.45 0.20 0.12
0.13 0.84 0.02 0.00 0.41 0.51 0.19 0.12
0.12 0.83 0.01 0.00 0.35 0.47 0.09 0.10
0.11 0.75 0.02 0.00 0.37 0.46 0.17 0.05
0.12 0.78 0.01 0.00 0.37 0.47 0.16 0.07
0.11 0.70 0.02 0.00 0.37 0.46 0.20 0.10
0.06 0.38 0.01 0.00 0.22 0.29 0.08 0.07
0.09 0.50 0.02 0.00 0.27 0.34 0.17 0.06
0.12 0.79 0.02 0.00 0.27 0.38 0.13 0.01
0.11 0.71 0.02 0.00 0.17 0.25 0.08 0.02
0.13 0.87 0.01 0.00 0.13 0.22 0.04 0.01
0.12 0.77 0.02 0.00 0.08 0.15 0.04 0.00
0.10 0.65 0.01 0.00 0.06 0.11 0.03 0.01
0.07 0.46 0.01 0.00 0.04 0.07 0.02 0.00
0.09 0.63 0.01 0.00 0.04 0.09 0.02 0.00
0.08 0.38 0.03 0.01 0.04 0.06 0.05 0.01
0.05 0.33 0.01 0.00 0.03 0.06 0.02 0.00
0.03 0.16 0.00 0.00 0.02 0.04 0.01 0.00
0.05 0.32 0.01 0.00 0.03 0.07 0.02 0.00
0.03 0.19 0.01 0.00 0.02 0.05 0.03 0.00
0.01 0.04 0.00 0.00 0.00 0.01 0.00 0.00
0.01 0.06 0.00 0.01 0.01 0.03 0.00 0.01
0.02 0.08 0.00 0.01 0.02 0.03 0.01 0.02
0.08 0.26 0.01 0.07 0.13 0.15 0.04 0.20
0.08 0.20 0.01 0.09 0.12 0.12 0.06 0.21
0.09 0.23 0.00 0.13 0.11 0.10 0.02 0.30
0.07 0.24 0.00 0.07 0.11 0.13 0.02 0.18
0.05 0.18 0.01 0.04 0.11 0.14 0.03 0.13
0.06 0.21 0.01 0.06 0.12 0.14 0.04 0.18
0.05 0.15 0.00 0.04 0.11 0.13 0.03 0.16
0.04 0.15 0.01 0.02 0.10 0.12 0.07 0.11
0.04 0.14 0.01 0.02 0.05 0.06 0.03 0.05
0.01 0.03 0.00 0.01 0.02 0.01 0.01 0.05
0.08 0.19 0.05 0.03 0.06 0.05 0.10 0.07
0.04 0.14 0.01 0.02 0.04 0.04 0.03 0.05
0.02 0.06 0.01 0.02 0.02 0.01 0.02 0.06
0.05 0.13 0.02 0.03 0.04 0.03 0.05 0.07
0.01 0.04 0.00 0.01 0.01 0.01 0.01 0.03
0.02 0.06 0.01 0.01 0.02 0.01 0.02 0.04
0.00 0.01 0.00 0.00 0.00 0.00 0.01 0.00
0.00 0.02 0.00 0.00 0.00 0.01 0.00 0.01
0.00 0.02 0.00 0.00 0.00 0.01 0.00 0.01
0.02 0.05 0.00 0.01 0.02 0.02 0.01 0.05
0.01 0.06 0.00 0.00 0.02 0.03 0.02 0.02
0.02 0.05 0.01 0.01 0.02 0.02 0.03 0.08
0.03 0.10 0.02 0.01 0.06 0.05 0.09 0.06
0.02 0.06 0.01 0.01 0.04 0.04 0.05 0.06
0.02 0.07 0.01 0.00 0.03 0.03 0.06 0.04
0.04 0.11 0.02 0.01 0.06 0.05 0.10 0.09
0.01 0.02 0.01 0.01 0.01 0.01 0.04 0.05
0.04 0.15 0.02 0.01 0.06 0.05 0.11 0.07
0.01 0.05 0.01 0.01 0.02 0.01 0.03 0.04
0.03 0.11 0.01 0.01 0.04 0.03 0.05 0.09
0.02 0.05 0.02 0.01 0.03 0.01 0.07 0.08
0.05 0.11 0.03 0.02 0.05 0.03 0.10 0.10
0.02 0.03 0.01 0.02 0.02 0.01 0.06 0.08
0.03 0.07 0.01 0.02 0.02 0.01 0.04 0.08
0.01 0.01 0.00 0.01 0.01 0.00 0.00 0.05
0.01 0.02 0.00 0.02 0.01 0.00 0.02 0.09
0.01 0.02 0.00 0.02 0.01 0.00 0.01 0.06
0.00 0.00 0.00 0.00 0.00 0.00 0.01 0.03
0.00 0.00 0.00 0.00 0.00 0.00 0.01 0.01
0.00 0.01 0.00 0.00 0.00 0.00 0.01 0.01
0.00 0.00 0.00 0.00 0.00 0.00 0.01 0.00
0.00 0.00 0.00 0.00 0.00 0.00 0.01 0.00
0.00 0.00 0.00 0.00 0.00 0.00 0.01 0.00
0.00 0.00 0.00 0.00 0.00 0.00 0.00 0.01
0.00 0.00 0.00 0.00 0.00 0.00 0.00 0.00
0.00 0.00 0.00 0.00 0.00 0.00 0.00 0.01
0.00 0.00 0.00 0.00 0.00 0.00 0.00 0.00
0.00 0.00 0.00 0.00 0.00 0.00 0.00 0.00
0.00 0.00 0.00 0.00 0.00 0.00 0.01 0.00
0.00 0.00 0.00 0.00 0.00 0.00 0.00 0.00
0.00 0.01 0.00 0.00 0.00 0.00 0.00 0.00
0.00 0.00 0.00 0.00 0.00 0.00 0.00 0.00
0.00 0.00 0.00 0.00 0.00 0.00 0.00 0.01
0.00 0.00 0.00 0.00 0.00 0.00 0.01 0.00
0.00 0.00 0.00 0.00 0.00 0.00 0.00 0.00
0.00 0.01 0.00 0.00 0.00 0.00 0.00 0.00
0.00 0.00 0.00 0.00 0.00 0.00 0.00 0.01
0.00 0.00 0.00 0.00 0.00 0.00 0.00 0.01
0.00 0.00 0.00 0.00 0.00 0.00 0.00 0.01
0.00 0.00 0.00 0.00 0.00 0.00 0.00 0.01
0.00 0.00 0.00 0.00 0.00 0.00 0.01 0.00
0.00 0.00 0.00 0.00 0.00 0.00 0.00 0.00
0.00 0.00 0.00 0.00 0.00 0.00 0.00 0.01
0.00 0.00 0.00 0.00 0.00 0.00 0.00 0.01
0.00 0.00 0.00 0.00 0.00 0.00 0.00 0.01
0.00 0.00 0.00 0.00 0.00 0.00 0.00 0.02
0.00 0.01 0.00 0.00 0.00 0.00 0.00 0.01
0.00 0.00 0.00 0.00 0.00 0.00 0.00 0.01
0.00 0.00 0.00 0.00 0.00 0.00 0.00 0.02
0.00 0.00 0.00 0.00 0.00 0.00 0.00 0.02
0.00 0.00 0.00 0.00 0.00 0.00 0.01 0.02
0.00 0.02 0.00 0.00 0.00 0.00 0.00 0.01
0.01 0.07 0.00 0.00 0.02 0.01 0.02 0.03
0.02 0.15 0.00 0.00 0.02 0.03 0.01 0.04
0.05 0.33 0.01 0.00 0.05 0.06 0.03 0.05
0.07 0.49 0.01 0.00 0.06 0.07 0.05 0.01
0.03 0.20 0.00 0.00 0.02 0.03 0.01 0.00
0.09 0.67 0.00 0.00 0.09 0.12 0.02 0.03
0.06 0.55 0.00 0.00 0.06 0.09 0.00 0.01
0.14 0.97 0.01 0.00 0.17 0.20 0.07 0.13
0.06 0.46 0.00 0.00 0.09 0.12 0.02 0.05
0.05 0.38 0.01 0.00 0.07 0.08 0.04 0.03
0.07 0.44 0.01 0.00 0.09 0.10 0.04 0.04
0.06 0.36 0.02 0.00 0.08 0.08 0.07 0.06
0.10 0.56 0.03 0.00 0.14 0.15 0.13 0.12
0.08 0.43 0.02 0.00 0.12 0.13 0.13 0.10
0.12 0.62 0.03 0.00 0.18 0.18 0.20 0.16
0.05 0.32 0.01 0.00 0.09 0.10 0.05 0.05
0.03 0.22 0.00 0.00 0.06 0.08 0.03 0.03
0.05 0.34 0.01 0.00 0.10 0.14 0.04 0.01
0.03 0.15 0.00 0.00 0.05 0.07 0.02 0.09
0.03 0.14 0.00 0.00 0.04 0.05 0.03 0.03
0.02 0.08 0.00 0.00 0.02 0.03 0.01 0.03
0.01 0.06 0.00 0.00 0.01 0.02 0.01 0.00
0.01 0.05 0.00 0.00 0.01 0.02 0.01 0.02
0.00 0.03 0.00 0.00 0.00 0.01 0.00 0.00
0.00 0.03 0.00 0.00 0.00 0.01 0.01 0.01
0.00 0.03 0.00 0.00 0.00 0.01 0.00 0.00
0.02 0.09 0.01 0.00 0.04 0.04 0.06 0.03
0.01 0.02 0.00 0.00 0.01 0.01 0.01 0.01
0.00 0.01 0.00 0.00 0.00 0.00 0.00 0.00
0.00 0.03 0.00 0.00 0.01 0.01 0.01 0.00
0.04 0.18 0.01 0.00 0.05 0.07 0.05 0.01
0.01 0.04 0.00 0.00 0.01 0.01 0.02 0.01
0.01 0.04 0.00 0.00 0.01 0.01 0.01 0.01
0.04 0.18 0.01 0.00 0.05 0.06 0.03 0.02
0.01 0.07 0.01 0.00 0.02 0.03 0.03 0.01
0.02 0.12 0.01 0.00 0.03 0.04 0.03 0.01
0.03 0.14 0.01 0.00 0.04 0.05 0.03 0.02
0.04 0.19 0.01 0.00 0.04 0.06 0.02 0.02
0.03 0.17 0.01 0.00 0.03 0.05 0.02 0.01
0.03 0.16 0.01 0.00 0.03 0.05 0.02 0.01
0.05 0.21 0.01 0.01 0.06 0.07 0.04 0.03
0.10 0.46 0.03 0.01 0.11 0.17 0.09 0.03
0.04 0.16 0.01 0.02 0.04 0.05 0.02 0.06
0.05 0.23 0.01 0.01 0.04 0.06 0.02 0.02
0.02 0.11 0.01 0.00 0.03 0.05 0.02 0.01
0.04 0.16 0.01 0.01 0.05 0.08 0.04 0.02
0.01 0.07 0.00 0.00 0.01 0.03 0.00 0.01
0.02 0.08 0.00 0.01 0.02 0.03 0.01 0.01
0.00 0.01 0.00 0.01 0.00 0.00 0.00 0.02
0.01 0.03 0.00 0.01 0.01 0.01 0.01 0.01
0.00 0.00 0.00 0.00 0.00 0.00 0.00 0.01
0.01 0.02 0.00 0.00 0.00 0.00 0.01 0.00
0.01 0.01 0.01 0.00 0.00 0.00 0.01 0.00
0.00 0.00 0.00 0.00 0.00 0.00 0.00 0.00
0.00 0.00 0.00 0.00 0.00 0.00 0.00 0.00
0.00 0.00 0.00 0.00 0.00 0.00 0.00 0.00
0.00 0.00 0.00 0.00 0.00 0.00 0.00 0.00
0.00 0.00 0.00 0.00 0.00 0.00 0.00 0.00
0.00 0.00 0.00 0.00 0.00 0.00 0.00 0.00
0.00 0.00 0.00 0.00 0.00 0.00 0.00 0.00
0.00 0.00 0.00 0.00 0.00 0.00 0.00 0.00
0.00 0.00 0.00 0.00 0.00 0.00 0.00 0.00
0.00 0.01 0.00 0.00 0.00 0.00 0.00 0.00
0.00 0.00 0.00 0.00 0.00 0.00 0.00 0.00
0.00 0.00 0.00 0.00 0.00 0.00 0.00 0.00
0.00 0.01 0.01 0.00 0.00 0.00 0.00 0.00
0.00 0.01 0.00 0.00 0.00 0.00 0.00 0.00
0.00 0.01 0.00 0.00 0.00 0.00 0.00 0.00
0.00 0.00 0.00 0.00 0.00 0.00 0.00 0.00
0.00 0.00 0.00 0.00 0.00 0.00 0.00 0.00
0.00 0.00 0.00 0.00 0.00 0.00 0.00 0.00
0.00 0.00 0.00 0.00 0.00 0.00 0.00 0.00
0.00 0.00 0.00 0.00 0.00 0.00 0.00 0.00
0.00 0.00 0.00 0.00 0.00 0.00 0.00 0.00
0.00 0.00 0.00 0.00 0.00 0.00 0.00 0.00
0.00 0.00 0.00 0.00 0.00 0.00 0.00 0.00
0.00 0.00 0.00 0.00 0.00 0.00 0.00 0.00
0.00 0.00 0.00 0.00 0.00 0.00 0.00 0.00
0.00 0.00 0.00 0.00 0.00 0.00 0.00 0.00
0.00 0.00 0.00 0.00 0.00 0.00 0.00 0.00
0.00 0.00 0.00 0.00 0.00 0.00 0.00 0.00
0.00 0.00 0.00 0.00 0.00 0.00 0.00 0.00
0.00 0.00 0.00 0.00 0.00 0.00 0.00 0.00
0.00 0.00 0.00 0.00 0.00 0.00 0.00 0.00
0.00 0.00 0.00 0.00 0.00 0.00 0.00 0.00
0.00 0.00 0.00 0.00 0.00 0.00 0.00 0.00
0.00 0.00 0.00 0.00 0.00 0.00 0.00 0.00
0.00 0.00 0.00 0.00 0.00 0.00 0.00 0.00
0.00 0.00 0.00 0.00 0.00 0.00 0.00 0.00
0.00 0.00 0.00 0.00 0.00 0.00 0.00 0.00
0.00 0.00 0.00 0.00 0.00 0.00 0.00 0.00
0.00 0.00 0.00 0.00 0.00 0.00 0.00 0.00
0.00 0.00 0.00 0.00 0.00 0.00 0.00 0.00
0.00 0.00 0.00 0.00 0.00 0.00 0.00 0.00
0.00 0.00 0.00 0.00 0.00 0.00 0.00 0.00
0.00 0.00 0.00 0.00 0.00 0.00 0.00 0.00
0.00 0.00 0.00 0.00 0.00 0.00 0.00 0.00
0.00 0.00 0.00 0.00 0.00 0.00 0.00 0.00
0.00 0.00 0.00 0.00 0.00 0.00 0.00 0.00
0.00 0.00 0.00 0.00 0.00 0.00 0.00 0.00
0.00 0.00 0.00 0.00 0.00 0.00 0.00 0.00
0.00 0.00 0.00 0.00 0.00 0.00 0.00 0.00
0.00 0.00 0.00 0.00 0.00 0.00 0.00 0.00
0.00 0.00 0.00 0.00 0.00 0.00 0.00 0.00
0.00 0.00 0.00 0.00 0.00 0.00 0.00 0.00
0.00 0.00 0.00 0.00 0.00 0.00 0.00 0.00
0.00 0.00 0.00 0.00 0.00 0.00 0.00 0.00
0.00 0.00 0.00 0.00 0.00 0.00 0.00 0.00
0.00 0.00 0.00 0.00 0.00 0.00 0.00 0.00
0.00 0.00 0.00 0.00 0.00 0.00 0.00 0.00
0.00 0.00 0.00 0.00 0.00 0.00 0.00 0.00
0.00 0.00 0.00 0.00 0.00 0.00 0.00 0.00
0.00 0.00 0.00 0.00 0.00 0.00 0.00 0.00
0.00 0.00 0.00 0.00 0.00 0.00 0.00 0.00
0.00 0.00 0.00 0.00 0.00 0.00 0.00 0.00
0.00 0.00 0.00 0.00 0.00 0.00 0.00 0.00
0.00 0.00 0.00 0.00 0.00 0.00 0.00 0.00
0.00 0.00 0.00 0.00 0.00 0.00 0.00 0.00
0.00 0.00 0.00 0.00 0.00 0.00 0.00 0.00
0.00 0.00 0.00 0.00 0.00 0.00 0.00 0.00
0.00 0.00 0.00 0.00 0.00 0.00 0.00 0.00
0.00 0.00 0.00 0.00 0.00 0.00 0.00 0.00
0.00 0.00 0.00 0.00 0.00 0.00 0.00 0.00
0.00 0.00 0.00 0.00 0.00 0.00 0.00 0.00
0.00 0.00 0.00 0.00 0.00 0.00 0.00 0.00
0.00 0.00 0.00 0.00 0.00 0.00 0.00 0.00
0.00 0.00 0.00 0.00 0.00 0.00 0.00 0.00
0.00 0.00 0.00 0.00 0.00 0.00 0.00 0.00
0.00 0.00 0.00 0.00 0.00 0.00 0.00 0.00
0.00 0.00 0.00 0.00 0.00 0.00 0.00 0.00
0.00 0.00 0.00 0.00 0.00 0.00 0.00 0.00
0.00 0.00 0.00 0.00 0.00 0.00 0.00 0.00
0.00 0.00 0.00 0.00 0.00 0.00 0.00 0.00
0.00 0.00 0.00 0.00 0.00 0.00 0.00 0.00
0.00 0.00 0.00 0.00 0.00 0.00 0.00 0.00
0.00 0.00 0.00 0.00 0.00 0.00 0.00 0.00
0.00 0.00 0.00 0.00 0.00 0.00 0.00 0.00
0.00 0.00 0.00 0.00 0.00 0.00 0.00 0.00
