5.99 12.66 3.14 2.17 40.36 37.11 43.17 44.77
6.34 13.68 3.03 2.31 40.11 36.77 43.32 44.50
6.43 14.04 3.05 2.19 40.05 36.66 43.29 44.72
6.44 14.14 3.04 2.15 40.04 36.63 43.30 44.80
6.49 14.09 3.18 2.19 40.01 36.64 43.10 44.73
6.86 15.00 3.21 2.37 39.77 36.37 43.07 44.39
7.01 15.25 3.38 2.40 39.67 36.30 42.85 44.33
7.51 16.47 3.56 2.51 39.37 35.96 42.62 44.14
6.43 13.99 3.14 2.15 40.05 36.67 43.16 44.81
7.17 15.57 3.35 2.60 39.57 36.21 42.88 43.98
7.25 15.82 3.30 2.64 39.53 36.14 42.95 43.91
6.88 15.36 3.03 2.25 39.75 36.27 43.32 44.60
6.74 14.97 3.04 2.20 39.85 36.38 43.30 44.70
7.87 17.56 3.68 2.38 39.17 35.69 42.47 44.37
7.58 17.24 3.18 2.32 39.33 35.77 43.10 44.48
8.00 18.16 3.44 2.39 39.10 35.54 42.77 44.35
7.34 16.60 3.27 2.16 39.47 35.93 42.99 44.79
7.27 16.67 3.19 1.96 39.51 35.91 43.10 45.22
6.43 14.74 2.82 1.72 40.05 36.45 43.63 45.77
6.42 14.79 2.75 1.73 40.05 36.43 43.73 45.76
6.33 14.34 2.86 1.78 40.12 36.57 43.57 45.62
6.00 13.55 2.61 1.85 40.35 36.81 43.97 45.44
6.21 13.77 2.88 1.98 40.20 36.74 43.54 45.17
5.86 12.90 2.85 1.85 40.45 37.02 43.59 45.46
5.01 11.07 2.39 1.57 41.13 37.69 44.34 46.16
4.74 10.58 2.22 1.44 41.37 37.89 44.66 46.55
4.21 9.32 1.95 1.35 41.89 38.44 45.24 46.82
4.06 9.10 1.90 1.18 42.04 38.54 45.33 47.43
3.81 8.46 1.83 1.13 42.32 38.85 45.51 47.59
4.08 8.94 2.04 1.25 42.03 38.62 45.03 47.15
3.75 7.93 2.06 1.27 42.41 39.18 45.00 47.09
3.85 8.00 2.05 1.50 42.31 39.16 45.03 46.39
4.10 8.48 2.22 1.61 42.03 38.88 44.68 46.07
4.14 8.47 2.29 1.64 41.99 38.89 44.54 45.99
3.66 7.35 2.11 1.50 42.53 39.51 44.89 46.38
3.31 6.63 1.91 1.39 42.94 39.94 45.32 46.69
3.65 7.33 2.14 1.48 42.53 39.51 44.84 46.43
3.17 6.32 1.86 1.32 43.13 40.14 45.43 46.93
3.28 6.50 1.99 1.37 42.98 40.02 45.16 46.76
3.71 7.38 2.13 1.61 42.46 39.47 44.86 46.07
3.95 8.00 2.23 1.62 42.19 39.13 44.66 46.04
3.49 7.10 1.96 1.42 42.71 39.65 45.21 46.62
3.46 7.25 1.89 1.26 42.76 39.56 45.37 47.14
3.31 7.13 1.78 1.04 42.95 39.64 45.64 47.98
3.22 7.01 1.76 0.90 43.08 39.72 45.67 48.58
3.20 7.04 1.69 0.88 43.12 39.72 45.87 48.69
3.11 6.82 1.70 0.81 43.24 39.86 45.82 49.05
2.91 6.42 1.61 0.72 43.52 40.10 46.08 49.56
2.97 6.66 1.54 0.70 43.47 39.99 46.26 49.70
2.77 6.30 1.43 0.57 43.80 40.25 46.61 50.62
2.69 6.14 1.46 0.46 43.95 40.40 46.53 51.51
2.78 6.39 1.44 0.51 43.79 40.22 46.57 51.08
3.17 7.32 1.61 0.57 43.23 39.64 46.08 50.53
3.15 7.37 1.59 0.50 43.26 39.62 46.16 51.16
3.24 7.57 1.58 0.57 43.14 39.50 46.17 50.61
2.99 7.08 1.40 0.49 43.49 39.78 46.69 51.18
3.18 7.61 1.41 0.52 43.25 39.51 46.67 51.00
2.94 6.97 1.35 0.50 43.62 39.92 46.89 51.19
2.59 6.04 1.20 0.51 44.19 40.56 47.41 51.05
2.56 5.87 1.26 0.55 44.21 40.66 47.19 50.75
2.33 5.11 1.34 0.51 44.48 41.06 46.85 51.04
2.40 5.21 1.47 0.51 44.34 40.97 46.46 51.07
2.01 4.26 1.27 0.52 45.09 41.84 47.10 51.00
1.82 4.02 1.09 0.37 45.53 42.09 47.79 52.50
1.80 3.95 1.08 0.36 45.59 42.17 47.81 52.50
1.92 4.28 1.09 0.37 45.32 41.83 47.74 52.45
2.07 4.47 1.21 0.53 44.98 41.64 47.28 50.92
2.22 4.88 1.27 0.49 44.68 41.25 47.09 51.21
1.92 4.14 1.15 0.47 45.31 41.97 47.54 51.43
1.94 4.27 1.13 0.40 45.27 41.83 47.59 52.14
1.92 4.21 1.18 0.37 45.30 41.89 47.41 52.41
1.82 4.00 1.10 0.37 45.54 42.13 47.72 52.43
1.99 4.28 1.20 0.49 45.15 41.82 47.35 51.23
1.87 3.99 1.15 0.47 45.42 42.13 47.53 51.40
1.89 4.03 1.16 0.48 45.37 42.08 47.51 51.33
2.53 5.14 1.67 0.76 44.12 41.03 45.90 49.30
3.28 6.27 2.17 1.41 42.97 40.16 44.77 46.66
4.07 7.64 2.52 2.05 42.04 39.30 44.11 45.01
4.74 8.86 2.64 2.74 41.37 38.66 43.91 43.75
5.59 10.09 3.02 3.65 40.66 38.09 43.33 42.50
5.71 9.99 3.40 3.76 40.56 38.14 42.82 42.39
5.86 9.95 3.44 4.20 40.45 38.16 42.77 41.90
5.90 10.17 3.29 4.25 40.42 38.06 42.96 41.85
5.42 9.06 2.78 4.41 40.79 38.56 43.70 41.69
4.76 7.95 2.77 3.56 41.36 39.13 43.70 42.62
5.11 8.41 2.80 4.12 41.05 38.88 43.66 41.98
5.12 8.16 2.77 4.42 41.04 39.02 43.70 41.68
4.80 7.57 2.53 4.31 41.32 39.34 44.10 41.79
4.03 6.44 2.30 3.36 42.08 40.04 44.52 42.86
4.21 6.63 2.42 3.58 41.89 39.92 44.29 42.59
3.54 6.08 2.02 2.53 42.66 40.32 45.09 44.12
3.87 6.39 2.21 3.02 42.27 40.10 44.70 43.36
3.85 6.39 2.19 2.96 42.30 40.09 44.72 43.46
3.58 6.08 2.02 2.66 42.61 40.32 45.08 43.92
3.32 5.43 1.98 2.56 42.94 40.81 45.17 44.07
2.92 4.83 1.62 2.30 43.50 41.32 46.04 44.55
3.17 5.27 1.86 2.39 43.14 40.94 45.44 44.38
3.43 5.72 2.16 2.41 42.80 40.59 44.81 44.34
3.94 6.97 2.40 2.46 42.18 39.71 44.33 44.23
4.42 7.94 2.63 2.69 41.68 39.14 43.94 43.84
4.58 8.20 2.92 2.60 41.54 39.00 43.49 43.99
4.82 8.80 2.81 2.85 41.31 38.69 43.64 43.59
4.59 8.65 2.70 2.41 41.52 38.76 43.82 44.31
5.19 9.80 3.07 2.71 40.98 38.23 43.27 43.80
4.78 9.20 2.87 2.27 41.34 38.49 43.56 44.57
4.70 9.00 2.99 2.12 41.41 38.59 43.38 44.88
4.59 8.75 2.88 2.15 41.51 38.71 43.54 44.81
4.31 8.24 2.76 1.92 41.79 38.97 43.71 45.30
4.26 8.36 2.60 1.83 41.83 38.91 43.98 45.50
3.92 7.92 2.28 1.57 42.20 39.14 44.56 46.17
3.36 6.60 2.01 1.45 42.88 39.94 45.10 46.50
3.63 7.20 2.09 1.59 42.54 39.55 44.93 46.12
3.13 6.17 1.91 1.32 43.18 40.23 45.32 46.93
3.15 6.14 1.88 1.43 43.15 40.25 45.40 46.58
3.23 6.50 1.89 1.31 43.04 40.00 45.38 46.97
3.79 7.40 2.18 1.78 42.35 39.44 44.75 45.63
3.79 7.62 2.13 1.63 42.35 39.32 44.86 46.01
4.29 8.62 2.34 1.90 41.81 38.78 44.45 45.35
3.95 7.98 2.19 1.69 42.16 39.11 44.73 45.86
4.49 9.01 2.42 2.05 41.61 38.59 44.29 45.02
3.68 7.23 2.07 1.73 42.48 39.54 44.98 45.75
4.48 8.91 2.44 2.09 41.62 38.63 44.27 44.94
4.28 8.64 2.19 2.01 41.82 38.77 44.72 45.11
4.68 9.52 2.36 2.16 41.43 38.35 44.40 44.78
4.56 9.27 2.44 1.96 41.54 38.46 44.25 45.22
4.80 9.78 2.37 2.25 41.32 38.23 44.39 44.62
4.61 9.54 2.34 1.96 41.49 38.33 44.44 45.21
4.71 9.96 2.36 1.81 41.40 38.15 44.40 45.54
4.56 9.95 2.20 1.52 41.54 38.15 44.70 46.31
4.78 10.76 2.17 1.40 41.34 37.81 44.77 46.67
4.65 10.48 2.03 1.43 41.46 37.93 45.06 46.57
5.03 11.47 2.20 1.43 41.11 37.54 44.70 46.58
5.67 12.97 2.55 1.48 40.60 37.00 44.06 46.42
5.98 13.71 2.45 1.79 40.36 36.76 44.25 45.60
6.89 15.90 2.78 2.00 39.75 36.12 43.70 45.12
7.11 16.30 2.91 2.12 39.61 36.01 43.49 44.86
7.47 17.00 3.32 2.08 39.40 35.82 42.92 44.95
7.91 18.17 3.47 2.08 39.15 35.54 42.73 44.94
8.10 18.76 3.54 2.01 39.04 35.40 42.64 45.10
8.19 19.25 3.42 1.89 39.00 35.29 42.79 45.36
8.41 19.86 3.51 1.86 38.88 35.15 42.68 45.44
8.67 20.36 3.55 2.09 38.75 35.04 42.63 44.93
8.04 19.17 3.13 1.81 39.08 35.30 43.17 45.55
6.85 16.42 2.51 1.61 39.77 35.98 44.13 46.06
6.28 15.14 2.40 1.29 40.15 36.33 44.32 47.04
6.06 14.91 2.21 1.06 40.31 36.40 44.70 47.86
5.26 13.04 1.95 0.78 40.92 36.98 45.23 49.20
5.48 13.83 1.98 0.63 40.74 36.72 45.16 50.11
5.05 12.63 1.93 0.59 41.10 37.12 45.28 50.41
5.65 14.40 1.99 0.57 40.61 36.55 45.16 50.53
5.04 12.45 2.08 0.60 41.12 37.20 44.96 50.34
5.26 13.13 2.06 0.58 40.94 36.97 44.99 50.48
5.07 12.70 1.96 0.56 41.09 37.11 45.21 50.67
5.02 12.67 1.89 0.49 41.16 37.14 45.37 51.27
4.97 12.53 1.91 0.49 41.19 37.19 45.33 51.24
4.66 11.63 1.87 0.49 41.47 37.51 45.44 51.25
4.69 11.61 1.90 0.57 41.43 37.51 45.35 50.54
4.91 12.11 2.00 0.62 41.24 37.32 45.13 50.18
4.62 11.43 1.86 0.56 41.52 37.59 45.46 50.65
4.19 10.35 1.65 0.58 41.93 38.01 45.97 50.51
4.06 10.01 1.62 0.56 42.08 38.16 46.05 50.70
3.88 9.51 1.65 0.47 42.28 38.39 45.97 51.42
3.80 9.19 1.70 0.49 42.37 38.53 45.84 51.21
3.77 9.14 1.73 0.45 42.39 38.55 45.77 51.64
4.16 9.94 1.99 0.56 41.96 38.18 45.16 50.62
4.53 10.80 2.15 0.64 41.59 37.82 44.81 50.08
4.26 10.13 2.04 0.61 41.85 38.09 45.05 50.27
3.87 9.27 1.77 0.57 42.27 38.47 45.64 50.62
3.93 9.43 1.81 0.54 42.20 38.40 45.55 50.78
3.67 8.78 1.71 0.50 42.51 38.72 45.82 51.12
3.29 7.73 1.59 0.54 42.97 39.26 46.11 50.80
3.44 8.07 1.67 0.57 42.78 39.08 45.90 50.56
3.53 8.16 1.72 0.70 42.67 39.02 45.78 49.70
3.65 8.35 1.88 0.73 42.52 38.94 45.40 49.48
3.26 7.36 1.73 0.68 43.02 39.47 45.75 49.85
3.14 7.15 1.63 0.64 43.18 39.60 46.02 50.10
3.14 7.15 1.67 0.61 43.18 39.60 45.93 50.32
2.85 6.48 1.49 0.59 43.59 40.04 46.41 50.42
2.97 6.67 1.51 0.71 43.42 39.90 46.34 49.60
2.95 6.28 1.60 0.96 43.44 40.15 46.08 48.32
2.98 6.30 1.62 1.03 43.38 40.14 46.03 48.01
3.32 6.97 1.85 1.14 42.92 39.70 45.47 47.55
3.51 7.34 1.90 1.27 42.69 39.48 45.34 47.08
3.67 7.59 2.01 1.41 42.49 39.33 45.10 46.65
3.63 7.34 2.10 1.44 42.54 39.48 44.92 46.55
3.38 6.74 1.97 1.43 42.84 39.85 45.19 46.58
3.47 6.78 2.08 1.55 42.73 39.82 44.96 46.23
3.21 6.18 1.97 1.47 43.08 40.23 45.20 46.47
3.33 6.45 2.01 1.53 42.91 40.03 45.11 46.30
3.60 7.07 2.09 1.64 42.57 39.64 44.93 45.99
3.53 6.90 2.03 1.67 42.65 39.74 45.06 45.92
3.60 7.12 2.05 1.64 42.57 39.61 45.03 45.99
3.44 6.85 1.99 1.49 42.77 39.78 45.15 46.41
3.27 6.46 1.94 1.41 42.99 40.03 45.25 46.64
3.43 6.73 2.07 1.51 42.78 39.86 44.98 46.36
3.47 6.73 2.22 1.44 42.74 39.85 44.66 46.54
3.46 6.63 2.12 1.63 42.74 39.92 44.87 46.01
3.49 6.48 2.18 1.83 42.70 40.02 44.75 45.52
3.40 6.38 2.04 1.78 42.82 40.09 45.04 45.63
3.61 6.89 2.11 1.85 42.56 39.76 44.89 45.48
3.45 6.52 2.04 1.80 42.75 39.99 45.03 45.58
3.65 6.79 2.15 2.02 42.51 39.82 44.81 45.10
3.52 6.25 2.10 2.20 42.68 40.18 44.91 44.73
3.75 6.62 2.23 2.41 42.39 39.93 44.65 44.32
4.12 7.09 2.91 2.37 41.99 39.64 43.52 44.39
4.47 7.67 3.03 2.71 41.65 39.30 43.36 43.83
3.62 6.13 2.13 2.61 42.55 40.26 44.84 43.99
3.36 5.47 1.99 2.61 42.88 40.77 45.14 43.98
3.80 6.18 2.41 2.81 42.35 40.24 44.32 43.66
4.48 7.27 3.01 3.16 41.63 39.53 43.35 43.15
4.04 6.55 2.79 2.79 42.08 39.98 43.68 43.70
4.54 7.39 2.93 3.29 41.58 39.46 43.47 43.01
4.58 7.46 2.94 3.34 41.55 39.43 43.45 42.96
4.88 8.18 3.04 3.42 41.29 39.05 43.33 42.86
4.74 8.02 2.92 3.27 41.40 39.11 43.49 43.06
4.80 8.07 2.84 3.48 41.36 39.09 43.60 42.80
5.24 9.05 3.09 3.58 40.98 38.60 43.25 42.70
5.37 9.04 3.34 3.73 40.88 38.61 42.91 42.52
5.32 8.97 3.51 3.48 40.90 38.62 42.70 42.77
5.49 9.09 3.58 3.80 40.79 38.59 42.64 42.42
5.55 9.33 3.59 3.75 40.73 38.47 42.61 42.50
5.67 9.62 3.78 3.60 40.62 38.32 42.37 42.64
5.35 9.16 3.57 3.34 40.86 38.53 42.62 42.94
6.65 11.62 4.09 4.25 39.92 37.49 42.03 41.90
7.43 12.77 4.73 4.79 39.44 37.08 41.39 41.37
8.58 14.87 5.20 5.66 38.81 36.42 40.98 40.65
8.41 15.28 5.04 4.90 38.89 36.30 41.10 41.25
9.60 17.52 5.82 5.48 38.32 35.70 40.51 40.77
11.16 20.81 6.47 6.20 37.67 34.96 40.04 40.22
11.38 21.45 6.31 6.39 37.57 34.82 40.14 40.08
11.03 20.97 6.34 5.77 37.72 34.92 40.12 40.53
10.98 21.07 6.08 5.78 37.73 34.90 40.29 40.52
11.56 21.77 6.21 6.70 37.51 34.76 40.21 39.92
10.60 20.74 5.29 5.77 37.88 34.96 40.89 40.54
9.64 18.75 5.01 5.17 38.30 35.41 41.14 41.03
9.15 18.40 4.72 4.33 38.52 35.48 41.39 41.78
9.01 18.23 4.64 4.15 38.59 35.52 41.47 41.96
7.90 16.02 4.01 3.67 39.16 36.08 42.10 42.49
7.76 16.06 4.05 3.18 39.23 36.07 42.06 43.11
7.36 15.23 3.96 2.89 39.46 36.31 42.16 43.53
5.67 11.65 3.23 2.12 40.63 37.51 43.05 44.89
6.63 13.98 3.61 2.30 39.97 36.74 42.58 44.53
5.96 12.45 3.30 2.13 40.42 37.23 42.97 44.87
6.57 14.19 3.31 2.22 40.07 36.75 43.00 44.77
5.50 11.94 2.89 1.68 40.76 37.40 43.54 45.92
6.06 13.16 2.98 2.04 40.39 37.04 43.44 45.11
5.51 11.73 2.87 1.93 40.78 37.50 43.60 45.33
5.26 11.43 2.73 1.63 40.97 37.61 43.81 46.04
4.74 10.27 2.48 1.47 41.40 38.05 44.21 46.49
4.86 10.65 2.42 1.51 41.30 37.90 44.32 46.38
5.42 11.87 2.74 1.66 40.83 37.43 43.78 45.96
4.99 10.82 2.58 1.58 41.18 37.83 44.03 46.18
4.23 9.07 2.27 1.35 41.89 38.59 44.58 46.83
4.83 10.40 2.52 1.59 41.32 38.00 44.14 46.14
4.73 10.28 2.44 1.48 41.41 38.05 44.28 46.44
4.31 9.33 2.19 1.41 41.81 38.46 44.73 46.64
4.04 8.72 2.09 1.32 42.09 38.75 44.95 46.94
4.09 8.70 2.15 1.41 42.04 38.76 44.82 46.66
4.06 8.58 2.12 1.50 42.06 38.83 44.88 46.38
4.02 8.37 2.11 1.57 42.11 38.93 44.89 46.20
3.84 7.94 2.09 1.49 42.31 39.16 44.95 46.41
3.65 7.56 1.96 1.45 42.52 39.37 45.22 46.53
3.45 7.15 1.83 1.36 42.77 39.60 45.52 46.80
3.06 6.26 1.72 1.19 43.28 40.18 45.77 47.36
3.45 7.21 1.88 1.25 42.76 39.56 45.38 47.16
3.35 7.01 1.83 1.19 42.90 39.69 45.51 47.39
3.91 8.28 2.03 1.42 42.22 38.97 45.05 46.61
3.77 7.86 2.04 1.40 42.39 39.19 45.04 46.67
4.06 8.59 2.10 1.48 42.07 38.82 44.92 46.44
4.25 8.99 2.22 1.55 41.86 38.62 44.67 46.25
3.87 8.14 2.07 1.39 42.29 39.06 44.98 46.71
4.01 8.51 2.12 1.38 42.14 38.88 44.89 46.75
3.90 8.38 2.04 1.27 42.26 38.94 45.04 47.11
3.58 7.77 1.89 1.07 42.64 39.28 45.39 47.87
3.21 7.03 1.71 0.90 43.10 39.72 45.81 48.60
3.34 7.48 1.63 0.92 42.93 39.46 46.02 48.50
3.41 7.59 1.66 0.98 42.87 39.41 45.97 48.22
3.54 7.88 1.73 1.01 42.69 39.22 45.77 48.11
3.58 7.97 1.70 1.07 42.65 39.18 45.86 47.87
3.89 8.60 1.78 1.28 42.28 38.85 45.63 47.09
4.04 8.80 1.89 1.42 42.11 38.74 45.39 46.63
4.37 9.49 2.13 1.49 41.77 38.42 44.88 46.39
4.51 9.90 2.21 1.42 41.64 38.25 44.70 46.62
4.89 10.64 2.47 1.56 41.27 37.91 44.22 46.20
5.91 12.81 2.93 1.99 40.48 37.14 43.49 45.16
6.16 13.51 2.95 2.01 40.27 36.88 43.43 45.11
6.58 14.55 3.15 2.03 40.01 36.58 43.19 45.07
6.82 15.16 3.17 2.13 39.84 36.39 43.15 44.86
7.90 17.43 3.77 2.52 39.21 35.79 42.41 44.16
7.68 17.05 3.63 2.36 39.34 35.88 42.58 44.44
7.44 16.28 3.67 2.37 39.50 36.12 42.54 44.44
7.50 16.80 3.52 2.19 39.43 35.94 42.69 44.77
7.31 16.41 3.37 2.15 39.55 36.05 42.88 44.85
6.76 15.04 3.16 2.06 39.90 36.43 43.17 45.03
6.22 13.48 3.08 2.09 40.24 36.89 43.26 44.95
6.41 13.75 3.11 2.36 40.10 36.79 43.22 44.43
6.30 13.18 3.27 2.45 40.18 36.98 43.02 44.26
6.19 12.67 3.33 2.57 40.26 37.15 42.94 44.08
5.82 12.03 2.95 2.47 40.54 37.39 43.47 44.24
5.91 11.93 3.08 2.71 40.45 37.40 43.27 43.83
5.81 11.83 3.25 2.34 40.51 37.42 43.03 44.45
6.13 13.00 3.16 2.24 40.27 37.02 43.14 44.65
6.09 13.04 3.08 2.16 40.33 37.03 43.26 44.81
5.64 12.02 2.86 2.06 40.66 37.39 43.58 45.03
5.91 12.57 3.12 2.06 40.45 37.18 43.20 45.02
5.90 12.69 2.93 2.07 40.47 37.15 43.49 45.01
6.04 13.03 2.95 2.14 40.36 37.03 43.46 44.85
6.44 14.14 3.04 2.15 40.11 36.70 43.37 44.86
5.61 12.11 2.81 1.92 40.69 37.36 43.68 45.34
6.19 13.42 2.92 2.22 40.26 36.89 43.50 44.71
5.92 12.80 2.81 2.17 40.46 37.12 43.69 44.86
5.98 13.15 2.74 2.05 40.40 36.98 43.78 45.07
5.58 12.19 2.64 1.91 40.73 37.35 43.94 45.38
6.00 13.08 2.93 2.01 40.41 37.03 43.52 45.17
6.36 14.07 2.99 2.03 40.16 36.71 43.43 45.13
6.23 13.83 2.85 1.99 40.23 36.77 43.61 45.18
6.18 13.55 2.98 1.99 40.25 36.84 43.41 45.16
5.91 13.18 2.83 1.72 40.44 36.96 43.63 45.81
5.33 12.01 2.47 1.52 40.89 37.37 44.22 46.36
5.05 11.34 2.37 1.42 41.13 37.61 44.39 46.64
4.96 11.00 2.34 1.55 41.22 37.78 44.48 46.26
4.86 10.55 2.36 1.68 41.29 37.93 44.42 45.93
4.95 10.59 2.56 1.69 41.22 37.92 44.08 45.88
4.63 9.94 2.38 1.57 41.50 38.18 44.38 46.21
4.25 9.18 2.14 1.43 41.86 38.52 44.83 46.59
3.90 8.39 2.01 1.31 42.24 38.92 45.12 46.99
3.52 7.60 1.77 1.19 42.69 39.34 45.68 47.39
3.27 7.11 1.67 1.04 43.00 39.63 45.92 47.96
3.07 6.65 1.58 0.97 43.28 39.92 46.14 48.26
3.32 7.13 1.73 1.11 42.93 39.61 45.77 47.68
3.11 6.41 1.73 1.18 43.21 40.06 45.74 47.40
3.47 7.05 1.90 1.47 42.72 39.65 45.34 46.46
3.58 7.47 1.87 1.40 42.59 39.40 45.42 46.68
3.64 7.55 1.94 1.42 42.52 39.35 45.25 46.60
3.34 6.72 1.89 1.41 42.89 39.86 45.36 46.65
3.13 6.24 1.84 1.31 43.17 40.18 45.49 46.95
3.32 6.63 1.92 1.40 42.92 39.92 45.29 46.68
3.06 5.95 1.92 1.30 43.27 40.39 45.29 46.98
2.78 5.50 1.72 1.11 43.70 40.73 45.77 47.69
3.40 6.80 1.97 1.43 42.81 39.81 45.18 46.57
3.32 6.63 1.99 1.34 42.92 39.92 45.14 46.88
3.39 6.84 1.93 1.41 42.83 39.78 45.28 46.64
2.85 5.88 1.64 1.04 43.58 40.44 45.98 47.98
2.93 6.22 1.61 0.96 43.47 40.20 46.05 48.33
2.71 5.82 1.50 0.81 43.81 40.49 46.38 49.07
2.62 5.58 1.49 0.79 43.95 40.67 46.41 49.14
2.62 5.64 1.49 0.72 43.96 40.63 46.40 49.54
2.57 5.56 1.43 0.71 44.05 40.69 46.60 49.64
2.42 5.29 1.33 0.64 44.30 40.91 46.89 50.09
2.20 4.88 1.19 0.53 44.72 41.26 47.39 50.87
2.07 4.65 1.14 0.42 44.98 41.48 47.58 51.85
2.08 4.66 1.14 0.44 44.96 41.47 47.55 51.73
2.35 5.25 1.32 0.47 44.44 40.94 46.94 51.42
2.56 5.76 1.40 0.51 44.07 40.54 46.67 51.08
2.42 5.43 1.36 0.49 44.29 40.80 46.79 51.27
2.51 5.73 1.29 0.52 44.15 40.57 47.04 51.00
2.30 5.22 1.22 0.46 44.53 40.98 47.27 51.51
2.29 5.19 1.21 0.48 44.54 41.00 47.32 51.34
1.85 4.12 0.98 0.45 45.48 42.01 48.22 51.59
1.81 3.91 1.03 0.48 45.57 42.23 48.00 51.30
2.10 4.58 1.25 0.48 44.91 41.53 47.17 51.30
2.13 4.59 1.30 0.50 44.86 41.53 47.01 51.13
1.77 3.72 1.12 0.48 45.66 42.44 47.64 51.37
1.59 3.47 0.98 0.33 46.12 42.75 48.22 53.01
1.56 3.41 0.95 0.32 46.23 42.84 48.38 53.04
1.59 3.50 0.95 0.31 46.15 42.72 48.37 53.26
1.91 4.08 1.17 0.47 45.35 42.05 47.47 51.40
1.87 4.04 1.12 0.45 45.44 42.10 47.65 51.63
1.65 3.48 1.04 0.43 45.98 42.75 47.99 51.77
1.72 3.71 1.06 0.39 45.79 42.46 47.87 52.22
1.62 3.51 1.02 0.34 46.06 42.73 48.05 52.77
1.57 3.39 0.98 0.34 46.21 42.87 48.25 52.87
1.68 3.54 1.05 0.43 45.92 42.68 47.93 51.77
1.61 3.42 1.00 0.42 46.08 42.83 48.12 51.94
1.63 3.44 1.04 0.42 46.03 42.79 47.99 51.93
2.05 4.23 1.32 0.60 45.03 41.89 46.93 50.35
2.56 5.01 1.67 1.02 44.06 41.16 45.93 48.07
3.07 5.73 1.99 1.51 43.28 40.59 45.16 46.37
3.57 6.56 2.07 2.07 42.64 40.00 44.99 45.01
4.41 7.93 2.68 2.62 41.71 39.16 43.86 43.97
4.49 7.91 2.87 2.70 41.63 39.18 43.57 43.86
4.44 7.57 2.81 2.96 41.70 39.39 43.68 43.47
4.29 7.17 2.69 3.01 41.84 39.62 43.84 43.39
4.08 6.81 2.44 3.00 42.05 39.83 44.26 43.39
3.73 6.16 2.38 2.64 42.44 40.26 44.38 43.95
3.92 6.45 2.33 2.97 42.22 40.06 44.46 43.44
3.74 5.95 2.38 2.90 42.42 40.41 44.38 43.55
3.67 5.88 2.22 2.93 42.51 40.47 44.68 43.52
3.15 5.10 1.94 2.40 43.17 41.07 45.27 44.37
3.28 5.21 2.08 2.56 42.99 40.99 44.95 44.08
3.06 5.10 1.89 2.17 43.29 41.07 45.36 44.78
3.45 5.69 2.03 2.62 42.77 40.59 45.06 43.96
3.54 5.97 2.23 2.40 42.66 40.38 44.64 44.37
3.07 5.10 1.86 2.25 43.28 41.09 45.43 44.63
2.82 4.64 1.72 2.12 43.64 41.49 45.79 44.89
2.58 4.30 1.53 1.92 44.03 41.82 46.29 45.32
2.48 4.01 1.58 1.85 44.21 42.13 46.15 45.49
2.86 4.81 1.83 1.93 43.59 41.33 45.52 45.28
3.53 6.20 2.25 2.14 42.66 40.22 44.61 44.83
4.01 7.27 2.46 2.31 42.10 39.52 44.22 44.50
4.29 7.78 2.71 2.37 41.81 39.22 43.81 44.38
4.49 8.29 2.65 2.54 41.61 38.95 43.91 44.09
4.86 9.23 2.83 2.51 41.27 38.48 43.61 44.13
4.68 8.76 2.90 2.38 41.44 38.71 43.52 44.36
4.44 8.44 2.82 2.08 41.66 38.88 43.64 44.96
4.63 8.88 2.85 2.16 41.48 38.65 43.59 44.79
3.95 7.54 2.54 1.77 42.17 39.36 44.09 45.66
4.20 8.06 2.63 1.91 41.90 39.07 43.94 45.32
3.76 7.26 2.42 1.59 42.39 39.53 44.30 46.12
3.75 7.57 2.18 1.50 42.40 39.35 44.75 46.37
3.13 6.15 1.88 1.35 43.19 40.25 45.39 46.85
3.41 6.80 1.97 1.46 42.81 39.81 45.19 46.50
2.81 5.47 1.72 1.25 43.65 40.76 45.79 47.16
2.86 5.60 1.75 1.23 43.58 40.66 45.70 47.24
3.26 6.56 1.87 1.36 43.00 39.97 45.41 46.81
3.24 6.42 1.85 1.45 43.03 40.06 45.46 46.52
3.63 7.48 1.92 1.50 42.53 39.40 45.31 46.37
3.41 6.97 1.82 1.44 42.81 39.71 45.55 46.56
3.85 7.81 2.06 1.68 42.28 39.21 45.00 45.89
3.93 7.94 2.07 1.78 42.19 39.14 44.98 45.62
3.43 6.77 1.89 1.62 42.80 39.84 45.38 46.05
4.02 8.07 2.15 1.84 42.11 39.08 44.83 45.49
3.74 7.51 1.95 1.75 42.43 39.40 45.25 45.73
4.20 8.48 2.16 1.96 41.93 38.89 44.81 45.24
4.03 8.13 2.12 1.85 42.11 39.08 44.90 45.49
4.37 8.92 2.20 2.00 41.75 38.66 44.71 45.14
4.36 8.93 2.19 1.95 41.77 38.66 44.74 45.24
4.21 8.72 2.16 1.73 41.92 38.76 44.80 45.76
4.14 8.94 2.02 1.46 42.00 38.67 45.09 46.51
4.22 9.45 1.95 1.26 41.92 38.42 45.26 47.15
4.10 9.17 1.84 1.31 42.04 38.56 45.49 47.02
4.46 10.07 2.02 1.29 41.67 38.14 45.10 47.07
4.80 10.91 2.19 1.29 41.39 37.83 44.77 47.08
5.45 12.43 2.32 1.58 40.83 37.24 44.51 46.19
5.98 13.75 2.49 1.71 40.43 36.82 44.22 45.85
6.27 14.50 2.54 1.77 40.21 36.57 44.12 45.69
6.51 14.90 2.83 1.81 40.04 36.46 43.65 45.59
6.44 14.73 2.83 1.78 40.09 36.51 43.65 45.65
7.26 16.75 3.18 1.86 39.59 35.96 43.15 45.48
7.36 17.22 3.10 1.75 39.52 35.83 43.23 45.75
7.31 17.16 3.09 1.67 39.55 35.85 43.26 45.95
7.67 17.84 3.27 1.89 39.37 35.70 43.04 45.45
7.11 16.67 3.05 1.60 39.69 35.99 43.34 46.14
6.11 14.48 2.38 1.46 40.33 36.59 44.40 46.52
5.68 13.52 2.31 1.21 40.65 36.89 44.53 47.33
5.23 12.77 1.97 0.95 41.00 37.13 45.20 48.37
4.81 11.90 1.83 0.71 41.37 37.45 45.54 49.67
4.61 11.49 1.76 0.56 41.60 37.64 45.71 50.65
4.34 10.79 1.72 0.52 41.81 37.87 45.81 50.95
4.85 12.17 1.86 0.53 41.35 37.38 45.46 50.93
4.48 11.02 1.87 0.54 41.68 37.78 45.44 50.78
4.70 11.63 1.94 0.54 41.48 37.56 45.28 50.81
4.86 12.04 1.99 0.56 41.31 37.37 45.15 50.70
4.48 11.17 1.79 0.49 41.71 37.76 45.63 51.20
4.40 10.94 1.79 0.47 41.79 37.85 45.65 51.45
4.22 10.48 1.72 0.45 41.96 38.02 45.81 51.58
4.20 10.44 1.67 0.50 41.95 38.01 45.93 51.17
4.36 10.70 1.81 0.59 41.78 37.90 45.59 50.43
4.13 10.10 1.74 0.56 42.06 38.19 45.78 50.64
3.91 9.62 1.58 0.54 42.28 38.38 46.19 50.82
3.62 8.80 1.54 0.53 42.62 38.78 46.29 50.91
3.48 8.49 1.50 0.44 42.83 38.97 46.43 51.75
3.36 8.05 1.59 0.42 42.97 39.18 46.17 51.91
3.65 8.71 1.76 0.47 42.63 38.86 45.75 51.41
3.78 8.92 1.89 0.52 42.48 38.76 45.45 51.00
4.31 10.13 2.16 0.64 41.88 38.18 44.86 50.09
4.07 9.54 2.06 0.60 42.11 38.42 45.04 50.40
3.80 8.97 1.88 0.54 42.40 38.68 45.42 50.80
4.08 9.72 1.96 0.57 42.11 38.36 45.27 50.57
3.70 8.82 1.78 0.50 42.53 38.78 45.67 51.16
3.21 7.57 1.53 0.53 43.14 39.42 46.32 50.94
3.59 8.35 1.76 0.65 42.67 39.01 45.73 49.99
3.45 7.86 1.79 0.69 42.80 39.24 45.63 49.72
3.63 8.17 1.94 0.78 42.60 39.10 45.29 49.20
3.47 7.77 1.90 0.73 42.79 39.30 45.38 49.51
3.22 7.25 1.73 0.68 43.11 39.60 45.78 49.82
3.08 6.97 1.62 0.64 43.32 39.79 46.07 50.10
2.80 6.29 1.50 0.61 43.73 40.24 46.40 50.28
2.96 6.63 1.56 0.70 43.48 39.99 46.23 49.72
2.83 6.12 1.52 0.86 43.66 40.33 46.34 48.81
2.80 5.98 1.49 0.94 43.70 40.42 46.42 48.44
3.25 6.94 1.74 1.07 43.04 39.75 45.76 47.86
3.39 7.06 1.86 1.25 42.86 39.67 45.45 47.20
3.59 7.38 1.99 1.40 42.61 39.48 45.17 46.69
3.70 7.51 2.13 1.47 42.47 39.40 44.87 46.48
3.54 7.03 2.02 1.56 42.65 39.67 45.07 46.21
3.43 6.76 2.03 1.51 42.78 39.84 45.05 46.35
3.50 6.91 2.01 1.57 42.70 39.75 45.09 46.17
2.96 5.70 1.79 1.40 43.42 40.58 45.60 46.69
3.51 6.80 2.08 1.64 42.68 39.81 44.95 45.99
3.38 6.49 2.07 1.60 42.84 40.02 44.97 46.10
3.71 7.28 2.12 1.73 42.45 39.53 44.88 45.76
3.54 6.98 2.09 1.54 42.66 39.72 44.93 46.26
3.26 6.33 1.95 1.50 43.02 40.14 45.24 46.37
3.45 6.67 2.09 1.57 42.78 39.92 44.94 46.18
3.51 6.82 2.17 1.55 42.71 39.83 44.79 46.25
3.27 6.31 2.04 1.47 43.00 40.17 45.03 46.46
3.54 6.62 2.14 1.85 42.67 39.95 44.83 45.48
3.52 6.71 2.07 1.77 42.69 39.89 44.98 45.67
3.53 6.82 2.12 1.66 42.67 39.83 44.88 45.93
3.52 6.68 2.24 1.65 42.70 39.93 44.65 45.98
3.61 6.71 2.24 1.86 42.60 39.91 44.64 45.46
3.62 6.50 2.18 2.17 42.58 40.05 44.77 44.79
3.73 6.67 2.29 2.21 42.45 39.93 44.53 44.74
4.02 7.05 2.87 2.12 42.16 39.72 43.64 44.90
4.33 7.49 2.84 2.66 41.84 39.47 43.69 43.94
3.60 6.16 2.17 2.49 42.61 40.29 44.79 44.24
3.28 5.46 1.97 2.41 43.02 40.83 45.21 44.36
3.55 5.80 2.25 2.58 42.68 40.55 44.61 44.07
4.24 6.91 2.83 2.96 41.90 39.77 43.63 43.47
4.24 7.05 2.80 2.87 41.86 39.65 43.66 43.56
4.87 8.01 3.01 3.57 41.26 39.10 43.34 42.60
4.91 7.97 3.07 3.68 41.22 39.11 43.26 42.48
5.33 8.90 3.19 3.89 40.87 38.64 43.09 42.23
5.09 8.48 2.96 3.83 41.06 38.85 43.41 42.30
5.30 8.85 2.98 4.09 40.88 38.66 43.39 42.02
5.73 9.89 3.20 4.09 40.55 38.18 43.08 42.02
6.03 10.23 3.54 4.32 40.33 38.03 42.64 41.78
5.71 9.59 3.59 3.95 40.56 38.31 42.58 42.16
6.17 10.19 3.97 4.36 40.22 38.05 42.15 41.73
5.92 9.81 3.79 4.15 40.41 38.21 42.34 41.95
6.15 10.37 4.03 4.05 40.24 37.98 42.08 42.05
5.91 10.04 3.93 3.75 40.42 38.12 42.19 42.39
6.87 11.81 4.17 4.65 39.76 37.41 41.92 41.46
7.82 13.22 4.90 5.34 39.20 36.92 41.23 40.85
8.87 15.20 5.20 6.20 38.65 36.31 40.97 40.21
8.57 15.52 5.11 5.07 38.80 36.22 41.04 41.08
10.05 18.15 6.22 5.78 38.11 35.54 40.19 40.51
11.28 21.06 6.61 6.17 37.61 34.90 39.93 40.23
11.92 22.50 6.62 6.63 37.37 34.61 39.93 39.92
11.68 21.93 6.70 6.43 37.46 34.72 39.87 40.05
11.56 21.93 6.31 6.46 37.50 34.72 40.13 40.03
11.55 21.30 6.12 7.23 37.51 34.85 40.27 39.54
10.77 20.83 5.51 5.96 37.81 34.94 40.72 40.38
10.42 19.99 5.32 5.97 37.95 35.12 40.88 40.37
10.01 19.72 5.20 5.10 38.13 35.18 40.97 41.05
8.68 17.20 4.59 4.26 38.74 35.77 41.51 41.84
7.93 15.80 4.12 3.86 39.14 36.15 41.98 42.26
7.83 16.07 4.11 3.31 39.19 36.07 41.99 42.93
7.64 15.83 4.03 3.05 39.30 36.14 42.08 43.29
6.51 13.54 3.59 2.39 40.00 36.82 42.58 44.34
7.05 14.94 3.73 2.49 39.65 36.39 42.41 44.17
6.35 13.32 3.47 2.24 40.11 36.88 42.73 44.62
7.29 15.63 3.69 2.55 39.50 36.19 42.47 44.07
6.00 13.04 3.10 1.87 40.35 36.98 43.22 45.41
6.67 14.56 3.19 2.27 39.89 36.50 43.10 44.58
5.71 12.18 2.95 2.00 40.57 37.28 43.44 45.11
5.78 12.67 2.91 1.77 40.51 37.11 43.49 45.65
4.88 10.65 2.49 1.50 41.24 37.86 44.16 46.37
5.29 11.59 2.65 1.61 40.90 37.49 43.90 46.05
6.11 13.16 3.13 2.03 40.27 36.94 43.17 45.05
5.53 12.00 2.82 1.76 40.71 37.34 43.64 45.67
4.80 10.39 2.44 1.56 41.32 37.96 44.25 46.20
5.00 10.85 2.50 1.65 41.14 37.78 44.14 45.95
5.13 11.31 2.52 1.56 41.03 37.60 44.11 46.20
4.63 10.11 2.27 1.52 41.47 38.08 44.57 46.32
4.40 9.58 2.19 1.42 41.70 38.32 44.73 46.60
4.46 9.52 2.30 1.56 41.64 38.34 44.51 46.19
4.37 9.28 2.20 1.64 41.73 38.46 44.72 45.98
4.29 8.89 2.17 1.80 41.81 38.64 44.76 45.57
4.06 8.53 2.07 1.59 42.04 38.82 44.97 46.13
3.92 8.23 1.97 1.55 42.20 38.98 45.17 46.23
3.65 7.71 1.81 1.43 42.51 39.26 45.56 46.60
3.17 6.51 1.72 1.28 43.12 40.00 45.76 47.04
3.61 7.62 1.88 1.32 42.56 39.31 45.39 46.92
3.75 8.03 1.91 1.32 42.39 39.09 45.33 46.91
3.77 7.98 1.98 1.33 42.38 39.11 45.15 46.91
4.21 9.02 2.10 1.51 41.89 38.58 44.91 46.33
4.02 8.54 2.07 1.45 42.09 38.82 44.97 46.52
4.68 10.09 2.28 1.67 41.43 38.09 44.55 45.91
4.10 8.77 2.17 1.38 42.00 38.70 44.77 46.75
4.58 9.99 2.22 1.52 41.53 38.13 44.67 46.32
4.35 9.39 2.23 1.43 41.75 38.40 44.66 46.59
4.29 9.57 2.08 1.23 41.80 38.32 44.94 47.23
4.06 9.11 1.94 1.11 42.05 38.54 45.25 47.66
4.04 9.30 1.84 0.99 42.06 38.45 45.48 48.18
4.07 9.20 1.92 1.08 42.04 38.49 45.29 47.79
4.29 9.80 1.95 1.13 41.80 38.22 45.23 47.60
4.20 9.60 1.87 1.12 41.90 38.31 45.42 47.65
4.21 9.57 1.84 1.22 41.89 38.32 45.49 47.27
4.81 10.79 2.10 1.55 41.31 37.80 44.91 46.24
4.88 11.00 2.11 1.54 41.24 37.72 44.89 46.26
5.27 11.91 2.38 1.54 40.91 37.37 44.36 46.27
5.45 12.16 2.56 1.63 40.77 37.28 44.06 46.01
6.97 15.52 3.25 2.15 39.70 36.22 43.01 44.80
6.73 15.04 3.05 2.11 39.85 36.36 43.29 44.89
7.70 17.28 3.52 2.28 39.27 35.75 42.67 44.54
8.44 19.05 3.73 2.56 38.87 35.33 42.41 44.05
8.89 19.94 4.00 2.72 38.64 35.13 42.11 43.78
8.99 20.14 4.15 2.69 38.59 35.09 41.95 43.83
8.94 20.03 4.09 2.69 38.62 35.11 42.01 43.84
8.71 19.72 3.97 2.44 38.73 35.18 42.14 44.26
8.28 18.96 3.62 2.26 38.95 35.35 42.54 44.58
8.22 18.64 3.70 2.31 38.98 35.43 42.44 44.49
7.18 15.85 3.46 2.24 39.57 36.13 42.74 44.62
6.59 14.36 3.12 2.28 39.94 36.56 43.19 44.54
7.08 14.87 3.69 2.68 39.63 36.41 42.46 43.85
6.76 13.89 3.56 2.83 39.83 36.70 42.61 43.62
6.31 13.01 3.25 2.68 40.13 36.98 43.01 43.85
6.50 13.24 3.36 2.91 40.00 36.91 42.86 43.50
5.75 11.96 3.12 2.18 40.53 37.35 43.19 44.75
6.54 14.11 3.19 2.31 39.98 36.64 43.09 44.49
6.64 14.32 3.33 2.25 39.91 36.57 42.90 44.60
6.41 13.94 3.08 2.20 40.06 36.68 43.24 44.71
6.56 14.23 3.29 2.16 39.96 36.60 42.95 44.80
6.73 14.71 3.27 2.22 39.85 36.45 42.99 44.67
6.72 14.54 3.37 2.27 39.86 36.51 42.86 44.58
7.54 16.55 3.60 2.48 39.35 35.94 42.57 44.19
7.02 15.32 3.46 2.30 39.66 36.28 42.74 44.52
6.74 14.57 3.26 2.40 39.84 36.50 43.01 44.33
7.63 16.42 3.54 2.93 39.31 35.98 42.64 43.47
6.70 14.82 2.91 2.36 39.87 36.42 43.49 44.40
6.91 15.38 3.08 2.26 39.74 36.26 43.25 44.59
7.75 17.19 3.59 2.47 39.24 35.78 42.59 44.21
7.10 16.04 3.11 2.13 39.62 36.08 43.20 44.84
7.84 17.85 3.33 2.34 39.19 35.62 42.91 44.43
7.47 16.66 3.47 2.26 39.41 35.92 42.72 44.59
7.30 16.51 3.35 2.05 39.50 35.96 42.89 45.02
6.58 14.90 2.94 1.87 39.96 36.41 43.45 45.41
6.39 14.71 2.74 1.72 40.09 36.47 43.76 45.78
6.25 13.98 2.84 1.93 40.18 36.68 43.59 45.29
5.98 13.26 2.74 1.95 40.37 36.91 43.76 45.24
6.28 13.87 2.93 2.06 40.15 36.72 43.47 45.00
5.67 12.56 2.67 1.79 40.60 37.15 43.87 45.60
5.06 11.20 2.43 1.55 41.10 37.64 44.28 46.24
4.84 10.74 2.29 1.47 41.29 37.83 44.53 46.46
4.31 9.57 2.00 1.35 41.80 38.33 45.13 46.83
4.03 9.02 1.90 1.17 42.08 38.59 45.34 47.46
3.50 7.79 1.65 1.06 42.70 39.22 45.96 47.88
4.12 9.09 1.97 1.30 41.98 38.55 45.18 47.00
3.93 8.50 2.00 1.29 42.19 38.84 45.11 47.02
4.15 8.65 2.18 1.62 41.94 38.76 44.73 46.03
4.30 9.04 2.20 1.66 41.80 38.57 44.70 45.94
4.35 9.07 2.29 1.70 41.74 38.56 44.53 45.82
4.08 8.34 2.24 1.68 42.02 38.92 44.63 45.88
3.70 7.60 2.02 1.48 42.45 39.32 45.08 46.43
3.44 6.94 2.02 1.37 42.77 39.72 45.09 46.78
3.64 7.30 2.07 1.54 42.52 39.50 44.96 46.24
3.10 6.22 1.85 1.23 43.22 40.20 45.47 47.21
3.71 7.49 2.12 1.52 42.44 39.39 44.87 46.33
3.59 7.30 2.03 1.45 42.58 39.50 45.05 46.51
3.97 8.26 2.09 1.57 42.14 38.96 44.92 46.17
3.27 6.80 1.79 1.21 42.99 39.80 45.61 47.30
3.60 7.88 1.83 1.08 42.57 39.17 45.49 47.79
3.37 7.42 1.76 0.94 42.85 39.43 45.67 48.39
3.37 7.32 1.86 0.93 42.85 39.49 45.43 48.44
3.44 7.58 1.86 0.87 42.77 39.33 45.45 48.73
3.35 7.39 1.82 0.84 42.88 39.45 45.54 48.87
3.32 7.51 1.72 0.73 42.92 39.38 45.77 49.47
3.02 6.92 1.49 0.65 43.33 39.73 46.39 50.02
2.89 6.74 1.43 0.48 43.53 39.85 46.56 51.29
3.06 7.20 1.46 0.50 43.29 39.57 46.49 51.10
3.32 7.69 1.69 0.56 42.93 39.28 45.85 50.61
3.82 9.03 1.81 0.63 42.31 38.58 45.56 50.14
3.53 8.26 1.73 0.59 42.66 38.97 45.76 50.44
3.48 8.25 1.60 0.60 42.72 38.98 46.09 50.37
3.54 8.47 1.61 0.54 42.65 38.86 46.06 50.78
3.50 8.38 1.57 0.55 42.71 38.91 46.20 50.69
2.90 6.83 1.34 0.53 43.53 39.82 46.86 50.89
2.72 6.30 1.31 0.55 43.81 40.17 46.96 50.77
2.74 6.19 1.49 0.55 43.76 40.22 46.39 50.75
2.84 6.39 1.58 0.55 43.61 40.09 46.14 50.69
2.58 5.76 1.42 0.55 44.07 40.59 46.62 50.71
2.18 4.99 1.21 0.35 44.78 41.21 47.32 52.66
2.26 5.14 1.24 0.38 44.64 41.08 47.21 52.34
2.39 5.51 1.27 0.39 44.41 40.81 47.09 52.22
2.65 5.96 1.43 0.56 43.95 40.44 46.61 50.66
2.75 6.23 1.46 0.55 43.78 40.23 46.51 50.72
2.42 5.41 1.33 0.52 44.33 40.86 46.91 50.96
2.47 5.60 1.32 0.50 44.24 40.71 46.95 51.16
2.40 5.49 1.32 0.40 44.36 40.79 46.94 52.10
2.43 5.55 1.33 0.42 44.32 40.74 46.90 51.98
2.33 5.24 1.27 0.49 44.50 40.99 47.12 51.26
2.24 4.88 1.33 0.51 44.66 41.28 46.91 51.11
2.39 5.26 1.38 0.53 44.37 40.96 46.75 50.85
2.86 6.18 1.69 0.72 43.59 40.26 45.88 49.53
3.51 7.10 2.27 1.18 42.69 39.65 44.57 47.42
4.30 8.54 2.49 1.89 41.81 38.84 44.18 45.37
5.11 9.76 2.86 2.72 41.05 38.26 43.57 43.79
5.59 10.45 2.95 3.38 40.67 37.95 43.44 42.85
6.18 11.14 3.57 3.83 40.23 37.67 42.61 42.30
6.43 11.10 3.77 4.41 40.05 37.69 42.37 41.68
6.36 11.21 3.51 4.37 40.10 37.64 42.69 41.73
5.76 9.91 3.05 4.34 40.53 38.18 43.29 41.76
5.00 8.46 2.93 3.61 41.14 38.86 43.46 42.55
5.40 9.06 2.90 4.25 40.81 38.57 43.51 41.85
5.16 8.37 2.81 4.29 41.01 38.91 43.65 41.80
5.11 8.26 2.64 4.43 41.04 38.96 43.91 41.66
4.11 6.64 2.27 3.42 41.99 39.91 44.56 42.79
4.36 6.90 2.47 3.69 41.74 39.75 44.20 42.46
3.83 6.46 2.07 2.96 42.32 40.04 44.98 43.44
3.80 6.18 2.09 3.15 42.34 40.24 44.93 43.17
4.25 7.08 2.31 3.37 41.86 39.64 44.50 42.89
3.85 6.61 1.98 2.96 42.29 39.95 45.16 43.45
3.28 5.48 1.83 2.56 42.98 40.76 45.53 44.06
3.48 5.88 1.81 2.75 42.73 40.45 45.57 43.76
3.03 5.10 1.68 2.32 43.32 41.07 45.87 44.49
3.11 5.37 1.89 2.07 43.21 40.84 45.37 44.98
3.96 6.99 2.46 2.43 42.16 39.69 44.22 44.28
4.06 7.25 2.47 2.46 42.05 39.53 44.21 44.23
5.19 9.34 3.22 3.02 40.98 38.44 43.06 43.33
4.95 9.02 2.89 2.93 41.19 38.58 43.53 43.47
4.72 8.98 2.73 2.44 41.40 38.60 43.77 44.26
5.32 9.99 3.13 2.84 40.87 38.14 43.19 43.60
4.68 8.93 2.81 2.30 41.43 38.62 43.65 44.51
5.06 9.67 3.02 2.49 41.09 38.28 43.33 44.18
4.18 8.02 2.59 1.93 41.92 39.08 44.00 45.28
4.51 8.70 2.66 2.17 41.59 38.74 43.88 44.77
4.31 8.48 2.54 1.89 41.79 38.85 44.09 45.36
4.03 8.13 2.29 1.68 42.08 39.03 44.54 45.90
3.40 6.70 2.02 1.48 42.82 39.87 45.09 46.42
3.69 7.31 2.10 1.67 42.46 39.49 44.91 45.91
3.31 6.48 1.99 1.45 42.94 40.02 45.16 46.51
2.91 5.76 1.71 1.28 43.49 40.53 45.81 47.07
3.47 7.01 1.96 1.44 42.73 39.67 45.21 46.56
3.48 6.81 2.04 1.60 42.72 39.80 45.04 46.12
3.94 8.03 2.08 1.71 42.18 39.09 44.96 45.82
3.81 7.75 2.08 1.60 42.32 39.24 44.97 46.09
3.93 7.92 2.15 1.72 42.19 39.15 44.82 45.77
3.98 7.98 2.23 1.75 42.13 39.12 44.65 45.71
3.96 7.81 2.19 1.89 42.15 39.20 44.74 45.37
4.27 8.52 2.36 1.94 41.83 38.83 44.41 45.26
4.26 8.59 2.09 2.10 41.84 38.79 44.93 44.92
4.75 9.60 2.42 2.22 41.37 38.31 44.30 44.67
4.73 9.67 2.41 2.10 41.38 38.28 44.30 44.90
4.43 8.94 2.21 2.15 41.67 38.62 44.69 44.83
4.81 9.85 2.41 2.18 41.31 38.20 44.31 44.75
4.45 9.35 2.20 1.80 41.65 38.42 44.70 45.59
4.59 9.99 2.18 1.60 41.52 38.14 44.76 46.10
4.72 10.56 2.16 1.42 41.39 37.89 44.78 46.60
4.56 10.28 1.96 1.46 41.53 38.01 45.22 46.50
4.85 10.97 2.16 1.42 41.27 37.73 44.80 46.62
5.41 12.27 2.49 1.48 40.80 37.24 44.17 46.44
6.17 14.13 2.62 1.77 40.23 36.63 43.95 45.66
6.73 15.42 2.81 1.96 39.85 36.25 43.65 45.20
6.99 15.99 2.90 2.08 39.69 36.09 43.52 44.95
7.54 17.26 3.28 2.08 39.36 35.76 42.98 44.96
7.58 17.40 3.29 2.05 39.33 35.72 42.96 45.02
8.06 18.67 3.50 2.02 39.07 35.42 42.69 45.09
8.18 19.10 3.50 1.94 39.00 35.32 42.69 45.27
8.28 19.46 3.44 1.95 38.95 35.24 42.76 45.24
9.16 21.29 3.86 2.31 38.51 34.85 42.27 44.49
8.05 18.97 3.39 1.78 39.07 35.35 42.84 45.62
7.35 17.59 2.79 1.66 39.47 35.68 43.68 45.92
6.65 16.03 2.57 1.34 39.90 36.08 44.03 46.87
6.16 15.17 2.22 1.08 40.23 36.32 44.67 47.78
5.60 13.87 2.07 0.87 40.65 36.71 44.98 48.76
5.49 13.95 1.91 0.59 40.74 36.68 45.32 50.39
5.00 12.61 1.85 0.55 41.14 37.12 45.46 50.74
5.80 14.79 2.06 0.55 40.49 36.43 44.99 50.73
5.15 12.85 2.02 0.56 41.02 37.04 45.06 50.62
5.65 14.05 2.29 0.61 40.61 36.66 44.53 50.30
5.46 13.65 2.13 0.60 40.76 36.78 44.85 50.36
5.42 13.62 2.10 0.55 40.79 36.79 44.92 50.70
5.13 12.90 2.00 0.49 41.03 37.02 45.12 51.25
4.93 12.41 1.91 0.48 41.20 37.19 45.31 51.38
4.81 12.07 1.86 0.50 41.31 37.31 45.43 51.12
5.09 12.64 2.01 0.60 41.07 37.11 45.10 50.35
4.83 12.04 1.90 0.54 41.29 37.32 45.34 50.79
4.51 11.26 1.73 0.55 41.59 37.62 45.74 50.74
4.27 10.51 1.73 0.57 41.83 37.92 45.74 50.60
4.12 10.16 1.70 0.50 41.98 38.06 45.83 51.11
3.93 9.53 1.75 0.51 42.19 38.34 45.69 51.08
4.21 10.17 1.95 0.53 41.89 38.06 45.23 50.93
4.36 10.47 2.04 0.57 41.74 37.94 45.04 50.60
4.94 11.82 2.33 0.66 41.21 37.41 44.47 49.95
4.53 10.81 2.16 0.63 41.57 37.80 44.78 50.13
4.33 10.36 2.01 0.61 41.78 37.99 45.11 50.25
4.50 10.79 2.09 0.61 41.61 37.81 44.93 50.25
4.04 9.74 1.88 0.52 42.08 38.27 45.40 50.98
3.65 8.65 1.73 0.56 42.52 38.78 45.75 50.66
3.91 9.25 1.83 0.65 42.22 38.48 45.52 50.00
3.82 8.94 1.83 0.70 42.32 38.63 45.51 49.71
3.97 9.14 2.02 0.74 42.15 38.53 45.08 49.43
3.74 8.53 1.97 0.72 42.42 38.84 45.21 49.57
3.55 8.12 1.83 0.70 42.64 39.05 45.52 49.70
3.62 8.32 1.84 0.69 42.57 38.95 45.51 49.75
3.36 7.64 1.76 0.69 42.88 39.31 45.69 49.76
3.19 7.20 1.62 0.74 43.10 39.57 46.04 49.43
3.17 6.89 1.70 0.92 43.13 39.76 45.84 48.46
3.09 6.62 1.67 0.98 43.24 39.93 45.91 48.23
3.39 7.30 1.77 1.10 42.83 39.50 45.66 47.71
3.71 7.77 2.03 1.32 42.44 39.23 45.07 46.91
3.84 8.03 2.06 1.44 42.29 39.09 45.00 46.55
3.78 7.73 2.14 1.46 42.36 39.25 44.83 46.49
3.94 7.93 2.18 1.70 42.18 39.14 44.76 45.83
3.95 7.78 2.30 1.78 42.16 39.22 44.52 45.62
3.58 7.03 2.05 1.67 42.59 39.66 45.01 45.92
3.29 6.36 2.00 1.49 42.97 40.10 45.12 46.39
3.73 7.21 2.19 1.78 42.42 39.55 44.74 45.63
3.63 7.06 2.17 1.67 42.53 39.64 44.76 45.90
3.97 7.72 2.25 1.93 42.14 39.26 44.60 45.27
3.69 7.33 2.22 1.53 42.46 39.49 44.67 46.30
3.78 7.54 2.18 1.63 42.36 39.36 44.75 46.02
3.72 7.35 2.22 1.61 42.42 39.47 44.66 46.07
3.73 7.30 2.35 1.56 42.41 39.51 44.43 46.20
3.54 6.85 2.24 1.52 42.64 39.78 44.62 46.31
3.83 7.24 2.32 1.92 42.31 39.54 44.48 45.29
3.83 7.32 2.21 1.95 42.30 39.49 44.68 45.23
3.93 7.65 2.22 1.91 42.20 39.30 44.67 45.33
4.23 7.83 2.52 2.35 41.87 39.20 44.11 44.42
4.19 7.79 2.57 2.21 41.91 39.22 44.04 44.68
4.14 7.35 2.42 2.65 41.97 39.47 44.29 43.91
4.14 7.27 2.52 2.65 41.97 39.53 44.13 43.91
4.67 8.22 3.20 2.59 41.44 38.98 43.08 44.00
4.91 8.50 3.24 2.98 41.23 38.85 43.02 43.39
3.85 6.63 2.17 2.75 42.28 39.92 44.77 43.74
3.67 6.18 2.07 2.76 42.49 40.23 44.97 43.72
3.86 6.39 2.42 2.75 42.27 40.08 44.29 43.73
4.42 7.23 2.90 3.15 41.68 39.54 43.51 43.16
4.41 7.21 2.94 3.08 41.69 39.55 43.44 43.25
4.89 7.98 3.05 3.63 41.24 39.11 43.28 42.54
4.95 7.99 3.13 3.73 41.18 39.11 43.17 42.42
5.40 9.07 3.28 3.85 40.81 38.55 42.97 42.28
5.11 8.50 3.06 3.75 41.05 38.84 43.28 42.39
5.17 8.54 2.98 4.00 40.99 38.82 43.38 42.10
5.69 9.72 3.16 4.18 40.58 38.25 43.13 41.92
5.91 9.95 3.43 4.35 40.42 38.16 42.78 41.75
5.69 9.57 3.64 3.86 40.58 38.32 42.52 42.26
6.15 10.09 3.97 4.38 40.25 38.09 42.14 41.72
6.17 10.29 3.84 4.39 40.23 38.01 42.29 41.71
6.11 10.15 4.10 4.09 40.27 38.07 42.01 42.02
5.73 9.66 3.73 3.79 40.55 38.28 42.41 42.35
6.95 12.08 4.16 4.59 39.72 37.31 41.94 41.51
7.67 13.08 4.75 5.20 39.28 36.96 41.36 40.97
8.73 14.81 5.12 6.26 38.72 36.42 41.04 40.17
8.28 14.78 5.03 5.03 38.95 36.43 41.11 41.12
9.96 17.84 6.18 5.86 38.15 35.62 40.22 40.45
11.30 20.88 6.63 6.38 37.60 34.93 39.92 40.08
11.81 22.33 6.50 6.61 37.41 34.64 40.00 39.93
11.77 22.03 7.04 6.26 37.42 34.70 39.65 40.17
12.21 23.27 6.65 6.71 37.26 34.46 39.90 39.86
11.51 21.35 6.23 6.94 37.52 34.84 40.19 39.72
11.19 21.69 5.71 6.18 37.64 34.77 40.57 40.22
10.42 20.04 5.26 5.96 37.95 35.11 40.92 40.38
9.80 19.44 4.97 4.98 38.22 35.24 41.17 41.16
9.34 18.64 4.83 4.54 38.43 35.43 41.29 41.56
8.15 16.46 4.09 3.91 39.02 35.97 42.01 42.21
7.88 16.20 4.11 3.32 39.17 36.04 41.99 42.92
7.54 15.60 4.06 2.97 39.36 36.20 42.04 43.40
6.35 13.15 3.52 2.37 40.10 36.94 42.67 44.37
6.76 14.32 3.68 2.29 39.83 36.57 42.47 44.54
6.71 14.18 3.65 2.30 39.86 36.61 42.50 44.52
7.10 15.22 3.60 2.47 39.62 36.31 42.57 44.20
6.04 13.28 2.99 1.87 40.32 36.90 43.38 45.42
6.70 14.81 3.18 2.11 39.87 36.43 43.10 44.89
6.09 13.01 3.17 2.10 40.28 36.99 43.12 44.91
5.68 12.36 2.90 1.78 40.59 37.21 43.51 45.61
5.07 11.15 2.54 1.53 41.08 37.66 44.09 46.28
5.19 11.41 2.58 1.57 40.98 37.56 44.01 46.18
5.01 11.17 2.46 1.41 41.13 37.65 44.23 46.64
5.37 11.97 2.64 1.49 40.83 37.35 43.91 46.41
4.55 10.16 2.15 1.35 41.55 38.06 44.80 46.81
4.96 10.92 2.44 1.53 41.17 37.75 44.26 46.29
5.03 11.01 2.52 1.54 41.12 37.71 44.11 46.24
4.88 10.68 2.45 1.52 41.24 37.85 44.24 46.30
4.43 9.66 2.21 1.43 41.66 38.28 44.69 46.58
4.48 9.60 2.30 1.53 41.62 38.31 44.51 46.30
4.37 9.28 2.21 1.63 41.72 38.45 44.69 46.01
4.27 8.96 2.16 1.69 41.83 38.61 44.79 45.85
4.22 8.78 2.21 1.65 41.88 38.70 44.68 45.95
3.98 8.28 2.17 1.50 42.13 38.95 44.77 46.37
3.93 8.17 2.11 1.52 42.19 39.01 44.90 46.33
3.56 7.37 1.91 1.40 42.62 39.46 45.32 46.68
3.42 7.10 1.92 1.25 42.79 39.62 45.30 47.16
3.96 8.36 2.07 1.45 42.16 38.91 44.98 46.53
3.86 8.14 2.05 1.40 42.26 39.02 45.01 46.69
4.38 9.32 2.26 1.56 41.72 38.44 44.61 46.20
3.96 8.39 2.09 1.42 42.15 38.89 44.94 46.61
4.67 10.00 2.37 1.64 41.44 38.13 44.39 45.99
4.11 8.69 2.19 1.46 42.00 38.75 44.72 46.49
4.61 9.93 2.33 1.57 41.49 38.16 44.45 46.16
4.36 9.32 2.28 1.46 41.74 38.43 44.56 46.48
4.37 9.63 2.16 1.30 41.73 38.29 44.79 47.01
3.82 8.54 1.86 1.05 42.31 38.81 45.43 47.90
4.08 9.32 1.85 1.06 42.03 38.43 45.46 47.91
4.04 9.15 1.88 1.11 42.06 38.52 45.39 47.68
4.25 9.71 1.94 1.10 41.85 38.26 45.25 47.73
4.05 9.21 1.86 1.07 42.06 38.49 45.45 47.81
4.44 10.03 1.98 1.33 41.65 38.12 45.17 46.90
4.68 10.51 2.10 1.43 41.43 37.91 44.90 46.58
4.97 11.12 2.18 1.60 41.17 37.67 44.74 46.09
5.34 12.00 2.49 1.54 40.85 37.34 44.17 46.25
5.68 12.55 2.76 1.73 40.59 37.15 43.72 45.76
6.75 15.01 3.16 2.08 39.84 36.37 43.13 44.94
6.96 15.57 3.15 2.17 39.70 36.21 43.15 44.77
7.47 16.89 3.36 2.18 39.39 35.86 42.87 44.76
8.46 18.98 3.77 2.61 38.86 35.35 42.37 43.96
8.39 18.75 3.88 2.55 38.89 35.40 42.25 44.06
8.88 19.84 4.16 2.66 38.65 35.16 41.94 43.89
8.65 19.37 3.93 2.63 38.77 35.26 42.18 43.94
8.90 20.38 3.83 2.49 38.64 35.04 42.29 44.16
8.17 18.74 3.57 2.21 39.01 35.41 42.60 44.69
7.82 17.98 3.37 2.11 39.20 35.59 42.87 44.87
7.21 16.10 3.33 2.17 39.55 36.06 42.90 44.76
6.94 15.23 3.16 2.44 39.72 36.30 43.14 44.26
6.95 14.76 3.54 2.53 39.71 36.44 42.64 44.10
6.85 14.13 3.67 2.76 39.77 36.63 42.48 43.73
6.39 13.16 3.37 2.64 40.07 36.94 42.86 43.91
6.63 13.39 3.58 2.91 39.91 36.86 42.59 43.49
