0.00 0.00 0.00 0.00 0.00 0.00 0.00 0.00
0.00 0.00 0.00 0.00 0.00 0.00 0.00 0.00
0.00 0.00 0.00 0.00 0.00 0.00 0.00 0.00
0.00 0.00 0.00 0.00 0.00 0.00 0.00 0.00
0.00 0.00 0.00 0.00 0.00 0.00 0.00 0.00
0.00 0.00 0.00 0.00 0.00 0.00 0.00 0.00
0.00 0.00 0.00 0.00 0.00 0.00 0.00 0.00
0.00 0.00 0.00 0.00 0.00 0.00 0.00 0.00
0.00 0.00 0.00 0.00 0.00 0.00 0.00 0.00
0.00 0.00 0.00 0.00 0.00 0.00 0.00 0.00
0.00 0.00 0.00 0.00 0.00 0.00 0.00 0.00
0.00 0.00 0.00 0.00 0.00 0.00 0.00 0.00
0.00 0.00 0.00 0.00 0.00 0.00 0.00 0.00
0.00 0.00 0.00 0.00 0.00 0.00 0.00 0.00
0.00 0.00 0.00 0.00 0.00 0.00 0.00 0.00
0.00 0.00 0.00 0.00 0.00 0.00 0.00 0.00
0.00 0.00 0.00 0.00 0.00 0.00 0.00 0.00
0.00 0.00 0.00 0.00 0.00 0.00 0.00 0.00
0.00 0.00 0.00 0.00 0.00 0.00 0.00 0.00
0.00 0.00 0.00 0.00 0.00 0.00 0.00 0.00
0.00 0.00 0.00 0.00 0.00 0.00 0.00 0.00
0.01 0.02 0.01 0.01 0.01 0.01 0.02 0.01
0.03 0.05 0.02 0.02 0.02 0.02 0.03 0.05
0.01 0.02 0.02 0.01 0.01 0.01 0.03 0.03
0.01 0.02 0.01 0.01 0.01 0.01 0.02 0.02
0.01 0.01 0.03 0.00 0.00 0.00 0.05 0.02
0.01 0.03 0.00 0.01 0.01 0.01 0.01 0.06
0.01 0.03 0.01 0.01 0.02 0.01 0.02 0.02
0.01 0.01 0.02 0.02 0.01 0.00 0.05 0.08
0.07 0.20 0.02 0.02 0.07 0.10 0.03 0.07
0.40 1.04 0.11 0.04 0.49 0.62 0.24 0.16
0.49 1.18 0.17 0.12 0.60 0.71 0.38 0.35
0.40 1.01 0.15 0.06 0.46 0.57 0.32 0.16
0.43 1.06 0.13 0.08 0.48 0.60 0.26 0.23
0.42 1.03 0.17 0.08 0.53 0.65 0.36 0.22
0.25 0.64 0.08 0.04 0.34 0.44 0.20 0.12
0.35 0.82 0.15 0.08 0.43 0.52 0.31 0.26
0.25 0.61 0.08 0.06 0.35 0.44 0.20 0.19
0.28 0.63 0.15 0.08 0.39 0.44 0.34 0.26
0.33 0.76 0.14 0.11 0.41 0.47 0.29 0.30
0.37 0.92 0.12 0.07 0.43 0.54 0.25 0.20
0.28 0.70 0.09 0.04 0.36 0.45 0.20 0.13
0.34 0.87 0.11 0.05 0.44 0.55 0.26 0.17
0.35 0.91 0.10 0.03 0.48 0.59 0.26 0.14
0.39 1.03 0.12 0.01 0.55 0.69 0.33 0.05
0.43 1.13 0.12 0.04 0.63 0.77 0.31 0.21
0.43 1.11 0.14 0.04 0.64 0.77 0.36 0.22
0.34 0.93 0.10 0.02 0.55 0.68 0.28 0.11
0.48 1.29 0.13 0.02 0.76 0.93 0.37 0.11
0.51 1.32 0.17 0.03 0.88 1.02 0.53 0.25
0.56 1.45 0.20 0.03 1.01 1.17 0.62 0.30
0.56 1.48 0.16 0.03 0.98 1.16 0.51 0.28
0.66 1.75 0.19 0.04 1.01 1.19 0.55 0.31
0.69 1.86 0.19 0.02 1.07 1.26 0.56 0.14
0.69 1.86 0.19 0.03 1.04 1.22 0.55 0.19
0.64 1.71 0.17 0.03 1.04 1.21 0.55 0.25
0.75 2.03 0.19 0.02 1.16 1.35 0.61 0.20
0.74 1.99 0.21 0.02 1.25 1.46 0.73 0.20
0.68 1.79 0.20 0.04 1.30 1.52 0.78 0.35
0.63 1.65 0.20 0.03 1.21 1.42 0.74 0.27
0.17 0.40 0.08 0.02 0.32 0.34 0.27 0.18
0.12 0.30 0.07 0.02 0.22 0.24 0.23 0.18
0.12 0.25 0.08 0.03 0.24 0.25 0.28 0.25
0.10 0.23 0.06 0.01 0.23 0.24 0.23 0.18
0.11 0.28 0.06 0.02 0.26 0.28 0.22 0.18
0.13 0.32 0.06 0.02 0.28 0.30 0.23 0.21
0.11 0.27 0.05 0.02 0.22 0.25 0.17 0.14
0.10 0.26 0.05 0.01 0.19 0.22 0.16 0.11
0.11 0.29 0.05 0.02 0.24 0.28 0.18 0.13
0.07 0.18 0.04 0.01 0.16 0.17 0.14 0.16
0.12 0.31 0.04 0.01 0.25 0.30 0.15 0.11
0.14 0.35 0.07 0.01 0.31 0.34 0.26 0.13
0.08 0.21 0.03 0.01 0.17 0.20 0.11 0.13
0.08 0.23 0.02 0.01 0.19 0.23 0.08 0.11
0.08 0.21 0.04 0.01 0.18 0.21 0.14 0.11
0.11 0.29 0.03 0.01 0.18 0.23 0.09 0.06
0.07 0.18 0.04 0.03 0.09 0.12 0.07 0.09
0.10 0.27 0.06 0.01 0.11 0.15 0.10 0.02
0.10 0.23 0.04 0.02 0.09 0.11 0.07 0.04
0.06 0.15 0.03 0.02 0.05 0.06 0.04 0.03
0.09 0.24 0.04 0.02 0.07 0.10 0.05 0.03
0.10 0.23 0.05 0.03 0.07 0.10 0.07 0.04
0.08 0.18 0.04 0.03 0.06 0.08 0.05 0.03
0.05 0.10 0.05 0.03 0.04 0.05 0.09 0.03
0.04 0.07 0.04 0.05 0.04 0.04 0.06 0.06
0.05 0.11 0.03 0.04 0.04 0.06 0.04 0.04
0.04 0.06 0.05 0.05 0.03 0.03 0.08 0.04
0.04 0.08 0.03 0.04 0.03 0.05 0.04 0.05
0.04 0.10 0.03 0.03 0.04 0.07 0.06 0.04
0.07 0.12 0.04 0.06 0.07 0.08 0.07 0.07
0.30 0.58 0.07 0.26 0.38 0.43 0.15 0.46
0.37 0.62 0.11 0.37 0.42 0.44 0.23 0.55
0.34 0.52 0.09 0.41 0.39 0.36 0.18 0.64
0.34 0.65 0.09 0.29 0.43 0.49 0.20 0.49
0.34 0.62 0.12 0.27 0.46 0.52 0.27 0.48
0.29 0.54 0.06 0.26 0.45 0.51 0.17 0.52
0.32 0.62 0.08 0.28 0.46 0.53 0.18 0.53
0.35 0.62 0.17 0.26 0.46 0.49 0.36 0.49
0.22 0.42 0.09 0.17 0.25 0.27 0.16 0.30
0.17 0.28 0.03 0.20 0.16 0.15 0.05 0.32
0.34 0.59 0.25 0.18 0.33 0.32 0.38 0.31
0.18 0.33 0.08 0.15 0.17 0.16 0.12 0.23
0.15 0.31 0.03 0.12 0.14 0.16 0.05 0.21
0.24 0.46 0.11 0.17 0.21 0.21 0.16 0.27
0.15 0.26 0.09 0.11 0.14 0.13 0.14 0.21
0.15 0.28 0.09 0.10 0.14 0.14 0.14 0.21
0.05 0.10 0.02 0.06 0.05 0.05 0.04 0.13
0.12 0.26 0.06 0.06 0.13 0.14 0.09 0.15
0.09 0.17 0.06 0.06 0.10 0.09 0.10 0.15
0.10 0.16 0.07 0.07 0.11 0.09 0.13 0.18
0.06 0.13 0.04 0.03 0.08 0.09 0.08 0.09
0.06 0.11 0.04 0.04 0.07 0.07 0.09 0.11
0.08 0.19 0.04 0.02 0.12 0.13 0.10 0.08
0.07 0.15 0.04 0.04 0.11 0.11 0.10 0.13
0.08 0.17 0.05 0.03 0.11 0.11 0.12 0.11
0.14 0.21 0.10 0.10 0.15 0.12 0.19 0.25
0.13 0.24 0.07 0.09 0.15 0.14 0.14 0.23
0.17 0.30 0.08 0.11 0.17 0.15 0.16 0.26
0.13 0.23 0.07 0.10 0.15 0.13 0.14 0.26
0.13 0.21 0.07 0.10 0.12 0.10 0.12 0.21
0.05 0.12 0.02 0.03 0.06 0.07 0.05 0.09
0.10 0.18 0.08 0.06 0.10 0.09 0.13 0.13
0.08 0.13 0.03 0.09 0.08 0.06 0.05 0.19
0.13 0.18 0.08 0.13 0.12 0.09 0.15 0.25
0.09 0.16 0.04 0.08 0.08 0.07 0.07 0.18
0.08 0.08 0.03 0.16 0.07 0.04 0.05 0.30
0.07 0.10 0.03 0.09 0.07 0.04 0.05 0.20
0.06 0.08 0.03 0.06 0.05 0.03 0.06 0.15
0.01 0.03 0.02 0.02 0.01 0.01 0.03 0.06
0.03 0.06 0.03 0.02 0.02 0.02 0.06 0.06
0.02 0.06 0.02 0.03 0.02 0.02 0.04 0.09
0.01 0.02 0.01 0.02 0.01 0.01 0.03 0.06
0.02 0.06 0.02 0.02 0.02 0.02 0.03 0.06
0.02 0.05 0.03 0.03 0.02 0.02 0.06 0.08
0.02 0.04 0.04 0.03 0.01 0.01 0.05 0.06
0.04 0.10 0.03 0.02 0.02 0.03 0.05 0.05
0.03 0.06 0.03 0.01 0.02 0.01 0.04 0.03
0.02 0.06 0.02 0.02 0.01 0.01 0.03 0.04
0.03 0.08 0.04 0.03 0.02 0.02 0.04 0.06
0.03 0.06 0.05 0.01 0.01 0.01 0.07 0.03
0.03 0.06 0.04 0.02 0.01 0.02 0.04 0.04
0.04 0.10 0.06 0.03 0.02 0.02 0.07 0.07
0.03 0.07 0.06 0.02 0.02 0.02 0.08 0.05
0.01 0.07 0.04 0.02 0.01 0.02 0.07 0.04
0.02 0.06 0.03 0.02 0.01 0.02 0.06 0.07
0.02 0.05 0.02 0.02 0.01 0.02 0.04 0.11
0.02 0.05 0.02 0.02 0.02 0.02 0.05 0.10
0.03 0.06 0.03 0.01 0.02 0.02 0.06 0.07
0.01 0.04 0.02 0.01 0.01 0.01 0.05 0.10
0.05 0.13 0.03 0.02 0.04 0.04 0.06 0.11
0.43 1.19 0.10 0.02 0.42 0.47 0.23 0.15
0.47 1.30 0.10 0.01 0.44 0.49 0.23 0.12
0.35 0.99 0.05 0.01 0.33 0.38 0.12 0.08
0.55 1.53 0.13 0.01 0.56 0.63 0.32 0.11
0.51 1.39 0.13 0.01 0.51 0.57 0.33 0.11
0.47 1.27 0.12 0.01 0.50 0.56 0.31 0.13
0.41 1.11 0.12 0.02 0.43 0.47 0.29 0.14
0.41 1.09 0.13 0.02 0.41 0.45 0.32 0.14
0.49 1.31 0.16 0.02 0.54 0.59 0.40 0.12
0.41 1.10 0.12 0.02 0.49 0.54 0.35 0.16
0.42 1.10 0.11 0.03 0.51 0.56 0.34 0.27
0.43 1.13 0.15 0.03 0.57 0.61 0.45 0.24
0.40 1.01 0.15 0.04 0.52 0.56 0.42 0.31
0.39 1.03 0.13 0.03 0.52 0.57 0.34 0.28
0.38 0.97 0.16 0.04 0.45 0.48 0.37 0.28
0.38 0.97 0.15 0.04 0.40 0.43 0.33 0.25
0.34 0.85 0.14 0.05 0.37 0.39 0.31 0.33
0.25 0.67 0.07 0.04 0.31 0.34 0.17 0.29
0.30 0.76 0.11 0.04 0.35 0.38 0.28 0.31
0.31 0.77 0.12 0.04 0.39 0.42 0.33 0.31
0.21 0.56 0.06 0.01 0.30 0.34 0.16 0.11
0.24 0.62 0.08 0.02 0.32 0.37 0.21 0.14
0.20 0.54 0.05 0.01 0.26 0.31 0.13 0.07
0.30 0.75 0.13 0.03 0.39 0.43 0.32 0.20
0.22 0.52 0.11 0.04 0.31 0.32 0.29 0.24
0.20 0.51 0.07 0.03 0.29 0.33 0.18 0.22
0.24 0.59 0.10 0.05 0.35 0.39 0.28 0.34
0.20 0.54 0.06 0.03 0.33 0.39 0.18 0.23
0.19 0.47 0.08 0.05 0.30 0.33 0.24 0.27
0.14 0.35 0.06 0.02 0.21 0.25 0.17 0.09
0.08 0.16 0.05 0.04 0.12 0.11 0.14 0.18
0.09 0.18 0.06 0.04 0.13 0.12 0.14 0.16
0.11 0.21 0.08 0.06 0.14 0.12 0.17 0.21
0.17 0.29 0.12 0.09 0.19 0.17 0.25 0.29
0.16 0.27 0.13 0.09 0.19 0.16 0.26 0.28
0.12 0.21 0.10 0.07 0.16 0.13 0.21 0.22
0.10 0.15 0.09 0.06 0.12 0.09 0.18 0.16
0.20 0.36 0.17 0.09 0.27 0.25 0.37 0.25
0.14 0.23 0.10 0.10 0.18 0.15 0.22 0.27
0.12 0.20 0.10 0.08 0.15 0.12 0.20 0.21
0.12 0.21 0.10 0.06 0.14 0.13 0.20 0.16
0.19 0.32 0.15 0.11 0.22 0.19 0.30 0.28
0.13 0.23 0.10 0.07 0.16 0.15 0.22 0.20
0.12 0.24 0.06 0.07 0.16 0.16 0.14 0.22
0.16 0.31 0.10 0.08 0.21 0.20 0.21 0.24
0.16 0.31 0.09 0.07 0.20 0.21 0.17 0.23
0.12 0.27 0.05 0.08 0.16 0.18 0.10 0.21
0.14 0.25 0.07 0.10 0.18 0.17 0.14 0.26
0.17 0.35 0.10 0.10 0.22 0.24 0.20 0.26
0.16 0.32 0.05 0.13 0.20 0.20 0.12 0.34
0.18 0.39 0.08 0.10 0.23 0.27 0.16 0.25
0.19 0.37 0.06 0.14 0.23 0.25 0.13 0.32
0.20 0.34 0.09 0.19 0.26 0.24 0.19 0.41
0.21 0.39 0.10 0.17 0.25 0.26 0.20 0.34
0.33 0.56 0.28 0.15 0.38 0.37 0.47 0.30
0.45 0.72 0.36 0.27 0.50 0.46 0.62 0.49
0.19 0.33 0.07 0.20 0.24 0.25 0.13 0.37
0.23 0.41 0.09 0.21 0.33 0.36 0.20 0.39
0.27 0.45 0.12 0.24 0.34 0.35 0.24 0.42
0.32 0.51 0.16 0.28 0.33 0.34 0.24 0.43
0.32 0.55 0.19 0.23 0.36 0.38 0.30 0.38
0.42 0.62 0.17 0.48 0.42 0.38 0.25 0.67
0.54 0.83 0.24 0.54 0.53 0.50 0.36 0.76
0.63 1.09 0.26 0.55 0.59 0.61 0.38 0.75
0.48 0.70 0.17 0.57 0.46 0.39 0.25 0.82
0.59 0.89 0.23 0.66 0.57 0.50 0.36 0.90
0.72 1.18 0.27 0.72 0.63 0.60 0.39 0.95
0.77 1.23 0.34 0.75 0.66 0.63 0.45 0.96
0.59 0.92 0.32 0.55 0.51 0.46 0.41 0.73
0.83 1.28 0.48 0.74 0.70 0.65 0.62 0.92
0.80 1.20 0.42 0.78 0.66 0.59 0.53 1.00
0.66 1.01 0.35 0.64 0.53 0.47 0.41 0.83
0.48 0.76 0.26 0.43 0.41 0.37 0.33 0.59
0.68 1.03 0.35 0.67 0.46 0.40 0.39 0.73
0.57 0.76 0.30 0.65 0.34 0.26 0.28 0.63
0.74 0.99 0.37 0.87 0.39 0.30 0.31 0.71
0.43 0.66 0.18 0.45 0.22 0.19 0.15 0.42
0.70 1.00 0.58 0.53 0.33 0.25 0.45 0.44
0.78 1.37 0.56 0.42 0.31 0.29 0.39 0.30
0.39 0.70 0.24 0.25 0.15 0.14 0.17 0.17
0.67 1.08 0.43 0.49 0.27 0.23 0.30 0.38
0.39 0.52 0.26 0.41 0.15 0.11 0.18 0.32
0.81 1.05 0.38 1.00 0.31 0.21 0.27 0.69
0.38 0.50 0.13 0.52 0.16 0.11 0.11 0.41
0.56 0.75 0.29 0.65 0.26 0.17 0.26 0.57
0.12 0.10 0.05 0.26 0.06 0.02 0.05 0.27
0.23 0.38 0.09 0.22 0.11 0.09 0.09 0.24
0.16 0.22 0.08 0.20 0.09 0.06 0.09 0.24
0.12 0.26 0.08 0.10 0.07 0.07 0.08 0.14
0.26 0.50 0.15 0.14 0.15 0.15 0.16 0.21
0.65 1.53 0.28 0.14 0.54 0.63 0.40 0.30
0.94 2.28 0.35 0.20 0.69 0.81 0.45 0.40
0.76 1.74 0.32 0.23 0.61 0.67 0.44 0.50
1.36 3.12 0.53 0.44 1.07 1.16 0.79 1.01
0.68 1.57 0.26 0.21 0.59 0.63 0.43 0.59
1.08 2.49 0.39 0.37 0.90 0.96 0.63 0.91
0.86 1.87 0.43 0.30 0.77 0.78 0.72 0.75
0.73 1.70 0.31 0.18 0.67 0.72 0.54 0.50
0.53 1.21 0.23 0.14 0.52 0.55 0.43 0.45
0.60 1.41 0.23 0.18 0.58 0.62 0.44 0.56
0.70 1.63 0.29 0.21 0.62 0.65 0.48 0.59
0.62 1.43 0.25 0.19 0.59 0.62 0.46 0.57
0.44 1.06 0.16 0.10 0.48 0.55 0.31 0.32
0.55 1.31 0.20 0.14 0.53 0.59 0.37 0.41
0.58 1.40 0.22 0.12 0.58 0.64 0.43 0.37
0.43 1.02 0.16 0.11 0.46 0.51 0.32 0.36
0.35 0.84 0.15 0.07 0.40 0.44 0.32 0.25
0.40 0.97 0.15 0.11 0.45 0.51 0.31 0.34
0.40 0.96 0.14 0.11 0.46 0.52 0.30 0.34
0.36 0.86 0.13 0.11 0.41 0.48 0.28 0.30
0.36 0.83 0.14 0.13 0.44 0.48 0.31 0.40
0.30 0.70 0.13 0.07 0.37 0.43 0.31 0.21
0.24 0.61 0.07 0.06 0.32 0.39 0.18 0.20
0.21 0.53 0.06 0.04 0.30 0.39 0.16 0.15
0.20 0.52 0.07 0.03 0.26 0.32 0.17 0.12
0.25 0.61 0.08 0.06 0.34 0.40 0.21 0.23
0.28 0.70 0.09 0.07 0.33 0.39 0.19 0.23
0.28 0.69 0.09 0.08 0.34 0.40 0.20 0.25
0.38 0.94 0.13 0.09 0.43 0.50 0.27 0.27
0.41 0.95 0.15 0.13 0.44 0.49 0.31 0.38
0.43 1.01 0.17 0.12 0.51 0.57 0.37 0.39
0.50 1.21 0.17 0.13 0.56 0.63 0.36 0.45
0.48 1.18 0.17 0.11 0.56 0.64 0.37 0.38
0.48 1.18 0.17 0.10 0.61 0.69 0.42 0.41
0.41 1.06 0.13 0.07 0.59 0.69 0.34 0.36
0.48 1.25 0.12 0.10 0.65 0.75 0.33 0.51
0.55 1.37 0.18 0.11 0.73 0.82 0.48 0.51
0.51 1.26 0.17 0.12 0.64 0.71 0.42 0.51
0.54 1.38 0.14 0.10 0.68 0.78 0.37 0.44
0.56 1.39 0.16 0.15 0.66 0.73 0.40 0.56
0.55 1.39 0.14 0.16 0.61 0.71 0.32 0.52
0.62 1.57 0.21 0.11 0.63 0.73 0.43 0.32
0.71 1.81 0.22 0.11 0.70 0.82 0.44 0.34
0.64 1.62 0.21 0.10 0.59 0.68 0.38 0.30
0.98 2.41 0.34 0.19 0.75 0.85 0.51 0.45
0.78 2.04 0.18 0.14 0.58 0.69 0.27 0.32
1.04 2.58 0.39 0.18 0.74 0.83 0.58 0.39
1.03 2.53 0.34 0.23 0.70 0.78 0.49 0.51
1.24 2.96 0.46 0.32 0.75 0.82 0.58 0.60
1.19 2.82 0.46 0.31 0.75 0.79 0.61 0.63
1.41 3.35 0.57 0.34 0.91 0.98 0.74 0.71
1.10 2.70 0.37 0.27 0.69 0.75 0.48 0.59
1.11 2.72 0.37 0.27 0.73 0.79 0.51 0.60
1.08 2.64 0.37 0.26 0.77 0.84 0.56 0.59
0.83 1.97 0.33 0.19 0.63 0.69 0.50 0.43
0.80 1.86 0.27 0.27 0.59 0.65 0.40 0.54
0.82 1.80 0.39 0.25 0.62 0.66 0.57 0.48
0.86 1.79 0.42 0.38 0.68 0.69 0.60 0.73
0.81 1.84 0.34 0.26 0.68 0.75 0.55 0.51
0.69 1.49 0.27 0.32 0.56 0.60 0.40 0.56
0.56 1.28 0.23 0.18 0.43 0.48 0.31 0.34
0.56 1.34 0.15 0.21 0.40 0.45 0.20 0.41
0.85 2.00 0.31 0.25 0.62 0.69 0.44 0.51
0.77 1.84 0.24 0.22 0.60 0.68 0.37 0.47
0.74 1.81 0.22 0.21 0.56 0.64 0.31 0.45
0.85 1.94 0.37 0.24 0.64 0.68 0.55 0.51
0.83 1.91 0.35 0.24 0.61 0.66 0.53 0.50
1.12 2.53 0.53 0.31 0.78 0.80 0.77 0.64
0.83 1.93 0.31 0.27 0.66 0.71 0.49 0.61
0.84 1.86 0.34 0.31 0.60 0.62 0.52 0.62
0.96 2.08 0.38 0.42 0.72 0.73 0.60 0.87
0.78 1.74 0.28 0.33 0.58 0.59 0.45 0.72
0.94 2.18 0.33 0.32 0.76 0.81 0.56 0.75
0.98 2.19 0.43 0.33 0.73 0.75 0.66 0.74
1.02 2.29 0.43 0.35 0.72 0.73 0.65 0.76
0.85 1.95 0.32 0.29 0.61 0.63 0.50 0.64
0.66 1.56 0.22 0.21 0.48 0.51 0.33 0.47
0.68 1.57 0.25 0.23 0.51 0.53 0.39 0.61
0.60 1.38 0.19 0.22 0.50 0.52 0.33 0.64
0.54 1.25 0.17 0.19 0.47 0.50 0.32 0.60
0.74 1.74 0.28 0.21 0.67 0.71 0.53 0.60
0.52 1.16 0.19 0.21 0.48 0.49 0.37 0.57
0.62 1.36 0.30 0.20 0.56 0.58 0.52 0.51
0.46 1.04 0.20 0.14 0.44 0.47 0.36 0.39
0.34 0.83 0.13 0.09 0.36 0.40 0.26 0.27
0.37 0.88 0.14 0.11 0.43 0.47 0.30 0.36
0.31 0.71 0.14 0.10 0.40 0.42 0.34 0.36
0.28 0.65 0.11 0.07 0.38 0.41 0.28 0.32
0.21 0.51 0.07 0.06 0.30 0.34 0.20 0.28
0.24 0.55 0.10 0.08 0.32 0.34 0.26 0.33
0.08 0.20 0.02 0.02 0.11 0.14 0.05 0.07
0.09 0.23 0.05 0.03 0.12 0.14 0.11 0.09
0.11 0.30 0.03 0.03 0.14 0.17 0.07 0.10
0.11 0.26 0.03 0.03 0.13 0.15 0.08 0.10
0.03 0.05 0.07 0.05 0.04 0.03 0.16 0.16
0.04 0.14 0.02 0.03 0.05 0.10 0.05 0.12
0.04 0.13 0.02 0.02 0.06 0.09 0.05 0.05
0.03 0.10 0.02 0.02 0.04 0.08 0.04 0.06
0.05 0.14 0.03 0.02 0.08 0.11 0.08 0.06
0.06 0.17 0.03 0.02 0.07 0.11 0.06 0.05
0.06 0.18 0.02 0.02 0.08 0.12 0.05 0.06
0.07 0.21 0.02 0.01 0.09 0.14 0.05 0.03
0.08 0.22 0.03 0.01 0.12 0.16 0.07 0.06
0.10 0.29 0.03 0.02 0.16 0.21 0.07 0.07
0.13 0.35 0.04 0.01 0.22 0.27 0.12 0.08
0.12 0.34 0.03 0.01 0.21 0.27 0.09 0.06
0.12 0.32 0.04 0.01 0.20 0.25 0.13 0.09
0.15 0.39 0.06 0.02 0.26 0.31 0.17 0.11
0.15 0.41 0.05 0.02 0.28 0.34 0.15 0.10
0.16 0.41 0.06 0.01 0.32 0.37 0.22 0.12
0.16 0.42 0.05 0.01 0.34 0.41 0.20 0.14
0.17 0.46 0.05 0.01 0.37 0.45 0.20 0.11
0.18 0.45 0.05 0.02 0.33 0.39 0.18 0.16
0.19 0.52 0.06 0.02 0.34 0.40 0.20 0.18
0.15 0.40 0.04 0.02 0.27 0.33 0.13 0.20
0.21 0.54 0.06 0.02 0.36 0.43 0.19 0.18
0.19 0.50 0.06 0.02 0.37 0.43 0.21 0.19
0.19 0.52 0.06 0.02 0.38 0.45 0.21 0.16
0.14 0.39 0.03 0.02 0.34 0.42 0.14 0.20
0.11 0.28 0.04 0.02 0.26 0.32 0.15 0.19
0.12 0.33 0.04 0.02 0.24 0.29 0.15 0.14
0.17 0.44 0.07 0.02 0.33 0.39 0.22 0.16
0.15 0.39 0.04 0.02 0.33 0.42 0.17 0.21
0.15 0.37 0.06 0.02 0.37 0.43 0.25 0.22
0.19 0.49 0.08 0.02 0.48 0.56 0.33 0.21
0.18 0.46 0.06 0.01 0.44 0.52 0.26 0.14
0.20 0.52 0.07 0.01 0.41 0.49 0.24 0.10
0.23 0.59 0.08 0.02 0.48 0.57 0.30 0.14
0.19 0.49 0.08 0.02 0.46 0.55 0.33 0.16
0.16 0.42 0.06 0.02 0.36 0.44 0.24 0.15
0.23 0.57 0.10 0.01 0.54 0.62 0.40 0.18
0.22 0.56 0.10 0.02 0.54 0.62 0.41 0.22
0.19 0.46 0.09 0.01 0.45 0.51 0.36 0.15
0.18 0.44 0.09 0.01 0.44 0.50 0.36 0.17
0.18 0.45 0.08 0.01 0.43 0.50 0.32 0.15
0.18 0.44 0.06 0.03 0.35 0.41 0.20 0.24
0.27 0.56 0.15 0.10 0.42 0.44 0.36 0.42
0.40 0.88 0.19 0.15 0.51 0.57 0.39 0.39
0.49 0.98 0.24 0.26 0.52 0.56 0.46 0.48
0.45 0.88 0.17 0.32 0.40 0.44 0.26 0.47
0.57 1.05 0.25 0.41 0.48 0.50 0.35 0.57
0.71 1.21 0.38 0.55 0.59 0.59 0.51 0.67
0.60 1.10 0.26 0.44 0.52 0.57 0.38 0.55
0.48 0.90 0.13 0.42 0.45 0.50 0.22 0.52
0.41 0.73 0.17 0.31 0.42 0.46 0.30 0.45
0.43 0.71 0.14 0.44 0.42 0.43 0.24 0.55
0.44 0.72 0.14 0.47 0.45 0.46 0.24 0.59
0.50 0.80 0.19 0.53 0.51 0.51 0.33 0.65
0.32 0.51 0.12 0.32 0.39 0.39 0.26 0.51
0.38 0.61 0.15 0.37 0.44 0.45 0.29 0.54
0.27 0.54 0.08 0.19 0.35 0.41 0.18 0.34
0.27 0.46 0.10 0.25 0.31 0.32 0.20 0.38
0.26 0.40 0.05 0.33 0.29 0.27 0.10 0.52
0.32 0.63 0.11 0.23 0.41 0.47 0.24 0.40
0.29 0.56 0.12 0.20 0.40 0.46 0.28 0.38
0.26 0.51 0.09 0.19 0.39 0.45 0.24 0.39
0.30 0.55 0.12 0.22 0.46 0.52 0.31 0.46
0.25 0.47 0.12 0.16 0.34 0.38 0.26 0.33
0.16 0.34 0.08 0.07 0.19 0.22 0.15 0.14
0.11 0.25 0.02 0.09 0.12 0.15 0.04 0.17
0.21 0.40 0.12 0.11 0.20 0.21 0.19 0.19
0.24 0.43 0.14 0.17 0.23 0.22 0.23 0.29
0.16 0.27 0.09 0.14 0.14 0.12 0.13 0.24
0.25 0.47 0.13 0.15 0.22 0.22 0.20 0.26
0.25 0.48 0.15 0.12 0.24 0.25 0.23 0.24
0.18 0.33 0.12 0.12 0.17 0.16 0.18 0.23
0.21 0.39 0.15 0.09 0.22 0.21 0.24 0.21
0.20 0.40 0.11 0.12 0.20 0.21 0.18 0.25
0.23 0.46 0.15 0.09 0.25 0.27 0.25 0.23
0.18 0.35 0.12 0.07 0.20 0.20 0.24 0.19
0.12 0.26 0.06 0.05 0.16 0.18 0.14 0.15
0.15 0.31 0.07 0.07 0.18 0.20 0.14 0.20
0.17 0.38 0.09 0.06 0.26 0.30 0.23 0.20
0.18 0.38 0.12 0.06 0.27 0.29 0.28 0.19
0.20 0.39 0.11 0.08 0.26 0.26 0.26 0.27
0.25 0.51 0.14 0.11 0.33 0.34 0.32 0.32
0.17 0.35 0.08 0.08 0.19 0.20 0.18 0.22
0.20 0.44 0.08 0.09 0.25 0.27 0.20 0.27
0.21 0.41 0.12 0.10 0.23 0.23 0.24 0.25
0.15 0.32 0.08 0.06 0.16 0.17 0.17 0.14
0.27 0.56 0.16 0.11 0.35 0.36 0.37 0.31
0.36 0.80 0.15 0.15 0.40 0.44 0.31 0.36
0.40 0.88 0.16 0.18 0.48 0.52 0.35 0.44
0.50 1.10 0.21 0.21 0.54 0.59 0.43 0.47
0.51 1.14 0.21 0.19 0.57 0.64 0.45 0.44
0.44 0.99 0.15 0.22 0.45 0.50 0.30 0.46
0.47 1.10 0.17 0.17 0.49 0.56 0.35 0.37
0.46 1.08 0.16 0.16 0.50 0.57 0.34 0.42
0.54 1.34 0.18 0.11 0.59 0.69 0.39 0.33
0.55 1.35 0.18 0.13 0.60 0.66 0.41 0.45
0.58 1.41 0.16 0.19 0.65 0.71 0.39 0.68
0.58 1.33 0.22 0.19 0.59 0.60 0.49 0.69
0.81 1.96 0.29 0.18 0.78 0.84 0.61 0.65
0.83 1.98 0.28 0.24 0.70 0.73 0.56 0.69
1.01 2.45 0.34 0.24 0.78 0.83 0.64 0.64
0.93 2.26 0.31 0.25 0.68 0.71 0.55 0.64
0.95 2.31 0.34 0.21 0.67 0.71 0.54 0.53
0.97 2.41 0.30 0.22 0.69 0.75 0.48 0.55
1.21 2.98 0.43 0.25 0.77 0.81 0.61 0.62
1.09 2.76 0.30 0.23 0.68 0.73 0.43 0.61
1.09 2.76 0.31 0.21 0.68 0.74 0.45 0.57
1.41 3.36 0.50 0.38 0.86 0.88 0.70 0.95
1.25 3.08 0.43 0.25 0.80 0.84 0.64 0.71
0.95 2.43 0.27 0.17 0.70 0.76 0.50 0.54
0.91 2.36 0.25 0.14 0.72 0.79 0.48 0.51
0.81 2.16 0.19 0.10 0.70 0.76 0.44 0.48
0.81 2.13 0.22 0.07 0.75 0.80 0.52 0.46
0.95 2.56 0.24 0.05 0.93 1.01 0.59 0.35
0.70 1.90 0.18 0.04 0.72 0.79 0.46 0.33
0.92 2.51 0.20 0.04 0.85 0.93 0.48 0.35
0.71 1.93 0.17 0.04 0.71 0.78 0.41 0.35
0.82 2.21 0.23 0.04 0.78 0.85 0.53 0.30
0.65 1.75 0.17 0.05 0.59 0.65 0.36 0.35
0.91 2.46 0.24 0.04 0.92 1.00 0.60 0.33
0.90 2.40 0.27 0.04 0.92 0.99 0.68 0.34
0.78 2.09 0.23 0.04 0.83 0.90 0.60 0.33
0.68 1.83 0.18 0.03 0.72 0.79 0.49 0.27
0.66 1.73 0.21 0.05 0.67 0.72 0.51 0.34
0.83 2.17 0.27 0.04 0.90 0.97 0.69 0.30
0.69 1.83 0.20 0.03 0.79 0.85 0.58 0.26
0.69 1.83 0.19 0.06 0.86 0.94 0.54 0.50
0.77 2.02 0.23 0.06 1.00 1.08 0.68 0.62
0.68 1.76 0.23 0.06 0.92 0.99 0.64 0.62
0.82 2.09 0.31 0.06 1.02 1.10 0.78 0.50
0.86 2.13 0.38 0.08 1.03 1.08 0.89 0.66
0.87 2.16 0.37 0.07 0.90 0.97 0.77 0.45
0.74 1.82 0.32 0.07 0.81 0.86 0.69 0.50
0.63 1.65 0.22 0.03 0.74 0.82 0.51 0.28
0.81 2.06 0.33 0.04 0.89 0.95 0.75 0.32
0.70 1.85 0.23 0.03 0.85 0.95 0.57 0.25
0.56 1.46 0.18 0.05 0.78 0.87 0.51 0.42
0.68 1.75 0.26 0.05 0.85 0.94 0.65 0.31
0.49 1.28 0.17 0.03 0.64 0.72 0.43 0.20
0.65 1.64 0.26 0.05 0.80 0.90 0.58 0.29
0.56 1.37 0.25 0.05 0.72 0.80 0.58 0.33
0.49 1.24 0.18 0.05 0.68 0.77 0.45 0.33
0.56 1.42 0.22 0.05 0.82 0.92 0.60 0.34
0.50 1.32 0.14 0.04 0.80 0.95 0.42 0.29
0.47 1.22 0.15 0.05 0.71 0.82 0.44 0.33
0.43 1.02 0.18 0.09 0.67 0.75 0.51 0.48
0.40 0.92 0.17 0.11 0.63 0.69 0.51 0.50
0.36 0.81 0.17 0.11 0.49 0.52 0.43 0.46
0.35 0.78 0.15 0.12 0.46 0.50 0.37 0.43
0.37 0.79 0.19 0.13 0.46 0.48 0.43 0.42
0.35 0.72 0.19 0.14 0.42 0.43 0.40 0.42
0.24 0.51 0.08 0.13 0.30 0.32 0.18 0.37
0.19 0.43 0.10 0.06 0.25 0.28 0.22 0.17
0.20 0.51 0.08 0.07 0.26 0.33 0.17 0.21
0.13 0.31 0.06 0.03 0.19 0.24 0.15 0.11
0.16 0.37 0.07 0.05 0.20 0.24 0.15 0.14
0.19 0.43 0.10 0.07 0.24 0.29 0.20 0.20
0.30 0.71 0.12 0.12 0.37 0.44 0.24 0.30
0.32 0.77 0.15 0.07 0.41 0.49 0.32 0.21
0.28 0.69 0.09 0.08 0.39 0.49 0.20 0.24
0.34 0.77 0.16 0.11 0.45 0.52 0.35 0.31
0.42 0.92 0.19 0.15 0.54 0.61 0.40 0.43
0.33 0.78 0.11 0.10 0.45 0.56 0.25 0.31
0.35 0.77 0.13 0.16 0.44 0.51 0.27 0.41
0.36 0.81 0.16 0.13 0.46 0.54 0.34 0.33
0.38 0.89 0.13 0.13 0.48 0.58 0.27 0.36
0.46 1.01 0.20 0.18 0.59 0.68 0.40 0.50
0.45 0.96 0.18 0.22 0.56 0.65 0.35 0.54
0.43 0.89 0.19 0.22 0.53 0.61 0.38 0.45
0.43 0.86 0.17 0.30 0.52 0.58 0.33 0.61
0.66 1.20 0.55 0.25 0.76 0.78 0.89 0.53
0.79 1.38 0.57 0.45 0.86 0.86 0.95 0.80
0.51 0.94 0.18 0.42 0.65 0.70 0.37 0.79
0.49 0.92 0.19 0.38 0.70 0.78 0.44 0.74
0.51 0.91 0.20 0.42 0.66 0.72 0.40 0.75
0.53 0.87 0.25 0.45 0.57 0.58 0.39 0.71
0.11 0.18 0.05 0.13 0.12 0.11 0.08 0.19
0.09 0.14 0.04 0.09 0.08 0.07 0.06 0.11
0.05 0.07 0.03 0.07 0.04 0.04 0.04 0.09
0.03 0.06 0.02 0.04 0.03 0.03 0.03 0.05
0.05 0.09 0.04 0.05 0.04 0.04 0.06 0.05
0.04 0.08 0.03 0.05 0.03 0.04 0.05 0.05
0.03 0.07 0.03 0.03 0.02 0.03 0.03 0.03
0.03 0.06 0.03 0.05 0.02 0.02 0.04 0.05
0.05 0.09 0.04 0.04 0.04 0.04 0.05 0.05
0.01 0.03 0.02 0.02 0.00 0.01 0.03 0.02
0.02 0.03 0.05 0.04 0.02 0.01 0.06 0.04
0.04 0.07 0.05 0.08 0.03 0.03 0.05 0.09
0.01 0.03 0.03 0.04 0.01 0.01 0.04 0.04
0.04 0.09 0.03 0.05 0.02 0.04 0.03 0.05
0.02 0.03 0.05 0.06 0.01 0.01 0.04 0.05
0.03 0.07 0.06 0.05 0.01 0.02 0.05 0.03
0.03 0.06 0.04 0.03 0.02 0.02 0.03 0.02
0.03 0.07 0.05 0.01 0.01 0.02 0.03 0.01
0.06 0.08 0.08 0.07 0.02 0.02 0.05 0.05
0.03 0.06 0.03 0.05 0.01 0.01 0.02 0.03
0.05 0.08 0.07 0.06 0.02 0.02 0.05 0.04
0.03 0.06 0.03 0.02 0.01 0.01 0.03 0.02
0.04 0.09 0.04 0.05 0.01 0.02 0.03 0.03
0.02 0.04 0.02 0.03 0.01 0.01 0.01 0.03
0.02 0.06 0.03 0.04 0.01 0.01 0.03 0.03
0.04 0.07 0.04 0.04 0.01 0.02 0.03 0.03
0.03 0.09 0.05 0.03 0.02 0.02 0.05 0.04
0.02 0.04 0.03 0.03 0.01 0.01 0.03 0.03
0.03 0.10 0.03 0.02 0.02 0.03 0.04 0.03
0.04 0.09 0.05 0.04 0.02 0.03 0.05 0.06
0.02 0.02 0.04 0.01 0.01 0.01 0.05 0.03
0.03 0.07 0.04 0.03 0.02 0.02 0.05 0.05
0.03 0.08 0.03 0.03 0.02 0.03 0.04 0.05
0.02 0.06 0.02 0.01 0.01 0.02 0.02 0.02
0.02 0.06 0.03 0.01 0.02 0.02 0.04 0.03
0.03 0.06 0.04 0.02 0.02 0.02 0.05 0.03
0.03 0.07 0.04 0.02 0.02 0.03 0.05 0.04
0.03 0.07 0.03 0.02 0.02 0.02 0.05 0.05
0.03 0.05 0.03 0.02 0.03 0.02 0.06 0.07
0.02 0.05 0.03 0.03 0.02 0.02 0.04 0.07
0.02 0.06 0.01 0.01 0.01 0.02 0.01 0.03
0.02 0.06 0.03 0.01 0.01 0.02 0.04 0.03
0.02 0.06 0.02 0.02 0.02 0.02 0.04 0.07
0.01 0.04 0.02 0.02 0.01 0.02 0.03 0.05
0.01 0.03 0.02 0.02 0.01 0.01 0.04 0.06
0.02 0.05 0.02 0.02 0.02 0.02 0.05 0.06
0.01 0.03 0.01 0.01 0.01 0.02 0.03 0.04
0.01 0.03 0.03 0.02 0.01 0.01 0.06 0.05
0.01 0.03 0.03 0.01 0.01 0.01 0.07 0.03
0.02 0.03 0.02 0.02 0.02 0.02 0.04 0.05
0.03 0.07 0.02 0.02 0.03 0.04 0.04 0.06
0.03 0.06 0.02 0.02 0.03 0.03 0.04 0.07
0.03 0.05 0.04 0.02 0.03 0.03 0.09 0.08
0.02 0.06 0.02 0.02 0.03 0.04 0.05 0.07
0.02 0.07 0.03 0.02 0.03 0.04 0.06 0.05
0.01 0.05 0.03 0.02 0.01 0.03 0.06 0.05
0.02 0.04 0.02 0.02 0.02 0.02 0.03 0.06
0.02 0.05 0.02 0.02 0.02 0.03 0.03 0.06
0.03 0.04 0.03 0.03 0.03 0.02 0.07 0.08
0.03 0.06 0.03 0.02 0.03 0.03 0.06 0.05
0.02 0.04 0.03 0.02 0.02 0.02 0.07 0.08
0.02 0.05 0.02 0.02 0.01 0.02 0.04 0.05
0.01 0.04 0.02 0.02 0.01 0.02 0.04 0.07
0.01 0.05 0.04 0.01 0.01 0.02 0.07 0.05
0.01 0.03 0.03 0.01 0.02 0.01 0.06 0.04
0.02 0.06 0.01 0.01 0.02 0.03 0.03 0.05
0.02 0.04 0.01 0.02 0.02 0.02 0.03 0.10
0.02 0.05 0.01 0.02 0.02 0.02 0.03 0.06
0.02 0.07 0.04 0.02 0.02 0.03 0.10 0.09
0.02 0.06 0.03 0.02 0.02 0.03 0.06 0.08
0.02 0.04 0.03 0.01 0.01 0.02 0.06 0.04
0.01 0.03 0.03 0.02 0.01 0.01 0.07 0.05
0.01 0.02 0.03 0.03 0.01 0.01 0.05 0.08
0.03 0.06 0.03 0.04 0.03 0.02 0.04 0.09
0.03 0.05 0.04 0.03 0.02 0.01 0.05 0.05
0.02 0.05 0.03 0.01 0.02 0.01 0.04 0.03
0.04 0.09 0.04 0.04 0.02 0.02 0.04 0.07
0.03 0.07 0.05 0.03 0.02 0.02 0.05 0.05
0.03 0.07 0.03 0.03 0.01 0.02 0.03 0.05
0.04 0.06 0.04 0.04 0.02 0.01 0.04 0.07
0.03 0.07 0.03 0.02 0.01 0.02 0.03 0.04
0.01 0.05 0.03 0.02 0.01 0.01 0.03 0.03
0.03 0.06 0.04 0.03 0.02 0.01 0.05 0.06
0.03 0.07 0.03 0.01 0.01 0.01 0.03 0.03
0.04 0.08 0.03 0.01 0.02 0.02 0.04 0.02
0.02 0.06 0.04 0.03 0.01 0.02 0.05 0.05
0.04 0.07 0.05 0.04 0.02 0.02 0.05 0.07
0.04 0.08 0.03 0.02 0.02 0.03 0.04 0.04
0.03 0.07 0.02 0.03 0.02 0.02 0.03 0.05
0.01 0.03 0.02 0.04 0.01 0.01 0.02 0.05
0.02 0.02 0.03 0.01 0.01 0.01 0.04 0.02
0.01 0.02 0.01 0.01 0.00 0.00 0.01 0.02
0.03 0.02 0.05 0.02 0.02 0.01 0.07 0.04
0.03 0.05 0.03 0.02 0.02 0.02 0.05 0.05
0.04 0.07 0.04 0.02 0.02 0.02 0.06 0.04
0.03 0.06 0.03 0.00 0.02 0.02 0.04 0.00
0.09 0.14 0.09 0.04 0.06 0.04 0.12 0.08
0.02 0.04 0.04 0.01 0.02 0.01 0.05 0.02
0.09 0.18 0.07 0.02 0.06 0.05 0.09 0.03
0.04 0.12 0.04 0.03 0.03 0.04 0.06 0.06
0.18 0.36 0.11 0.08 0.11 0.10 0.15 0.13
0.07 0.19 0.02 0.04 0.05 0.06 0.03 0.08
0.16 0.38 0.09 0.03 0.11 0.11 0.12 0.05
0.28 0.70 0.10 0.05 0.17 0.18 0.13 0.08
0.08 0.30 0.03 0.03 0.05 0.08 0.04 0.06
0.28 0.72 0.08 0.04 0.16 0.18 0.10 0.07
0.24 0.60 0.09 0.03 0.14 0.16 0.11 0.05
0.32 0.80 0.11 0.04 0.20 0.23 0.14 0.09
0.32 0.79 0.12 0.06 0.23 0.25 0.18 0.15
0.33 0.86 0.10 0.05 0.24 0.27 0.16 0.12
0.29 0.70 0.10 0.06 0.21 0.23 0.17 0.15
0.30 0.67 0.13 0.10 0.23 0.24 0.22 0.22
0.34 0.78 0.14 0.10 0.25 0.27 0.22 0.24
0.21 0.52 0.07 0.05 0.17 0.19 0.11 0.12
0.20 0.50 0.08 0.04 0.18 0.20 0.14 0.10
0.20 0.52 0.06 0.03 0.19 0.22 0.12 0.10
0.19 0.49 0.05 0.03 0.20 0.23 0.11 0.08
0.18 0.48 0.05 0.01 0.20 0.25 0.11 0.04
0.12 0.34 0.04 0.03 0.16 0.20 0.10 0.10
0.16 0.43 0.04 0.03 0.17 0.22 0.07 0.12
0.06 0.15 0.02 0.02 0.07 0.08 0.06 0.07
0.06 0.15 0.04 0.02 0.07 0.07 0.07 0.06
0.04 0.14 0.02 0.03 0.04 0.07 0.04 0.09
0.09 0.19 0.04 0.06 0.09 0.09 0.08 0.14
0.06 0.15 0.04 0.02 0.06 0.08 0.08 0.06
0.04 0.10 0.03 0.01 0.05 0.06 0.06 0.03
0.18 0.36 0.14 0.04 0.23 0.23 0.30 0.14
0.09 0.16 0.08 0.04 0.11 0.10 0.18 0.11
0.06 0.15 0.03 0.02 0.08 0.11 0.08 0.07
0.08 0.15 0.08 0.03 0.10 0.08 0.17 0.07
0.06 0.12 0.05 0.01 0.07 0.07 0.10 0.03
0.08 0.19 0.05 0.02 0.09 0.10 0.10 0.05
0.07 0.15 0.05 0.02 0.09 0.10 0.12 0.08
0.07 0.16 0.05 0.02 0.09 0.09 0.14 0.06
0.07 0.18 0.04 0.02 0.10 0.10 0.10 0.10
0.08 0.21 0.04 0.01 0.11 0.13 0.08 0.06
0.08 0.18 0.04 0.02 0.10 0.11 0.09 0.10
0.09 0.24 0.04 0.01 0.12 0.14 0.11 0.06
0.07 0.19 0.03 0.01 0.10 0.11 0.07 0.07
0.11 0.27 0.05 0.01 0.16 0.17 0.16 0.09
0.14 0.35 0.06 0.02 0.22 0.23 0.20 0.18
0.13 0.33 0.05 0.01 0.19 0.20 0.16 0.10
0.19 0.45 0.10 0.02 0.26 0.26 0.27 0.19
0.17 0.42 0.07 0.02 0.19 0.20 0.17 0.13
0.18 0.46 0.07 0.03 0.23 0.25 0.19 0.18
0.20 0.53 0.06 0.02 0.25 0.29 0.17 0.11
0.22 0.58 0.07 0.03 0.28 0.30 0.19 0.25
0.27 0.70 0.09 0.02 0.34 0.37 0.26 0.13
0.27 0.69 0.09 0.03 0.41 0.46 0.30 0.20
0.30 0.76 0.10 0.04 0.49 0.54 0.32 0.34
0.16 0.43 0.06 0.02 0.27 0.31 0.17 0.14
0.23 0.61 0.08 0.02 0.35 0.41 0.21 0.13
0.37 0.97 0.12 0.04 0.62 0.73 0.36 0.31
0.31 0.84 0.08 0.02 0.60 0.71 0.29 0.23
0.31 0.83 0.09 0.02 0.62 0.72 0.34 0.26
0.41 1.09 0.12 0.03 0.73 0.84 0.40 0.39
0.38 0.99 0.13 0.04 0.62 0.71 0.39 0.32
0.39 0.99 0.15 0.04 0.61 0.67 0.45 0.35
0.36 0.91 0.14 0.04 0.64 0.71 0.44 0.34
0.35 0.91 0.09 0.04 0.59 0.69 0.31 0.31
0.34 0.87 0.12 0.02 0.61 0.68 0.41 0.23
0.34 0.88 0.12 0.02 0.61 0.69 0.39 0.26
0.34 0.84 0.13 0.04 0.61 0.68 0.45 0.32
0.25 0.62 0.09 0.03 0.46 0.54 0.28 0.26
0.29 0.71 0.13 0.03 0.52 0.58 0.42 0.23
0.35 0.89 0.14 0.01 0.52 0.61 0.36 0.09
0.34 0.84 0.15 0.04 0.41 0.50 0.29 0.14
0.37 0.93 0.12 0.05 0.36 0.47 0.21 0.12
0.35 0.87 0.14 0.03 0.29 0.38 0.21 0.05
0.32 0.80 0.12 0.06 0.24 0.33 0.17 0.07
0.27 0.68 0.11 0.03 0.19 0.27 0.13 0.04
0.30 0.80 0.11 0.04 0.20 0.30 0.13 0.05
0.28 0.62 0.16 0.07 0.19 0.25 0.21 0.07
0.23 0.58 0.09 0.06 0.18 0.25 0.13 0.06
0.16 0.39 0.07 0.06 0.14 0.20 0.09 0.07
0.23 0.56 0.09 0.05 0.19 0.27 0.13 0.05
0.18 0.44 0.10 0.04 0.15 0.22 0.16 0.04
0.08 0.19 0.03 0.04 0.07 0.10 0.05 0.04
0.11 0.25 0.03 0.07 0.12 0.17 0.05 0.09
0.15 0.28 0.07 0.11 0.15 0.18 0.12 0.13
0.29 0.51 0.09 0.27 0.36 0.38 0.20 0.45
0.28 0.44 0.11 0.29 0.35 0.34 0.25 0.46
0.30 0.48 0.07 0.37 0.33 0.32 0.13 0.55
0.27 0.49 0.05 0.26 0.33 0.36 0.12 0.42
0.23 0.42 0.07 0.19 0.33 0.37 0.18 0.36
0.25 0.46 0.08 0.24 0.35 0.38 0.19 0.42
0.21 0.39 0.07 0.19 0.34 0.37 0.18 0.39
0.21 0.39 0.11 0.14 0.32 0.34 0.26 0.33
0.20 0.37 0.10 0.12 0.23 0.25 0.18 0.23
0.11 0.17 0.05 0.11 0.12 0.11 0.10 0.21
0.28 0.44 0.21 0.17 0.24 0.22 0.31 0.26
0.21 0.37 0.11 0.14 0.19 0.19 0.18 0.22
0.14 0.25 0.08 0.13 0.14 0.12 0.13 0.24
0.22 0.36 0.15 0.16 0.19 0.16 0.22 0.27
0.11 0.20 0.07 0.09 0.11 0.10 0.11 0.18
0.14 0.25 0.09 0.11 0.13 0.11 0.13 0.19
0.04 0.10 0.05 0.03 0.04 0.05 0.08 0.06
0.06 0.15 0.02 0.05 0.06 0.07 0.02 0.10
0.06 0.14 0.02 0.04 0.06 0.07 0.04 0.10
0.12 0.23 0.06 0.08 0.14 0.12 0.12 0.23
0.12 0.25 0.07 0.05 0.16 0.17 0.15 0.15
0.13 0.21 0.09 0.11 0.16 0.13 0.18 0.29
0.18 0.32 0.13 0.08 0.24 0.22 0.31 0.24
0.13 0.25 0.08 0.07 0.20 0.19 0.22 0.24
0.15 0.27 0.11 0.07 0.18 0.17 0.25 0.20
0.19 0.32 0.15 0.11 0.24 0.21 0.32 0.30
0.10 0.15 0.09 0.08 0.11 0.08 0.19 0.22
0.21 0.38 0.15 0.09 0.24 0.22 0.33 0.26
0.12 0.21 0.08 0.07 0.13 0.12 0.16 0.19
0.18 0.33 0.11 0.12 0.20 0.18 0.21 0.30
0.15 0.22 0.13 0.12 0.17 0.12 0.27 0.28
0.21 0.33 0.17 0.14 0.22 0.17 0.31 0.32
0.13 0.17 0.12 0.13 0.14 0.09 0.24 0.28
0.17 0.26 0.11 0.14 0.15 0.12 0.20 0.29
0.08 0.11 0.04 0.10 0.08 0.05 0.07 0.22
0.11 0.14 0.07 0.14 0.11 0.07 0.13 0.29
0.09 0.12 0.07 0.13 0.09 0.05 0.11 0.25
0.06 0.06 0.05 0.07 0.05 0.03 0.09 0.17
0.03 0.05 0.05 0.03 0.03 0.03 0.11 0.08
0.04 0.08 0.04 0.03 0.04 0.03 0.09 0.09
0.03 0.05 0.03 0.02 0.03 0.02 0.07 0.06
0.01 0.03 0.04 0.02 0.01 0.01 0.09 0.05
0.02 0.04 0.04 0.03 0.02 0.01 0.07 0.07
0.02 0.06 0.04 0.03 0.01 0.02 0.06 0.07
0.02 0.04 0.04 0.01 0.01 0.01 0.07 0.03
0.01 0.07 0.04 0.04 0.01 0.02 0.06 0.07
0.03 0.03 0.05 0.03 0.02 0.01 0.06 0.07
0.02 0.06 0.04 0.02 0.01 0.02 0.05 0.04
0.04 0.07 0.06 0.03 0.02 0.02 0.07 0.05
0.03 0.04 0.04 0.02 0.01 0.01 0.05 0.05
0.04 0.10 0.04 0.03 0.02 0.02 0.05 0.06
0.02 0.06 0.04 0.02 0.01 0.01 0.04 0.04
0.03 0.07 0.04 0.03 0.02 0.01 0.05 0.07
0.02 0.05 0.05 0.02 0.01 0.01 0.08 0.06
0.03 0.06 0.02 0.02 0.02 0.02 0.04 0.06
0.03 0.08 0.01 0.01 0.02 0.02 0.03 0.05
0.03 0.06 0.02 0.02 0.02 0.02 0.04 0.11
0.02 0.04 0.01 0.02 0.01 0.01 0.03 0.12
0.02 0.05 0.02 0.01 0.02 0.02 0.06 0.09
0.02 0.03 0.03 0.01 0.01 0.01 0.05 0.09
0.03 0.07 0.04 0.01 0.02 0.02 0.07 0.07
0.03 0.07 0.03 0.01 0.02 0.02 0.05 0.06
0.02 0.06 0.02 0.01 0.02 0.02 0.03 0.08
0.02 0.07 0.03 0.01 0.01 0.02 0.05 0.07
0.03 0.07 0.03 0.01 0.02 0.02 0.06 0.09
0.02 0.06 0.02 0.02 0.02 0.02 0.03 0.14
0.03 0.08 0.03 0.01 0.03 0.03 0.06 0.11
0.02 0.03 0.02 0.01 0.01 0.01 0.04 0.09
0.02 0.05 0.03 0.02 0.02 0.02 0.06 0.13
0.01 0.03 0.02 0.02 0.01 0.01 0.06 0.14
0.03 0.06 0.04 0.02 0.03 0.02 0.10 0.13
0.05 0.14 0.03 0.01 0.05 0.06 0.06 0.12
0.11 0.26 0.05 0.02 0.12 0.12 0.13 0.17
0.15 0.38 0.05 0.02 0.16 0.16 0.12 0.19
0.23 0.58 0.08 0.03 0.23 0.24 0.17 0.23
0.27 0.70 0.12 0.01 0.24 0.26 0.22 0.07
0.16 0.45 0.04 0.01 0.15 0.18 0.09 0.07
0.30 0.82 0.07 0.02 0.30 0.35 0.14 0.19
0.25 0.74 0.02 0.01 0.24 0.30 0.05 0.10
0.38 0.98 0.11 0.04 0.41 0.45 0.26 0.36
0.25 0.67 0.05 0.03 0.30 0.34 0.14 0.23
0.23 0.61 0.08 0.02 0.26 0.29 0.19 0.16
0.26 0.66 0.08 0.03 0.29 0.32 0.19 0.20
0.25 0.60 0.13 0.04 0.28 0.29 0.27 0.24
0.32 0.75 0.16 0.06 0.38 0.39 0.36 0.35
0.29 0.66 0.15 0.05 0.35 0.36 0.36 0.31
0.34 0.79 0.19 0.06 0.42 0.42 0.45 0.40
0.23 0.57 0.09 0.03 0.30 0.32 0.22 0.21
0.18 0.47 0.06 0.03 0.25 0.28 0.18 0.16
0.23 0.58 0.08 0.03 0.31 0.37 0.21 0.11
0.16 0.38 0.05 0.07 0.23 0.26 0.14 0.31
0.16 0.38 0.07 0.04 0.21 0.23 0.16 0.17
0.12 0.28 0.04 0.05 0.15 0.16 0.09 0.17
0.10 0.24 0.04 0.02 0.11 0.13 0.08 0.06
0.08 0.22 0.04 0.04 0.09 0.12 0.08 0.12
0.06 0.18 0.02 0.01 0.07 0.10 0.05 0.03
0.06 0.17 0.05 0.04 0.07 0.09 0.09 0.09
0.06 0.16 0.02 0.03 0.07 0.10 0.05 0.07
0.16 0.30 0.12 0.06 0.21 0.21 0.25 0.17
0.07 0.15 0.04 0.04 0.08 0.09 0.08 0.10
0.05 0.11 0.03 0.03 0.06 0.07 0.06 0.07
0.07 0.16 0.04 0.03 0.07 0.09 0.09 0.06
0.19 0.42 0.11 0.04 0.22 0.26 0.22 0.10
0.10 0.21 0.06 0.03 0.11 0.12 0.12 0.07
0.09 0.20 0.05 0.04 0.11 0.12 0.11 0.10
0.19 0.42 0.10 0.05 0.22 0.25 0.18 0.14
0.12 0.27 0.09 0.04 0.15 0.18 0.17 0.11
0.15 0.34 0.08 0.05 0.18 0.21 0.16 0.11
0.17 0.38 0.09 0.06 0.19 0.23 0.19 0.13
0.19 0.44 0.08 0.05 0.21 0.25 0.16 0.13
0.16 0.41 0.07 0.05 0.17 0.23 0.12 0.08
0.18 0.40 0.09 0.05 0.18 0.23 0.16 0.10
0.22 0.45 0.11 0.11 0.24 0.27 0.19 0.18
0.32 0.68 0.18 0.10 0.33 0.41 0.31 0.16
0.21 0.40 0.10 0.14 0.20 0.21 0.14 0.24
0.22 0.48 0.09 0.08 0.19 0.25 0.12 0.12
0.15 0.33 0.07 0.06 0.17 0.22 0.15 0.10
0.19 0.40 0.09 0.09 0.23 0.28 0.19 0.14
0.11 0.26 0.04 0.07 0.12 0.18 0.07 0.10
0.13 0.28 0.05 0.08 0.13 0.17 0.08 0.11
0.07 0.10 0.05 0.09 0.07 0.06 0.07 0.13
0.11 0.18 0.07 0.09 0.09 0.10 0.10 0.11
0.04 0.05 0.03 0.06 0.04 0.03 0.04 0.07
0.08 0.15 0.07 0.03 0.06 0.07 0.09 0.04
0.08 0.11 0.08 0.05 0.06 0.06 0.11 0.06
0.03 0.05 0.04 0.02 0.03 0.03 0.05 0.03
0.03 0.07 0.04 0.02 0.03 0.03 0.06 0.02
0.02 0.06 0.03 0.04 0.02 0.03 0.04 0.04
0.02 0.05 0.03 0.04 0.02 0.02 0.04 0.04
0.03 0.07 0.04 0.05 0.02 0.03 0.05 0.05
0.03 0.04 0.05 0.05 0.02 0.02 0.05 0.05
0.02 0.05 0.01 0.05 0.01 0.02 0.02 0.06
0.04 0.06 0.05 0.04 0.03 0.03 0.05 0.05
0.03 0.05 0.05 0.03 0.02 0.02 0.05 0.03
0.04 0.08 0.06 0.05 0.02 0.03 0.05 0.04
0.03 0.05 0.04 0.02 0.01 0.02 0.04 0.02
0.03 0.05 0.06 0.03 0.02 0.01 0.06 0.03
0.05 0.09 0.07 0.03 0.02 0.02 0.05 0.02
0.05 0.08 0.07 0.04 0.02 0.01 0.05 0.03
0.03 0.07 0.06 0.05 0.01 0.01 0.04 0.03
0.00 0.00 0.00 0.00 0.00 0.00 0.00 0.00
0.00 0.00 0.00 0.00 0.00 0.00 0.00 0.00
0.00 0.00 0.00 0.00 0.00 0.00 0.00 0.00
0.00 0.00 0.00 0.00 0.00 0.00 0.00 0.00
0.00 0.00 0.00 0.00 0.00 0.00 0.00 0.00
0.00 0.00 0.00 0.00 0.00 0.00 0.00 0.00
0.00 0.00 0.00 0.00 0.00 0.00 0.00 0.00
0.00 0.00 0.00 0.00 0.00 0.00 0.00 0.00
0.00 0.00 0.00 0.00 0.00 0.00 0.00 0.00
0.00 0.00 0.00 0.00 0.00 0.00 0.00 0.00
0.00 0.00 0.00 0.00 0.00 0.00 0.00 0.00
0.00 0.00 0.00 0.00 0.00 0.00 0.00 0.00
0.00 0.00 0.00 0.00 0.00 0.00 0.00 0.00
0.00 0.00 0.00 0.00 0.00 0.00 0.00 0.00
0.00 0.00 0.00 0.00 0.00 0.00 0.00 0.00
0.00 0.00 0.00 0.00 0.00 0.00 0.00 0.00
0.00 0.00 0.00 0.00 0.00 0.00 0.00 0.00
0.00 0.00 0.00 0.00 0.00 0.00 0.00 0.00
0.00 0.00 0.00 0.00 0.00 0.00 0.00 0.00
0.00 0.00 0.00 0.00 0.00 0.00 0.00 0.00
0.00 0.00 0.00 0.00 0.00 0.00 0.00 0.00
0.00 0.00 0.00 0.00 0.00 0.00 0.00 0.00
0.00 0.00 0.00 0.00 0.00 0.00 0.00 0.00
0.00 0.00 0.00 0.00 0.00 0.00 0.00 0.00
0.00 0.00 0.00 0.00 0.00 0.00 0.00 0.00
0.00 0.00 0.00 0.00 0.00 0.00 0.00 0.00
0.00 0.00 0.00 0.00 0.00 0.00 0.00 0.00
0.00 0.00 0.00 0.00 0.00 0.00 0.00 0.00
0.00 0.00 0.00 0.00 0.00 0.00 0.00 0.00
0.00 0.00 0.00 0.00 0.00 0.00 0.00 0.00
0.00 0.00 0.00 0.00 0.00 0.00 0.00 0.00
0.00 0.00 0.00 0.00 0.00 0.00 0.00 0.00
0.00 0.00 0.00 0.00 0.00 0.00 0.00 0.00
0.00 0.00 0.00 0.00 0.00 0.00 0.00 0.00
0.01 0.02 0.00 0.00 0.01 0.02 0.01 0.01
0.00 0.01 0.01 0.00 0.00 0.00 0.01 0.00
0.00 0.01 0.00 0.01 0.00 0.00 0.01 0.03
0.00 0.00 0.01 0.00 0.00 0.00 0.02 0.01
0.01 0.03 0.00 0.01 0.01 0.02 0.00 0.02
0.00 0.00 0.01 0.02 0.00 0.00 0.02 0.04
0.02 0.04 0.00 0.00 0.02 0.02 0.01 0.00
0.00 0.00 0.00 0.01 0.00 0.00 0.01 0.03
0.02 0.04 0.02 0.01 0.02 0.02 0.04 0.04
0.01 0.02 0.00 0.01 0.01 0.01 0.00 0.04
0.00 0.02 0.01 0.00 0.00 0.01 0.03 0.01
0.01 0.02 0.01 0.01 0.01 0.01 0.01 0.04
0.02 0.03 0.03 0.01 0.03 0.02 0.06 0.04
0.00 0.01 0.00 0.00 0.00 0.00 0.01 0.01
0.01 0.01 0.01 0.01 0.01 0.01 0.03 0.03
0.00 0.01 0.01 0.00 0.00 0.01 0.03 0.02
0.00 0.02 0.01 0.02 0.00 0.01 0.01 0.06
0.00 0.04 0.01 0.03 0.00 0.01 0.01 0.06
0.02 0.04 0.02 0.01 0.01 0.01 0.03 0.03
0.01 0.05 0.02 0.02 0.00 0.02 0.02 0.05
0.00 0.01 0.00 0.01 0.00 0.00 0.00 0.01
0.00 0.00 0.00 0.01 0.00 0.00 0.00 0.01
0.03 0.05 0.02 0.02 0.02 0.01 0.02 0.03
0.00 0.00 0.00 0.01 0.00 0.00 0.00 0.01
0.01 0.01 0.01 0.00 0.00 0.00 0.01 0.01
0.01 0.02 0.01 0.00 0.01 0.01 0.01 0.01
0.04 0.07 0.03 0.01 0.02 0.02 0.03 0.02
0.00 0.01 0.01 0.00 0.00 0.00 0.01 0.00
0.00 0.02 0.00 0.00 0.00 0.01 0.01 0.00
0.00 0.03 0.01 0.02 0.00 0.01 0.02 0.03
0.01 0.02 0.00 0.00 0.01 0.01 0.01 0.01
0.00 0.01 0.00 0.00 0.00 0.00 0.00 0.00
0.01 0.00 0.01 0.03 0.01 0.00 0.01 0.04
0.03 0.03 0.02 0.04 0.02 0.01 0.02 0.07
0.01 0.02 0.01 0.03 0.01 0.01 0.02 0.06
0.02 0.00 0.02 0.03 0.01 0.00 0.02 0.05
