4.33 8.58 2.56 1.85 41.77 38.80 44.05 45.47
4.16 8.23 2.45 1.80 41.94 38.98 44.25 45.58
4.30 8.76 2.48 1.67 41.79 38.71 44.19 45.91
4.24 8.46 2.60 1.66 41.86 38.86 43.98 45.93
4.22 8.49 2.55 1.62 41.87 38.84 44.06 46.02
4.10 8.31 2.36 1.64 42.00 38.94 44.41 45.97
4.28 8.82 2.42 1.59 41.82 38.68 44.29 46.11
4.21 8.66 2.30 1.67 41.89 38.76 44.52 45.92
4.44 9.03 2.55 1.74 41.66 38.57 44.07 45.73
4.49 9.25 2.45 1.77 41.61 38.47 44.24 45.65
4.41 9.14 2.44 1.66 41.68 38.52 44.26 45.92
4.45 9.48 2.36 1.50 41.65 38.36 44.39 46.36
4.48 9.49 2.44 1.51 41.62 38.36 44.26 46.35
5.13 10.95 2.86 1.58 41.03 37.74 43.57 46.13
5.12 11.22 2.58 1.55 41.04 37.63 44.02 46.22
5.57 12.18 2.86 1.67 40.67 37.27 43.56 45.90
5.97 12.99 3.16 1.77 40.37 37.00 43.14 45.66
5.52 12.25 2.86 1.46 40.71 37.25 43.57 46.47
5.82 13.03 3.05 1.36 40.48 36.98 43.29 46.79
5.12 11.38 2.69 1.31 41.04 37.57 43.83 46.96
4.97 10.88 2.63 1.38 41.17 37.77 43.93 46.73
5.01 10.96 2.56 1.52 41.13 37.74 44.05 46.32
4.92 10.49 2.69 1.57 41.21 37.92 43.83 46.15
4.81 10.15 2.72 1.58 41.31 38.07 43.79 46.15
4.32 9.08 2.37 1.52 41.78 38.55 44.38 46.32
3.97 8.35 2.21 1.34 42.15 38.91 44.68 46.87
3.53 7.38 2.00 1.21 42.66 39.45 45.12 47.31
3.19 6.78 1.81 0.98 43.09 39.82 45.55 48.23
2.99 6.34 1.67 0.94 43.38 40.11 45.89 48.41
3.32 6.96 1.92 1.08 42.92 39.70 45.30 47.80
3.27 6.65 1.97 1.19 42.99 39.91 45.17 47.40
3.10 6.21 1.82 1.25 43.23 40.21 45.53 47.16
3.28 6.63 1.86 1.34 42.97 39.92 45.43 46.85
3.26 6.54 1.92 1.32 43.00 39.98 45.29 46.91
3.13 6.17 1.89 1.32 43.19 40.23 45.36 46.93
2.98 5.84 1.83 1.26 43.40 40.47 45.51 47.12
3.20 6.22 2.01 1.37 43.08 40.20 45.10 46.76
3.05 5.82 2.00 1.32 43.29 40.49 45.12 46.91
3.01 5.82 1.94 1.26 43.35 40.49 45.26 47.12
3.40 6.59 2.16 1.46 42.82 39.95 44.80 46.49
3.53 6.86 2.20 1.54 42.66 39.78 44.71 46.26
3.08 6.02 1.86 1.36 43.24 40.33 45.44 46.78
3.11 6.38 1.80 1.15 43.20 40.09 45.59 47.51
3.04 6.39 1.75 0.98 43.31 40.08 45.72 48.22
2.92 6.16 1.71 0.88 43.49 40.25 45.80 48.70
2.92 6.28 1.68 0.80 43.48 40.17 45.87 49.13
2.83 6.09 1.65 0.76 43.62 40.31 45.97 49.31
2.83 6.09 1.68 0.73 43.63 40.32 45.90 49.52
2.66 5.81 1.50 0.67 43.90 40.51 46.36 49.89
2.48 5.57 1.34 0.53 44.20 40.70 46.86 50.88
2.36 5.33 1.34 0.43 44.41 40.89 46.88 51.82
2.52 5.70 1.39 0.47 44.13 40.60 46.68 51.39
2.91 6.57 1.57 0.58 43.51 39.97 46.17 50.51
2.97 6.65 1.69 0.58 43.41 39.92 45.87 50.48
3.07 6.97 1.67 0.57 43.28 39.72 45.93 50.57
2.79 6.38 1.45 0.55 43.68 40.10 46.53 50.71
2.80 6.43 1.44 0.54 43.68 40.08 46.55 50.81
2.55 5.77 1.34 0.53 44.09 40.54 46.86 50.84
2.25 5.00 1.18 0.56 44.64 41.17 47.41 50.66
2.11 4.59 1.20 0.54 44.90 41.53 47.34 50.78
2.17 4.72 1.29 0.51 44.77 41.39 47.05 51.05
2.10 4.52 1.30 0.49 44.90 41.58 46.98 51.21
1.72 3.62 1.09 0.46 45.78 42.55 47.74 51.57
1.76 3.84 1.07 0.35 45.69 42.29 47.82 52.69
1.66 3.57 1.04 0.36 45.93 42.61 47.94 52.55
1.78 3.87 1.08 0.38 45.63 42.25 47.80 52.34
2.07 4.35 1.29 0.56 44.98 41.75 47.02 50.63
2.05 4.34 1.28 0.52 45.02 41.76 47.06 51.00
1.96 4.12 1.23 0.52 45.21 41.98 47.22 50.94
1.79 3.85 1.13 0.39 45.61 42.28 47.61 52.24
1.82 3.97 1.11 0.39 45.53 42.15 47.68 52.23
1.70 3.68 1.08 0.36 45.81 42.47 47.81 52.57
1.88 3.99 1.19 0.46 45.40 42.13 47.39 51.50
1.77 3.72 1.15 0.45 45.65 42.43 47.53 51.61
1.81 3.80 1.16 0.47 45.56 42.34 47.51 51.46
2.32 4.76 1.56 0.63 44.49 41.36 46.21 50.11
2.79 5.46 1.94 0.98 43.68 40.77 45.26 48.22
3.19 5.99 2.25 1.33 43.10 40.36 44.62 46.92
3.39 6.38 2.25 1.55 42.83 40.09 44.61 46.25
3.63 6.59 2.39 1.92 42.53 39.95 44.35 45.32
3.99 7.04 2.75 2.18 42.13 39.66 43.74 44.77
3.85 6.67 2.70 2.17 42.29 39.90 43.83 44.78
3.49 6.03 2.44 1.99 42.71 40.33 44.26 45.16
3.21 5.39 2.17 2.08 43.07 40.82 44.78 44.98
3.31 5.48 2.33 2.11 42.95 40.75 44.48 44.91
3.20 5.23 2.23 2.13 43.10 40.96 44.67 44.87
3.14 5.16 2.14 2.12 43.18 41.01 44.84 44.89
2.75 4.44 1.99 1.84 43.74 41.67 45.15 45.51
2.55 4.07 1.80 1.79 44.06 42.04 45.58 45.63
2.60 4.15 1.78 1.87 43.99 41.96 45.63 45.42
2.52 4.23 1.63 1.70 44.12 41.87 46.00 45.82
2.79 4.49 1.87 2.01 43.68 41.61 45.40 45.11
2.78 4.47 1.88 1.98 43.69 41.62 45.38 45.18
2.48 4.01 1.69 1.75 44.18 42.10 45.85 45.69
2.40 3.86 1.55 1.79 44.32 42.26 46.23 45.61
2.27 3.66 1.49 1.67 44.56 42.50 46.39 45.92
2.21 3.54 1.45 1.64 44.70 42.65 46.53 46.00
2.50 4.05 1.76 1.69 44.15 42.06 45.67 45.85
2.90 4.97 1.98 1.75 43.51 41.18 45.18 45.70
3.07 5.42 2.03 1.74 43.27 40.79 45.06 45.73
3.20 5.56 2.19 1.85 43.08 40.68 44.74 45.45
3.37 5.83 2.24 2.03 42.86 40.47 44.63 45.06
3.74 6.76 2.41 2.07 42.40 39.83 44.32 44.98
3.72 6.67 2.45 2.05 42.43 39.89 44.25 45.02
3.50 6.33 2.36 1.80 42.70 40.12 44.41 45.57
3.80 6.94 2.60 1.85 42.34 39.72 43.99 45.47
3.70 6.72 2.53 1.85 42.45 39.85 44.11 45.46
3.30 6.06 2.26 1.57 42.96 40.31 44.60 46.17
3.11 5.79 2.05 1.49 43.20 40.50 45.01 46.38
2.82 5.42 1.85 1.19 43.63 40.79 45.47 47.37
2.66 5.05 1.74 1.20 43.88 41.10 45.73 47.35
2.64 5.01 1.68 1.22 43.92 41.13 45.88 47.28
2.29 4.29 1.55 1.04 44.53 41.81 46.23 47.97
2.39 4.46 1.57 1.13 44.35 41.64 46.18 47.60
2.49 4.75 1.62 1.10 44.17 41.36 46.05 47.70
2.73 5.16 1.77 1.28 43.76 41.00 45.66 47.06
2.63 4.99 1.68 1.23 43.93 41.15 45.89 47.24
2.80 5.33 1.73 1.34 43.66 40.87 45.76 46.86
2.71 5.18 1.66 1.27 43.81 40.99 45.93 47.07
2.88 5.51 1.72 1.41 43.54 40.72 45.77 46.63
2.72 5.13 1.64 1.39 43.79 41.03 45.98 46.72
3.00 5.71 1.75 1.55 43.36 40.56 45.71 46.22
2.96 5.66 1.67 1.55 43.42 40.60 45.90 46.23
3.26 6.30 1.84 1.64 43.00 40.14 45.47 46.00
3.19 6.09 1.79 1.68 43.10 40.28 45.62 45.87
3.24 6.13 1.84 1.73 43.03 40.25 45.47 45.75
3.20 6.17 1.86 1.58 43.08 40.22 45.44 46.16
3.01 5.91 1.73 1.39 43.35 40.42 45.75 46.71
2.75 5.62 1.48 1.15 43.74 40.63 46.42 47.53
2.82 6.00 1.46 1.00 43.63 40.35 46.49 48.15
2.71 5.84 1.38 0.90 43.81 40.47 46.73 48.58
2.95 6.50 1.49 0.87 43.43 40.01 46.39 48.76
3.25 7.10 1.65 1.00 43.01 39.62 45.94 48.16
3.66 7.85 1.88 1.25 42.50 39.19 45.39 47.15
4.06 8.75 2.01 1.42 42.05 38.72 45.09 46.62
4.22 9.07 2.15 1.43 41.88 38.56 44.80 46.58
4.26 9.19 2.20 1.39 41.84 38.50 44.71 46.71
4.45 9.72 2.28 1.36 41.65 38.26 44.56 46.79
4.58 10.01 2.38 1.35 41.52 38.13 44.37 46.82
4.96 10.93 2.63 1.32 41.18 37.75 43.93 46.93
4.93 11.07 2.48 1.23 41.21 37.69 44.19 47.23
5.07 11.30 2.61 1.29 41.09 37.60 43.97 47.03
4.84 10.83 2.44 1.25 41.28 37.79 44.25 47.17
4.02 8.99 1.95 1.12 42.09 38.60 45.23 47.63
3.72 8.35 1.81 0.99 42.43 38.92 45.55 48.19
3.42 7.87 1.62 0.79 42.79 39.18 46.05 49.17
3.01 6.97 1.44 0.61 43.35 39.70 46.54 50.29
2.91 6.77 1.41 0.57 43.49 39.83 46.64 50.60
2.86 6.60 1.44 0.54 43.57 39.94 46.54 50.85
2.90 6.75 1.44 0.52 43.50 39.84 46.57 50.95
2.70 6.16 1.43 0.52 43.82 40.24 46.59 51.00
2.68 6.10 1.41 0.51 43.87 40.29 46.64 51.03
2.52 5.72 1.36 0.49 44.12 40.56 46.82 51.23
2.27 5.18 1.22 0.41 44.58 41.00 47.27 52.02
2.33 5.36 1.23 0.41 44.46 40.85 47.24 51.98
2.38 5.49 1.25 0.41 44.37 40.75 47.18 52.03
2.36 5.34 1.28 0.47 44.40 40.86 47.08 51.39
2.39 5.38 1.28 0.49 44.36 40.83 47.07 51.19
2.33 5.31 1.20 0.48 44.47 40.89 47.36 51.30
2.21 5.03 1.14 0.48 44.69 41.13 47.58 51.34
2.14 4.86 1.13 0.44 44.83 41.28 47.62 51.69
2.05 4.64 1.11 0.40 45.03 41.48 47.70 52.12
2.15 4.81 1.22 0.41 44.83 41.33 47.27 52.04
2.17 4.85 1.28 0.40 44.76 41.29 47.06 52.14
2.58 5.70 1.53 0.50 44.02 40.58 46.27 51.11
2.85 6.30 1.68 0.58 43.59 40.15 45.89 50.50
2.85 6.38 1.63 0.56 43.58 40.09 46.03 50.65
2.71 6.06 1.54 0.54 43.80 40.31 46.26 50.81
2.65 6.01 1.45 0.50 43.90 40.35 46.52 51.17
2.43 5.43 1.39 0.46 44.28 40.79 46.69 51.48
2.35 5.21 1.35 0.51 44.42 40.98 46.81 51.10
2.28 4.95 1.36 0.55 44.54 41.19 46.79 50.78
2.50 5.32 1.51 0.68 44.15 40.88 46.34 49.80
2.60 5.48 1.61 0.72 43.98 40.74 46.06 49.57
2.46 5.15 1.54 0.69 44.22 41.02 46.25 49.72
2.29 4.89 1.38 0.60 44.53 41.24 46.72 50.37
2.04 4.30 1.30 0.53 45.03 41.80 47.00 50.87
2.00 4.21 1.26 0.54 45.12 41.90 47.13 50.83
2.13 4.46 1.31 0.63 44.84 41.64 46.96 50.15
2.33 4.70 1.44 0.87 44.45 41.41 46.56 48.76
2.24 4.53 1.38 0.81 44.64 41.58 46.73 49.05
2.30 4.54 1.46 0.89 44.52 41.56 46.49 48.64
2.41 4.72 1.51 0.99 44.32 41.40 46.35 48.16
2.69 5.24 1.70 1.11 43.85 40.95 45.83 47.69
2.70 5.15 1.78 1.18 43.82 41.02 45.65 47.41
2.71 5.09 1.80 1.26 43.80 41.07 45.59 47.14
2.78 5.14 1.82 1.37 43.70 41.03 45.53 46.77
2.76 5.05 1.82 1.40 43.73 41.11 45.55 46.67
2.91 5.39 1.87 1.49 43.49 40.82 45.43 46.42
2.86 5.29 1.85 1.44 43.58 40.90 45.46 46.57
2.82 5.27 1.81 1.38 43.63 40.92 45.56 46.74
2.84 5.29 1.83 1.40 43.61 40.90 45.52 46.68
2.80 5.30 1.80 1.31 43.66 40.89 45.58 46.97
2.71 5.11 1.81 1.22 43.81 41.05 45.57 47.27
2.71 5.10 1.81 1.22 43.80 41.05 45.57 47.29
2.60 4.84 1.81 1.14 43.99 41.28 45.56 47.57
2.68 4.98 1.76 1.28 43.86 41.16 45.68 47.05
2.64 4.78 1.80 1.35 43.91 41.34 45.59 46.82
2.52 4.57 1.69 1.30 44.12 41.53 45.85 47.00
2.59 4.83 1.74 1.21 43.99 41.29 45.73 47.29
2.71 5.04 1.78 1.29 43.81 41.11 45.63 47.01
2.74 5.00 1.83 1.38 43.76 41.14 45.52 46.73
2.75 4.86 1.86 1.53 43.75 41.27 45.45 46.31
2.68 4.70 1.82 1.51 43.86 41.41 45.54 46.36
2.74 4.68 1.89 1.64 43.76 41.43 45.37 45.99
2.63 4.47 1.84 1.58 43.93 41.64 45.49 46.14
2.42 4.03 1.64 1.59 44.29 42.08 45.98 46.11
2.17 3.45 1.50 1.57 44.77 42.76 46.38 46.17
2.51 3.95 1.91 1.67 44.13 42.17 45.32 45.90
2.74 4.38 2.14 1.69 43.76 41.72 44.83 45.85
2.79 4.53 2.08 1.75 43.69 41.58 44.95 45.71
2.92 4.75 2.22 1.79 43.48 41.37 44.67 45.60
2.97 4.85 2.24 1.82 43.42 41.29 44.64 45.54
2.86 4.69 2.07 1.82 43.57 41.43 44.98 45.54
3.12 5.22 2.29 1.84 43.20 40.96 44.54 45.49
3.13 5.17 2.30 1.94 43.17 41.00 44.52 45.25
3.42 5.59 2.57 2.08 42.80 40.66 44.03 44.95
3.74 6.26 2.78 2.17 42.41 40.17 43.70 44.76
3.73 6.21 2.84 2.14 42.42 40.20 43.60 44.83
3.44 5.61 2.67 2.05 42.77 40.65 43.87 45.02
3.25 5.39 2.41 1.97 43.01 40.82 44.32 45.20
3.67 6.16 2.86 1.99 42.49 40.24 43.57 45.14
3.47 5.75 2.63 2.02 42.73 40.54 43.93 45.07
4.26 7.29 3.04 2.44 41.84 39.51 43.30 44.27
4.41 7.32 3.22 2.69 41.69 39.49 43.06 43.84
4.87 8.39 3.51 2.71 41.26 38.90 42.67 43.80
4.97 8.71 3.33 2.88 41.17 38.74 42.91 43.54
5.29 9.07 3.87 2.92 40.91 38.56 42.26 43.49
5.72 10.14 3.96 3.06 40.56 38.07 42.16 43.28
6.61 12.00 4.39 3.44 39.93 37.34 41.71 42.77
6.24 11.20 4.18 3.35 40.18 37.64 41.92 42.88
6.47 11.56 4.38 3.47 40.03 37.51 41.72 42.72
6.32 11.32 4.17 3.48 40.13 37.60 41.94 42.73
5.42 9.74 3.35 3.18 40.79 38.25 42.88 43.11
5.53 10.09 3.45 3.04 40.71 38.10 42.77 43.30
4.79 8.97 2.99 2.41 41.33 38.60 43.38 44.32
4.82 8.94 3.11 2.41 41.30 38.62 43.21 44.31
4.25 8.02 2.64 2.10 41.85 39.10 43.92 44.91
4.25 8.01 2.67 2.08 41.85 39.10 43.87 44.96
3.66 6.93 2.34 1.71 42.50 39.73 44.45 45.80
3.56 6.93 2.26 1.48 42.62 39.73 44.59 46.42
3.83 7.59 2.33 1.56 42.31 39.33 44.46 46.21
3.59 7.08 2.29 1.40 42.58 39.63 44.53 46.68
3.12 6.30 1.93 1.13 43.19 40.14 45.27 47.60
3.11 6.38 1.91 1.06 43.20 40.09 45.33 47.89
3.18 6.54 1.93 1.06 43.11 39.98 45.28 47.86
3.10 6.32 1.86 1.12 43.22 40.13 45.45 47.65
3.05 6.26 1.80 1.09 43.29 40.17 45.57 47.75
3.02 6.19 1.81 1.06 43.34 40.22 45.55 47.89
2.92 6.02 1.75 1.00 43.47 40.34 45.70 48.12
3.27 6.76 1.99 1.05 43.00 39.84 45.17 47.94
3.22 6.62 1.96 1.06 43.07 39.93 45.22 47.88
3.10 6.27 1.88 1.14 43.22 40.16 45.38 47.55
3.32 6.73 2.02 1.22 42.92 39.86 45.08 47.29
3.32 6.83 1.98 1.14 42.93 39.79 45.17 47.56
3.10 6.41 1.82 1.07 43.22 40.06 45.54 47.86
2.98 6.17 1.70 1.05 43.40 40.23 45.82 47.91
2.92 5.91 1.74 1.11 43.48 40.42 45.73 47.68
3.06 6.20 1.77 1.21 43.28 40.22 45.65 47.29
2.91 5.76 1.72 1.25 43.49 40.52 45.77 47.18
2.86 5.70 1.70 1.16 43.57 40.57 45.82 47.46
2.73 5.45 1.64 1.11 43.76 40.76 45.99 47.68
2.54 5.03 1.51 1.07 44.09 41.11 46.34 47.84
2.41 4.77 1.46 1.00 44.31 41.34 46.50 48.15
2.72 5.45 1.62 1.09 43.79 40.77 46.04 47.76
2.67 5.39 1.63 0.99 43.87 40.82 46.01 48.18
3.02 6.18 1.71 1.18 43.33 40.22 45.81 47.40
2.83 5.69 1.68 1.14 43.61 40.58 45.88 47.58
3.05 6.18 1.73 1.23 43.30 40.22 45.75 47.23
2.98 6.04 1.73 1.18 43.38 40.32 45.74 47.42
2.99 6.12 1.72 1.13 43.38 40.26 45.79 47.62
3.09 6.37 1.80 1.10 43.24 40.09 45.58 47.73
3.04 6.27 1.78 1.06 43.31 40.16 45.62 47.90
2.67 5.60 1.56 0.87 43.86 40.65 46.20 48.76
2.39 4.99 1.49 0.68 44.35 41.15 46.41 49.78
2.42 5.18 1.39 0.68 44.30 40.99 46.71 49.80
2.45 5.26 1.40 0.70 44.23 40.92 46.66 49.68
2.64 5.67 1.49 0.77 43.91 40.60 46.39 49.28
2.62 5.57 1.51 0.80 43.94 40.67 46.35 49.09
2.68 5.67 1.51 0.87 43.84 40.59 46.35 48.75
2.69 5.70 1.46 0.90 43.84 40.58 46.48 48.60
2.93 6.21 1.56 1.02 43.46 40.20 46.20 48.04
3.04 6.38 1.70 1.05 43.30 40.09 45.82 47.90
3.40 7.14 1.93 1.14 42.82 39.60 45.29 47.58
3.75 7.83 2.11 1.31 42.39 39.19 44.90 46.98
4.20 8.81 2.37 1.42 41.90 38.68 44.38 46.60
4.15 8.77 2.26 1.42 41.95 38.70 44.58 46.60
4.32 9.10 2.43 1.43 41.78 38.54 44.27 46.59
4.97 10.59 2.78 1.54 41.17 37.88 43.70 46.25
5.19 11.11 2.83 1.62 40.98 37.67 43.61 46.03
4.96 10.53 2.80 1.55 41.18 37.91 43.66 46.22
4.83 10.43 2.67 1.39 41.29 37.95 43.87 46.69
4.74 10.15 2.59 1.49 41.37 38.07 43.99 46.41
4.20 8.95 2.32 1.34 41.89 38.61 44.47 46.85
4.07 8.30 2.34 1.57 42.04 38.94 44.44 46.17
3.95 7.93 2.31 1.61 42.17 39.14 44.50 46.06
3.80 7.53 2.32 1.54 42.34 39.36 44.48 46.25
3.70 7.21 2.25 1.65 42.45 39.56 44.61 45.97
3.24 6.16 2.03 1.54 43.02 40.24 45.06 46.26
3.36 6.26 2.12 1.70 42.87 40.17 44.87 45.84
3.83 7.23 2.43 1.81 42.31 39.55 44.27 45.57
3.72 7.10 2.31 1.75 42.43 39.63 44.50 45.71
3.69 7.16 2.27 1.66 42.46 39.60 44.58 45.93
3.46 6.69 2.15 1.55 42.75 39.90 44.82 46.22
3.55 6.91 2.24 1.51 42.63 39.75 44.64 46.34
3.46 6.78 2.09 1.51 42.75 39.83 44.94 46.35
3.55 7.08 2.06 1.50 42.64 39.64 45.00 46.36
3.53 7.12 2.01 1.45 42.67 39.62 45.11 46.53
3.50 6.88 2.08 1.53 42.71 39.77 44.96 46.30
3.87 7.78 2.23 1.59 42.27 39.24 44.65 46.11
3.47 7.07 1.90 1.44 42.74 39.65 45.35 46.54
3.78 7.89 2.07 1.38 42.36 39.17 44.97 46.73
3.69 7.69 2.06 1.32 42.47 39.29 44.99 46.93
3.96 8.31 2.22 1.34 42.17 38.95 44.69 46.86
4.12 8.82 2.21 1.32 42.00 38.70 44.70 46.92
4.16 8.92 2.18 1.37 41.96 38.65 44.75 46.77
4.70 10.04 2.49 1.57 41.43 38.14 44.18 46.17
4.65 10.11 2.51 1.34 41.47 38.11 44.13 46.86
4.22 9.30 2.20 1.16 41.90 38.47 44.72 47.49
4.10 8.98 2.18 1.12 42.02 38.62 44.76 47.63
3.98 8.58 2.07 1.27 42.15 38.81 44.98 47.09
4.17 8.92 2.19 1.41 41.94 38.65 44.74 46.65
4.08 8.46 2.30 1.46 42.04 38.87 44.51 46.49
3.82 7.98 2.14 1.33 42.32 39.12 44.82 46.89
3.57 7.45 1.98 1.28 42.62 39.42 45.18 47.08
3.20 6.68 1.78 1.15 43.08 39.90 45.62 47.54
2.83 5.91 1.55 1.02 43.63 40.43 46.23 48.05
2.71 5.72 1.52 0.89 43.82 40.57 46.33 48.66
2.73 5.71 1.55 0.93 43.77 40.57 46.22 48.43
2.92 6.06 1.69 1.03 43.47 40.31 45.86 48.03
2.75 5.47 1.69 1.09 43.74 40.76 45.85 47.74
3.01 5.97 1.78 1.27 43.36 40.38 45.63 47.10
3.20 6.36 1.85 1.40 43.08 40.10 45.47 46.69
3.24 6.44 1.87 1.41 43.03 40.04 45.41 46.65
2.96 5.75 1.79 1.33 43.43 40.54 45.60 46.90
2.70 5.28 1.68 1.15 43.82 40.92 45.90 47.52
2.88 5.56 1.80 1.29 43.53 40.68 45.58 47.02
2.75 5.22 1.78 1.24 43.75 40.96 45.63 47.22
2.95 5.65 1.93 1.29 43.43 40.61 45.29 47.02
3.14 5.98 2.03 1.40 43.17 40.37 45.06 46.68
2.97 5.70 1.89 1.31 43.42 40.59 45.36 46.96
3.20 6.21 1.98 1.43 43.08 40.21 45.17 46.59
2.68 5.39 1.63 1.02 43.85 40.82 46.01 48.03
2.82 5.85 1.67 0.94 43.64 40.47 45.90 48.41
2.67 5.57 1.59 0.86 43.87 40.68 46.12 48.81
2.64 5.51 1.60 0.81 43.92 40.72 46.10 49.03
2.58 5.45 1.55 0.75 44.02 40.78 46.23 49.38
2.49 5.32 1.47 0.70 44.17 40.88 46.46 49.70
2.42 5.21 1.43 0.63 44.30 40.97 46.59 50.16
2.16 4.74 1.21 0.52 44.80 41.38 47.30 50.99
2.16 4.81 1.23 0.46 44.78 41.32 47.24 51.55
2.23 4.93 1.29 0.46 44.65 41.21 47.03 51.45
2.38 5.24 1.40 0.49 44.38 40.95 46.68 51.19
2.66 5.92 1.50 0.54 43.90 40.41 46.37 50.83
2.52 5.64 1.44 0.49 44.13 40.63 46.55 51.23
2.47 5.59 1.31 0.51 44.21 40.66 46.97 51.05
2.33 5.27 1.26 0.46 44.47 40.92 47.14 51.52
2.27 5.13 1.20 0.48 44.58 41.04 47.34 51.30
1.90 4.20 1.03 0.46 45.36 41.91 48.00 51.51
1.87 4.02 1.12 0.46 45.42 42.09 47.65 51.47
2.24 4.87 1.36 0.49 44.63 41.26 46.81 51.21
2.32 5.00 1.45 0.50 44.48 41.14 46.50 51.18
1.82 3.82 1.18 0.45 45.54 42.31 47.43 51.55
1.76 3.85 1.11 0.33 45.67 42.27 47.69 52.91
1.74 3.76 1.10 0.37 45.73 42.39 47.73 52.46
1.75 3.82 1.10 0.33 45.70 42.31 47.71 52.93
2.11 4.46 1.34 0.53 44.89 41.64 46.87 50.86
2.12 4.51 1.32 0.53 44.87 41.60 46.91 50.89
1.83 3.82 1.19 0.50 45.50 42.32 47.39 51.17
1.80 3.85 1.15 0.40 45.58 42.27 47.54 52.11
1.84 4.01 1.15 0.37 45.47 42.10 47.53 52.41
1.73 3.73 1.10 0.35 45.76 42.42 47.70 52.65
1.88 4.04 1.17 0.45 45.38 42.07 47.46 51.62
1.77 3.75 1.14 0.43 45.64 42.38 47.59 51.77
1.83 3.91 1.16 0.42 45.50 42.21 47.47 51.85
2.18 4.55 1.40 0.59 44.75 41.55 46.69 50.46
2.77 5.45 1.87 0.99 43.71 40.77 45.41 48.19
3.14 5.97 2.19 1.28 43.16 40.37 44.74 47.07
3.54 6.67 2.32 1.63 42.64 39.89 44.47 46.00
3.87 7.08 2.60 1.93 42.26 39.63 43.98 45.28
4.04 7.23 2.82 2.06 42.07 39.54 43.63 45.00
3.90 6.73 2.71 2.25 42.22 39.85 43.81 44.60
3.67 6.33 2.57 2.12 42.48 40.12 44.04 44.86
3.33 5.66 2.34 2.01 42.90 40.60 44.45 45.11
3.29 5.42 2.40 2.05 42.96 40.79 44.34 45.02
3.17 5.26 2.14 2.12 43.12 40.92 44.83 44.87
3.02 4.88 2.09 2.08 43.34 41.25 44.92 44.96
2.93 4.77 2.01 2.00 43.47 41.34 45.10 45.13
2.50 3.91 1.74 1.83 44.16 42.21 45.72 45.49
2.64 4.29 1.82 1.81 43.91 41.81 45.52 45.56
2.51 4.10 1.65 1.77 44.14 42.01 45.96 45.65
2.69 4.50 1.76 1.80 43.84 41.60 45.66 45.58
2.68 4.33 1.80 1.93 43.84 41.76 45.59 45.29
2.56 4.22 1.67 1.78 44.06 41.88 45.91 45.63
2.34 3.83 1.49 1.71 44.43 42.30 46.40 45.80
2.14 3.49 1.40 1.55 44.82 42.71 46.68 46.23
2.18 3.52 1.45 1.57 44.75 42.68 46.52 46.17
2.47 4.09 1.72 1.61 44.20 42.01 45.79 46.07
2.91 4.96 1.98 1.79 43.49 41.18 45.17 45.60
3.31 5.87 2.19 1.87 42.93 40.45 44.72 45.40
3.55 6.26 2.32 2.06 42.63 40.17 44.48 44.98
3.34 5.81 2.24 1.96 42.90 40.49 44.63 45.20
3.79 6.91 2.41 2.05 42.34 39.73 44.31 45.01
3.78 6.75 2.55 2.03 42.36 39.84 44.07 45.05
3.48 6.23 2.44 1.76 42.72 40.19 44.25 45.68
3.90 7.14 2.62 1.94 42.22 39.60 43.94 45.26
3.79 6.97 2.61 1.80 42.34 39.70 43.97 45.58
3.59 6.55 2.47 1.73 42.58 39.97 44.19 45.73
3.00 5.52 2.11 1.36 43.36 40.71 44.89 46.79
3.03 5.83 1.98 1.28 43.32 40.47 45.17 47.04
2.89 5.45 1.94 1.29 43.52 40.76 45.26 47.02
2.99 5.65 1.94 1.38 43.37 40.61 45.25 46.72
2.72 5.05 1.84 1.28 43.78 41.10 45.49 47.05
2.45 4.60 1.63 1.11 44.24 41.50 46.02 47.67
2.97 5.70 1.90 1.32 43.40 40.57 45.35 46.93
2.88 5.39 1.85 1.40 43.54 40.82 45.47 46.68
3.01 5.63 1.97 1.44 43.34 40.63 45.19 46.54
2.82 5.30 1.80 1.34 43.63 40.89 45.58 46.85
3.13 5.90 1.92 1.55 43.19 40.42 45.29 46.25
3.19 6.00 1.94 1.63 43.09 40.35 45.25 45.99
2.96 5.65 1.76 1.47 43.42 40.61 45.68 46.46
3.25 6.24 1.89 1.60 43.02 40.18 45.36 46.08
3.12 6.02 1.80 1.55 43.19 40.34 45.59 46.23
3.50 6.77 1.97 1.74 42.70 39.83 45.18 45.72
3.44 6.51 2.01 1.80 42.77 40.00 45.11 45.58
3.51 6.78 1.95 1.79 42.68 39.82 45.23 45.60
3.52 6.86 2.01 1.68 42.67 39.77 45.10 45.86
3.07 6.05 1.78 1.37 43.27 40.32 45.62 46.77
3.23 6.65 1.76 1.26 43.05 39.91 45.67 47.11
3.18 6.76 1.73 1.05 43.12 39.84 45.77 47.91
3.05 6.58 1.60 0.98 43.30 39.96 46.10 48.24
3.22 7.05 1.66 0.95 43.06 39.66 45.93 48.38
3.71 8.21 1.86 1.05 42.46 39.01 45.46 47.91
3.93 8.57 1.98 1.25 42.20 38.81 45.18 47.19
4.24 9.31 2.07 1.35 41.87 38.45 44.98 46.85
4.74 10.46 2.29 1.48 41.39 37.96 44.55 46.45
4.69 10.23 2.33 1.50 41.43 38.04 44.47 46.39
4.86 10.74 2.40 1.44 41.27 37.82 44.34 46.55
5.43 12.20 2.63 1.48 40.79 37.28 43.95 46.45
5.40 12.09 2.74 1.37 40.82 37.32 43.76 46.79
5.42 12.31 2.63 1.32 40.80 37.24 43.94 46.94
5.42 12.28 2.70 1.29 40.80 37.25 43.82 47.02
5.30 11.98 2.66 1.26 40.90 37.36 43.89 47.14
4.40 9.91 2.09 1.20 41.70 38.17 44.93 47.33
4.16 9.43 1.98 1.06 41.94 38.39 45.16 47.86
3.72 8.58 1.71 0.86 42.43 38.80 45.80 48.81
3.24 7.58 1.52 0.63 43.03 39.34 46.31 50.16
2.97 6.99 1.41 0.51 43.41 39.68 46.65 51.08
2.95 6.92 1.43 0.49 43.44 39.73 46.59 51.26
3.03 7.11 1.51 0.48 43.31 39.62 46.35 51.32
3.44 8.13 1.68 0.50 42.79 39.05 45.88 51.19
3.55 8.48 1.67 0.49 42.65 38.88 45.90 51.26
3.49 8.32 1.67 0.47 42.73 38.97 45.92 51.39
3.20 7.68 1.51 0.41 43.11 39.32 46.35 51.96
3.15 7.58 1.49 0.40 43.17 39.37 46.42 52.12
3.37 8.17 1.55 0.39 42.88 39.04 46.23 52.22
3.18 7.60 1.51 0.43 43.14 39.37 46.37 51.80
3.22 7.62 1.54 0.51 43.07 39.34 46.26 51.09
3.25 7.73 1.54 0.50 43.04 39.29 46.27 51.18
2.99 7.06 1.42 0.48 43.40 39.66 46.61 51.37
2.95 6.85 1.50 0.48 43.47 39.81 46.39 51.33
2.88 6.77 1.47 0.39 43.58 39.87 46.48 52.18
2.94 6.74 1.64 0.42 43.50 39.90 46.00 51.90
3.07 7.03 1.70 0.47 43.29 39.70 45.84 51.40
3.48 7.90 2.03 0.52 42.74 39.18 45.09 50.98
3.83 8.68 2.20 0.62 42.32 38.77 44.72 50.25
3.87 8.86 2.16 0.58 42.29 38.70 44.81 50.47
3.59 8.24 2.00 0.53 42.60 38.99 45.13 50.94
3.74 8.67 2.00 0.54 42.43 38.78 45.14 50.79
3.23 7.46 1.76 0.48 43.05 39.42 45.68 51.33
3.43 7.97 1.80 0.53 42.82 39.17 45.61 50.90
3.16 7.04 1.80 0.63 43.16 39.68 45.59 50.13
3.07 6.67 1.84 0.69 43.29 39.91 45.51 49.74
3.20 6.89 1.94 0.77 43.09 39.76 45.25 49.28
3.11 6.80 1.83 0.70 43.21 39.82 45.51 49.66
2.93 6.42 1.71 0.66 43.47 40.06 45.80 49.94
2.60 5.67 1.52 0.61 43.99 40.61 46.31 50.28
2.63 5.63 1.59 0.67 43.95 40.65 46.12 49.90
2.61 5.62 1.53 0.70 43.96 40.64 46.30 49.69
2.68 5.54 1.63 0.88 43.85 40.71 46.02 48.68
2.81 5.79 1.65 0.98 43.65 40.51 45.96 48.22
2.88 5.82 1.75 1.06 43.55 40.49 45.71 47.90
2.98 5.98 1.77 1.20 43.39 40.37 45.66 47.35
3.29 6.46 2.00 1.40 42.97 40.03 45.13 46.69
3.43 6.74 2.12 1.42 42.79 39.85 44.87 46.62
3.21 6.18 2.03 1.43 43.06 40.23 45.06 46.57
3.25 6.14 2.07 1.52 43.03 40.26 44.98 46.31
3.28 6.25 2.04 1.56 42.98 40.18 45.04 46.22
3.12 5.82 2.02 1.51 43.20 40.49 45.09 46.34
3.20 6.00 2.04 1.56 43.09 40.36 45.05 46.21
3.04 5.75 1.95 1.43 43.30 40.54 45.24 46.57
3.39 6.50 2.14 1.54 42.83 40.01 44.84 46.26
3.30 6.25 2.16 1.49 42.95 40.18 44.80 46.42
3.13 5.91 2.10 1.37 43.18 40.42 44.91 46.75
3.32 6.37 2.22 1.37 42.92 40.10 44.67 46.75
3.21 6.11 2.19 1.35 43.07 40.27 44.74 46.84
3.09 5.76 2.15 1.36 43.24 40.54 44.82 46.81
3.37 6.31 2.23 1.55 42.87 40.14 44.64 46.21
3.24 6.03 2.11 1.56 43.04 40.33 44.89 46.20
3.37 6.34 2.26 1.51 42.86 40.11 44.60 46.34
3.48 6.56 2.41 1.44 42.73 39.97 44.32 46.54
3.46 6.49 2.27 1.62 42.75 40.02 44.58 46.03
3.70 6.58 2.59 1.93 42.46 39.96 44.01 45.29
3.35 5.95 2.24 1.85 42.89 40.40 44.63 45.46
3.62 6.37 2.53 1.96 42.55 40.10 44.12 45.21
3.36 5.78 2.22 2.06 42.88 40.51 44.66 45.00
3.23 5.57 2.20 1.94 43.04 40.68 44.72 45.26
2.77 4.54 1.82 1.94 43.71 41.57 45.53 45.26
3.14 5.11 2.27 2.06 43.16 41.06 44.58 45.00
3.84 6.51 2.83 2.17 42.30 40.01 43.62 44.77
3.30 5.40 2.40 2.08 42.97 40.82 44.35 44.97
3.30 5.52 2.33 2.06 42.96 40.73 44.47 45.00
3.42 5.71 2.45 2.09 42.81 40.57 44.25 44.96
3.56 5.89 2.53 2.25 42.65 40.46 44.13 44.65
3.64 6.11 2.58 2.21 42.53 40.28 44.01 44.70
3.75 6.30 2.63 2.33 42.40 40.15 43.94 44.47
3.93 6.56 2.86 2.36 42.21 39.99 43.58 44.41
4.08 7.05 2.93 2.23 42.05 39.66 43.47 44.66
4.10 6.92 2.98 2.39 42.01 39.74 43.40 44.35
4.05 6.70 2.98 2.49 42.07 39.88 43.41 44.19
4.03 6.69 2.91 2.50 42.09 39.89 43.50 44.16
4.45 7.65 3.30 2.40 41.66 39.31 42.95 44.35
4.40 7.51 3.27 2.42 41.71 39.39 43.00 44.31
4.90 8.66 3.45 2.61 41.24 38.76 42.76 43.99
5.27 8.95 3.81 3.05 40.93 38.63 42.35 43.30
5.96 10.20 4.40 3.29 40.40 38.06 41.73 42.98
6.37 11.23 4.37 3.49 40.10 37.64 41.73 42.71
6.52 11.54 4.64 3.39 40.00 37.52 41.48 42.85
7.28 13.26 4.94 3.63 39.52 36.92 41.21 42.54
8.06 14.91 5.38 3.89 39.08 36.41 40.83 42.24
7.73 14.10 5.18 3.90 39.26 36.65 41.00 42.22
8.02 14.77 5.36 3.92 39.10 36.45 40.85 42.20
7.24 13.30 4.68 3.74 39.54 36.90 41.43 42.41
6.62 12.39 4.06 3.42 39.93 37.22 42.05 42.80
6.72 12.52 4.06 3.58 39.86 37.16 42.04 42.59
6.53 12.38 3.97 3.22 39.99 37.21 42.15 43.05
5.50 10.31 3.49 2.70 40.73 38.01 42.71 43.82
4.78 9.15 2.91 2.27 41.34 38.52 43.50 44.57
4.90 9.52 3.02 2.16 41.23 38.35 43.34 44.79
4.63 9.14 2.82 1.93 41.49 38.54 43.63 45.27
4.10 8.03 2.56 1.71 42.02 39.10 44.06 45.81
4.00 7.94 2.47 1.59 42.12 39.15 44.21 46.12
3.92 7.81 2.49 1.46 42.23 39.25 44.19 46.50
3.36 6.82 2.06 1.21 42.88 39.81 44.99 47.32
3.37 6.95 2.02 1.14 42.89 39.75 45.10 47.59
3.38 7.00 2.03 1.11 42.87 39.70 45.08 47.69
3.45 6.99 2.05 1.30 42.76 39.69 45.02 46.99
3.45 7.06 2.06 1.23 42.77 39.67 45.00 47.24
3.24 6.67 1.91 1.13 43.04 39.90 45.33 47.61
3.43 7.10 2.05 1.14 42.80 39.64 45.03 47.56
3.77 7.75 2.27 1.31 42.40 39.28 44.60 47.00
3.50 7.26 2.07 1.18 42.71 39.55 44.98 47.44
3.22 6.61 1.91 1.14 43.07 39.95 45.32 47.57
3.33 6.82 1.96 1.21 42.92 39.81 45.23 47.33
3.50 7.31 2.01 1.17 42.70 39.50 45.09 47.47
3.30 6.92 1.86 1.11 42.96 39.74 45.45 47.69
3.17 6.62 1.76 1.12 43.13 39.93 45.69 47.65
3.08 6.29 1.77 1.18 43.26 40.16 45.66 47.43
3.13 6.37 1.79 1.24 43.18 40.09 45.61 47.22
3.10 6.19 1.79 1.34 43.22 40.23 45.62 46.88
2.97 5.99 1.70 1.23 43.41 40.37 45.84 47.23
2.87 5.79 1.64 1.18 43.56 40.51 45.98 47.43
2.65 5.35 1.52 1.08 43.90 40.85 46.30 47.82
2.47 4.89 1.50 1.03 44.20 41.25 46.37 47.99
2.85 5.78 1.61 1.15 43.59 40.52 46.06 47.53
3.02 6.12 1.75 1.18 43.34 40.27 45.70 47.40
3.27 6.63 1.91 1.27 42.99 39.92 45.33 47.10
3.27 6.65 1.85 1.31 42.99 39.91 45.46 46.96
3.36 6.72 1.93 1.42 42.88 39.86 45.28 46.61
3.45 7.00 1.96 1.41 42.75 39.69 45.22 46.65
3.37 6.88 1.96 1.27 42.87 39.78 45.23 47.10
3.47 7.22 1.97 1.22 42.73 39.55 45.19 47.27
3.24 6.71 1.88 1.11 43.04 39.88 45.39 47.68
2.89 6.13 1.62 0.91 43.53 40.27 46.03 48.53
2.74 5.84 1.56 0.82 43.76 40.48 46.20 48.98
2.64 5.69 1.49 0.73 43.92 40.59 46.39 49.48
2.67 5.71 1.51 0.78 43.88 40.57 46.34 49.24
2.74 5.92 1.51 0.78 43.77 40.43 46.35 49.19
2.80 6.01 1.54 0.85 43.67 40.35 46.26 48.85
2.74 5.86 1.52 0.82 43.76 40.46 46.30 48.99
2.86 6.15 1.50 0.93 43.57 40.26 46.37 48.43
3.03 6.52 1.57 1.02 43.32 40.00 46.19 48.05
3.24 6.92 1.70 1.09 43.05 39.75 45.82 47.78
3.43 7.32 1.85 1.11 42.82 39.53 45.49 47.69
3.86 8.21 2.07 1.28 42.28 39.00 44.98 47.04
4.05 8.62 2.23 1.30 42.07 38.79 44.65 47.00
4.57 9.81 2.44 1.47 41.54 38.23 44.27 46.46
4.74 10.14 2.54 1.55 41.39 38.09 44.09 46.24
5.19 11.17 2.77 1.62 41.00 37.68 43.73 46.06
5.51 11.87 3.04 1.61 40.73 37.40 43.31 46.07
5.34 11.49 2.95 1.60 40.87 37.56 43.45 46.11
5.20 11.39 2.83 1.39 40.99 37.59 43.63 46.71
4.81 10.49 2.57 1.38 41.33 37.94 44.05 46.74
4.50 9.75 2.42 1.34 41.61 38.25 44.30 46.87
4.30 8.99 2.40 1.51 41.81 38.61 44.35 46.36
3.87 7.94 2.20 1.48 42.26 39.15 44.72 46.45
3.97 7.94 2.39 1.59 42.16 39.15 44.37 46.14
3.61 7.15 2.12 1.57 42.56 39.60 44.87 46.18
3.31 6.32 2.05 1.55 42.96 40.15 45.04 46.23
3.43 6.43 2.16 1.69 42.80 40.08 44.80 45.87
3.59 6.70 2.34 1.73 42.59 39.88 44.45 45.77
3.64 6.95 2.27 1.69 42.53 39.72 44.58 45.86
3.43 6.60 2.13 1.57 42.78 39.94 44.86 46.18
3.47 6.60 2.26 1.55 42.74 39.95 44.61 46.24
3.35 6.44 2.13 1.47 42.90 40.05 44.85 46.47
3.33 6.46 2.08 1.43 42.92 40.04 44.95 46.57
3.52 6.84 2.20 1.51 42.69 39.80 44.72 46.35
3.51 6.89 2.11 1.52 42.69 39.76 44.90 46.32
3.57 6.99 2.21 1.52 42.61 39.70 44.71 46.32
3.55 6.91 2.20 1.54 42.63 39.75 44.71 46.26
3.61 7.21 2.05 1.59 42.56 39.56 45.01 46.13
3.60 7.34 2.06 1.42 42.57 39.48 44.99 46.62
3.52 7.24 2.04 1.29 42.67 39.54 45.04 47.04
3.85 7.97 2.20 1.38 42.28 39.13 44.70 46.74
4.00 8.44 2.24 1.30 42.13 38.88 44.64 47.00
4.17 8.79 2.28 1.44 41.93 38.70 44.55 46.54
4.43 9.34 2.52 1.45 41.67 38.43 44.13 46.53
4.26 9.11 2.41 1.26 41.84 38.54 44.32 47.13
4.13 8.93 2.31 1.16 41.97 38.63 44.51 47.51
3.94 8.66 2.14 1.03 42.18 38.76 44.84 47.99
3.65 7.80 1.96 1.18 42.51 39.22 45.20 47.42
3.74 8.02 2.01 1.20 42.41 39.10 45.10 47.34
3.70 7.77 2.06 1.26 42.46 39.23 45.01 47.13
3.69 7.76 2.06 1.24 42.47 39.24 45.00 47.19
3.47 7.30 1.95 1.17 42.73 39.50 45.23 47.45
3.19 6.66 1.80 1.12 43.09 39.90 45.59 47.64
2.77 5.75 1.54 1.02 43.71 40.54 46.26 48.03
2.60 5.39 1.50 0.92 43.98 40.82 46.37 48.51
2.41 5.01 1.37 0.84 44.32 41.14 46.77 48.87
2.81 5.91 1.59 0.93 43.64 40.42 46.11 48.43
2.90 5.86 1.70 1.13 43.52 40.45 45.83 47.61
3.03 5.93 1.81 1.36 43.32 40.40 45.56 46.81
3.22 6.34 1.90 1.43 43.05 40.11 45.34 46.58
3.37 6.58 2.05 1.48 42.86 39.95 45.02 46.43
3.20 6.14 1.95 1.51 43.07 40.25 45.22 46.34
2.96 5.69 1.84 1.34 43.43 40.59 45.49 46.86
2.59 4.93 1.70 1.16 43.99 41.21 45.84 47.50
2.88 5.45 1.85 1.32 43.54 40.77 45.45 46.91
2.58 4.93 1.68 1.13 44.02 41.21 45.88 47.62
2.99 5.69 1.94 1.33 43.38 40.58 45.27 46.89
2.79 5.33 1.76 1.28 43.68 40.87 45.69 47.05
3.09 6.05 1.87 1.35 43.23 40.31 45.41 46.83
2.64 5.22 1.62 1.09 43.91 40.95 46.05 47.76
2.79 5.77 1.63 0.95 43.69 40.52 46.00 48.35
2.67 5.59 1.58 0.85 43.86 40.66 46.14 48.87
2.74 5.65 1.72 0.86 43.75 40.61 45.78 48.79
2.67 5.57 1.65 0.78 43.87 40.67 45.96 49.22
2.61 5.49 1.60 0.74 43.97 40.74 46.10 49.42
2.50 5.35 1.50 0.66 44.15 40.85 46.37 49.91
2.22 4.83 1.27 0.55 44.68 41.30 47.09 50.71
2.03 4.46 1.21 0.41 45.06 41.64 47.29 51.98
2.21 4.93 1.28 0.44 44.68 41.20 47.07 51.71
2.29 5.00 1.38 0.49 44.53 41.14 46.72 51.26
2.60 5.72 1.52 0.56 43.98 40.56 46.32 50.68
2.48 5.51 1.43 0.50 44.18 40.72 46.57 51.12
2.46 5.49 1.34 0.53 44.22 40.73 46.84 50.85
2.31 5.15 1.31 0.47 44.49 41.01 46.96 51.38
2.23 5.01 1.20 0.48 44.64 41.13 47.33 51.32
1.95 4.27 1.11 0.48 45.22 41.83 47.68 51.27
1.89 4.03 1.12 0.50 45.38 42.08 47.64 51.10
2.15 4.61 1.30 0.53 44.82 41.50 47.02 50.90
2.12 4.52 1.32 0.51 44.89 41.60 46.92 51.09
1.82 3.82 1.14 0.49 45.56 42.34 47.57 51.21
1.69 3.68 1.07 0.32 45.87 42.50 47.85 53.04
1.65 3.52 1.07 0.36 45.98 42.70 47.85 52.52
1.63 3.51 1.03 0.34 46.04 42.70 48.04 52.83
1.89 3.98 1.20 0.49 45.39 42.16 47.37 51.24
2.00 4.29 1.22 0.49 45.15 41.85 47.28 51.23
1.81 3.82 1.13 0.49 45.57 42.33 47.62 51.26
1.89 4.05 1.15 0.45 45.39 42.08 47.52 51.56
1.88 4.04 1.19 0.40 45.41 42.08 47.38 52.16
1.81 3.91 1.14 0.39 45.57 42.23 47.58 52.27
1.82 3.84 1.17 0.44 45.57 42.33 47.49 51.70
1.82 3.77 1.22 0.48 45.55 42.40 47.31 51.34
1.87 3.96 1.17 0.50 45.43 42.18 47.45 51.22
2.13 4.47 1.35 0.58 44.86 41.65 46.85 50.53
2.58 5.12 1.72 0.91 44.03 41.06 45.80 48.55
3.00 5.73 2.02 1.24 43.38 40.57 45.10 47.21
3.20 6.02 2.12 1.47 43.11 40.38 44.88 46.48
3.33 6.18 2.18 1.64 42.92 40.25 44.76 45.99
3.83 6.78 2.58 2.13 42.31 39.84 44.03 44.85
3.61 6.21 2.49 2.14 42.57 40.23 44.18 44.84
3.47 6.00 2.34 2.07 42.74 40.37 44.44 44.98
3.12 5.23 2.12 2.01 43.22 40.98 44.89 45.13
3.16 5.23 2.29 1.95 43.16 40.97 44.55 45.27
3.01 5.00 2.06 1.98 43.35 41.16 44.99 45.18
3.01 4.85 2.10 2.08 43.35 41.28 44.92 44.95
2.85 4.59 1.96 2.00 43.58 41.52 45.20 45.12
2.59 4.07 1.83 1.86 44.01 42.04 45.51 45.44
2.51 3.90 1.75 1.88 44.14 42.23 45.71 45.39
2.60 4.18 1.67 1.94 43.99 41.92 45.91 45.25
2.63 4.19 1.76 1.93 43.94 41.92 45.68 45.28
2.70 4.31 1.82 1.99 43.81 41.79 45.54 45.15
2.52 4.03 1.70 1.83 44.12 42.08 45.82 45.51
2.12 3.35 1.39 1.62 44.87 42.88 46.71 46.04
2.14 3.34 1.45 1.62 44.84 42.90 46.51 46.03
1.91 3.04 1.26 1.43 45.33 43.31 47.13 46.57
2.11 3.47 1.48 1.39 44.88 42.73 46.43 46.69
2.61 4.35 1.80 1.69 43.97 41.76 45.59 45.85
2.91 4.96 1.99 1.77 43.50 41.18 45.14 45.67
3.39 5.84 2.28 2.04 42.83 40.46 44.54 45.04
3.30 5.58 2.25 2.06 42.95 40.67 44.60 45.00
3.27 5.74 2.23 1.83 42.99 40.55 44.64 45.51
3.50 6.21 2.28 2.01 42.69 40.20 44.55 45.10
3.45 6.07 2.39 1.90 42.75 40.30 44.35 45.35
3.60 6.47 2.47 1.85 42.57 40.02 44.21 45.46
3.15 5.71 2.22 1.52 43.15 40.57 44.66 46.32
3.37 6.11 2.32 1.67 42.86 40.27 44.47 45.91
2.93 5.36 2.01 1.41 43.47 40.84 45.11 46.64
2.74 5.25 1.79 1.20 43.75 40.93 45.60 47.36
2.55 4.74 1.75 1.17 44.07 41.38 45.71 47.44
2.65 4.96 1.74 1.23 43.91 41.17 45.74 47.22
2.40 4.49 1.58 1.12 44.34 41.61 46.14 47.63
2.18 4.11 1.41 1.02 44.75 41.99 46.65 48.05
2.47 4.70 1.56 1.14 44.22 41.42 46.21 47.57
2.47 4.67 1.56 1.18 44.22 41.45 46.22 47.42
2.63 5.00 1.60 1.28 43.94 41.14 46.09 47.08
2.49 4.75 1.53 1.17 44.19 41.37 46.28 47.45
2.67 5.07 1.62 1.31 43.87 41.08 46.03 46.95
2.63 4.95 1.65 1.29 43.95 41.20 45.96 47.06
2.92 5.54 1.72 1.49 43.49 40.70 45.77 46.41
2.85 5.37 1.69 1.49 43.60 40.84 45.87 46.42
2.84 5.44 1.59 1.49 43.60 40.78 46.13 46.42
3.05 5.86 1.71 1.58 43.29 40.45 45.80 46.16
3.04 5.81 1.74 1.57 43.30 40.49 45.72 46.18
2.76 5.18 1.62 1.47 43.72 40.98 46.03 46.45
2.97 5.69 1.72 1.50 43.40 40.58 45.77 46.37
2.68 5.21 1.56 1.26 43.85 40.96 46.21 47.11
2.75 5.55 1.51 1.21 43.73 40.69 46.35 47.32
2.76 5.83 1.45 1.00 43.72 40.47 46.51 48.15
2.62 5.57 1.37 0.93 43.94 40.67 46.78 48.46
2.71 5.94 1.38 0.83 43.80 40.40 46.74 48.95
2.97 6.40 1.57 0.94 43.41 40.07 46.18 48.41
3.43 7.39 1.75 1.16 42.77 39.45 45.70 47.48
3.78 8.10 1.92 1.32 42.36 39.05 45.31 46.93
3.91 8.42 1.96 1.34 42.22 38.88 45.21 46.87
4.03 8.64 2.03 1.43 42.08 38.77 45.06 46.59
4.28 9.25 2.16 1.43 41.82 38.47 44.78 46.58
4.55 9.90 2.37 1.39 41.55 38.18 44.38 46.69
4.42 9.78 2.27 1.22 41.68 38.24 44.57 47.28
4.69 10.48 2.31 1.26 41.42 37.93 44.49 47.11
4.79 10.70 2.41 1.25 41.33 37.84 44.32 47.16
4.68 10.39 2.41 1.25 41.43 37.97 44.30 47.17
3.99 8.91 1.91 1.15 42.12 38.63 45.32 47.51
3.69 8.22 1.83 1.03 42.46 38.99 45.51 48.01
3.31 7.47 1.61 0.84 42.94 39.40 46.07 48.87
2.93 6.72 1.40 0.69 43.46 39.86 46.68 49.77
2.59 5.99 1.25 0.51 44.01 40.36 47.16 51.01
2.63 6.08 1.32 0.49 43.94 40.30 46.93 51.26
2.65 6.12 1.36 0.47 43.90 40.27 46.80 51.43
2.66 6.10 1.41 0.47 43.89 40.29 46.64 51.37
2.70 6.22 1.41 0.47 43.83 40.21 46.64 51.39
2.58 5.91 1.34 0.48 44.03 40.43 46.87 51.35
2.31 5.31 1.21 0.40 44.51 40.89 47.32 52.09
2.30 5.35 1.19 0.37 44.52 40.86 47.39 52.42
2.36 5.55 1.17 0.36 44.41 40.70 47.46 52.55
2.27 5.25 1.18 0.39 44.58 40.94 47.43 52.26
2.36 5.42 1.20 0.46 44.41 40.80 47.37 51.47
2.34 5.38 1.19 0.44 44.45 40.83 47.38 51.73
2.24 5.21 1.09 0.43 44.63 40.98 47.74 51.79
2.12 4.80 1.14 0.44 44.87 41.33 47.58 51.75
2.06 4.72 1.09 0.37 45.00 41.40 47.77 52.43
2.06 4.61 1.20 0.37 45.00 41.50 47.33 52.46
2.30 5.11 1.35 0.44 44.51 41.05 46.83 51.71
2.47 5.48 1.46 0.48 44.20 40.75 46.48 51.37
2.86 6.34 1.67 0.57 43.57 40.12 45.90 50.60
2.92 6.48 1.73 0.55 43.48 40.03 45.75 50.74
2.66 5.94 1.53 0.51 43.88 40.40 46.28 51.02
2.77 6.26 1.54 0.51 43.71 40.17 46.26 51.06
2.66 5.95 1.56 0.47 43.89 40.39 46.22 51.45
2.54 5.67 1.45 0.50 44.09 40.60 46.52 51.16
2.46 5.36 1.43 0.58 44.22 40.84 46.58 50.47
2.51 5.37 1.52 0.64 44.13 40.83 46.30 50.06
2.46 5.24 1.50 0.64 44.22 40.94 46.37 50.05
2.38 5.05 1.47 0.61 44.37 41.10 46.44 50.27
2.30 4.96 1.38 0.58 44.51 41.18 46.74 50.53
2.18 4.72 1.30 0.54 44.74 41.39 47.00 50.85
2.12 4.50 1.32 0.55 44.86 41.61 46.92 50.74
2.21 4.68 1.34 0.60 44.70 41.43 46.86 50.37
2.16 4.42 1.34 0.72 44.79 41.67 46.88 49.54
2.21 4.54 1.31 0.77 44.69 41.56 46.95 49.25
2.29 4.60 1.41 0.87 44.53 41.51 46.63 48.76
2.37 4.68 1.48 0.94 44.39 41.43 46.43 48.42
2.56 5.08 1.55 1.04 44.05 41.07 46.22 47.97
2.83 5.46 1.79 1.24 43.62 40.76 45.61 47.21
2.95 5.56 1.90 1.40 43.43 40.68 45.34 46.68
2.97 5.54 1.90 1.48 43.40 40.70 45.33 46.44
2.71 5.09 1.70 1.36 43.80 41.07 45.85 46.80
2.49 4.63 1.59 1.25 44.17 41.48 46.13 47.15
2.70 5.01 1.71 1.37 43.83 41.13 45.81 46.78
2.72 5.09 1.75 1.32 43.79 41.07 45.71 46.93
2.87 5.47 1.79 1.34 43.55 40.75 45.59 46.87
2.81 5.32 1.86 1.25 43.65 40.88 45.45 47.16
2.86 5.46 1.86 1.26 43.57 40.76 45.44 47.13
2.74 5.18 1.83 1.19 43.77 40.99 45.52 47.37
2.68 4.98 1.87 1.18 43.86 41.17 45.41 47.41
2.57 4.68 1.83 1.21 44.03 41.44 45.50 47.32
2.72 4.96 1.85 1.37 43.78 41.18 45.48 46.79
2.78 5.06 1.85 1.44 43.69 41.09 45.47 46.55
2.73 4.99 1.81 1.40 43.77 41.15 45.56 46.69
2.91 5.24 2.02 1.47 43.50 40.94 45.09 46.48
2.80 5.08 1.92 1.40 43.67 41.08 45.30 46.67
2.91 5.01 2.04 1.68 43.51 41.14 45.05 45.90
2.77 4.71 1.94 1.65 43.72 41.41 45.27 45.96
2.77 4.81 1.91 1.61 43.70 41.32 45.33 46.08
2.56 4.37 1.79 1.54 44.04 41.73 45.61 46.27
2.49 4.18 1.69 1.60 44.17 41.92 45.86 46.10
2.25 3.60 1.49 1.65 44.61 42.57 46.40 45.94
2.56 4.05 1.94 1.69 44.04 42.05 45.25 45.84
2.86 4.56 2.16 1.85 43.58 41.55 44.79 45.47
2.95 4.71 2.17 1.97 43.44 41.40 44.78 45.20
3.01 4.93 2.21 1.89 43.35 41.21 44.68 45.38
2.96 4.85 2.18 1.86 43.42 41.28 44.75 45.44
3.01 4.94 2.19 1.89 43.35 41.20 44.74 45.36
3.14 5.18 2.30 1.94 43.17 41.00 44.52 45.25
3.11 5.05 2.30 1.97 43.22 41.10 44.51 45.20
3.29 5.39 2.47 2.01 42.96 40.82 44.20 45.10
3.46 5.92 2.54 1.93 42.74 40.42 44.08 45.29
3.54 5.99 2.64 1.99 42.65 40.36 43.92 45.16
3.50 5.75 2.71 2.03 42.70 40.54 43.81 45.06
3.31 5.51 2.39 2.02 42.94 40.72 44.35 45.08
3.73 6.20 2.97 2.02 42.42 40.21 43.41 45.08
3.58 5.91 2.75 2.09 42.59 40.42 43.74 44.93
4.08 7.06 2.91 2.25 42.03 39.64 43.50 44.61
4.15 6.96 3.02 2.47 41.96 39.71 43.33 44.21
4.70 8.01 3.42 2.69 41.41 39.10 42.80 43.84
4.93 8.67 3.38 2.74 41.21 38.76 42.85 43.75
5.07 8.77 3.64 2.80 41.09 38.71 42.53 43.67
5.75 10.15 4.00 3.12 40.53 38.07 42.12 43.20
6.60 12.01 4.39 3.40 39.94 37.34 41.71 42.81
6.33 11.41 4.25 3.34 40.12 37.57 41.86 42.91
6.52 11.77 4.30 3.48 40.00 37.43 41.80 42.72
5.94 10.71 3.90 3.22 40.39 37.84 42.22 43.06
5.57 10.04 3.45 3.21 40.68 38.12 42.76 43.06
5.50 9.95 3.45 3.10 40.73 38.16 42.76 43.22
5.13 9.52 3.19 2.67 41.04 38.35 43.10 43.87
4.79 8.82 3.10 2.46 41.34 38.69 43.24 44.23
4.20 7.92 2.59 2.11 41.90 39.15 44.01 44.90
3.93 7.47 2.47 1.86 42.19 39.40 44.21 45.45
3.45 6.62 2.17 1.55 42.76 39.92 44.76 46.24
3.80 7.33 2.43 1.65 42.33 39.48 44.28 45.95
3.55 6.91 2.28 1.47 42.63 39.74 44.56 46.45
3.97 7.80 2.54 1.57 42.15 39.21 44.08 46.19
3.39 6.73 2.16 1.28 42.83 39.86 44.80 47.06
3.40 7.01 2.01 1.19 42.82 39.68 45.10 47.38
3.27 6.74 1.97 1.08 43.00 39.85 45.19 47.79
3.31 6.67 2.00 1.28 42.93 39.89 45.14 47.07
3.28 6.65 1.97 1.21 42.98 39.91 45.18 47.31
3.10 6.36 1.84 1.11 43.21 40.10 45.48 47.68
2.98 6.13 1.79 1.02 43.39 40.26 45.61 48.03
3.46 7.00 2.21 1.17 42.75 39.69 44.70 47.45
3.38 6.98 2.06 1.12 42.84 39.70 45.00 47.65
2.99 6.13 1.81 1.03 43.38 40.26 45.55 48.02
3.13 6.45 1.85 1.08 43.18 40.04 45.46 47.79
3.22 6.67 1.92 1.08 43.05 39.89 45.30 47.82
3.13 6.56 1.80 1.03 43.18 39.96 45.58 48.00
2.94 6.15 1.64 1.03 43.45 40.25 45.98 47.99
2.92 6.01 1.64 1.09 43.49 40.34 45.98 47.74
3.01 6.16 1.70 1.17 43.35 40.23 45.83 47.45
2.86 5.68 1.66 1.24 43.57 40.59 45.93 47.20
3.06 6.09 1.79 1.29 43.28 40.28 45.61 47.02
2.96 5.90 1.76 1.22 43.42 40.43 45.67 47.26
2.79 5.53 1.65 1.20 43.67 40.71 45.95 47.33
2.62 5.21 1.55 1.10 43.95 40.96 46.22 47.73
2.64 5.25 1.60 1.08 43.91 40.93 46.10 47.78
2.88 5.83 1.67 1.15 43.54 40.48 45.90 47.54
2.87 5.80 1.68 1.13 43.55 40.50 45.88 47.59
3.06 6.20 1.73 1.23 43.28 40.21 45.76 47.22
2.88 5.84 1.64 1.16 43.54 40.47 45.98 47.49
3.20 6.54 1.82 1.25 43.07 39.97 45.53 47.17
3.18 6.36 1.88 1.28 43.11 40.10 45.38 47.04
3.38 6.93 1.94 1.27 42.84 39.72 45.25 47.10
3.25 6.58 1.97 1.19 43.02 39.95 45.19 47.35
2.95 6.13 1.72 1.01 43.43 40.26 45.78 48.08
2.76 5.79 1.61 0.85 43.73 40.50 46.05 48.82
2.67 5.65 1.56 0.79 43.87 40.61 46.21 49.12
2.53 5.35 1.48 0.75 44.11 40.85 46.44 49.38
2.51 5.33 1.46 0.72 44.14 40.86 46.47 49.53
2.57 5.43 1.50 0.77 44.03 40.79 46.36 49.24
2.62 5.48 1.50 0.88 43.95 40.75 46.37 48.70
2.69 5.66 1.47 0.93 43.84 40.60 46.44 48.43
2.90 6.10 1.57 1.03 43.51 40.28 46.18 48.00
2.97 6.21 1.66 1.05 43.40 40.20 45.95 47.91
2.99 6.24 1.69 1.04 43.37 40.18 45.86 47.96
3.50 7.32 1.94 1.23 42.69 39.49 45.25 47.22
3.87 8.12 2.14 1.34 42.26 39.04 44.82 46.87
4.09 8.64 2.22 1.42 42.02 38.77 44.66 46.61
4.49 9.43 2.47 1.58 41.62 38.39 44.21 46.16
4.44 9.38 2.49 1.45 41.67 38.42 44.18 46.53
5.10 10.91 2.81 1.59 41.06 37.76 43.65 46.11
4.62 9.85 2.49 1.51 41.50 38.20 44.17 46.33
4.81 10.44 2.61 1.39 41.31 37.95 43.98 46.70
4.38 9.39 2.39 1.37 41.72 38.41 44.35 46.77
4.13 8.87 2.25 1.27 41.98 38.66 44.61 47.10
4.12 8.65 2.28 1.45 41.98 38.77 44.56 46.53
3.83 7.75 2.19 1.55 42.30 39.24 44.73 46.22
3.69 7.39 2.22 1.46 42.46 39.45 44.66 46.49
3.35 6.67 2.00 1.40 42.88 39.90 45.14 46.67
3.15 5.96 1.96 1.52 43.16 40.39 45.23 46.32
3.30 6.21 2.09 1.60 42.95 40.20 44.93 46.10
