5.99 12.66 3.14 2.17 40.36 37.11 43.17 44.77
6.34 13.68 3.03 2.31 40.11 36.77 43.32 44.50
6.43 14.04 3.05 2.19 40.05 36.66 43.29 44.72
6.44 14.14 3.04 2.15 40.04 36.63 43.30 44.80
6.49 14.09 3.18 2.19 40.01 36.64 43.10 44.73
6.86 15.00 3.21 2.37 39.77 36.37 43.07 44.39
7.01 15.25 3.38 2.40 39.67 36.30 42.85 44.33
7.51 16.47 3.56 2.51 39.37 35.96 42.62 44.14
6.43 13.99 3.14 2.15 40.05 36.67 43.16 44.81
7.17 15.57 3.35 2.60 39.57 36.21 42.88 43.98
7.25 15.82 3.30 2.64 39.53 36.14 42.95 43.91
6.88 15.36 3.03 2.25 39.75 36.27 43.32 44.60
6.74 14.97 3.04 2.20 39.85 36.38 43.30 44.70
7.87 17.56 3.68 2.38 39.17 35.69 42.47 44.37
7.58 17.24 3.18 2.32 39.33 35.77 43.10 44.48
8.00 18.16 3.44 2.39 39.10 35.54 42.77 44.35
7.34 16.60 3.27 2.16 39.47 35.93 42.99 44.79
7.27 16.67 3.19 1.96 39.51 35.91 43.10 45.22
6.43 14.74 2.82 1.72 40.05 36.45 43.63 45.77
6.42 14.79 2.75 1.73 40.05 36.43 43.73 45.76
6.33 14.34 2.86 1.78 40.12 36.57 43.57 45.62
5.99 13.52 2.61 1.86 40.35 36.82 43.97 45.42
6.19 13.76 2.84 1.96 40.22 36.74 43.60 45.20
5.86 12.90 2.83 1.86 40.45 37.02 43.62 45.44
5.03 11.10 2.42 1.58 41.12 37.68 44.30 46.14
4.75 10.58 2.23 1.45 41.36 37.89 44.65 46.52
4.21 9.35 1.96 1.33 41.89 38.42 45.22 46.90
4.06 9.11 1.90 1.17 42.04 38.53 45.33 47.46
3.83 8.50 1.86 1.12 42.30 38.84 45.43 47.63
4.00 8.73 2.05 1.25 42.10 38.72 45.02 47.17
3.10 6.24 1.86 1.19 43.31 40.32 45.45 47.36
3.07 6.09 1.79 1.34 43.38 40.48 45.64 46.89
3.43 6.80 1.97 1.50 42.86 39.92 45.21 46.37
3.37 6.63 2.01 1.47 42.95 40.06 45.14 46.46
3.01 5.87 1.83 1.33 43.45 40.59 45.57 46.90
2.69 5.22 1.64 1.22 43.92 41.09 46.03 47.29
2.92 5.67 1.80 1.29 43.59 40.75 45.65 47.06
2.64 5.11 1.63 1.16 43.99 41.15 46.02 47.50
2.70 5.22 1.70 1.19 43.90 41.06 45.89 47.43
3.02 5.83 1.83 1.39 43.44 40.61 45.55 46.76
3.30 6.51 1.94 1.46 43.02 40.10 45.28 46.52
3.10 6.11 1.83 1.36 43.26 40.33 45.51 46.80
3.04 6.17 1.75 1.19 43.35 40.30 45.71 47.37
2.82 5.89 1.61 0.97 43.69 40.53 46.08 48.30
2.77 5.83 1.60 0.87 43.78 40.58 46.12 48.70
2.70 5.77 1.53 0.81 43.90 40.65 46.30 49.10
2.61 5.55 1.51 0.75 44.07 40.82 46.37 49.41
2.51 5.39 1.46 0.68 44.20 40.91 46.51 49.79
2.48 5.39 1.40 0.65 44.30 40.98 46.71 50.00
2.25 4.95 1.26 0.53 44.77 41.40 47.19 50.89
2.14 4.74 1.26 0.42 45.01 41.63 47.22 51.89
2.24 4.96 1.28 0.48 44.81 41.42 47.11 51.37
2.53 5.64 1.42 0.52 44.29 40.87 46.69 50.96
2.52 5.71 1.39 0.47 44.30 40.83 46.76 51.39
2.60 5.88 1.37 0.54 44.19 40.72 46.82 50.86
2.40 5.47 1.25 0.47 44.52 41.01 47.22 51.37
2.49 5.75 1.22 0.49 44.42 40.87 47.35 51.24
2.29 5.25 1.13 0.47 44.80 41.29 47.67 51.39
2.00 4.50 1.03 0.47 45.37 41.95 48.09 51.38
2.03 4.47 1.11 0.51 45.29 41.95 47.78 51.05
1.84 3.88 1.16 0.49 45.51 42.27 47.52 51.28
1.76 3.66 1.16 0.47 45.69 42.51 47.52 51.47
1.51 3.08 1.00 0.43 46.35 43.24 48.14 51.77
1.41 3.00 0.91 0.32 46.64 43.36 48.53 53.10
1.34 2.82 0.89 0.32 46.85 43.62 48.65 53.06
1.42 3.03 0.90 0.33 46.60 43.32 48.58 52.90
1.62 3.40 1.01 0.44 46.04 42.81 48.09 51.69
1.61 3.35 1.03 0.44 46.06 42.88 47.99 51.65
1.56 3.23 1.02 0.43 46.19 43.04 48.04 51.76
1.52 3.21 0.99 0.37 46.30 43.06 48.18 52.42
1.46 3.07 0.97 0.35 46.48 43.25 48.28 52.72
1.41 2.96 0.93 0.34 46.64 43.42 48.44 52.84
1.53 3.14 0.99 0.45 46.29 43.17 48.17 51.59
1.45 2.97 0.96 0.42 46.52 43.41 48.32 51.93
1.56 3.21 1.02 0.45 46.21 43.07 48.05 51.61
1.86 3.74 1.28 0.56 45.44 42.40 47.05 50.66
2.15 4.18 1.50 0.77 44.80 41.92 46.35 49.28
2.39 4.40 1.71 1.07 44.34 41.70 45.79 47.86
2.53 4.60 1.66 1.34 44.09 41.50 45.92 46.85
2.88 5.09 1.89 1.65 43.54 41.06 45.36 45.95
3.10 5.39 2.14 1.75 43.22 40.81 44.83 45.69
3.01 5.23 2.00 1.80 43.35 40.95 45.13 45.57
2.86 4.86 1.99 1.74 43.56 41.27 45.14 45.72
2.62 4.38 1.75 1.74 43.94 41.71 45.70 45.73
2.78 4.53 1.95 1.85 43.69 41.57 45.23 45.45
2.54 4.08 1.79 1.75 44.08 42.02 45.61 45.70
2.62 4.24 1.81 1.80 43.95 41.86 45.55 45.57
2.36 3.76 1.73 1.59 44.40 42.38 45.74 46.13
2.18 3.54 1.51 1.51 44.74 42.65 46.35 46.35
2.10 3.38 1.45 1.47 44.91 42.85 46.51 46.45
2.29 3.80 1.49 1.59 44.52 42.33 46.41 46.11
2.47 4.06 1.68 1.65 44.21 42.04 45.87 45.96
2.35 3.75 1.62 1.67 44.43 42.40 46.04 45.90
2.22 3.62 1.49 1.54 44.67 42.55 46.40 46.24
1.92 3.09 1.25 1.42 45.29 43.23 47.15 46.60
1.89 3.03 1.21 1.43 45.37 43.32 47.31 46.58
1.97 3.17 1.28 1.47 45.18 43.13 47.07 46.46
2.26 3.71 1.59 1.50 44.58 42.44 46.13 46.38
2.39 4.09 1.62 1.47 44.34 42.02 46.04 46.45
2.61 4.54 1.77 1.53 43.96 41.56 45.65 46.29
2.87 4.88 1.97 1.74 43.56 41.24 45.18 45.72
3.08 5.25 2.07 1.93 43.24 40.93 44.97 45.28
3.06 5.35 2.05 1.78 43.28 40.85 45.03 45.64
3.17 5.53 2.13 1.85 43.12 40.70 44.85 45.46
3.06 5.46 2.07 1.63 43.28 40.76 44.97 46.01
3.24 5.85 2.26 1.62 43.04 40.47 44.60 46.07
3.28 5.92 2.23 1.69 42.98 40.42 44.66 45.86
3.24 5.83 2.23 1.65 43.03 40.47 44.66 45.95
2.85 5.19 1.91 1.43 43.59 40.98 45.32 46.57
2.56 4.79 1.72 1.15 44.06 41.33 45.79 47.52
2.40 4.40 1.63 1.16 44.33 41.69 46.02 47.47
2.39 4.44 1.56 1.17 44.34 41.65 46.19 47.44
2.08 3.81 1.43 0.99 44.96 42.32 46.58 48.18
2.13 3.85 1.45 1.09 44.84 42.28 46.51 47.75
2.21 4.09 1.49 1.04 44.70 42.02 46.41 47.95
2.49 4.55 1.63 1.28 44.18 41.55 46.00 47.07
2.47 4.63 1.57 1.22 44.20 41.48 46.18 47.28
2.58 4.81 1.62 1.31 44.01 41.31 46.03 46.95
2.70 5.09 1.62 1.38 43.82 41.06 46.04 46.72
2.66 4.90 1.65 1.42 43.89 41.23 45.96 46.61
2.52 4.64 1.56 1.37 44.11 41.47 46.19 46.78
2.66 4.89 1.61 1.50 43.87 41.24 46.07 46.37
2.71 5.04 1.56 1.52 43.81 41.11 46.20 46.30
3.00 5.67 1.72 1.62 43.35 40.60 45.77 46.03
2.94 5.47 1.72 1.63 43.45 40.75 45.79 46.00
2.95 5.45 1.71 1.69 43.43 40.77 45.80 45.86
2.88 5.41 1.71 1.53 43.53 40.80 45.80 46.29
2.70 5.17 1.60 1.34 43.81 41.00 46.10 46.85
2.42 4.79 1.37 1.10 44.30 41.33 46.78 47.74
2.38 4.89 1.30 0.95 44.37 41.25 47.01 48.34
2.30 4.78 1.25 0.88 44.51 41.34 47.15 48.69
2.41 5.12 1.29 0.81 44.32 41.04 47.02 49.03
2.64 5.62 1.41 0.89 43.92 40.64 46.65 48.62
3.06 6.43 1.60 1.15 43.28 40.05 46.10 47.51
3.20 6.68 1.66 1.25 43.09 39.89 45.93 47.15
3.41 7.15 1.77 1.31 42.82 39.60 45.67 46.97
3.55 7.48 1.87 1.29 42.64 39.40 45.41 47.04
3.56 7.50 1.94 1.25 42.62 39.38 45.27 47.15
3.55 7.60 1.89 1.16 42.64 39.33 45.38 47.50
3.88 8.45 2.04 1.17 42.24 38.86 45.04 47.47
3.90 8.51 2.08 1.13 42.22 38.84 44.96 47.61
3.72 8.14 1.96 1.07 42.42 39.03 45.22 47.83
3.71 8.16 1.88 1.10 42.44 39.01 45.39 47.74
3.17 6.94 1.55 1.01 43.13 39.73 46.23 48.09
3.00 6.60 1.53 0.88 43.36 39.94 46.27 48.68
2.63 5.89 1.28 0.72 43.93 40.43 47.04 49.58
2.32 5.20 1.19 0.58 44.47 40.97 47.36 50.53
2.21 4.98 1.13 0.52 44.69 41.16 47.62 51.00
2.20 4.93 1.18 0.50 44.70 41.21 47.41 51.15
2.26 5.07 1.21 0.49 44.59 41.08 47.28 51.20
2.35 5.25 1.30 0.50 44.42 40.93 47.00 51.15
2.42 5.45 1.31 0.50 44.29 40.76 46.96 51.10
2.21 4.94 1.22 0.48 44.68 41.19 47.25 51.34
2.02 4.53 1.13 0.40 45.08 41.58 47.59 52.09
2.05 4.62 1.12 0.40 45.02 41.49 47.63 52.09
2.16 4.93 1.17 0.40 44.78 41.20 47.45 52.14
2.14 4.75 1.20 0.46 44.83 41.37 47.33 51.46
2.13 4.69 1.19 0.50 44.86 41.42 47.38 51.16
2.10 4.69 1.15 0.47 44.90 41.42 47.51 51.45
2.02 4.49 1.09 0.47 45.09 41.61 47.76 51.43
1.92 4.29 1.05 0.42 45.30 41.80 47.93 51.95
1.74 3.87 0.99 0.37 45.72 42.26 48.18 52.40
1.87 4.11 1.11 0.39 45.42 41.99 47.69 52.23
1.95 4.30 1.17 0.37 45.23 41.80 47.44 52.42
2.30 5.03 1.39 0.49 44.51 41.12 46.71 51.26
2.48 5.41 1.47 0.55 44.19 40.80 46.45 50.74
2.41 5.33 1.41 0.50 44.31 40.86 46.65 51.11
2.31 5.16 1.28 0.49 44.50 41.01 47.06 51.27
2.41 5.43 1.31 0.48 44.31 40.78 46.96 51.32
2.25 5.03 1.27 0.44 44.61 41.11 47.08 51.70
2.14 4.69 1.24 0.49 44.83 41.42 47.22 51.22
2.17 4.73 1.26 0.51 44.77 41.39 47.13 51.03
2.31 4.93 1.39 0.62 44.49 41.20 46.71 50.22
2.21 4.67 1.34 0.62 44.69 41.44 46.85 50.20
2.08 4.36 1.28 0.58 44.96 41.74 47.05 50.46
2.06 4.39 1.25 0.54 44.99 41.70 47.16 50.83
1.87 3.94 1.19 0.49 45.41 42.18 47.39 51.27
1.82 3.84 1.14 0.48 45.54 42.30 47.58 51.34
1.93 4.02 1.19 0.60 45.27 42.09 47.37 50.39
1.99 4.08 1.20 0.69 45.14 42.02 47.34 49.73
1.92 3.86 1.18 0.71 45.31 42.27 47.41 49.62
2.08 4.11 1.31 0.81 44.95 41.99 46.95 49.04
2.19 4.28 1.37 0.90 44.74 41.82 46.76 48.57
2.38 4.66 1.51 0.98 44.36 41.45 46.35 48.23
2.42 4.62 1.60 1.06 44.29 41.49 46.10 47.89
2.59 4.83 1.70 1.23 44.00 41.29 45.81 47.24
2.72 5.01 1.77 1.38 43.79 41.14 45.65 46.72
2.62 4.80 1.73 1.34 43.94 41.32 45.75 46.85
2.83 5.16 1.85 1.47 43.62 41.00 45.46 46.46
2.78 5.06 1.84 1.43 43.69 41.09 45.49 46.58
2.57 4.71 1.68 1.34 44.03 41.41 45.89 46.88
2.50 4.65 1.60 1.24 44.16 41.46 46.10 47.22
2.43 4.54 1.57 1.19 44.27 41.56 46.17 47.38
2.36 4.40 1.61 1.09 44.39 41.69 46.08 47.77
2.37 4.41 1.61 1.10 44.38 41.69 46.07 47.72
2.60 4.77 1.81 1.20 43.99 41.35 45.55 47.35
2.51 4.56 1.71 1.24 44.15 41.55 45.80 47.18
2.47 4.41 1.68 1.32 44.21 41.68 45.88 46.94
2.32 4.10 1.58 1.27 44.48 42.00 46.14 47.10
2.31 4.18 1.57 1.19 44.49 41.93 46.17 47.36
2.33 4.27 1.54 1.18 44.46 41.83 46.26 47.41
2.39 4.27 1.60 1.30 44.34 41.83 46.09 46.98
2.43 4.26 1.65 1.37 44.28 41.84 45.96 46.75
2.40 4.18 1.62 1.41 44.33 41.93 46.04 46.65
2.51 4.28 1.68 1.58 44.13 41.82 45.87 46.16
2.39 4.03 1.67 1.48 44.35 42.08 45.91 46.43
2.12 3.55 1.43 1.40 44.86 42.64 46.59 46.68
1.85 2.98 1.27 1.32 45.44 43.38 47.11 46.92
2.12 3.33 1.64 1.41 44.86 42.91 45.99 46.65
2.46 3.93 1.92 1.52 44.23 42.18 45.30 46.30
2.47 3.95 1.89 1.56 44.21 42.17 45.37 46.19
2.62 4.22 2.03 1.62 43.94 41.88 45.07 46.03
2.63 4.24 1.98 1.67 43.93 41.86 45.16 45.89
2.55 4.15 1.84 1.67 44.06 41.95 45.49 45.89
2.82 4.66 2.11 1.70 43.62 41.45 44.88 45.83
2.82 4.60 2.10 1.76 43.63 41.51 44.91 45.68
2.90 4.76 2.19 1.76 43.51 41.36 44.73 45.68
3.19 5.32 2.36 1.91 43.09 40.87 44.41 45.33
3.38 5.56 2.58 2.01 42.84 40.68 44.02 45.11
3.25 5.28 2.48 1.99 43.01 40.91 44.19 45.14
3.03 4.97 2.26 1.85 43.32 41.16 44.59 45.47
3.31 5.50 2.54 1.90 42.93 40.73 44.08 45.35
3.09 5.06 2.35 1.85 43.23 41.09 44.41 45.46
3.76 6.42 2.75 2.11 42.38 40.06 43.74 44.90
3.71 6.10 2.75 2.27 42.44 40.28 43.74 44.58
4.32 7.27 3.21 2.47 41.78 39.52 43.07 44.20
4.13 7.11 2.87 2.41 41.98 39.62 43.56 44.31
4.31 7.29 3.13 2.53 41.79 39.52 43.18 44.10
4.82 8.39 3.37 2.70 41.30 38.90 42.85 43.82
5.36 9.59 3.62 2.86 40.85 38.31 42.55 43.58
5.27 9.24 3.57 2.99 40.92 38.48 42.61 43.38
5.20 9.09 3.47 3.04 40.98 38.55 42.73 43.30
5.06 8.78 3.37 3.04 41.10 38.71 42.86 43.31
4.68 8.24 2.92 2.90 41.43 38.99 43.49 43.51
4.40 7.85 2.74 2.61 41.70 39.19 43.76 43.96
4.37 7.94 2.74 2.43 41.73 39.14 43.75 44.27
3.95 7.08 2.58 2.19 42.17 39.64 44.02 44.72
3.49 6.45 2.17 1.85 42.72 40.05 44.77 45.47
3.32 6.20 2.12 1.65 42.93 40.22 44.87 45.97
3.00 5.58 1.95 1.46 43.37 40.68 45.23 46.48
2.84 5.46 1.84 1.23 43.59 40.76 45.50 47.22
3.05 5.92 1.93 1.29 43.29 40.41 45.29 47.02
2.79 5.37 1.81 1.17 43.68 40.83 45.54 47.44
2.59 5.14 1.67 0.96 43.99 41.02 45.90 48.31
2.46 4.91 1.57 0.91 44.22 41.22 46.19 48.56
2.55 5.15 1.59 0.92 44.07 41.01 46.13 48.52
2.49 4.94 1.54 0.98 44.17 41.20 46.25 48.20
2.51 5.03 1.53 0.96 44.14 41.12 46.27 48.29
2.47 4.93 1.56 0.92 44.20 41.20 46.19 48.49
2.49 5.07 1.52 0.88 44.17 41.08 46.30 48.69
2.49 5.07 1.56 0.84 44.16 41.08 46.20 48.85
2.49 5.04 1.58 0.85 44.17 41.11 46.13 48.82
2.65 5.30 1.66 0.99 43.90 40.89 45.94 48.16
2.81 5.57 1.80 1.07 43.64 40.67 45.58 47.87
2.76 5.55 1.71 1.01 43.72 40.68 45.80 48.09
2.69 5.50 1.59 0.98 43.83 40.72 46.09 48.22
2.55 5.19 1.49 0.97 44.07 40.98 46.39 48.27
2.57 5.13 1.55 1.03 44.03 41.03 46.22 48.00
2.60 5.12 1.58 1.10 43.98 41.04 46.15 47.71
2.56 4.99 1.57 1.13 44.04 41.15 46.17 47.61
2.50 4.87 1.54 1.09 44.15 41.26 46.24 47.74
2.34 4.53 1.45 1.04 44.43 41.57 46.50 47.94
2.19 4.22 1.37 0.98 44.73 41.88 46.78 48.22
2.13 4.12 1.33 0.95 44.84 41.98 46.90 48.37
2.38 4.67 1.46 1.01 44.37 41.44 46.48 48.09
2.34 4.57 1.47 0.98 44.43 41.53 46.44 48.21
2.61 5.12 1.56 1.14 43.97 41.03 46.19 47.59
2.65 5.18 1.61 1.16 43.89 40.99 46.06 47.49
2.92 5.73 1.75 1.29 43.48 40.55 45.70 47.02
2.83 5.47 1.73 1.29 43.61 40.75 45.76 47.03
2.72 5.40 1.62 1.14 43.79 40.81 46.04 47.56
2.76 5.55 1.65 1.08 43.74 40.70 45.96 47.82
2.63 5.33 1.58 0.97 43.95 40.87 46.16 48.28
2.30 4.71 1.39 0.79 44.54 41.41 46.72 49.18
2.08 4.27 1.35 0.65 44.94 41.84 46.84 50.02
2.04 4.28 1.23 0.63 45.03 41.82 47.24 50.17
2.04 4.23 1.21 0.68 45.04 41.88 47.31 49.82
2.13 4.48 1.24 0.68 44.85 41.63 47.19 49.83
2.26 4.70 1.33 0.76 44.60 41.43 46.89 49.38
2.29 4.79 1.28 0.81 44.54 41.35 47.05 49.09
2.17 4.49 1.22 0.81 44.77 41.62 47.29 49.07
2.35 4.85 1.33 0.87 44.43 41.29 46.89 48.72
2.47 5.05 1.42 0.94 44.21 41.10 46.61 48.43
2.94 6.03 1.70 1.07 43.46 40.33 45.83 47.83
3.23 6.57 1.88 1.22 43.05 39.96 45.39 47.26
3.44 6.98 2.01 1.30 42.78 39.69 45.09 46.98
3.40 6.99 1.91 1.30 42.82 39.69 45.32 47.00
3.60 7.41 2.06 1.34 42.58 39.46 45.01 46.85
4.02 8.36 2.28 1.42 42.10 38.92 44.56 46.63
4.11 8.60 2.30 1.42 42.01 38.80 44.52 46.63
3.89 8.05 2.26 1.37 42.23 39.08 44.60 46.75
4.14 8.73 2.37 1.32 41.97 38.73 44.39 46.92
3.80 8.00 2.12 1.29 42.33 39.11 44.86 47.03
3.55 7.35 2.02 1.27 42.64 39.47 45.08 47.10
3.44 6.93 1.98 1.41 42.77 39.72 45.18 46.65
3.40 6.75 1.97 1.46 42.83 39.86 45.18 46.49
3.15 6.15 1.95 1.36 43.17 40.27 45.25 46.80
3.05 5.83 1.85 1.47 43.31 40.51 45.46 46.46
2.74 5.07 1.73 1.41 43.78 41.12 45.76 46.64
2.78 5.08 1.72 1.54 43.72 41.12 45.79 46.27
2.58 4.71 1.68 1.35 44.12 41.51 45.95 46.96
2.92 5.51 1.80 1.46 43.52 40.77 45.63 46.53
2.79 5.24 1.74 1.38 43.71 40.97 45.73 46.76
2.74 5.26 1.64 1.31 43.78 40.95 46.00 46.96
2.69 5.14 1.66 1.27 43.86 41.05 45.94 47.14
2.62 5.04 1.60 1.22 43.99 41.16 46.13 47.29
2.65 5.22 1.52 1.21 43.92 40.98 46.34 47.32
2.70 5.32 1.56 1.22 43.84 40.91 46.21 47.28
2.66 5.14 1.61 1.22 43.90 41.03 46.07 47.27
3.00 5.93 1.75 1.33 43.37 40.42 45.72 46.88
2.93 5.80 1.64 1.34 43.47 40.50 45.99 46.86
2.93 5.91 1.70 1.20 43.47 40.43 45.84 47.37
2.85 5.74 1.66 1.14 43.60 40.55 45.93 47.57
3.04 6.16 1.76 1.21 43.32 40.26 45.69 47.32
3.14 6.48 1.79 1.16 43.17 40.03 45.61 47.50
3.34 6.94 1.83 1.23 42.91 39.72 45.50 47.25
3.58 7.42 2.02 1.29 42.60 39.44 45.09 47.03
3.45 7.32 1.89 1.12 42.77 39.49 45.36 47.66
3.17 6.83 1.70 0.97 43.13 39.79 45.82 48.26
2.95 6.32 1.64 0.89 43.44 40.13 45.98 48.67
2.98 6.27 1.62 1.06 43.39 40.16 46.03 47.90
3.07 6.41 1.68 1.13 43.26 40.06 45.88 47.62
3.07 6.28 1.76 1.19 43.25 40.16 45.69 47.36
3.09 6.27 1.81 1.18 43.24 40.16 45.56 47.41
2.93 5.95 1.68 1.16 43.47 40.39 45.88 47.49
2.63 5.29 1.54 1.06 43.93 40.91 46.24 47.87
2.35 4.75 1.35 0.94 44.43 41.36 46.83 48.40
2.21 4.50 1.30 0.81 44.70 41.60 46.97 49.04
2.11 4.30 1.25 0.77 44.89 41.80 47.15 49.26
2.32 4.69 1.38 0.89 44.48 41.42 46.73 48.64
2.52 5.02 1.51 1.03 44.12 41.14 46.34 47.99
2.73 5.36 1.59 1.23 43.80 40.87 46.12 47.25
2.82 5.61 1.60 1.25 43.66 40.68 46.12 47.15
2.91 5.80 1.66 1.27 43.52 40.54 45.94 47.09
2.96 5.73 1.78 1.37 43.43 40.57 45.64 46.76
2.77 5.35 1.71 1.25 43.72 40.86 45.80 47.17
2.91 5.65 1.77 1.30 43.50 40.62 45.65 47.00
2.74 5.17 1.80 1.26 43.76 41.01 45.59 47.14
2.72 5.16 1.78 1.21 43.79 41.01 45.62 47.30
3.04 5.79 1.93 1.40 43.32 40.52 45.28 46.69
2.90 5.54 1.87 1.27 43.54 40.73 45.43 47.09
3.02 5.83 1.86 1.38 43.34 40.50 45.44 46.74
2.52 5.03 1.52 1.00 44.14 41.13 46.32 48.15
2.59 5.35 1.53 0.90 44.01 40.87 46.29 48.61
2.51 5.23 1.48 0.83 44.14 40.96 46.44 48.91
2.44 5.04 1.48 0.80 44.26 41.12 46.42 49.11
2.35 4.89 1.44 0.71 44.43 41.26 46.54 49.62
2.23 4.67 1.34 0.67 44.66 41.46 46.86 49.85
2.15 4.55 1.29 0.60 44.82 41.56 47.01 50.34
1.90 4.11 1.11 0.49 45.35 42.02 47.70 51.19
1.78 3.86 1.07 0.41 45.65 42.29 47.86 52.03
1.78 3.87 1.06 0.41 45.65 42.28 47.90 51.99
2.02 4.38 1.22 0.44 45.10 41.74 47.26 51.66
2.22 4.87 1.29 0.49 44.69 41.28 47.04 51.26
2.11 4.64 1.25 0.46 44.89 41.48 47.17 51.55
2.08 4.60 1.16 0.48 44.97 41.53 47.49 51.29
1.94 4.27 1.11 0.43 45.28 41.85 47.69 51.82
1.91 4.20 1.08 0.45 45.34 41.93 47.79 51.64
1.62 3.50 0.92 0.43 46.06 42.71 48.49 51.80
1.63 3.46 0.98 0.46 46.01 42.76 48.23 51.49
1.96 4.18 1.21 0.48 45.21 41.92 47.30 51.29
1.92 4.07 1.21 0.49 45.29 42.04 47.32 51.25
1.61 3.34 1.04 0.45 46.07 42.90 47.98 51.66
1.42 3.03 0.91 0.30 46.62 43.31 48.53 53.32
1.40 3.02 0.89 0.31 46.66 43.34 48.66 53.29
1.44 3.12 0.91 0.29 46.56 43.20 48.56 53.48
1.76 3.69 1.13 0.46 45.68 42.47 47.60 51.52
1.73 3.68 1.08 0.44 45.75 42.48 47.81 51.70
1.55 3.20 1.03 0.43 46.22 43.09 48.02 51.75
1.62 3.46 1.03 0.38 46.03 42.75 48.00 52.30
1.51 3.21 0.98 0.34 46.35 43.08 48.20 52.84
1.47 3.14 0.94 0.33 46.46 43.17 48.39 52.96
1.56 3.26 1.01 0.42 46.19 43.00 48.12 51.85
1.52 3.16 0.98 0.41 46.33 43.14 48.23 52.04
1.51 3.14 1.01 0.40 46.33 43.17 48.11 52.07
1.85 3.81 1.21 0.53 45.46 42.33 47.31 50.88
2.20 4.29 1.48 0.83 44.73 41.83 46.45 48.95
2.46 4.55 1.70 1.13 44.25 41.58 45.84 47.61
2.78 5.10 1.81 1.43 43.73 41.09 45.58 46.64
3.24 5.85 2.11 1.77 43.08 40.51 44.94 45.72
3.39 5.95 2.30 1.91 42.87 40.42 44.54 45.36
3.37 5.78 2.28 2.07 42.89 40.55 44.59 45.05
3.19 5.41 2.18 1.97 43.13 40.83 44.76 45.25
2.98 4.96 1.97 2.00 43.43 41.22 45.20 45.19
2.82 4.62 1.98 1.88 43.64 41.52 45.17 45.43
2.97 4.91 1.95 2.05 43.44 41.26 45.26 45.05
2.83 4.52 1.92 2.04 43.65 41.62 45.32 45.08
2.77 4.46 1.85 2.00 43.74 41.68 45.47 45.17
2.41 3.83 1.61 1.77 44.35 42.33 46.07 45.68
2.52 4.07 1.70 1.79 44.16 42.08 45.86 45.65
2.28 3.71 1.52 1.62 44.55 42.44 46.32 46.04
2.65 4.35 1.70 1.90 43.90 41.75 45.83 45.35
2.59 4.22 1.72 1.82 44.00 41.88 45.77 45.52
2.42 3.97 1.60 1.69 44.30 42.15 46.08 45.85
2.11 3.36 1.38 1.59 44.89 42.88 46.72 46.12
2.00 3.23 1.31 1.46 45.12 43.04 46.95 46.48
1.95 3.06 1.30 1.47 45.24 43.27 46.97 46.46
2.44 4.00 1.66 1.65 44.26 42.11 45.94 45.95
2.67 4.51 1.81 1.69 43.87 41.59 45.55 45.85
2.78 4.83 1.90 1.62 43.69 41.30 45.34 46.03
2.90 4.97 1.99 1.72 43.52 41.17 45.14 45.78
2.96 5.12 2.01 1.75 43.43 41.05 45.11 45.71
3.15 5.55 2.05 1.86 43.15 40.70 45.03 45.45
3.14 5.48 2.13 1.80 43.18 40.75 44.87 45.60
2.93 5.20 2.05 1.53 43.47 40.97 45.03 46.28
3.32 6.07 2.21 1.69 42.92 40.30 44.69 45.87
3.04 5.56 2.14 1.44 43.29 40.68 44.83 46.55
3.10 5.64 2.13 1.51 43.22 40.62 44.84 46.33
2.70 4.97 1.87 1.25 43.82 41.17 45.42 47.16
2.73 5.18 1.81 1.19 43.77 40.99 45.54 47.37
2.49 4.66 1.67 1.13 44.17 41.45 45.89 47.60
2.59 4.87 1.69 1.22 44.00 41.25 45.87 47.29
2.29 4.22 1.54 1.10 44.54 41.88 46.26 47.72
2.14 4.00 1.41 1.01 44.83 42.11 46.64 48.08
2.37 4.48 1.52 1.11 44.38 41.62 46.32 47.67
2.35 4.40 1.50 1.16 44.42 41.71 46.38 47.49
2.40 4.57 1.48 1.15 44.33 41.54 46.43 47.51
2.56 4.90 1.54 1.24 44.05 41.23 46.25 47.19
2.83 5.39 1.67 1.43 43.62 40.82 45.91 46.57
2.72 5.16 1.58 1.42 43.79 41.01 46.14 46.61
2.55 4.79 1.52 1.34 44.08 41.34 46.33 46.86
2.67 5.04 1.54 1.44 43.87 41.12 46.27 46.56
2.61 4.95 1.51 1.38 43.97 41.19 46.36 46.75
2.76 5.24 1.58 1.46 43.73 40.95 46.16 46.49
2.59 4.81 1.52 1.45 44.00 41.32 46.33 46.51
2.77 5.23 1.59 1.48 43.71 40.95 46.13 46.43
2.84 5.37 1.65 1.49 43.60 40.83 45.95 46.39
2.77 5.38 1.60 1.34 43.70 40.83 46.08 46.86
2.63 5.27 1.46 1.16 43.95 40.92 46.50 47.51
2.51 5.20 1.38 0.96 44.14 40.98 46.75 48.32
2.38 4.98 1.30 0.88 44.36 41.17 47.00 48.68
2.48 5.29 1.33 0.82 44.19 40.90 46.88 48.98
2.65 5.70 1.40 0.85 43.90 40.58 46.67 48.82
3.02 6.46 1.57 1.03 43.33 40.04 46.18 47.99
3.12 6.65 1.60 1.11 43.19 39.91 46.08 47.68
3.52 7.64 1.73 1.19 42.67 39.32 45.75 47.38
3.75 7.99 1.92 1.34 42.40 39.11 45.31 46.87
3.67 7.78 1.93 1.30 42.48 39.22 45.27 46.99
3.96 8.59 2.01 1.28 42.16 38.80 45.11 47.05
3.92 8.54 2.06 1.16 42.21 38.83 45.00 47.49
4.16 9.20 2.14 1.15 41.95 38.50 44.84 47.54
4.04 8.90 2.08 1.14 42.07 38.64 44.95 47.54
3.78 8.30 1.96 1.08 42.36 38.95 45.21 47.82
3.31 7.26 1.63 1.04 42.93 39.52 46.01 47.96
3.14 6.91 1.59 0.91 43.17 39.74 46.11 48.54
2.78 6.21 1.37 0.75 43.69 40.20 46.75 49.38
2.47 5.62 1.22 0.58 44.20 40.63 47.26 50.55
2.24 5.12 1.13 0.48 44.62 41.04 47.58 51.35
2.25 5.14 1.14 0.46 44.61 41.02 47.56 51.50
2.27 5.16 1.20 0.45 44.57 41.01 47.35 51.57
2.40 5.41 1.32 0.47 44.33 40.80 46.92 51.46
2.51 5.75 1.31 0.47 44.14 40.54 46.97 51.44
2.36 5.31 1.30 0.46 44.41 40.87 47.01 51.50
2.12 4.81 1.14 0.40 44.87 41.31 47.55 52.10
2.10 4.77 1.14 0.39 44.91 41.35 47.56 52.24
2.24 5.18 1.17 0.37 44.63 40.99 47.46 52.43
2.19 4.97 1.17 0.42 44.73 41.16 47.46 51.88
2.24 4.99 1.22 0.51 44.64 41.15 47.28 51.06
2.25 5.05 1.21 0.48 44.61 41.10 47.30 51.30
2.14 4.84 1.12 0.45 44.83 41.28 47.64 51.58
1.95 4.32 1.12 0.43 45.22 41.77 47.65 51.85
1.78 3.98 1.03 0.35 45.62 42.13 48.02 52.71
1.81 3.98 1.13 0.33 45.55 42.14 47.59 52.98
2.21 4.90 1.32 0.40 44.70 41.23 46.93 52.12
2.39 5.26 1.46 0.45 44.34 40.92 46.47 51.64
2.62 5.71 1.61 0.54 43.95 40.56 46.06 50.79
2.64 5.83 1.58 0.51 43.91 40.47 46.14 51.08
2.52 5.62 1.47 0.47 44.12 40.63 46.46 51.41
2.68 6.04 1.48 0.50 43.86 40.32 46.41 51.17
2.48 5.57 1.40 0.45 44.20 40.67 46.65 51.64
2.17 4.85 1.23 0.44 44.77 41.28 47.24 51.72
2.27 5.01 1.30 0.51 44.57 41.13 47.01 51.06
2.27 4.93 1.35 0.54 44.57 41.21 46.83 50.83
2.37 5.04 1.45 0.61 44.39 41.11 46.51 50.31
2.25 4.76 1.42 0.57 44.62 41.36 46.61 50.62
2.19 4.68 1.36 0.55 44.72 41.43 46.81 50.72
1.96 4.17 1.21 0.50 45.21 41.93 47.30 51.11
1.91 4.01 1.20 0.51 45.33 42.11 47.33 51.08
2.03 4.26 1.24 0.59 45.06 41.84 47.19 50.44
2.04 4.20 1.24 0.68 45.03 41.90 47.18 49.80
2.07 4.23 1.24 0.73 44.99 41.88 47.21 49.49
2.38 4.90 1.41 0.83 44.38 41.26 46.66 48.92
2.55 5.18 1.52 0.95 44.08 41.01 46.32 48.36
2.74 5.54 1.61 1.06 43.77 40.71 46.06 47.87
2.87 5.70 1.74 1.18 43.57 40.60 45.73 47.43
2.95 5.73 1.81 1.31 43.44 40.56 45.55 46.95
3.00 5.75 1.87 1.39 43.37 40.55 45.41 46.72
2.99 5.67 1.86 1.42 43.40 40.61 45.44 46.63
2.61 4.83 1.70 1.31 43.97 41.31 45.84 46.95
3.08 5.82 1.93 1.50 43.25 40.49 45.27 46.37
2.97 5.53 1.88 1.49 43.42 40.71 45.39 46.41
3.11 5.86 1.95 1.53 43.21 40.46 45.23 46.30
2.83 5.30 1.86 1.33 43.62 40.90 45.44 46.88
2.63 4.90 1.73 1.25 43.94 41.24 45.75 47.15
2.71 5.09 1.78 1.26 43.81 41.07 45.64 47.15
2.67 5.02 1.80 1.20 43.87 41.14 45.59 47.34
2.69 4.96 1.82 1.28 43.84 41.18 45.52 47.07
2.77 5.06 1.79 1.47 43.71 41.10 45.61 46.46
2.76 5.09 1.77 1.43 43.73 41.08 45.66 46.58
2.54 4.68 1.72 1.22 44.10 41.45 45.78 47.27
2.60 4.79 1.75 1.25 43.99 41.33 45.71 47.18
2.63 4.78 1.79 1.33 43.94 41.35 45.64 46.91
2.66 4.76 1.76 1.44 43.89 41.36 45.67 46.54
2.85 4.99 1.96 1.61 43.60 41.17 45.24 46.07
2.84 4.92 1.93 1.68 43.60 41.22 45.30 45.89
2.81 4.77 1.84 1.82 43.65 41.35 45.48 45.55
2.50 4.20 1.66 1.65 44.15 41.91 45.93 45.95
2.14 3.49 1.42 1.52 44.83 42.71 46.60 46.34
2.46 3.91 1.80 1.66 44.23 42.21 45.57 45.93
2.83 4.60 2.09 1.79 43.62 41.51 44.93 45.62
3.14 5.15 2.28 2.01 43.17 41.03 44.55 45.12
3.61 6.05 2.47 2.32 42.57 40.34 44.21 44.51
3.71 6.21 2.53 2.39 42.46 40.22 44.11 44.38
3.86 6.48 2.60 2.50 42.29 40.05 43.99 44.18
3.90 6.69 2.64 2.37 42.24 39.90 43.93 44.40
3.85 6.59 2.48 2.48 42.29 39.96 44.19 44.21
4.18 7.31 2.74 2.48 41.94 39.52 43.77 44.21
4.33 7.54 2.83 2.63 41.79 39.38 43.63 43.97
4.32 7.49 2.90 2.56 41.80 39.41 43.51 44.08
4.24 7.11 2.84 2.78 41.87 39.63 43.60 43.72
4.25 7.18 2.95 2.61 41.87 39.59 43.45 43.99
4.59 7.99 3.15 2.62 41.54 39.13 43.16 43.97
4.49 7.78 3.12 2.57 41.64 39.25 43.21 44.06
5.11 9.09 3.34 2.90 41.08 38.59 42.91 43.54
5.91 10.30 3.93 3.52 40.46 38.07 42.22 42.70
6.74 12.07 4.29 3.87 39.89 37.37 41.83 42.31
7.09 13.04 4.40 3.84 39.67 37.04 41.73 42.33
7.61 13.96 4.64 4.23 39.39 36.77 41.50 41.93
8.79 16.30 5.15 4.93 38.77 36.11 41.05 41.28
9.63 18.05 5.46 5.39 38.37 35.66 40.80 40.90
9.32 17.78 5.38 4.80 38.50 35.71 40.86 41.38
8.96 17.26 4.99 4.63 38.69 35.86 41.20 41.53
8.99 17.27 5.03 4.69 38.66 35.84 41.15 41.48
8.49 16.46 4.61 4.39 38.94 36.09 41.55 41.77
8.28 16.23 4.37 4.23 39.01 36.11 41.76 41.90
8.04 16.07 4.24 3.81 39.16 36.18 41.90 42.37
7.13 14.16 3.92 3.31 39.70 36.74 42.25 42.99
6.53 13.02 3.54 3.02 40.08 37.10 42.69 43.39
6.54 13.34 3.55 2.72 40.06 36.99 42.68 43.83
6.28 12.91 3.43 2.51 40.25 37.15 42.84 44.19
4.90 9.82 2.89 1.99 41.31 38.32 43.57 45.18
5.05 10.30 2.93 1.92 41.23 38.17 43.53 45.36
4.72 9.68 2.79 1.69 41.52 38.43 43.75 45.95
4.56 9.58 2.54 1.57 41.76 38.58 44.21 46.39
4.27 9.12 2.34 1.34 41.97 38.71 44.52 46.95
4.34 9.27 2.30 1.45 41.93 38.67 44.60 46.71
3.98 8.27 2.19 1.48 42.25 39.09 44.80 46.51
4.18 8.86 2.28 1.40 42.02 38.78 44.61 46.71
3.70 7.80 2.07 1.24 42.52 39.30 45.00 47.25
3.82 8.13 2.10 1.23 42.40 39.14 44.96 47.30
4.07 8.50 2.29 1.44 42.10 38.93 44.57 46.59
3.84 8.06 2.13 1.33 42.36 39.15 44.88 46.93
3.47 7.22 1.97 1.22 42.77 39.61 45.20 47.27
3.66 7.61 2.04 1.32 42.55 39.39 45.05 46.96
3.71 7.81 2.06 1.26 42.49 39.27 45.01 47.16
3.52 7.43 1.92 1.22 42.71 39.48 45.31 47.30
3.41 7.17 1.85 1.20 42.84 39.62 45.47 47.34
3.40 7.01 1.88 1.30 42.86 39.72 45.42 47.00
3.39 6.92 1.88 1.38 42.86 39.78 45.41 46.75
3.39 6.77 1.89 1.52 42.86 39.87 45.38 46.34
3.24 6.54 1.79 1.38 43.07 40.03 45.61 46.75
3.12 6.33 1.69 1.35 43.23 40.17 45.87 46.85
2.91 5.93 1.58 1.22 43.53 40.46 46.15 47.28
2.65 5.22 1.55 1.16 43.93 40.99 46.23 47.50
2.97 6.05 1.66 1.20 43.43 40.35 45.94 47.33
3.17 6.48 1.78 1.24 43.16 40.05 45.65 47.22
3.27 6.64 1.90 1.28 43.02 39.96 45.36 47.09
3.51 7.17 1.95 1.40 42.72 39.62 45.26 46.68
3.47 7.06 1.95 1.40 42.77 39.69 45.26 46.68
3.78 7.74 2.05 1.54 42.40 39.30 45.03 46.28
3.31 6.66 1.98 1.29 42.94 39.91 45.17 47.04
3.38 6.91 1.94 1.29 42.85 39.75 45.25 47.04
3.22 6.59 1.88 1.19 43.06 39.96 45.38 47.37
2.95 6.15 1.71 1.00 43.45 40.27 45.82 48.13
2.58 5.40 1.51 0.84 44.02 40.83 46.35 48.87
2.45 5.21 1.40 0.75 44.26 40.99 46.68 49.41
2.43 5.11 1.41 0.78 44.29 41.07 46.66 49.24
2.54 5.36 1.44 0.81 44.12 40.88 46.55 49.04
2.61 5.50 1.45 0.89 44.00 40.78 46.54 48.68
2.62 5.52 1.46 0.87 43.98 40.75 46.50 48.73
2.81 5.92 1.50 1.01 43.69 40.46 46.40 48.12
2.82 5.90 1.48 1.08 43.68 40.49 46.45 47.86
2.91 6.10 1.56 1.05 43.54 40.33 46.22 47.94
3.08 6.49 1.64 1.13 43.27 40.05 46.01 47.64
3.74 7.81 1.99 1.41 42.45 39.26 45.16 46.70
4.03 8.36 2.19 1.56 42.11 38.96 44.74 46.23
4.37 9.07 2.39 1.65 41.78 38.62 44.39 46.00
4.61 9.72 2.42 1.70 41.55 38.33 44.32 45.88
4.84 10.24 2.54 1.73 41.34 38.09 44.10 45.79
5.05 10.76 2.67 1.72 41.13 37.85 43.88 45.81
4.86 10.24 2.63 1.70 41.30 38.06 43.95 45.85
5.02 10.87 2.69 1.50 41.17 37.82 43.86 46.41
4.58 9.92 2.38 1.45 41.57 38.22 44.40 46.55
4.40 9.37 2.36 1.45 41.75 38.47 44.43 46.54
4.30 8.98 2.34 1.57 41.84 38.65 44.46 46.19
4.20 8.61 2.31 1.67 41.94 38.84 44.52 45.93
4.24 8.52 2.39 1.79 41.93 38.91 44.38 45.67
4.04 8.06 2.32 1.75 42.16 39.18 44.55 45.77
3.69 7.21 2.15 1.70 42.56 39.67 44.87 45.88
3.88 7.48 2.29 1.86 42.35 39.54 44.60 45.47
2.89 5.25 1.86 1.58 43.53 40.94 45.47 46.17
3.03 5.64 1.88 1.56 43.33 40.62 45.40 46.22
2.86 5.27 1.84 1.46 43.58 40.92 45.50 46.49
2.60 4.86 1.64 1.31 43.98 41.27 45.98 46.98
2.57 4.86 1.60 1.24 44.03 41.26 46.08 47.18
2.53 4.78 1.60 1.22 44.09 41.34 46.08 47.26
2.45 4.66 1.50 1.20 44.24 41.45 46.38 47.35
2.72 5.20 1.65 1.30 43.79 40.97 45.97 46.99
2.73 5.27 1.67 1.26 43.77 40.91 45.92 47.13
2.78 5.27 1.76 1.30 43.70 40.91 45.68 47.01
2.77 5.42 1.56 1.31 43.71 40.79 46.19 46.95
2.65 5.24 1.54 1.17 43.90 40.94 46.27 47.44
2.76 5.56 1.65 1.08 43.72 40.68 45.96 47.80
2.90 5.82 1.75 1.13 43.51 40.48 45.71 47.59
3.23 6.67 1.86 1.18 43.04 39.89 45.44 47.43
3.43 7.07 1.92 1.29 42.78 39.64 45.29 47.03
3.87 7.90 2.24 1.45 42.26 39.16 44.63 46.50
3.60 7.55 2.08 1.18 42.57 39.35 44.96 47.40
3.20 6.78 1.81 1.01 43.08 39.82 45.56 48.10
2.93 6.23 1.67 0.90 43.46 40.18 45.91 48.59
2.91 6.02 1.66 1.03 43.50 40.34 45.93 47.99
2.93 6.03 1.68 1.08 43.46 40.33 45.88 47.78
3.07 6.24 1.77 1.18 43.26 40.18 45.64 47.42
3.08 6.29 1.80 1.16 43.24 40.15 45.58 47.49
2.91 5.92 1.73 1.08 43.49 40.41 45.75 47.78
2.68 5.42 1.57 1.06 43.84 40.79 46.17 47.89
2.37 4.81 1.36 0.96 44.37 41.31 46.80 48.31
2.20 4.43 1.30 0.86 44.72 41.67 47.00 48.79
2.07 4.17 1.23 0.80 44.97 41.93 47.22 49.11
2.34 4.74 1.39 0.88 44.44 41.37 46.71 48.67
2.63 5.29 1.56 1.05 43.93 40.90 46.22 47.93
2.67 5.21 1.60 1.22 43.86 40.97 46.10 47.28
2.78 5.46 1.63 1.25 43.70 40.76 46.02 47.17
2.89 5.67 1.70 1.30 43.53 40.60 45.84 46.98
2.97 5.73 1.79 1.41 43.41 40.56 45.62 46.65
2.73 5.30 1.64 1.24 43.78 40.90 45.98 47.19
2.54 4.90 1.59 1.12 44.10 41.24 46.11 47.66
2.76 5.23 1.75 1.31 43.73 40.96 45.72 46.96
2.46 4.71 1.58 1.10 44.22 41.41 46.16 47.70
2.85 5.43 1.81 1.31 43.59 40.80 45.57 46.97
2.95 5.69 1.82 1.35 43.44 40.59 45.53 46.84
3.11 6.05 1.87 1.40 43.21 40.32 45.42 46.68
2.77 5.45 1.69 1.18 43.70 40.77 45.86 47.41
2.70 5.55 1.58 0.98 43.82 40.69 46.15 48.24
2.55 5.21 1.57 0.89 44.06 40.97 46.19 48.64
2.57 5.20 1.63 0.87 44.04 40.97 46.02 48.74
2.52 5.14 1.62 0.80 44.12 41.03 46.05 49.12
2.28 4.65 1.46 0.73 44.55 41.46 46.49 49.48
2.18 4.53 1.36 0.64 44.75 41.57 46.78 50.04
1.93 4.03 1.18 0.57 45.29 42.08 47.42 50.59
1.73 3.69 1.08 0.41 45.75 42.46 47.78 51.95
1.80 3.88 1.10 0.43 45.57 42.24 47.73 51.78
1.97 4.19 1.26 0.48 45.18 41.91 47.13 51.36
2.25 4.81 1.38 0.55 44.62 41.31 46.74 50.71
2.11 4.51 1.31 0.50 44.90 41.59 46.97 51.15
2.08 4.46 1.23 0.54 44.96 41.64 47.22 50.80
1.95 4.23 1.17 0.46 45.24 41.87 47.46 51.57
1.90 4.10 1.12 0.48 45.34 42.00 47.66 51.31
1.76 3.75 1.04 0.48 45.69 42.39 47.97 51.33
1.72 3.63 1.01 0.52 45.77 42.53 48.08 50.96
1.90 4.01 1.20 0.50 45.34 42.10 47.35 51.14
1.88 3.92 1.23 0.50 45.39 42.20 47.23 51.15
1.61 3.33 1.04 0.46 46.07 42.91 47.97 51.48
1.42 3.02 0.92 0.31 46.61 43.33 48.48 53.23
1.37 2.89 0.89 0.32 46.77 43.52 48.62 53.07
1.39 2.97 0.90 0.30 46.69 43.40 48.60 53.30
1.64 3.41 1.05 0.47 45.98 42.81 47.93 51.41
1.70 3.54 1.08 0.47 45.84 42.64 47.80 51.45
1.58 3.26 1.00 0.46 46.16 43.00 48.12 51.46
1.58 3.30 1.01 0.44 46.13 42.94 48.09 51.70
1.53 3.22 1.02 0.36 46.27 43.06 48.03 52.54
1.52 3.21 1.00 0.37 46.30 43.07 48.13 52.52
1.53 3.15 1.02 0.42 46.29 43.15 48.06 51.90
1.54 3.12 1.04 0.45 46.26 43.18 47.94 51.62
1.58 3.26 1.02 0.46 46.15 43.00 48.07 51.52
1.83 3.77 1.16 0.55 45.52 42.37 47.50 50.74
2.21 4.31 1.51 0.81 44.69 41.79 46.34 49.06
2.40 4.53 1.62 1.07 44.32 41.58 46.05 47.83
2.60 4.80 1.67 1.33 43.98 41.32 45.89 46.89
2.84 5.16 1.82 1.56 43.59 41.01 45.54 46.22
3.32 5.77 2.20 1.99 42.93 40.52 44.72 45.16
3.18 5.39 2.15 2.01 43.11 40.82 44.82 45.10
3.07 5.24 2.04 1.92 43.27 40.94 45.03 45.32
2.80 4.69 1.90 1.83 43.66 41.43 45.35 45.52
2.72 4.50 1.91 1.76 43.78 41.61 45.31 45.69
2.80 4.64 1.85 1.91 43.66 41.47 45.47 45.32
2.80 4.54 1.87 1.98 43.67 41.56 45.42 45.17
2.68 4.31 1.81 1.91 43.86 41.80 45.54 45.32
2.36 3.79 1.63 1.68 44.40 42.35 46.01 45.89
2.39 3.72 1.63 1.81 44.35 42.43 46.01 45.55
2.36 3.82 1.54 1.72 44.40 42.31 46.26 45.77
2.44 3.91 1.64 1.76 44.26 42.22 45.98 45.67
2.54 4.15 1.70 1.77 44.09 41.96 45.83 45.65
2.55 4.25 1.65 1.75 44.07 41.85 45.96 45.70
2.16 3.45 1.38 1.65 44.78 42.75 46.72 45.96
2.18 3.55 1.36 1.62 44.76 42.63 46.80 46.03
1.90 3.09 1.18 1.43 45.34 43.24 47.40 46.57
2.15 3.60 1.45 1.42 44.80 42.58 46.52 46.63
2.58 4.36 1.72 1.65 44.03 41.74 45.79 45.97
2.70 4.64 1.83 1.62 43.83 41.46 45.52 46.04
3.08 5.37 2.00 1.87 43.26 40.84 45.13 45.43
3.02 5.21 2.02 1.81 43.35 40.97 45.09 45.56
2.89 5.11 1.97 1.60 43.52 41.05 45.19 46.09
3.09 5.53 2.01 1.73 43.24 40.72 45.10 45.74
3.00 5.36 2.08 1.57 43.37 40.85 44.97 46.19
3.36 6.16 2.25 1.66 42.88 40.25 44.62 45.92
3.10 5.66 2.15 1.48 43.24 40.62 44.82 46.44
3.14 5.73 2.15 1.52 43.17 40.55 44.82 46.30
2.77 5.15 1.87 1.30 43.70 41.02 45.41 47.00
2.62 5.03 1.70 1.13 43.96 41.12 45.84 47.61
2.43 4.54 1.64 1.12 44.27 41.56 45.99 47.63
2.52 4.74 1.65 1.17 44.12 41.38 45.96 47.45
2.28 4.26 1.49 1.09 44.56 41.84 46.39 47.76
2.05 3.84 1.34 0.96 45.02 42.29 46.86 48.30
2.34 4.46 1.47 1.09 44.44 41.64 46.45 47.78
2.37 4.47 1.50 1.13 44.39 41.63 46.37 47.59
2.51 4.79 1.53 1.21 44.14 41.33 46.29 47.31
2.46 4.71 1.49 1.16 44.23 41.40 46.40 47.48
2.73 5.18 1.63 1.37 43.77 40.98 46.02 46.75
2.71 5.13 1.65 1.36 43.82 41.06 45.96 46.82
2.85 5.23 1.73 1.57 43.60 40.96 45.74 46.17
2.72 5.03 1.65 1.48 43.80 41.14 45.96 46.44
2.70 5.04 1.57 1.50 43.82 41.12 46.18 46.36
2.78 5.24 1.61 1.49 43.71 40.97 46.06 46.40
2.73 5.09 1.60 1.49 43.80 41.09 46.11 46.40
2.57 4.75 1.53 1.42 44.05 41.39 46.29 46.62
2.69 5.02 1.58 1.47 43.85 41.15 46.16 46.47
2.48 4.78 1.44 1.22 44.20 41.37 46.55 47.26
2.52 5.00 1.40 1.16 44.14 41.17 46.69 47.50
2.43 5.02 1.32 0.97 44.29 41.16 46.93 48.29
2.37 4.94 1.26 0.89 44.41 41.22 47.13 48.63
2.42 5.16 1.30 0.80 44.32 41.04 47.01 49.11
2.57 5.45 1.40 0.86 44.05 40.79 46.69 48.80
3.12 6.61 1.62 1.13 43.21 39.95 46.06 47.61
3.21 6.72 1.69 1.22 43.09 39.88 45.86 47.29
3.47 7.37 1.78 1.26 42.75 39.49 45.63 47.13
3.74 7.95 1.93 1.36 42.42 39.15 45.30 46.81
3.77 7.90 2.02 1.40 42.38 39.17 45.08 46.68
3.98 8.44 2.15 1.35 42.15 38.89 44.82 46.82
3.69 7.97 1.98 1.13 42.47 39.13 45.17 47.63
4.06 8.91 2.12 1.15 42.06 38.65 44.87 47.52
3.94 8.63 2.07 1.13 42.19 38.79 44.98 47.64
3.73 8.14 1.96 1.08 42.43 39.05 45.21 47.80
3.34 7.34 1.64 1.03 42.91 39.49 45.98 48.00
3.27 7.24 1.63 0.92 43.00 39.54 46.01 48.49
2.90 6.49 1.43 0.79 43.51 40.02 46.57 49.18
2.50 5.64 1.23 0.62 44.16 40.62 47.23 50.22
2.21 5.01 1.14 0.48 44.68 41.13 47.55 51.28
2.26 5.14 1.19 0.47 44.59 41.03 47.38 51.43
2.30 5.20 1.23 0.46 44.52 40.97 47.24 51.50
2.24 5.01 1.26 0.46 44.62 41.13 47.14 51.52
2.36 5.34 1.28 0.46 44.41 40.86 47.07 51.54
2.21 4.97 1.21 0.46 44.68 41.16 47.31 51.53
2.00 4.52 1.10 0.38 45.11 41.58 47.71 52.30
1.95 4.45 1.05 0.36 45.23 41.64 47.93 52.62
2.04 4.70 1.07 0.35 45.04 41.42 47.84 52.66
1.96 4.45 1.07 0.37 45.20 41.65 47.85 52.39
2.04 4.61 1.08 0.45 45.03 41.50 47.81 51.61
2.02 4.54 1.10 0.42 45.08 41.56 47.73 51.87
1.96 4.43 1.01 0.42 45.22 41.66 48.07 51.94
1.84 4.10 1.02 0.41 45.48 42.01 48.06 51.97
1.71 3.82 0.96 0.35 45.80 42.31 48.30 52.75
1.75 3.86 1.07 0.32 45.70 42.26 47.85 53.15
1.96 4.29 1.21 0.39 45.21 41.80 47.32 52.26
2.07 4.54 1.26 0.41 44.97 41.57 47.12 51.95
2.34 5.15 1.41 0.48 44.43 41.02 46.63 51.35
2.33 5.14 1.39 0.46 44.46 41.02 46.70 51.50
2.20 4.86 1.29 0.44 44.71 41.26 47.04 51.70
2.25 5.03 1.28 0.43 44.62 41.12 47.07 51.80
2.09 4.72 1.18 0.37 44.94 41.40 47.43 52.51
2.09 4.67 1.17 0.41 44.94 41.44 47.43 51.96
2.04 4.49 1.17 0.45 45.05 41.61 47.44 51.62
2.04 4.41 1.23 0.49 45.03 41.69 47.23 51.23
2.07 4.39 1.27 0.55 44.97 41.70 47.10 50.77
2.06 4.33 1.31 0.54 45.00 41.77 46.97 50.83
1.98 4.19 1.23 0.51 45.17 41.91 47.24 51.03
1.84 3.94 1.13 0.45 45.48 42.18 47.59 51.55
1.93 4.03 1.22 0.53 45.28 42.08 47.26 50.86
2.07 4.33 1.28 0.60 44.97 41.77 47.05 50.36
2.02 4.08 1.29 0.69 45.07 42.02 47.01 49.71
1.94 3.89 1.21 0.74 45.24 42.23 47.30 49.47
2.05 4.05 1.28 0.81 45.02 42.06 47.05 49.05
2.20 4.32 1.39 0.91 44.71 41.79 46.72 48.56
2.42 4.77 1.49 1.00 44.30 41.35 46.42 48.15
2.46 4.73 1.57 1.08 44.23 41.39 46.17 47.82
2.65 4.95 1.71 1.28 43.91 41.18 45.81 47.05
2.82 5.22 1.79 1.43 43.64 40.95 45.60 46.57
2.64 4.81 1.74 1.38 43.91 41.31 45.74 46.72
2.39 4.36 1.55 1.24 44.36 41.74 46.23 47.19
2.62 4.73 1.72 1.41 43.95 41.38 45.78 46.64
2.64 4.86 1.70 1.37 43.92 41.28 45.82 46.78
2.71 4.98 1.75 1.41 43.80 41.16 45.70 46.66
2.68 4.96 1.77 1.30 43.85 41.17 45.65 47.00
2.61 4.83 1.75 1.25 43.96 41.29 45.69 47.17
2.42 4.54 1.60 1.12 44.29 41.57 46.08 47.65
2.37 4.34 1.66 1.10 44.39 41.76 45.92 47.71
2.33 4.22 1.67 1.11 44.45 41.87 45.91 47.67
2.41 4.33 1.64 1.26 44.31 41.77 45.99 47.11
2.40 4.32 1.61 1.26 44.33 41.78 46.05 47.12
2.33 4.18 1.57 1.23 44.47 41.92 46.17 47.25
2.53 4.41 1.84 1.35 44.12 41.71 45.51 46.89
2.45 4.30 1.74 1.31 44.24 41.80 45.74 46.95
2.58 4.40 1.84 1.51 44.02 41.70 45.51 46.34
2.47 4.15 1.73 1.53 44.21 41.96 45.76 46.28
2.49 4.25 1.76 1.47 44.17 41.85 45.69 46.45
2.34 3.92 1.65 1.44 44.45 42.20 45.96 46.55
2.16 3.62 1.48 1.40 44.78 42.55 46.43 46.69
2.07 3.31 1.37 1.52 44.98 42.93 46.77 46.32
2.32 3.62 1.79 1.55 44.47 42.54 45.61 46.22
2.72 4.33 2.05 1.79 43.78 41.77 45.01 45.61
2.69 4.23 2.04 1.80 43.84 41.87 45.05 45.58
2.75 4.44 2.08 1.74 43.73 41.66 44.94 45.72
2.69 4.36 1.98 1.73 43.83 41.73 45.17 45.74
2.67 4.32 1.95 1.74 43.87 41.78 45.23 45.72
2.85 4.69 2.10 1.77 43.58 41.42 44.91 45.66
2.83 4.54 2.11 1.83 43.62 41.56 44.89 45.50
2.97 4.86 2.21 1.85 43.40 41.26 44.69 45.46
3.10 5.18 2.29 1.85 43.21 40.99 44.54 45.46
3.15 5.24 2.38 1.84 43.14 40.94 44.36 45.49
3.17 5.19 2.46 1.88 43.12 40.98 44.23 45.39
3.05 5.13 2.22 1.80 43.29 41.03 44.67 45.57
3.25 5.45 2.54 1.76 43.02 40.77 44.09 45.68
2.95 4.88 2.30 1.68 43.42 41.25 44.51 45.88
3.42 5.92 2.49 1.86 42.79 40.41 44.16 45.44
3.54 5.88 2.59 2.15 42.64 40.44 44.00 44.81
3.98 6.65 2.97 2.30 42.14 39.90 43.40 44.51
3.96 6.79 2.76 2.34 42.16 39.81 43.73 44.45
4.11 6.89 2.99 2.45 42.00 39.75 43.38 44.25
4.87 8.48 3.39 2.74 41.26 38.85 42.83 43.75
5.45 9.53 3.73 3.11 40.76 38.34 42.42 43.21
5.06 8.85 3.46 2.87 41.09 38.66 42.74 43.55
5.19 9.08 3.40 3.09 40.98 38.55 42.82 43.22
4.91 8.51 3.24 2.97 41.22 38.83 43.03 43.40
4.80 8.39 2.98 3.03 41.32 38.89 43.38 43.32
4.38 7.61 2.86 2.68 41.71 39.32 43.56 43.84
4.21 7.53 2.68 2.42 41.89 39.36 43.85 44.29
3.94 7.04 2.49 2.29 42.18 39.66 44.16 44.53
3.66 6.62 2.33 2.01 42.50 39.92 44.47 45.09
3.40 6.25 2.18 1.76 42.82 40.17 44.74 45.67
2.95 5.46 1.91 1.48 43.44 40.76 45.33 46.43
3.43 6.43 2.25 1.60 42.78 40.05 44.61 46.10
3.23 6.10 2.11 1.48 43.04 40.28 44.88 46.43
3.35 6.43 2.16 1.48 42.87 40.05 44.78 46.43
2.98 5.80 1.92 1.23 43.39 40.50 45.31 47.25
2.80 5.56 1.72 1.10 43.67 40.68 45.76 47.72
2.72 5.42 1.74 1.00 43.78 40.79 45.72 48.15
2.64 5.20 1.66 1.06 43.91 40.97 45.93 47.87
2.63 5.22 1.63 1.04 43.93 40.95 46.02 47.94
2.50 4.96 1.55 0.99 44.16 41.18 46.24 48.19
2.44 4.89 1.54 0.91 44.25 41.24 46.26 48.53
3.00 5.89 1.99 1.11 43.38 40.43 45.17 47.69
2.83 5.60 1.84 1.04 43.62 40.65 45.48 47.98
2.63 5.24 1.68 0.96 43.94 40.94 45.89 48.30
2.67 5.32 1.68 1.03 43.86 40.88 45.88 48.02
2.76 5.55 1.71 1.02 43.72 40.68 45.79 48.05
2.78 5.63 1.70 1.00 43.69 40.63 45.82 48.11
2.55 5.15 1.52 0.98 44.07 41.01 46.31 48.23
2.57 5.12 1.55 1.04 44.03 41.04 46.24 47.98
2.59 5.12 1.54 1.11 43.99 41.03 46.26 47.68
2.56 4.94 1.54 1.19 44.05 41.19 46.25 47.38
2.62 5.07 1.60 1.20 43.95 41.09 46.09 47.37
2.58 4.99 1.61 1.14 44.03 41.16 46.08 47.57
2.35 4.55 1.44 1.07 44.43 41.55 46.56 47.86
2.21 4.30 1.35 0.99 44.68 41.80 46.83 48.16
2.32 4.50 1.44 1.00 44.49 41.60 46.55 48.11
2.45 4.86 1.46 1.05 44.23 41.27 46.48 47.93
2.46 4.85 1.48 1.03 44.23 41.27 46.42 47.98
2.61 5.17 1.53 1.14 43.96 41.00 46.28 47.59
2.45 4.83 1.44 1.07 44.24 41.29 46.55 47.82
2.68 5.30 1.58 1.16 43.85 40.89 46.14 47.48
2.56 5.06 1.57 1.05 44.05 41.09 46.17 47.90
2.71 5.45 1.62 1.07 43.79 40.77 46.02 47.83
2.58 5.14 1.59 1.00 44.02 41.02 46.12 48.12
2.36 4.83 1.40 0.84 44.41 41.29 46.67 48.91
2.09 4.26 1.31 0.69 44.94 41.84 46.95 49.72
2.11 4.39 1.27 0.67 44.89 41.71 47.09 49.89
2.18 4.53 1.30 0.72 44.74 41.57 47.00 49.56
2.20 4.54 1.33 0.74 44.70 41.57 46.88 49.45
2.11 4.33 1.30 0.69 44.88 41.77 46.97 49.71
2.12 4.32 1.29 0.75 44.87 41.77 47.04 49.40
2.20 4.51 1.28 0.82 44.70 41.59 47.07 49.00
2.37 4.87 1.34 0.89 44.39 41.26 46.86 48.62
2.32 4.72 1.34 0.89 44.48 41.39 46.85 48.65
2.43 4.95 1.43 0.92 44.27 41.19 46.58 48.48
2.86 5.81 1.68 1.10 43.56 40.49 45.88 47.72
3.09 6.33 1.76 1.17 43.24 40.12 45.67 47.46
3.40 7.01 1.89 1.29 42.82 39.67 45.37 47.03
3.48 7.13 1.96 1.35 42.71 39.60 45.21 46.83
3.52 7.24 2.01 1.32 42.66 39.53 45.09 46.95
3.96 8.23 2.23 1.43 42.15 38.98 44.65 46.59
3.86 7.98 2.15 1.43 42.27 39.11 44.80 46.56
3.88 8.09 2.23 1.32 42.24 39.05 44.65 46.91
3.44 7.22 1.94 1.15 42.77 39.55 45.24 47.52
3.23 6.69 1.89 1.13 43.03 39.88 45.38 47.59
3.23 6.62 1.87 1.21 43.03 39.92 45.42 47.32
3.12 6.20 1.79 1.37 43.19 40.21 45.60 46.77
2.93 5.73 1.76 1.28 43.47 40.55 45.67 47.05
2.73 5.25 1.67 1.28 43.77 40.93 45.91 47.07
2.47 4.61 1.57 1.25 44.19 41.49 46.19 47.16
2.54 4.66 1.61 1.37 44.08 41.45 46.07 46.77
