0.00 0.00 0.00 0.00 0.00 0.00 0.00 0.00
0.00 0.00 0.00 0.00 0.00 0.00 0.00 0.00
0.00 0.00 0.00 0.00 0.00 0.00 0.00 0.00
0.00 0.00 0.00 0.00 0.00 0.00 0.00 0.00
0.00 0.00 0.00 0.00 0.00 0.00 0.00 0.00
0.00 0.00 0.00 0.00 0.00 0.00 0.00 0.00
0.00 0.00 0.00 0.00 0.00 0.00 0.00 0.00
0.00 0.00 0.00 0.00 0.00 0.00 0.00 0.00
0.00 0.00 0.00 0.00 0.00 0.00 0.00 0.00
0.00 0.00 0.00 0.00 0.00 0.00 0.00 0.00
0.00 0.00 0.00 0.00 0.00 0.00 0.00 0.00
0.00 0.00 0.00 0.00 0.00 0.00 0.00 0.00
0.00 0.00 0.00 0.00 0.00 0.00 0.00 0.00
0.00 0.00 0.00 0.00 0.00 0.00 0.00 0.00
0.00 0.00 0.00 0.00 0.00 0.00 0.00 0.00
0.00 0.00 0.00 0.00 0.00 0.00 0.00 0.00
0.00 0.00 0.00 0.00 0.00 0.00 0.00 0.00
0.00 0.00 0.00 0.00 0.00 0.00 0.00 0.00
0.00 0.00 0.00 0.00 0.00 0.00 0.00 0.00
0.00 0.00 0.00 0.00 0.00 0.00 0.00 0.00
0.00 0.00 0.00 0.00 0.00 0.00 0.00 0.00
0.00 0.00 0.00 0.00 0.00 0.00 0.00 0.00
0.00 0.00 0.00 0.00 0.00 0.00 0.00 0.00
0.00 0.00 0.00 0.00 0.00 0.00 0.00 0.00
0.00 0.00 0.00 0.00 0.00 0.00 0.00 0.00
0.00 0.00 0.00 0.00 0.00 0.00 0.00 0.00
0.00 0.00 0.00 0.00 0.00 0.00 0.00 0.01
0.00 0.00 0.00 0.00 0.00 0.00 0.00 0.01
0.00 0.00 0.00 0.00 0.00 0.00 0.01 0.01
0.01 0.06 0.00 0.00 0.01 0.02 0.00 0.00
0.42 2.85 0.04 0.01 0.74 1.20 0.19 0.07
0.60 3.62 0.07 0.03 1.07 1.58 0.38 0.27
0.43 2.70 0.05 0.01 0.62 0.97 0.24 0.07
0.54 3.17 0.07 0.02 0.79 1.19 0.29 0.20
0.44 2.40 0.08 0.02 0.81 1.15 0.43 0.24
0.31 1.72 0.05 0.02 0.73 1.05 0.34 0.24
0.47 2.47 0.10 0.03 0.93 1.26 0.52 0.34
0.25 1.34 0.04 0.02 0.61 0.86 0.27 0.25
0.30 1.50 0.07 0.03 0.71 0.92 0.44 0.35
0.43 2.17 0.08 0.05 0.79 1.06 0.41 0.40
0.40 2.26 0.07 0.02 0.63 0.89 0.31 0.18
0.17 1.08 0.02 0.00 0.31 0.49 0.10 0.04
0.22 1.41 0.02 0.00 0.41 0.62 0.14 0.06
0.26 1.73 0.03 0.00 0.57 0.83 0.19 0.08
0.26 1.78 0.03 0.00 0.58 0.88 0.22 0.02
0.33 2.13 0.03 0.01 0.75 1.07 0.20 0.19
0.32 2.08 0.04 0.00 0.81 1.11 0.32 0.13
0.22 1.45 0.02 0.00 0.59 0.84 0.20 0.05
0.34 2.31 0.03 0.00 0.91 1.31 0.26 0.07
0.38 2.54 0.04 0.00 1.23 1.69 0.46 0.14
0.43 2.89 0.05 0.00 1.54 2.06 0.57 0.20
0.47 3.16 0.05 0.00 1.51 2.07 0.50 0.16
0.61 4.16 0.07 0.00 1.57 2.10 0.56 0.18
0.63 4.46 0.06 0.00 1.62 2.18 0.57 0.07
0.68 4.82 0.06 0.00 1.64 2.24 0.52 0.08
0.56 4.08 0.04 0.00 1.59 2.17 0.47 0.06
0.77 5.63 0.06 0.00 2.01 2.72 0.66 0.04
0.70 5.12 0.05 0.00 2.17 2.96 0.65 0.13
0.53 3.65 0.05 0.00 2.11 2.86 0.82 0.15
0.49 3.32 0.06 0.00 1.94 2.65 0.80 0.17
0.04 0.17 0.01 0.00 0.18 0.20 0.18 0.13
0.01 0.06 0.01 0.00 0.08 0.08 0.10 0.08
0.00 0.01 0.00 0.00 0.02 0.01 0.06 0.01
0.00 0.00 0.00 0.00 0.01 0.00 0.02 0.02
0.00 0.00 0.00 0.00 0.00 0.00 0.03 0.01
0.00 0.00 0.00 0.00 0.00 0.00 0.01 0.01
0.00 0.00 0.00 0.00 0.00 0.00 0.01 0.00
0.00 0.00 0.00 0.00 0.00 0.00 0.01 0.02
0.00 0.00 0.00 0.00 0.00 0.00 0.02 0.01
0.00 0.00 0.00 0.00 0.00 0.00 0.01 0.02
0.00 0.00 0.00 0.00 0.00 0.00 0.02 0.01
0.00 0.00 0.00 0.00 0.00 0.00 0.01 0.01
0.00 0.00 0.00 0.00 0.00 0.00 0.01 0.00
0.00 0.00 0.00 0.00 0.00 0.00 0.00 0.00
0.00 0.00 0.00 0.00 0.00 0.00 0.00 0.02
0.00 0.00 0.00 0.00 0.00 0.00 0.00 0.00
0.00 0.00 0.00 0.00 0.00 0.00 0.00 0.00
0.00 0.00 0.00 0.00 0.00 0.00 0.00 0.01
0.00 0.00 0.00 0.00 0.00 0.00 0.00 0.00
0.00 0.00 0.00 0.00 0.00 0.00 0.00 0.01
0.00 0.00 0.00 0.00 0.00 0.00 0.00 0.00
0.00 0.00 0.00 0.00 0.00 0.00 0.00 0.00
0.00 0.00 0.00 0.00 0.00 0.00 0.01 0.00
0.00 0.00 0.00 0.00 0.00 0.00 0.00 0.00
0.00 0.00 0.00 0.00 0.00 0.00 0.01 0.00
0.00 0.00 0.00 0.00 0.00 0.01 0.00 0.00
0.00 0.00 0.00 0.00 0.00 0.00 0.01 0.00
0.00 0.00 0.00 0.00 0.00 0.00 0.01 0.01
0.00 0.00 0.00 0.00 0.00 0.00 0.00 0.00
0.00 0.00 0.00 0.00 0.00 0.00 0.00 0.00
0.00 0.00 0.00 0.00 0.00 0.00 0.00 0.00
0.00 0.00 0.00 0.00 0.00 0.00 0.00 0.00
0.00 0.01 0.00 0.00 0.00 0.01 0.01 0.01
0.00 0.00 0.00 0.00 0.00 0.01 0.01 0.01
0.00 0.02 0.00 0.00 0.02 0.03 0.01 0.01
0.00 0.01 0.00 0.00 0.01 0.01 0.01 0.01
0.00 0.00 0.00 0.00 0.00 0.00 0.00 0.00
0.00 0.01 0.00 0.00 0.01 0.01 0.01 0.01
0.00 0.00 0.00 0.00 0.00 0.00 0.00 0.01
0.00 0.01 0.00 0.00 0.00 0.01 0.00 0.01
0.00 0.01 0.00 0.00 0.01 0.01 0.00 0.00
0.00 0.00 0.00 0.00 0.00 0.00 0.01 0.00
0.05 0.11 0.02 0.03 0.09 0.07 0.10 0.18
0.02 0.03 0.01 0.02 0.03 0.02 0.04 0.10
0.02 0.04 0.01 0.01 0.03 0.03 0.03 0.07
0.07 0.22 0.03 0.03 0.13 0.12 0.11 0.23
0.04 0.10 0.02 0.02 0.07 0.05 0.08 0.14
0.02 0.03 0.02 0.01 0.03 0.02 0.06 0.04
0.00 0.00 0.00 0.00 0.01 0.00 0.02 0.03
0.00 0.00 0.00 0.00 0.00 0.00 0.01 0.01
0.00 0.00 0.00 0.00 0.00 0.00 0.01 0.00
0.00 0.00 0.00 0.00 0.00 0.00 0.01 0.00
0.00 0.00 0.00 0.00 0.00 0.00 0.01 0.01
0.00 0.00 0.00 0.00 0.00 0.00 0.00 0.00
0.00 0.00 0.00 0.00 0.00 0.00 0.00 0.00
0.00 0.00 0.00 0.00 0.00 0.00 0.01 0.01
0.01 0.05 0.00 0.00 0.03 0.04 0.02 0.02
0.00 0.00 0.00 0.00 0.00 0.00 0.01 0.00
0.00 0.00 0.00 0.00 0.00 0.00 0.00 0.01
0.00 0.00 0.00 0.00 0.00 0.00 0.00 0.00
0.00 0.01 0.00 0.00 0.01 0.01 0.01 0.00
0.00 0.03 0.00 0.00 0.01 0.02 0.01 0.00
0.00 0.02 0.00 0.00 0.01 0.01 0.01 0.00
0.00 0.02 0.00 0.00 0.01 0.01 0.01 0.00
0.00 0.01 0.00 0.00 0.00 0.00 0.01 0.00
0.00 0.01 0.00 0.00 0.00 0.01 0.00 0.00
0.00 0.01 0.00 0.00 0.01 0.01 0.02 0.02
0.01 0.05 0.00 0.00 0.01 0.03 0.00 0.01
0.01 0.04 0.00 0.00 0.02 0.03 0.01 0.01
0.01 0.07 0.00 0.00 0.03 0.05 0.01 0.01
0.01 0.04 0.00 0.00 0.02 0.03 0.01 0.01
0.01 0.04 0.00 0.00 0.02 0.03 0.02 0.01
0.01 0.04 0.00 0.00 0.02 0.02 0.02 0.01
0.01 0.08 0.00 0.00 0.03 0.03 0.02 0.01
0.02 0.13 0.01 0.00 0.04 0.05 0.04 0.02
0.04 0.21 0.01 0.00 0.05 0.07 0.06 0.01
0.02 0.10 0.01 0.00 0.03 0.03 0.05 0.01
0.03 0.14 0.01 0.00 0.04 0.04 0.04 0.03
0.03 0.15 0.01 0.00 0.04 0.05 0.06 0.03
0.01 0.07 0.00 0.00 0.01 0.02 0.02 0.01
0.04 0.20 0.01 0.00 0.04 0.05 0.05 0.02
0.01 0.09 0.00 0.00 0.02 0.02 0.02 0.02
0.01 0.07 0.00 0.00 0.01 0.02 0.01 0.02
0.03 0.14 0.01 0.00 0.05 0.05 0.04 0.05
0.02 0.11 0.01 0.00 0.04 0.04 0.04 0.04
0.00 0.02 0.00 0.00 0.01 0.01 0.02 0.03
0.00 0.02 0.00 0.00 0.01 0.01 0.02 0.03
0.00 0.01 0.00 0.00 0.01 0.01 0.02 0.03
0.00 0.00 0.00 0.00 0.00 0.00 0.01 0.03
0.00 0.00 0.00 0.00 0.00 0.00 0.01 0.02
0.00 0.01 0.00 0.00 0.00 0.01 0.01 0.02
0.00 0.01 0.00 0.00 0.00 0.01 0.01 0.01
0.00 0.02 0.00 0.00 0.01 0.02 0.01 0.01
0.00 0.02 0.00 0.00 0.01 0.01 0.01 0.01
0.00 0.01 0.00 0.00 0.01 0.01 0.02 0.01
0.00 0.01 0.00 0.00 0.00 0.00 0.01 0.01
0.00 0.02 0.00 0.00 0.02 0.02 0.02 0.01
0.01 0.04 0.00 0.00 0.03 0.03 0.01 0.00
0.00 0.01 0.00 0.00 0.01 0.01 0.01 0.01
0.00 0.01 0.00 0.00 0.01 0.01 0.02 0.02
0.00 0.01 0.00 0.00 0.01 0.01 0.01 0.02
0.00 0.01 0.00 0.00 0.01 0.01 0.01 0.02
0.00 0.00 0.00 0.00 0.00 0.00 0.01 0.02
0.00 0.00 0.00 0.00 0.00 0.00 0.01 0.01
0.00 0.01 0.00 0.00 0.01 0.01 0.01 0.01
0.00 0.01 0.00 0.00 0.01 0.01 0.01 0.01
0.00 0.01 0.00 0.00 0.01 0.01 0.02 0.01
0.00 0.02 0.00 0.00 0.01 0.01 0.01 0.02
0.00 0.02 0.00 0.00 0.01 0.01 0.01 0.02
0.00 0.01 0.00 0.00 0.01 0.01 0.01 0.01
0.00 0.00 0.00 0.00 0.01 0.00 0.01 0.02
0.00 0.01 0.00 0.00 0.01 0.01 0.02 0.01
0.00 0.03 0.00 0.00 0.02 0.02 0.02 0.01
0.00 0.01 0.00 0.00 0.00 0.01 0.00 0.01
0.00 0.01 0.00 0.00 0.00 0.01 0.00 0.02
0.00 0.00 0.00 0.00 0.00 0.00 0.00 0.01
0.00 0.01 0.00 0.00 0.01 0.01 0.01 0.02
0.00 0.01 0.00 0.00 0.01 0.01 0.01 0.02
0.00 0.01 0.00 0.00 0.01 0.01 0.01 0.01
0.00 0.01 0.00 0.00 0.01 0.02 0.01 0.02
0.00 0.01 0.00 0.00 0.01 0.01 0.01 0.02
0.00 0.02 0.00 0.00 0.01 0.02 0.01 0.02
0.01 0.03 0.00 0.00 0.02 0.03 0.02 0.02
0.00 0.02 0.00 0.00 0.01 0.02 0.01 0.01
0.00 0.02 0.00 0.00 0.01 0.02 0.01 0.01
0.00 0.00 0.00 0.00 0.00 0.00 0.02 0.02
0.00 0.01 0.00 0.00 0.01 0.00 0.01 0.01
0.00 0.01 0.00 0.00 0.01 0.01 0.02 0.03
0.01 0.02 0.01 0.01 0.02 0.01 0.03 0.07
0.00 0.00 0.00 0.00 0.00 0.00 0.02 0.02
0.01 0.04 0.00 0.00 0.02 0.03 0.02 0.01
0.02 0.05 0.01 0.00 0.04 0.04 0.06 0.04
0.00 0.01 0.00 0.00 0.01 0.01 0.02 0.01
0.00 0.01 0.00 0.00 0.01 0.01 0.01 0.01
0.00 0.00 0.00 0.00 0.00 0.00 0.00 0.01
0.00 0.02 0.00 0.00 0.01 0.01 0.00 0.02
0.01 0.04 0.01 0.00 0.03 0.03 0.04 0.04
0.01 0.04 0.01 0.00 0.04 0.04 0.04 0.04
0.00 0.01 0.00 0.00 0.01 0.01 0.02 0.02
0.01 0.02 0.00 0.00 0.02 0.02 0.02 0.02
0.01 0.02 0.01 0.00 0.03 0.02 0.03 0.05
0.01 0.02 0.00 0.00 0.02 0.02 0.02 0.01
0.01 0.02 0.00 0.00 0.01 0.02 0.02 0.02
0.00 0.01 0.00 0.00 0.01 0.01 0.02 0.01
0.00 0.01 0.00 0.00 0.01 0.01 0.01 0.01
0.00 0.00 0.00 0.00 0.00 0.01 0.00 0.01
0.00 0.00 0.00 0.00 0.00 0.01 0.00 0.01
0.00 0.00 0.00 0.00 0.00 0.00 0.01 0.01
0.00 0.00 0.00 0.00 0.00 0.00 0.00 0.01
0.00 0.00 0.00 0.00 0.00 0.00 0.01 0.00
0.00 0.00 0.00 0.00 0.00 0.00 0.00 0.00
0.00 0.01 0.00 0.00 0.00 0.01 0.00 0.00
0.00 0.01 0.00 0.00 0.00 0.01 0.00 0.00
0.00 0.01 0.00 0.00 0.00 0.01 0.00 0.00
0.00 0.01 0.00 0.00 0.00 0.01 0.01 0.00
0.00 0.01 0.00 0.00 0.01 0.01 0.01 0.00
0.00 0.01 0.00 0.00 0.00 0.01 0.00 0.00
0.00 0.02 0.00 0.00 0.00 0.01 0.00 0.00
0.01 0.02 0.00 0.01 0.01 0.01 0.01 0.03
0.01 0.02 0.00 0.01 0.01 0.01 0.01 0.03
0.00 0.01 0.00 0.00 0.00 0.01 0.00 0.00
0.00 0.01 0.00 0.00 0.00 0.01 0.00 0.00
0.00 0.02 0.00 0.00 0.01 0.01 0.00 0.01
0.01 0.03 0.00 0.00 0.01 0.01 0.01 0.00
0.01 0.04 0.00 0.00 0.01 0.02 0.01 0.00
0.02 0.08 0.01 0.00 0.02 0.03 0.01 0.01
0.04 0.16 0.01 0.02 0.04 0.05 0.02 0.05
0.07 0.33 0.01 0.01 0.06 0.10 0.02 0.03
0.06 0.24 0.02 0.01 0.04 0.06 0.03 0.03
0.05 0.17 0.01 0.03 0.03 0.03 0.01 0.05
0.06 0.26 0.02 0.01 0.04 0.05 0.03 0.02
0.07 0.33 0.02 0.00 0.04 0.07 0.03 0.01
0.12 0.64 0.03 0.01 0.08 0.13 0.04 0.02
0.09 0.42 0.02 0.01 0.06 0.10 0.03 0.02
0.05 0.24 0.01 0.00 0.04 0.06 0.03 0.01
0.05 0.24 0.02 0.00 0.04 0.06 0.04 0.01
0.06 0.37 0.01 0.01 0.07 0.11 0.02 0.02
0.08 0.40 0.02 0.01 0.11 0.14 0.07 0.06
0.08 0.33 0.02 0.01 0.11 0.13 0.07 0.08
0.04 0.20 0.01 0.00 0.07 0.10 0.05 0.02
0.00 0.01 0.00 0.00 0.01 0.01 0.01 0.01
0.00 0.01 0.00 0.00 0.01 0.01 0.02 0.01
0.00 0.01 0.00 0.00 0.00 0.00 0.01 0.00
0.00 0.00 0.00 0.00 0.00 0.00 0.01 0.01
0.00 0.00 0.00 0.00 0.00 0.00 0.00 0.01
0.00 0.00 0.00 0.00 0.00 0.00 0.00 0.00
0.00 0.00 0.00 0.00 0.00 0.00 0.00 0.00
0.00 0.00 0.00 0.00 0.00 0.00 0.00 0.00
0.00 0.00 0.00 0.00 0.00 0.00 0.00 0.00
0.00 0.00 0.00 0.00 0.00 0.00 0.00 0.01
0.00 0.00 0.00 0.00 0.00 0.00 0.00 0.00
0.00 0.00 0.00 0.00 0.00 0.00 0.00 0.00
0.00 0.00 0.00 0.00 0.00 0.00 0.00 0.00
0.00 0.00 0.00 0.00 0.00 0.00 0.00 0.00
0.00 0.00 0.00 0.00 0.00 0.00 0.00 0.00
0.00 0.00 0.00 0.00 0.00 0.00 0.00 0.00
0.00 0.00 0.00 0.00 0.00 0.00 0.00 0.00
0.00 0.00 0.00 0.00 0.00 0.00 0.00 0.00
0.00 0.00 0.00 0.00 0.00 0.00 0.00 0.00
0.00 0.00 0.00 0.00 0.00 0.00 0.00 0.00
0.00 0.00 0.00 0.00 0.00 0.00 0.00 0.00
0.00 0.00 0.00 0.00 0.00 0.00 0.00 0.00
0.00 0.00 0.00 0.00 0.00 0.00 0.00 0.00
0.00 0.00 0.00 0.00 0.00 0.00 0.01 0.00
0.00 0.00 0.00 0.00 0.00 0.00 0.01 0.00
0.00 0.00 0.00 0.00 0.00 0.00 0.00 0.01
0.00 0.00 0.00 0.00 0.00 0.00 0.00 0.00
0.00 0.01 0.00 0.00 0.01 0.01 0.00 0.01
0.01 0.04 0.00 0.00 0.02 0.03 0.02 0.03
0.00 0.01 0.00 0.00 0.01 0.00 0.01 0.03
0.02 0.12 0.01 0.00 0.05 0.07 0.04 0.00
0.02 0.12 0.00 0.00 0.05 0.07 0.03 0.00
0.03 0.15 0.01 0.00 0.07 0.09 0.05 0.02
0.03 0.14 0.01 0.00 0.10 0.11 0.07 0.06
0.01 0.05 0.00 0.00 0.04 0.05 0.00 0.07
0.02 0.07 0.00 0.00 0.06 0.07 0.02 0.10
0.01 0.07 0.00 0.00 0.06 0.08 0.02 0.03
0.02 0.12 0.00 0.00 0.08 0.11 0.03 0.04
0.02 0.09 0.00 0.00 0.06 0.07 0.03 0.09
0.02 0.11 0.00 0.00 0.07 0.09 0.04 0.05
0.02 0.11 0.00 0.00 0.08 0.10 0.03 0.10
0.03 0.13 0.00 0.00 0.09 0.10 0.05 0.11
0.03 0.15 0.01 0.00 0.09 0.10 0.06 0.08
0.02 0.10 0.00 0.00 0.04 0.05 0.02 0.05
0.01 0.06 0.00 0.00 0.02 0.03 0.01 0.01
0.01 0.07 0.01 0.00 0.02 0.03 0.02 0.01
0.02 0.14 0.00 0.00 0.04 0.05 0.02 0.02
0.12 0.57 0.03 0.01 0.16 0.19 0.12 0.12
0.08 0.38 0.01 0.01 0.09 0.10 0.05 0.09
0.10 0.60 0.01 0.01 0.11 0.14 0.03 0.08
0.05 0.26 0.01 0.01 0.06 0.07 0.04 0.06
0.07 0.44 0.01 0.00 0.07 0.10 0.02 0.02
0.02 0.14 0.00 0.00 0.02 0.04 0.00 0.00
0.03 0.15 0.01 0.00 0.04 0.05 0.03 0.01
0.00 0.03 0.00 0.00 0.00 0.01 0.00 0.02
0.07 0.46 0.01 0.00 0.11 0.18 0.03 0.02
0.08 0.45 0.02 0.01 0.15 0.21 0.09 0.05
0.09 0.55 0.01 0.00 0.17 0.28 0.07 0.02
0.09 0.51 0.02 0.00 0.22 0.35 0.13 0.03
0.10 0.48 0.03 0.01 0.23 0.33 0.17 0.08
0.37 1.31 0.13 0.11 0.88 0.91 0.75 1.03
0.19 0.82 0.06 0.03 0.35 0.40 0.33 0.24
0.11 0.47 0.03 0.02 0.21 0.25 0.15 0.17
0.10 0.47 0.03 0.01 0.21 0.25 0.16 0.14
0.10 0.44 0.03 0.02 0.21 0.24 0.19 0.17
0.13 0.69 0.03 0.01 0.28 0.37 0.17 0.12
0.09 0.44 0.02 0.01 0.20 0.23 0.15 0.13
0.11 0.50 0.02 0.01 0.21 0.26 0.15 0.14
0.05 0.23 0.02 0.00 0.11 0.13 0.10 0.06
0.05 0.27 0.01 0.01 0.09 0.12 0.05 0.08
0.03 0.14 0.00 0.00 0.05 0.07 0.03 0.02
0.08 0.39 0.01 0.01 0.13 0.17 0.05 0.14
0.04 0.15 0.01 0.01 0.07 0.08 0.05 0.08
0.10 0.50 0.02 0.01 0.16 0.20 0.10 0.12
0.05 0.24 0.01 0.01 0.08 0.09 0.05 0.09
0.03 0.14 0.00 0.01 0.05 0.05 0.02 0.06
0.07 0.30 0.02 0.02 0.09 0.09 0.07 0.15
0.03 0.15 0.01 0.01 0.04 0.05 0.03 0.07
0.02 0.10 0.00 0.00 0.04 0.04 0.02 0.07
0.02 0.09 0.00 0.00 0.03 0.04 0.02 0.04
0.01 0.03 0.00 0.00 0.02 0.01 0.02 0.02
0.01 0.03 0.00 0.00 0.01 0.01 0.01 0.01
0.01 0.05 0.00 0.00 0.02 0.02 0.02 0.02
0.01 0.05 0.00 0.00 0.02 0.02 0.01 0.02
0.01 0.06 0.00 0.00 0.02 0.03 0.03 0.01
0.01 0.05 0.00 0.00 0.02 0.03 0.02 0.01
0.01 0.03 0.00 0.00 0.02 0.02 0.02 0.01
0.01 0.03 0.00 0.00 0.02 0.03 0.02 0.01
0.00 0.02 0.00 0.00 0.01 0.02 0.02 0.00
0.00 0.02 0.00 0.00 0.01 0.02 0.01 0.01
0.04 0.22 0.01 0.00 0.10 0.14 0.05 0.03
0.09 0.52 0.01 0.01 0.19 0.26 0.09 0.08
0.14 0.77 0.02 0.01 0.27 0.35 0.15 0.13
0.14 0.75 0.02 0.01 0.25 0.32 0.14 0.13
0.06 0.30 0.01 0.01 0.11 0.14 0.07 0.05
0.04 0.22 0.01 0.00 0.09 0.12 0.04 0.04
0.05 0.26 0.01 0.01 0.10 0.13 0.06 0.06
0.03 0.18 0.01 0.00 0.08 0.11 0.06 0.03
0.01 0.06 0.00 0.00 0.02 0.04 0.01 0.01
0.05 0.32 0.01 0.00 0.09 0.15 0.03 0.04
0.10 0.48 0.03 0.01 0.18 0.23 0.12 0.08
0.05 0.30 0.01 0.00 0.10 0.14 0.03 0.05
0.04 0.23 0.00 0.00 0.10 0.14 0.03 0.03
0.04 0.26 0.01 0.00 0.10 0.14 0.04 0.04
0.02 0.16 0.00 0.00 0.06 0.10 0.01 0.01
0.02 0.15 0.00 0.00 0.05 0.10 0.00 0.01
0.03 0.20 0.00 0.00 0.08 0.13 0.01 0.01
0.03 0.22 0.00 0.00 0.10 0.16 0.02 0.01
0.02 0.17 0.00 0.00 0.08 0.13 0.02 0.00
0.03 0.20 0.00 0.00 0.12 0.18 0.04 0.01
0.03 0.20 0.00 0.00 0.13 0.20 0.03 0.01
0.04 0.26 0.00 0.00 0.17 0.25 0.05 0.01
0.03 0.25 0.00 0.00 0.13 0.20 0.03 0.02
0.04 0.30 0.00 0.00 0.13 0.19 0.04 0.04
0.04 0.25 0.00 0.00 0.12 0.17 0.04 0.03
0.05 0.38 0.00 0.00 0.18 0.26 0.05 0.02
0.04 0.27 0.00 0.00 0.15 0.21 0.04 0.02
0.04 0.28 0.00 0.00 0.16 0.23 0.05 0.02
0.02 0.14 0.00 0.00 0.12 0.18 0.03 0.02
0.02 0.11 0.00 0.00 0.10 0.15 0.04 0.01
0.00 0.01 0.00 0.00 0.00 0.01 0.00 0.01
0.01 0.04 0.00 0.00 0.02 0.04 0.02 0.01
0.00 0.01 0.00 0.00 0.01 0.02 0.01 0.02
0.00 0.02 0.00 0.00 0.02 0.03 0.01 0.02
0.00 0.03 0.00 0.00 0.04 0.06 0.02 0.01
0.01 0.05 0.00 0.00 0.06 0.08 0.04 0.01
0.01 0.06 0.00 0.00 0.04 0.07 0.02 0.01
0.01 0.08 0.00 0.00 0.07 0.10 0.03 0.02
0.01 0.05 0.00 0.00 0.06 0.09 0.03 0.01
0.00 0.03 0.00 0.00 0.02 0.04 0.01 0.03
0.01 0.05 0.00 0.00 0.07 0.09 0.06 0.01
0.01 0.03 0.00 0.00 0.04 0.06 0.04 0.01
0.01 0.05 0.00 0.00 0.06 0.08 0.05 0.01
0.01 0.05 0.00 0.00 0.05 0.07 0.03 0.01
0.01 0.05 0.00 0.00 0.05 0.08 0.02 0.03
0.01 0.06 0.01 0.00 0.07 0.07 0.06 0.09
0.05 0.19 0.01 0.01 0.16 0.17 0.11 0.26
0.09 0.34 0.03 0.02 0.25 0.26 0.19 0.29
0.14 0.52 0.03 0.05 0.28 0.30 0.15 0.40
0.29 1.02 0.09 0.09 0.40 0.43 0.31 0.44
0.21 0.69 0.07 0.08 0.28 0.29 0.21 0.35
0.23 0.64 0.08 0.14 0.35 0.32 0.30 0.57
0.18 0.53 0.03 0.15 0.30 0.29 0.11 0.61
0.18 0.57 0.04 0.12 0.33 0.36 0.15 0.48
0.10 0.34 0.01 0.07 0.21 0.25 0.06 0.31
0.15 0.44 0.04 0.08 0.29 0.31 0.18 0.33
0.14 0.41 0.04 0.09 0.30 0.34 0.19 0.35
0.14 0.39 0.03 0.10 0.30 0.34 0.14 0.42
0.09 0.28 0.02 0.05 0.25 0.31 0.13 0.26
0.11 0.33 0.03 0.07 0.31 0.35 0.21 0.35
0.00 0.01 0.00 0.00 0.01 0.01 0.01 0.02
0.00 0.01 0.00 0.00 0.01 0.01 0.00 0.01
0.00 0.03 0.00 0.00 0.01 0.03 0.00 0.00
0.01 0.03 0.00 0.00 0.02 0.04 0.02 0.01
0.01 0.02 0.00 0.00 0.02 0.04 0.02 0.01
0.01 0.03 0.00 0.00 0.02 0.05 0.01 0.01
0.00 0.02 0.00 0.00 0.02 0.03 0.01 0.01
0.00 0.01 0.00 0.00 0.01 0.01 0.01 0.00
0.00 0.02 0.00 0.00 0.01 0.02 0.01 0.00
0.01 0.02 0.00 0.00 0.01 0.02 0.02 0.00
0.01 0.03 0.00 0.00 0.02 0.02 0.01 0.01
0.03 0.10 0.01 0.02 0.07 0.07 0.06 0.10
0.04 0.13 0.02 0.02 0.08 0.08 0.10 0.09
0.05 0.13 0.04 0.02 0.10 0.08 0.16 0.13
0.01 0.05 0.01 0.00 0.03 0.03 0.04 0.03
0.02 0.07 0.01 0.00 0.03 0.03 0.03 0.02
0.00 0.03 0.00 0.00 0.01 0.02 0.01 0.01
0.01 0.05 0.00 0.00 0.01 0.03 0.01 0.00
0.01 0.04 0.00 0.00 0.02 0.03 0.02 0.01
0.01 0.05 0.00 0.00 0.02 0.03 0.02 0.00
0.00 0.02 0.00 0.00 0.01 0.02 0.02 0.01
0.01 0.03 0.00 0.00 0.02 0.03 0.03 0.02
0.01 0.02 0.01 0.00 0.03 0.03 0.04 0.02
0.00 0.02 0.00 0.00 0.01 0.03 0.01 0.01
0.00 0.03 0.00 0.00 0.02 0.03 0.02 0.01
0.01 0.04 0.00 0.00 0.02 0.03 0.02 0.01
0.01 0.06 0.00 0.00 0.02 0.05 0.01 0.01
0.00 0.02 0.00 0.00 0.00 0.01 0.00 0.01
0.00 0.03 0.00 0.00 0.01 0.02 0.01 0.01
0.01 0.07 0.00 0.00 0.03 0.05 0.02 0.01
0.03 0.10 0.01 0.00 0.07 0.08 0.06 0.04
0.02 0.08 0.01 0.01 0.05 0.05 0.04 0.05
0.03 0.14 0.01 0.01 0.09 0.10 0.08 0.07
0.03 0.13 0.01 0.01 0.07 0.09 0.07 0.05
0.02 0.08 0.01 0.01 0.06 0.06 0.05 0.05
0.02 0.07 0.00 0.01 0.04 0.05 0.02 0.04
0.00 0.02 0.00 0.00 0.01 0.01 0.00 0.01
0.01 0.03 0.00 0.00 0.01 0.02 0.01 0.00
0.02 0.11 0.00 0.00 0.05 0.08 0.02 0.01
0.02 0.11 0.00 0.00 0.06 0.08 0.02 0.02
0.02 0.09 0.00 0.00 0.05 0.07 0.03 0.06
0.02 0.10 0.00 0.00 0.06 0.07 0.04 0.05
0.02 0.11 0.00 0.00 0.05 0.06 0.02 0.04
0.03 0.17 0.01 0.00 0.06 0.08 0.04 0.04
0.02 0.11 0.00 0.00 0.04 0.05 0.03 0.04
0.06 0.34 0.01 0.00 0.09 0.11 0.07 0.04
0.03 0.14 0.01 0.00 0.04 0.04 0.03 0.03
0.00 0.03 0.00 0.00 0.01 0.01 0.00 0.01
0.10 0.53 0.02 0.01 0.12 0.13 0.10 0.07
0.04 0.22 0.01 0.00 0.05 0.06 0.04 0.06
0.08 0.44 0.01 0.01 0.09 0.10 0.05 0.08
0.03 0.15 0.00 0.00 0.03 0.04 0.02 0.05
0.03 0.12 0.00 0.00 0.03 0.03 0.02 0.07
0.01 0.08 0.00 0.00 0.02 0.03 0.01 0.04
0.01 0.05 0.00 0.00 0.02 0.02 0.01 0.04
0.00 0.03 0.00 0.00 0.01 0.01 0.01 0.03
0.00 0.02 0.00 0.00 0.01 0.01 0.00 0.03
0.00 0.00 0.00 0.00 0.00 0.00 0.01 0.06
0.00 0.00 0.00 0.00 0.00 0.00 0.01 0.05
0.00 0.00 0.00 0.00 0.00 0.00 0.01 0.06
0.00 0.01 0.00 0.00 0.00 0.01 0.00 0.06
0.00 0.01 0.00 0.00 0.00 0.00 0.00 0.05
0.00 0.01 0.00 0.00 0.00 0.00 0.00 0.04
0.00 0.02 0.00 0.00 0.01 0.02 0.00 0.07
0.00 0.02 0.00 0.00 0.01 0.01 0.01 0.07
0.00 0.01 0.00 0.00 0.01 0.01 0.00 0.06
0.00 0.01 0.00 0.00 0.00 0.01 0.00 0.04
0.00 0.01 0.00 0.00 0.01 0.01 0.01 0.03
0.00 0.01 0.00 0.00 0.01 0.01 0.00 0.03
0.00 0.01 0.00 0.00 0.01 0.01 0.00 0.06
0.00 0.00 0.00 0.00 0.00 0.00 0.00 0.04
0.00 0.00 0.00 0.00 0.00 0.00 0.01 0.04
0.00 0.00 0.00 0.00 0.00 0.00 0.00 0.04
0.00 0.00 0.00 0.00 0.00 0.00 0.01 0.02
0.00 0.00 0.00 0.00 0.00 0.00 0.00 0.02
0.00 0.01 0.00 0.00 0.01 0.01 0.01 0.05
0.00 0.00 0.00 0.00 0.00 0.00 0.02 0.01
0.01 0.03 0.00 0.00 0.02 0.02 0.01 0.03
0.01 0.03 0.00 0.00 0.02 0.01 0.02 0.07
0.01 0.06 0.00 0.00 0.03 0.04 0.02 0.08
0.00 0.01 0.00 0.00 0.01 0.01 0.01 0.05
0.00 0.00 0.00 0.00 0.00 0.00 0.01 0.02
0.00 0.01 0.00 0.00 0.01 0.01 0.01 0.03
0.00 0.01 0.00 0.00 0.01 0.01 0.01 0.03
0.00 0.00 0.00 0.00 0.01 0.00 0.02 0.03
0.00 0.01 0.00 0.00 0.01 0.01 0.01 0.02
0.00 0.01 0.00 0.00 0.01 0.01 0.01 0.02
0.00 0.01 0.00 0.00 0.01 0.01 0.01 0.02
0.00 0.01 0.00 0.00 0.01 0.01 0.01 0.02
0.00 0.00 0.00 0.00 0.00 0.00 0.01 0.02
0.02 0.11 0.00 0.00 0.07 0.11 0.01 0.02
0.05 0.36 0.00 0.00 0.17 0.27 0.04 0.04
0.04 0.24 0.00 0.00 0.11 0.16 0.04 0.05
0.04 0.22 0.01 0.00 0.09 0.13 0.04 0.02
0.07 0.38 0.01 0.01 0.16 0.21 0.09 0.08
0.03 0.19 0.01 0.00 0.07 0.10 0.03 0.04
0.06 0.27 0.02 0.00 0.12 0.16 0.09 0.05
0.05 0.24 0.01 0.01 0.11 0.14 0.08 0.07
0.02 0.10 0.01 0.00 0.06 0.08 0.03 0.03
0.03 0.19 0.01 0.00 0.07 0.10 0.04 0.02
0.02 0.11 0.01 0.00 0.05 0.07 0.04 0.01
0.02 0.11 0.00 0.00 0.04 0.06 0.01 0.04
0.03 0.16 0.01 0.00 0.06 0.10 0.03 0.03
0.02 0.12 0.00 0.00 0.06 0.09 0.03 0.03
0.03 0.15 0.01 0.01 0.08 0.10 0.04 0.10
0.05 0.23 0.01 0.01 0.13 0.16 0.07 0.09
0.01 0.07 0.01 0.00 0.04 0.05 0.03 0.01
0.04 0.15 0.01 0.01 0.09 0.11 0.07 0.07
0.03 0.15 0.01 0.01 0.08 0.10 0.06 0.05
0.06 0.26 0.02 0.01 0.17 0.21 0.14 0.09
0.03 0.09 0.02 0.01 0.08 0.08 0.12 0.07
0.05 0.15 0.03 0.01 0.12 0.11 0.18 0.11
0.02 0.06 0.01 0.01 0.05 0.05 0.04 0.09
0.07 0.29 0.05 0.00 0.15 0.21 0.23 0.02
0.02 0.07 0.01 0.00 0.04 0.05 0.07 0.01
0.03 0.12 0.01 0.01 0.06 0.10 0.03 0.03
0.03 0.10 0.01 0.01 0.08 0.10 0.08 0.05
0.02 0.06 0.01 0.01 0.07 0.08 0.06 0.07
0.01 0.03 0.00 0.00 0.02 0.03 0.01 0.00
0.01 0.06 0.00 0.01 0.03 0.05 0.01 0.04
0.05 0.15 0.02 0.03 0.11 0.13 0.07 0.13
0.11 0.34 0.03 0.06 0.19 0.22 0.09 0.27
0.13 0.38 0.04 0.07 0.22 0.24 0.13 0.30
0.16 0.52 0.05 0.07 0.27 0.32 0.16 0.27
0.10 0.36 0.02 0.04 0.16 0.20 0.07 0.18
0.09 0.33 0.02 0.05 0.15 0.18 0.06 0.19
0.15 0.57 0.03 0.05 0.21 0.27 0.09 0.21
0.17 0.57 0.04 0.08 0.22 0.25 0.12 0.29
0.14 0.49 0.03 0.06 0.18 0.22 0.09 0.24
0.12 0.36 0.03 0.08 0.16 0.17 0.09 0.25
0.16 0.49 0.05 0.07 0.22 0.24 0.14 0.27
0.18 0.60 0.05 0.09 0.22 0.23 0.12 0.34
0.22 0.71 0.08 0.08 0.27 0.30 0.18 0.33
0.31 1.21 0.06 0.11 0.28 0.35 0.13 0.33
0.64 2.42 0.17 0.21 0.47 0.59 0.27 0.45
0.75 2.84 0.16 0.28 0.42 0.50 0.20 0.50
0.97 4.01 0.26 0.22 0.51 0.62 0.35 0.40
1.51 6.20 0.31 0.42 0.66 0.82 0.35 0.60
2.43 10.42 0.48 0.64 0.78 0.96 0.41 0.76
2.83 11.65 0.54 0.86 0.76 0.88 0.41 0.83
2.10 8.84 0.41 0.54 0.61 0.72 0.34 0.61
2.60 12.17 0.45 0.48 0.76 0.97 0.40 0.53
2.02 8.94 0.36 0.46 0.60 0.75 0.32 0.50
2.75 13.35 0.46 0.43 0.91 1.18 0.52 0.53
1.69 8.39 0.25 0.26 0.55 0.74 0.28 0.31
2.20 11.08 0.35 0.28 0.78 1.01 0.41 0.44
2.00 9.99 0.32 0.26 0.90 1.18 0.45 0.52
1.65 8.05 0.28 0.25 0.90 1.12 0.49 0.61
1.55 7.74 0.31 0.15 0.81 1.00 0.52 0.43
1.70 8.75 0.33 0.14 0.95 1.20 0.58 0.48
0.90 4.82 0.18 0.06 0.77 1.01 0.46 0.30
1.53 8.24 0.27 0.10 1.17 1.52 0.65 0.55
1.18 5.97 0.23 0.11 1.15 1.44 0.66 0.71
2.34 11.80 0.41 0.27 1.87 2.19 1.05 1.66
1.13 6.03 0.21 0.08 1.31 1.62 0.74 0.82
1.64 8.56 0.24 0.19 1.54 1.78 0.80 1.48
0.88 4.41 0.17 0.09 1.01 1.22 0.62 0.68
0.78 4.19 0.14 0.05 0.90 1.10 0.54 0.50
0.45 2.46 0.07 0.03 0.68 0.85 0.36 0.39
0.60 3.19 0.10 0.05 0.80 0.95 0.42 0.64
0.56 3.21 0.09 0.04 0.58 0.81 0.30 0.36
0.47 2.69 0.07 0.03 0.58 0.77 0.26 0.28
0.25 1.48 0.03 0.02 0.38 0.53 0.13 0.18
0.32 1.92 0.04 0.02 0.44 0.62 0.15 0.19
0.33 2.01 0.03 0.02 0.44 0.61 0.14 0.21
0.25 1.51 0.02 0.02 0.38 0.51 0.12 0.20
0.19 1.12 0.03 0.01 0.33 0.44 0.16 0.12
0.21 1.18 0.03 0.01 0.35 0.46 0.18 0.15
0.20 1.09 0.02 0.02 0.32 0.44 0.13 0.18
0.18 0.93 0.02 0.02 0.31 0.41 0.13 0.21
0.17 0.95 0.02 0.01 0.32 0.45 0.12 0.13
0.16 0.90 0.02 0.02 0.33 0.45 0.13 0.19
0.15 0.82 0.02 0.01 0.35 0.48 0.13 0.17
0.08 0.43 0.02 0.01 0.24 0.31 0.13 0.12
0.10 0.56 0.01 0.00 0.21 0.31 0.10 0.05
0.13 0.69 0.02 0.01 0.28 0.35 0.15 0.21
0.15 0.78 0.03 0.01 0.32 0.40 0.19 0.16
0.18 0.93 0.03 0.02 0.33 0.41 0.20 0.20
0.18 0.91 0.05 0.02 0.35 0.43 0.27 0.18
0.24 1.32 0.04 0.02 0.39 0.50 0.21 0.21
0.05 0.24 0.02 0.00 0.08 0.11 0.08 0.03
0.07 0.39 0.01 0.00 0.12 0.17 0.06 0.06
0.07 0.40 0.01 0.01 0.15 0.19 0.08 0.07
0.08 0.46 0.02 0.00 0.19 0.25 0.11 0.06
0.04 0.26 0.01 0.00 0.12 0.17 0.04 0.04
0.06 0.35 0.01 0.00 0.18 0.25 0.05 0.09
0.06 0.31 0.01 0.00 0.19 0.24 0.10 0.14
0.10 0.55 0.02 0.01 0.30 0.39 0.14 0.15
0.11 0.64 0.02 0.01 0.33 0.42 0.16 0.20
0.10 0.55 0.02 0.01 0.28 0.35 0.13 0.14
0.17 0.86 0.04 0.02 0.43 0.50 0.31 0.30
0.21 1.04 0.04 0.03 0.50 0.58 0.32 0.42
0.16 0.87 0.03 0.01 0.37 0.45 0.24 0.21
0.16 0.85 0.02 0.02 0.33 0.39 0.16 0.30
0.31 1.50 0.06 0.05 0.43 0.48 0.28 0.44
0.29 1.53 0.05 0.03 0.34 0.42 0.20 0.20
0.48 2.38 0.09 0.06 0.47 0.55 0.30 0.40
0.60 3.15 0.09 0.06 0.54 0.65 0.29 0.42
0.57 3.09 0.08 0.06 0.46 0.56 0.22 0.35
0.37 2.05 0.04 0.04 0.28 0.35 0.12 0.24
0.30 1.65 0.04 0.02 0.25 0.31 0.12 0.15
0.51 2.80 0.08 0.04 0.40 0.47 0.21 0.34
0.48 2.65 0.08 0.04 0.46 0.54 0.26 0.34
0.40 2.18 0.06 0.03 0.41 0.49 0.22 0.29
0.34 1.85 0.05 0.03 0.37 0.46 0.19 0.22
0.35 1.93 0.06 0.02 0.39 0.52 0.21 0.16
0.55 2.63 0.08 0.11 0.60 0.71 0.25 0.64
0.67 3.09 0.17 0.09 0.82 0.96 0.61 0.54
0.56 2.68 0.10 0.09 0.84 1.07 0.46 0.57
0.75 3.60 0.18 0.08 0.97 1.28 0.67 0.41
0.04 0.10 0.02 0.01 0.09 0.07 0.13 0.12
0.03 0.07 0.01 0.02 0.06 0.05 0.07 0.14
0.02 0.05 0.01 0.01 0.05 0.04 0.08 0.08
0.00 0.01 0.00 0.00 0.01 0.01 0.02 0.02
0.00 0.00 0.00 0.00 0.01 0.00 0.02 0.02
0.00 0.00 0.00 0.00 0.01 0.00 0.02 0.01
0.00 0.01 0.00 0.00 0.00 0.01 0.01 0.01
0.00 0.00 0.00 0.00 0.00 0.00 0.01 0.00
0.00 0.01 0.00 0.00 0.00 0.00 0.02 0.01
0.00 0.01 0.00 0.00 0.00 0.00 0.00 0.01
0.00 0.00 0.00 0.00 0.00 0.00 0.01 0.00
0.00 0.00 0.00 0.00 0.00 0.00 0.00 0.00
0.00 0.00 0.00 0.00 0.00 0.00 0.01 0.01
0.00 0.01 0.00 0.00 0.00 0.00 0.01 0.01
0.00 0.00 0.00 0.00 0.00 0.00 0.00 0.01
0.00 0.00 0.00 0.00 0.00 0.00 0.01 0.02
0.00 0.00 0.00 0.00 0.00 0.00 0.01 0.01
0.00 0.00 0.00 0.00 0.00 0.00 0.00 0.01
0.00 0.00 0.00 0.00 0.00 0.00 0.00 0.01
0.00 0.00 0.00 0.00 0.00 0.00 0.01 0.00
0.00 0.00 0.00 0.00 0.00 0.00 0.01 0.00
0.00 0.00 0.00 0.00 0.00 0.00 0.01 0.01
0.00 0.00 0.00 0.00 0.00 0.00 0.01 0.01
0.00 0.01 0.00 0.00 0.01 0.01 0.01 0.01
0.00 0.01 0.00 0.00 0.00 0.01 0.01 0.01
0.00 0.01 0.00 0.00 0.00 0.01 0.00 0.00
0.00 0.01 0.00 0.00 0.00 0.01 0.00 0.01
0.00 0.00 0.00 0.00 0.00 0.00 0.00 0.02
0.00 0.00 0.00 0.00 0.00 0.00 0.01 0.01
0.00 0.00 0.00 0.00 0.00 0.00 0.01 0.00
0.02 0.08 0.00 0.00 0.04 0.05 0.03 0.06
0.02 0.08 0.00 0.00 0.04 0.06 0.03 0.03
0.02 0.14 0.00 0.00 0.06 0.09 0.02 0.02
0.02 0.12 0.00 0.00 0.05 0.08 0.02 0.01
0.03 0.13 0.01 0.01 0.08 0.08 0.06 0.08
0.03 0.12 0.01 0.00 0.07 0.09 0.06 0.05
0.02 0.09 0.01 0.00 0.05 0.08 0.04 0.02
0.04 0.13 0.02 0.01 0.11 0.10 0.14 0.10
0.01 0.06 0.00 0.00 0.04 0.06 0.04 0.02
0.04 0.15 0.01 0.01 0.09 0.11 0.09 0.07
0.02 0.10 0.01 0.00 0.05 0.06 0.06 0.04
0.02 0.06 0.01 0.00 0.03 0.03 0.05 0.05
0.01 0.03 0.01 0.00 0.02 0.02 0.04 0.04
0.01 0.05 0.00 0.00 0.02 0.03 0.01 0.02
0.00 0.02 0.00 0.00 0.01 0.01 0.01 0.01
0.00 0.01 0.00 0.00 0.01 0.01 0.01 0.01
0.00 0.03 0.00 0.00 0.02 0.02 0.01 0.01
0.00 0.02 0.00 0.00 0.01 0.02 0.01 0.03
0.00 0.00 0.00 0.00 0.00 0.00 0.00 0.01
0.00 0.00 0.00 0.00 0.00 0.00 0.00 0.01
0.00 0.00 0.00 0.00 0.00 0.00 0.00 0.02
0.00 0.00 0.00 0.00 0.00 0.00 0.00 0.02
0.00 0.00 0.00 0.00 0.00 0.00 0.01 0.02
0.00 0.01 0.00 0.00 0.01 0.01 0.00 0.03
0.00 0.01 0.00 0.00 0.01 0.01 0.01 0.01
0.00 0.01 0.00 0.00 0.01 0.01 0.00 0.02
0.00 0.01 0.00 0.00 0.00 0.01 0.00 0.01
0.00 0.01 0.00 0.00 0.01 0.01 0.01 0.02
0.00 0.01 0.00 0.00 0.01 0.01 0.00 0.01
0.00 0.01 0.00 0.00 0.02 0.02 0.01 0.01
0.01 0.04 0.00 0.00 0.04 0.05 0.02 0.02
0.00 0.03 0.00 0.00 0.03 0.03 0.01 0.03
0.00 0.00 0.00 0.00 0.01 0.01 0.01 0.03
0.00 0.01 0.00 0.00 0.01 0.01 0.01 0.03
0.00 0.00 0.00 0.00 0.01 0.01 0.01 0.04
0.00 0.00 0.00 0.00 0.01 0.01 0.00 0.05
0.00 0.00 0.00 0.00 0.00 0.00 0.01 0.04
0.00 0.00 0.00 0.00 0.00 0.00 0.01 0.03
0.01 0.02 0.00 0.00 0.04 0.04 0.03 0.05
0.00 0.01 0.00 0.00 0.01 0.01 0.02 0.03
0.00 0.00 0.00 0.00 0.00 0.00 0.01 0.04
0.00 0.00 0.00 0.00 0.00 0.00 0.01 0.05
0.00 0.00 0.00 0.00 0.00 0.00 0.00 0.05
0.00 0.01 0.00 0.00 0.01 0.01 0.01 0.04
0.00 0.00 0.00 0.00 0.00 0.00 0.01 0.03
0.01 0.04 0.00 0.00 0.05 0.05 0.06 0.04
0.01 0.02 0.00 0.00 0.02 0.02 0.03 0.02
0.00 0.01 0.00 0.00 0.01 0.01 0.01 0.03
0.01 0.02 0.00 0.00 0.02 0.01 0.02 0.03
0.01 0.04 0.00 0.01 0.02 0.02 0.01 0.06
0.02 0.06 0.00 0.02 0.04 0.03 0.02 0.10
0.04 0.11 0.03 0.02 0.07 0.07 0.09 0.07
0.01 0.03 0.00 0.02 0.02 0.02 0.01 0.08
0.01 0.03 0.00 0.01 0.03 0.03 0.02 0.06
0.02 0.03 0.00 0.02 0.04 0.03 0.02 0.11
0.02 0.06 0.01 0.01 0.04 0.05 0.03 0.05
0.02 0.08 0.01 0.01 0.05 0.07 0.04 0.04
0.02 0.07 0.01 0.01 0.05 0.06 0.03 0.05
0.01 0.03 0.00 0.01 0.03 0.04 0.01 0.05
0.02 0.06 0.01 0.01 0.05 0.07 0.05 0.03
0.00 0.01 0.00 0.00 0.01 0.01 0.01 0.03
0.01 0.04 0.00 0.01 0.04 0.05 0.03 0.04
0.01 0.04 0.00 0.01 0.04 0.04 0.02 0.08
0.01 0.05 0.00 0.00 0.03 0.06 0.02 0.03
0.01 0.03 0.00 0.01 0.04 0.05 0.04 0.04
0.01 0.03 0.00 0.01 0.04 0.04 0.03 0.05
0.01 0.02 0.00 0.01 0.04 0.05 0.03 0.06
0.02 0.04 0.01 0.01 0.06 0.05 0.09 0.09
0.02 0.04 0.01 0.01 0.05 0.04 0.06 0.08
0.01 0.04 0.01 0.01 0.04 0.04 0.03 0.06
0.04 0.12 0.02 0.02 0.07 0.07 0.08 0.09
0.05 0.13 0.02 0.02 0.09 0.08 0.09 0.11
0.02 0.05 0.01 0.01 0.03 0.04 0.03 0.04
0.03 0.15 0.01 0.01 0.06 0.08 0.05 0.04
0.03 0.12 0.01 0.01 0.06 0.08 0.05 0.04
0.06 0.23 0.02 0.01 0.09 0.11 0.07 0.05
0.08 0.26 0.04 0.02 0.14 0.14 0.14 0.12
0.03 0.09 0.02 0.00 0.05 0.05 0.06 0.03
0.02 0.09 0.01 0.00 0.05 0.06 0.05 0.02
0.01 0.07 0.00 0.00 0.04 0.05 0.03 0.01
0.00 0.03 0.00 0.00 0.01 0.03 0.01 0.00
0.01 0.04 0.00 0.00 0.02 0.04 0.01 0.01
0.01 0.02 0.00 0.00 0.02 0.02 0.02 0.01
0.00 0.02 0.00 0.00 0.02 0.03 0.01 0.02
0.01 0.07 0.00 0.00 0.04 0.06 0.03 0.01
0.01 0.03 0.00 0.00 0.02 0.03 0.01 0.01
0.01 0.05 0.00 0.00 0.02 0.04 0.01 0.01
0.01 0.05 0.00 0.00 0.03 0.04 0.02 0.01
0.01 0.03 0.00 0.00 0.01 0.02 0.02 0.01
0.06 0.31 0.01 0.01 0.16 0.21 0.10 0.09
0.02 0.14 0.00 0.00 0.05 0.09 0.01 0.01
0.06 0.28 0.01 0.01 0.14 0.20 0.09 0.08
0.04 0.21 0.01 0.01 0.10 0.15 0.06 0.05
0.07 0.31 0.02 0.01 0.16 0.20 0.11 0.09
0.07 0.32 0.01 0.01 0.16 0.21 0.10 0.12
0.05 0.27 0.01 0.00 0.13 0.19 0.08 0.05
0.07 0.39 0.01 0.01 0.15 0.23 0.07 0.06
0.05 0.31 0.01 0.00 0.14 0.20 0.07 0.04
0.07 0.38 0.01 0.01 0.16 0.22 0.08 0.06
0.09 0.54 0.01 0.00 0.22 0.30 0.11 0.06
0.07 0.41 0.01 0.01 0.19 0.25 0.09 0.12
0.11 0.63 0.02 0.01 0.27 0.33 0.16 0.15
0.08 0.41 0.02 0.00 0.17 0.20 0.13 0.10
0.09 0.56 0.01 0.01 0.15 0.19 0.06 0.08
0.12 0.67 0.02 0.01 0.17 0.22 0.09 0.09
0.15 0.94 0.02 0.01 0.19 0.25 0.09 0.07
0.14 0.78 0.02 0.01 0.15 0.18 0.09 0.08
0.11 0.58 0.02 0.01 0.12 0.14 0.07 0.07
0.16 0.87 0.03 0.01 0.15 0.18 0.10 0.07
0.11 0.59 0.02 0.00 0.12 0.14 0.08 0.06
0.13 0.71 0.02 0.01 0.12 0.14 0.08 0.08
0.15 0.84 0.02 0.01 0.15 0.17 0.08 0.12
0.11 0.61 0.02 0.01 0.12 0.14 0.08 0.08
0.08 0.46 0.01 0.00 0.12 0.13 0.07 0.08
0.05 0.31 0.01 0.00 0.08 0.10 0.05 0.07
0.03 0.17 0.00 0.00 0.06 0.07 0.03 0.05
0.01 0.07 0.00 0.00 0.03 0.04 0.02 0.03
0.01 0.04 0.00 0.00 0.03 0.03 0.02 0.05
0.00 0.02 0.00 0.00 0.01 0.01 0.01 0.04
0.01 0.03 0.00 0.00 0.02 0.02 0.02 0.04
0.00 0.00 0.00 0.00 0.00 0.00 0.01 0.05
0.00 0.01 0.00 0.00 0.00 0.01 0.01 0.04
0.00 0.02 0.00 0.00 0.01 0.01 0.00 0.05
0.00 0.01 0.00 0.00 0.01 0.01 0.01 0.03
0.00 0.01 0.00 0.00 0.00 0.01 0.01 0.04
0.00 0.01 0.00 0.00 0.01 0.01 0.00 0.06
0.00 0.02 0.00 0.00 0.01 0.01 0.01 0.06
0.00 0.02 0.00 0.00 0.02 0.02 0.02 0.05
0.00 0.01 0.00 0.00 0.01 0.01 0.01 0.05
0.00 0.01 0.00 0.00 0.01 0.01 0.01 0.06
0.00 0.01 0.00 0.00 0.01 0.01 0.01 0.04
0.00 0.01 0.00 0.00 0.01 0.01 0.01 0.03
0.00 0.00 0.00 0.00 0.00 0.00 0.01 0.06
0.01 0.03 0.00 0.00 0.03 0.03 0.03 0.06
0.00 0.01 0.00 0.00 0.01 0.01 0.03 0.03
0.00 0.00 0.00 0.00 0.00 0.00 0.00 0.02
0.00 0.01 0.00 0.00 0.01 0.01 0.00 0.02
0.00 0.01 0.00 0.00 0.01 0.01 0.00 0.02
0.00 0.02 0.00 0.00 0.01 0.01 0.01 0.03
0.00 0.01 0.00 0.00 0.01 0.01 0.01 0.01
0.00 0.01 0.00 0.00 0.01 0.01 0.00 0.02
0.00 0.02 0.00 0.00 0.01 0.01 0.01 0.03
0.00 0.01 0.00 0.00 0.01 0.01 0.01 0.02
0.00 0.01 0.00 0.00 0.01 0.01 0.01 0.05
0.00 0.01 0.00 0.00 0.01 0.01 0.00 0.03
0.00 0.00 0.00 0.00 0.00 0.00 0.01 0.02
0.00 0.00 0.00 0.00 0.00 0.00 0.01 0.02
0.00 0.00 0.00 0.00 0.00 0.00 0.00 0.02
0.00 0.01 0.00 0.00 0.01 0.01 0.01 0.02
0.00 0.00 0.00 0.00 0.00 0.00 0.00 0.01
0.00 0.00 0.00 0.00 0.00 0.00 0.00 0.02
0.00 0.01 0.00 0.00 0.00 0.01 0.01 0.01
0.02 0.06 0.00 0.01 0.06 0.06 0.04 0.14
0.02 0.06 0.01 0.01 0.06 0.05 0.08 0.14
0.01 0.03 0.01 0.01 0.04 0.02 0.05 0.10
0.00 0.01 0.00 0.00 0.01 0.01 0.01 0.02
0.00 0.01 0.00 0.00 0.01 0.01 0.00 0.01
0.00 0.00 0.00 0.00 0.00 0.00 0.00 0.01
0.00 0.01 0.00 0.00 0.01 0.01 0.02 0.02
0.01 0.04 0.01 0.00 0.03 0.03 0.04 0.04
0.02 0.07 0.01 0.01 0.06 0.06 0.06 0.08
0.01 0.02 0.01 0.01 0.03 0.02 0.05 0.12
0.00 0.00 0.00 0.00 0.00 0.00 0.01 0.02
0.00 0.00 0.00 0.00 0.00 0.00 0.00 0.02
0.00 0.00 0.00 0.00 0.00 0.00 0.01 0.02
0.00 0.00 0.00 0.00 0.00 0.00 0.00 0.01
0.00 0.00 0.00 0.00 0.00 0.00 0.00 0.01
0.00 0.00 0.00 0.00 0.00 0.00 0.01 0.01
0.00 0.00 0.00 0.00 0.00 0.00 0.01 0.01
0.00 0.01 0.00 0.00 0.01 0.01 0.02 0.06
0.06 0.15 0.03 0.04 0.22 0.16 0.22 0.51
0.02 0.03 0.01 0.01 0.05 0.03 0.09 0.14
0.01 0.02 0.01 0.01 0.04 0.02 0.08 0.10
0.01 0.02 0.01 0.01 0.03 0.02 0.04 0.05
0.01 0.01 0.00 0.00 0.02 0.01 0.03 0.03
0.00 0.00 0.00 0.00 0.01 0.00 0.02 0.01
0.00 0.00 0.00 0.00 0.01 0.01 0.02 0.02
0.00 0.00 0.00 0.00 0.00 0.00 0.02 0.01
0.00 0.00 0.00 0.00 0.00 0.00 0.00 0.00
0.00 0.00 0.00 0.00 0.00 0.00 0.00 0.00
0.00 0.01 0.00 0.00 0.00 0.01 0.01 0.00
0.00 0.01 0.00 0.00 0.00 0.01 0.00 0.01
0.00 0.01 0.00 0.00 0.01 0.01 0.00 0.00
0.00 0.00 0.00 0.00 0.00 0.00 0.01 0.00
0.00 0.01 0.00 0.00 0.00 0.01 0.01 0.00
0.00 0.00 0.00 0.00 0.00 0.00 0.00 0.00
0.00 0.01 0.00 0.00 0.00 0.01 0.01 0.00
0.00 0.01 0.00 0.00 0.00 0.00 0.00 0.00
0.00 0.01 0.00 0.00 0.00 0.01 0.00 0.00
0.00 0.02 0.00 0.00 0.01 0.01 0.00 0.00
0.00 0.01 0.00 0.00 0.00 0.01 0.01 0.00
0.00 0.01 0.00 0.00 0.00 0.00 0.00 0.00
0.00 0.00 0.00 0.00 0.00 0.00 0.00 0.00
0.00 0.01 0.00 0.00 0.00 0.00 0.01 0.00
0.00 0.01 0.00 0.00 0.00 0.00 0.01 0.00
0.00 0.01 0.00 0.00 0.00 0.00 0.00 0.00
0.00 0.00 0.00 0.00 0.00 0.00 0.00 0.00
0.00 0.00 0.00 0.00 0.00 0.00 0.00 0.00
0.00 0.00 0.00 0.00 0.00 0.00 0.00 0.00
0.00 0.00 0.00 0.00 0.00 0.00 0.01 0.00
0.00 0.00 0.00 0.00 0.00 0.00 0.00 0.00
0.00 0.01 0.00 0.00 0.00 0.00 0.00 0.00
0.00 0.00 0.00 0.00 0.00 0.00 0.00 0.00
0.00 0.01 0.00 0.00 0.00 0.00 0.00 0.00
0.00 0.01 0.00 0.00 0.00 0.00 0.00 0.00
0.00 0.01 0.00 0.00 0.00 0.00 0.00 0.00
0.00 0.00 0.00 0.00 0.00 0.00 0.00 0.00
0.00 0.00 0.00 0.00 0.00 0.00 0.00 0.00
0.00 0.00 0.00 0.00 0.00 0.00 0.00 0.00
0.00 0.00 0.00 0.00 0.00 0.00 0.00 0.00
0.00 0.00 0.00 0.00 0.00 0.00 0.00 0.00
0.00 0.00 0.00 0.00 0.00 0.00 0.00 0.01
0.00 0.00 0.00 0.00 0.00 0.00 0.00 0.00
0.00 0.00 0.00 0.00 0.00 0.00 0.00 0.00
0.00 0.00 0.00 0.00 0.00 0.00 0.00 0.01
0.00 0.00 0.00 0.00 0.00 0.00 0.00 0.01
0.00 0.00 0.00 0.00 0.00 0.00 0.01 0.01
0.00 0.00 0.00 0.00 0.00 0.00 0.01 0.00
0.00 0.00 0.00 0.00 0.00 0.00 0.00 0.00
0.00 0.00 0.00 0.00 0.00 0.00 0.00 0.00
0.03 0.05 0.04 0.01 0.07 0.03 0.21 0.15
0.01 0.02 0.01 0.00 0.02 0.01 0.05 0.06
0.00 0.01 0.01 0.00 0.01 0.00 0.07 0.03
0.00 0.00 0.00 0.00 0.00 0.00 0.01 0.02
0.00 0.00 0.00 0.00 0.00 0.00 0.02 0.02
0.00 0.00 0.00 0.00 0.00 0.00 0.01 0.01
0.00 0.00 0.00 0.00 0.00 0.00 0.01 0.00
0.00 0.00 0.00 0.00 0.00 0.00 0.00 0.00
0.00 0.00 0.00 0.00 0.00 0.00 0.00 0.00
0.00 0.00 0.00 0.00 0.00 0.00 0.00 0.00
0.02 0.09 0.01 0.01 0.07 0.07 0.06 0.08
0.04 0.16 0.01 0.01 0.12 0.13 0.08 0.14
0.01 0.02 0.00 0.00 0.02 0.02 0.04 0.02
0.00 0.00 0.00 0.00 0.00 0.00 0.01 0.00
0.00 0.00 0.00 0.00 0.00 0.00 0.02 0.01
0.00 0.00 0.00 0.00 0.00 0.00 0.01 0.01
0.00 0.00 0.00 0.00 0.00 0.00 0.00 0.01
0.00 0.00 0.00 0.00 0.00 0.00 0.00 0.02
0.00 0.00 0.00 0.00 0.00 0.00 0.00 0.00
0.00 0.00 0.00 0.00 0.00 0.00 0.00 0.02
0.00 0.00 0.00 0.00 0.00 0.00 0.01 0.02
0.00 0.00 0.00 0.00 0.00 0.00 0.00 0.00
0.00 0.00 0.00 0.00 0.00 0.00 0.00 0.03
0.00 0.00 0.00 0.00 0.00 0.00 0.00 0.01
0.00 0.00 0.00 0.00 0.00 0.00 0.00 0.01
0.00 0.00 0.00 0.00 0.00 0.00 0.00 0.00
0.00 0.00 0.00 0.00 0.00 0.00 0.00 0.01
0.00 0.00 0.00 0.00 0.00 0.00 0.00 0.00
0.00 0.02 0.00 0.00 0.01 0.02 0.00 0.01
0.00 0.02 0.00 0.00 0.01 0.02 0.00 0.03
0.00 0.00 0.00 0.00 0.00 0.00 0.00 0.01
0.00 0.00 0.00 0.00 0.00 0.00 0.00 0.00
0.00 0.00 0.00 0.00 0.00 0.00 0.00 0.00
0.00 0.00 0.00 0.00 0.00 0.00 0.00 0.01
0.00 0.00 0.00 0.00 0.00 0.00 0.00 0.01
0.00 0.00 0.00 0.00 0.00 0.00 0.00 0.01
0.00 0.02 0.00 0.00 0.01 0.01 0.00 0.01
0.00 0.01 0.00 0.00 0.01 0.01 0.01 0.01
0.00 0.00 0.00 0.00 0.00 0.00 0.00 0.01
0.00 0.00 0.00 0.00 0.00 0.00 0.01 0.01
0.00 0.00 0.00 0.00 0.00 0.00 0.00 0.00
0.00 0.00 0.00 0.00 0.00 0.00 0.00 0.00
0.00 0.00 0.00 0.00 0.00 0.00 0.00 0.00
0.00 0.01 0.00 0.00 0.00 0.00 0.01 0.01
0.01 0.02 0.00 0.00 0.01 0.01 0.01 0.03
0.01 0.04 0.00 0.01 0.02 0.02 0.02 0.07
0.01 0.03 0.00 0.00 0.02 0.02 0.02 0.05
0.00 0.00 0.00 0.00 0.00 0.00 0.01 0.01
0.00 0.00 0.00 0.00 0.00 0.00 0.00 0.00
0.00 0.00 0.00 0.00 0.00 0.00 0.00 0.00
