0.00 0.00 0.00 0.00 0.00 0.00 0.00 0.00
0.00 0.00 0.00 0.00 0.00 0.00 0.00 0.00
0.00 0.00 0.00 0.00 0.00 0.00 0.00 0.00
0.00 0.00 0.00 0.00 0.00 0.00 0.00 0.00
0.00 0.00 0.00 0.00 0.00 0.00 0.00 0.00
0.00 0.00 0.00 0.00 0.00 0.00 0.00 0.00
0.00 0.00 0.00 0.00 0.00 0.00 0.00 0.00
0.00 0.00 0.00 0.00 0.00 0.00 0.00 0.00
0.00 0.00 0.00 0.00 0.00 0.00 0.00 0.00
0.00 0.00 0.00 0.00 0.00 0.00 0.00 0.00
0.00 0.00 0.00 0.00 0.00 0.00 0.00 0.00
0.00 0.00 0.00 0.00 0.00 0.00 0.00 0.00
0.00 0.00 0.00 0.00 0.00 0.00 0.00 0.00
0.00 0.00 0.00 0.00 0.00 0.00 0.00 0.00
0.00 0.00 0.00 0.00 0.00 0.00 0.00 0.00
0.00 0.00 0.00 0.00 0.00 0.00 0.00 0.00
0.00 0.00 0.00 0.00 0.00 0.00 0.00 0.00
0.00 0.00 0.00 0.00 0.00 0.00 0.00 0.00
0.00 0.00 0.00 0.00 0.00 0.00 0.00 0.00
0.00 0.00 0.00 0.00 0.00 0.00 0.00 0.00
0.00 0.00 0.00 0.00 0.00 0.00 0.00 0.00
0.00 0.02 0.00 0.01 0.00 0.01 0.00 0.02
0.03 0.02 0.03 0.02 0.02 0.01 0.05 0.05
0.00 0.00 0.02 0.00 0.00 0.00 0.04 0.00
0.01 0.02 0.02 0.00 0.01 0.01 0.03 0.00
0.00 0.00 0.01 0.01 0.00 0.00 0.02 0.02
0.01 0.03 0.01 0.03 0.01 0.01 0.02 0.10
0.01 0.02 0.00 0.02 0.01 0.01 0.01 0.07
0.02 0.03 0.04 0.02 0.02 0.01 0.08 0.07
0.08 0.25 0.02 0.00 0.09 0.13 0.04 0.01
0.65 1.69 0.19 0.07 0.86 1.10 0.43 0.27
0.78 1.90 0.26 0.17 1.03 1.26 0.61 0.52
0.65 1.64 0.23 0.09 0.79 0.99 0.49 0.26
0.73 1.78 0.26 0.15 0.89 1.09 0.54 0.44
0.66 1.55 0.29 0.15 0.90 1.07 0.66 0.49
0.56 1.31 0.23 0.14 0.86 1.02 0.58 0.49
0.69 1.57 0.31 0.18 0.96 1.12 0.72 0.58
0.50 1.16 0.20 0.14 0.78 0.93 0.52 0.50
0.55 1.22 0.27 0.17 0.84 0.96 0.67 0.59
0.65 1.47 0.28 0.21 0.89 1.03 0.64 0.63
0.63 1.50 0.26 0.15 0.79 0.94 0.56 0.43
0.41 1.04 0.13 0.07 0.56 0.70 0.31 0.20
0.47 1.19 0.15 0.07 0.64 0.79 0.37 0.25
0.51 1.31 0.17 0.07 0.75 0.91 0.44 0.29
0.51 1.33 0.18 0.03 0.76 0.94 0.47 0.15
0.57 1.46 0.16 0.08 0.86 1.03 0.45 0.43
0.57 1.44 0.20 0.07 0.90 1.05 0.57 0.37
0.47 1.21 0.16 0.03 0.77 0.92 0.44 0.22
0.58 1.52 0.17 0.04 0.95 1.14 0.51 0.26
0.62 1.59 0.21 0.05 1.11 1.30 0.68 0.38
0.66 1.70 0.23 0.05 1.24 1.43 0.75 0.45
0.68 1.78 0.22 0.04 1.23 1.44 0.71 0.40
0.78 2.04 0.26 0.05 1.25 1.45 0.75 0.42
0.80 2.11 0.25 0.03 1.27 1.48 0.75 0.26
0.82 2.19 0.24 0.04 1.28 1.50 0.72 0.28
0.75 2.02 0.20 0.03 1.26 1.47 0.68 0.25
0.88 2.37 0.24 0.02 1.42 1.65 0.81 0.21
0.84 2.26 0.22 0.04 1.47 1.72 0.80 0.36
0.73 1.91 0.23 0.04 1.45 1.69 0.91 0.39
0.70 1.82 0.24 0.05 1.39 1.63 0.90 0.42
0.19 0.41 0.12 0.04 0.43 0.44 0.42 0.37
0.12 0.24 0.08 0.03 0.28 0.28 0.31 0.28
0.05 0.08 0.06 0.01 0.13 0.11 0.24 0.10
0.02 0.04 0.03 0.01 0.08 0.07 0.15 0.12
0.02 0.03 0.03 0.01 0.07 0.05 0.17 0.11
0.02 0.03 0.02 0.01 0.06 0.05 0.10 0.11
0.00 0.01 0.02 0.00 0.01 0.02 0.08 0.04
0.01 0.02 0.02 0.02 0.02 0.03 0.08 0.14
0.02 0.03 0.04 0.01 0.07 0.05 0.16 0.12
0.01 0.03 0.02 0.01 0.03 0.03 0.08 0.13
0.01 0.02 0.03 0.01 0.04 0.02 0.14 0.10
0.01 0.02 0.03 0.01 0.04 0.03 0.11 0.12
0.01 0.03 0.02 0.00 0.04 0.04 0.10 0.04
0.01 0.02 0.01 0.01 0.02 0.02 0.07 0.04
0.01 0.04 0.01 0.01 0.04 0.06 0.04 0.13
0.01 0.02 0.02 0.01 0.01 0.03 0.06 0.07
0.01 0.02 0.01 0.01 0.02 0.03 0.03 0.04
0.03 0.05 0.03 0.02 0.05 0.05 0.06 0.07
0.02 0.04 0.01 0.01 0.03 0.04 0.04 0.04
0.02 0.03 0.03 0.03 0.02 0.03 0.06 0.09
0.02 0.03 0.03 0.02 0.02 0.02 0.06 0.05
0.01 0.01 0.03 0.02 0.02 0.01 0.07 0.05
0.02 0.05 0.04 0.01 0.03 0.04 0.08 0.03
0.02 0.04 0.02 0.02 0.04 0.04 0.06 0.04
0.02 0.03 0.04 0.03 0.03 0.03 0.08 0.07
0.03 0.07 0.03 0.02 0.05 0.08 0.07 0.06
0.02 0.02 0.04 0.01 0.03 0.02 0.09 0.04
0.02 0.03 0.04 0.04 0.03 0.04 0.09 0.10
0.01 0.02 0.02 0.01 0.02 0.03 0.05 0.04
0.01 0.03 0.02 0.02 0.02 0.04 0.05 0.05
0.02 0.03 0.03 0.02 0.04 0.04 0.07 0.06
0.02 0.02 0.02 0.03 0.03 0.03 0.06 0.06
0.04 0.08 0.03 0.03 0.07 0.09 0.09 0.09
0.03 0.06 0.04 0.04 0.06 0.08 0.11 0.11
0.06 0.12 0.04 0.04 0.13 0.18 0.12 0.11
0.04 0.07 0.03 0.03 0.09 0.11 0.10 0.09
0.02 0.04 0.02 0.01 0.04 0.05 0.07 0.04
0.04 0.09 0.03 0.03 0.09 0.11 0.08 0.08
0.03 0.06 0.03 0.02 0.06 0.07 0.07 0.08
0.04 0.08 0.03 0.03 0.06 0.07 0.07 0.08
0.05 0.12 0.02 0.03 0.08 0.11 0.04 0.07
0.02 0.06 0.04 0.03 0.03 0.05 0.09 0.07
0.21 0.33 0.15 0.17 0.30 0.27 0.31 0.42
0.13 0.16 0.10 0.14 0.18 0.13 0.20 0.31
0.13 0.20 0.08 0.10 0.18 0.16 0.17 0.27
0.27 0.46 0.17 0.18 0.36 0.34 0.32 0.48
0.20 0.31 0.15 0.15 0.27 0.23 0.29 0.38
0.13 0.19 0.13 0.08 0.17 0.14 0.25 0.21
0.06 0.07 0.07 0.06 0.09 0.06 0.15 0.18
0.04 0.06 0.05 0.03 0.07 0.05 0.12 0.11
0.02 0.03 0.04 0.02 0.03 0.03 0.09 0.07
0.02 0.04 0.03 0.01 0.05 0.04 0.09 0.05
0.02 0.03 0.02 0.03 0.03 0.04 0.07 0.12
0.01 0.02 0.02 0.02 0.02 0.02 0.06 0.07
0.02 0.04 0.01 0.01 0.04 0.05 0.05 0.07
0.02 0.04 0.03 0.02 0.04 0.04 0.08 0.08
0.10 0.21 0.05 0.04 0.17 0.20 0.14 0.15
0.02 0.04 0.03 0.02 0.03 0.03 0.08 0.06
0.01 0.03 0.01 0.02 0.02 0.02 0.03 0.07
0.02 0.06 0.02 0.02 0.04 0.05 0.05 0.05
0.05 0.12 0.03 0.02 0.09 0.11 0.08 0.06
0.06 0.16 0.03 0.02 0.10 0.14 0.09 0.06
0.06 0.14 0.04 0.02 0.09 0.12 0.10 0.07
0.07 0.16 0.04 0.02 0.10 0.12 0.10 0.06
0.04 0.09 0.03 0.01 0.05 0.07 0.08 0.04
0.03 0.10 0.02 0.02 0.05 0.08 0.05 0.06
0.07 0.11 0.05 0.05 0.11 0.09 0.13 0.15
0.08 0.22 0.02 0.02 0.12 0.18 0.06 0.08
0.08 0.20 0.04 0.02 0.14 0.18 0.11 0.09
0.10 0.26 0.03 0.02 0.17 0.22 0.09 0.10
0.09 0.21 0.03 0.02 0.15 0.18 0.11 0.11
0.09 0.21 0.04 0.02 0.15 0.17 0.14 0.10
0.08 0.19 0.04 0.02 0.13 0.14 0.13 0.08
0.12 0.28 0.05 0.03 0.16 0.18 0.12 0.11
0.16 0.36 0.08 0.04 0.20 0.22 0.20 0.13
0.19 0.45 0.10 0.03 0.23 0.26 0.24 0.09
0.15 0.32 0.10 0.03 0.18 0.18 0.23 0.09
0.17 0.37 0.10 0.05 0.20 0.20 0.21 0.16
0.18 0.39 0.11 0.05 0.21 0.21 0.24 0.18
0.11 0.26 0.06 0.03 0.12 0.13 0.12 0.11
0.19 0.45 0.11 0.04 0.20 0.22 0.22 0.14
0.12 0.29 0.06 0.03 0.14 0.15 0.12 0.14
0.11 0.26 0.05 0.04 0.12 0.14 0.11 0.14
0.17 0.38 0.07 0.05 0.22 0.23 0.20 0.23
0.14 0.33 0.07 0.04 0.21 0.21 0.20 0.20
0.07 0.15 0.04 0.03 0.11 0.11 0.14 0.17
0.06 0.13 0.04 0.02 0.11 0.11 0.13 0.18
0.05 0.12 0.03 0.02 0.10 0.11 0.12 0.17
0.02 0.06 0.03 0.02 0.04 0.05 0.09 0.17
0.03 0.07 0.02 0.02 0.05 0.06 0.08 0.14
0.03 0.10 0.02 0.01 0.06 0.08 0.07 0.13
0.04 0.10 0.03 0.01 0.07 0.08 0.09 0.11
0.06 0.15 0.03 0.01 0.11 0.13 0.10 0.11
0.05 0.13 0.03 0.01 0.11 0.12 0.12 0.09
0.05 0.10 0.03 0.01 0.10 0.09 0.13 0.08
0.03 0.08 0.02 0.01 0.06 0.07 0.08 0.10
0.06 0.16 0.04 0.01 0.13 0.15 0.13 0.08
0.08 0.20 0.03 0.01 0.16 0.19 0.12 0.07
0.05 0.12 0.02 0.01 0.10 0.11 0.08 0.09
0.05 0.11 0.03 0.01 0.11 0.11 0.12 0.13
0.04 0.08 0.03 0.02 0.08 0.08 0.11 0.16
0.03 0.08 0.02 0.01 0.08 0.09 0.08 0.14
0.03 0.06 0.03 0.01 0.07 0.06 0.11 0.12
0.03 0.07 0.02 0.01 0.06 0.07 0.09 0.10
0.05 0.12 0.03 0.01 0.09 0.10 0.08 0.07
0.05 0.11 0.04 0.01 0.09 0.09 0.12 0.08
0.05 0.11 0.04 0.01 0.09 0.09 0.13 0.09
0.06 0.14 0.03 0.02 0.11 0.11 0.09 0.13
0.06 0.14 0.03 0.02 0.10 0.11 0.09 0.14
0.04 0.09 0.03 0.01 0.07 0.07 0.10 0.10
0.04 0.07 0.03 0.01 0.07 0.07 0.11 0.13
0.05 0.12 0.04 0.01 0.10 0.11 0.13 0.08
0.07 0.17 0.04 0.01 0.13 0.15 0.13 0.09
0.04 0.09 0.02 0.02 0.07 0.09 0.06 0.11
0.03 0.08 0.02 0.02 0.06 0.07 0.07 0.12
0.03 0.06 0.01 0.02 0.06 0.06 0.05 0.12
0.04 0.09 0.02 0.02 0.09 0.09 0.08 0.14
0.04 0.08 0.03 0.02 0.09 0.09 0.10 0.15
0.04 0.09 0.02 0.02 0.09 0.10 0.08 0.11
0.05 0.12 0.02 0.02 0.11 0.13 0.09 0.15
0.04 0.09 0.03 0.02 0.09 0.10 0.10 0.13
0.06 0.13 0.03 0.02 0.12 0.14 0.10 0.13
0.08 0.17 0.04 0.03 0.15 0.17 0.13 0.13
0.07 0.15 0.04 0.02 0.12 0.13 0.10 0.11
0.06 0.14 0.04 0.03 0.11 0.13 0.11 0.12
0.04 0.07 0.05 0.04 0.07 0.06 0.14 0.13
0.05 0.08 0.04 0.04 0.08 0.07 0.10 0.11
0.06 0.08 0.05 0.05 0.10 0.07 0.12 0.17
0.09 0.13 0.07 0.08 0.15 0.11 0.17 0.26
0.02 0.05 0.05 0.05 0.04 0.04 0.13 0.14
0.09 0.20 0.05 0.04 0.15 0.17 0.14 0.11
0.12 0.23 0.09 0.06 0.20 0.20 0.24 0.19
0.06 0.10 0.06 0.03 0.10 0.09 0.15 0.11
0.04 0.08 0.04 0.03 0.08 0.08 0.11 0.12
0.03 0.06 0.02 0.02 0.05 0.06 0.07 0.09
0.06 0.12 0.03 0.04 0.10 0.12 0.06 0.16
0.11 0.19 0.07 0.06 0.18 0.18 0.19 0.19
0.11 0.20 0.09 0.06 0.19 0.19 0.21 0.19
0.06 0.11 0.05 0.04 0.11 0.11 0.14 0.15
0.07 0.14 0.06 0.03 0.14 0.14 0.15 0.13
0.09 0.15 0.07 0.07 0.17 0.14 0.19 0.23
0.08 0.15 0.05 0.03 0.13 0.15 0.13 0.11
0.07 0.12 0.05 0.04 0.12 0.12 0.14 0.13
0.06 0.11 0.05 0.03 0.11 0.12 0.14 0.09
0.04 0.08 0.03 0.03 0.08 0.08 0.08 0.09
0.03 0.07 0.03 0.03 0.06 0.07 0.06 0.08
0.03 0.06 0.02 0.03 0.07 0.08 0.06 0.09
0.03 0.05 0.02 0.03 0.06 0.07 0.07 0.09
0.03 0.05 0.02 0.03 0.06 0.07 0.05 0.09
0.03 0.06 0.03 0.02 0.05 0.07 0.07 0.06
0.02 0.05 0.03 0.02 0.05 0.05 0.07 0.06
0.04 0.09 0.03 0.02 0.07 0.09 0.06 0.07
0.03 0.09 0.01 0.02 0.05 0.09 0.03 0.05
0.04 0.12 0.03 0.02 0.07 0.12 0.06 0.06
0.04 0.09 0.04 0.02 0.06 0.08 0.08 0.05
0.05 0.12 0.04 0.02 0.07 0.11 0.09 0.05
0.04 0.11 0.03 0.02 0.06 0.10 0.07 0.05
0.03 0.13 0.03 0.03 0.05 0.10 0.06 0.06
0.08 0.15 0.05 0.08 0.11 0.12 0.09 0.18
0.07 0.13 0.06 0.08 0.10 0.11 0.10 0.17
0.04 0.11 0.03 0.02 0.06 0.09 0.07 0.05
0.04 0.10 0.03 0.03 0.06 0.08 0.06 0.06
0.05 0.13 0.03 0.03 0.07 0.11 0.04 0.08
0.08 0.16 0.05 0.03 0.08 0.11 0.08 0.06
0.09 0.19 0.06 0.04 0.11 0.13 0.09 0.07
0.14 0.28 0.09 0.07 0.14 0.16 0.12 0.12
0.21 0.40 0.11 0.13 0.21 0.23 0.16 0.22
0.26 0.57 0.11 0.10 0.25 0.31 0.15 0.16
0.25 0.49 0.15 0.11 0.21 0.24 0.18 0.17
0.22 0.41 0.10 0.16 0.17 0.18 0.11 0.23
0.25 0.51 0.14 0.10 0.19 0.23 0.16 0.14
0.26 0.57 0.15 0.07 0.20 0.26 0.18 0.09
0.35 0.80 0.17 0.11 0.28 0.36 0.20 0.15
0.29 0.65 0.13 0.10 0.25 0.31 0.19 0.15
0.21 0.49 0.11 0.07 0.20 0.25 0.17 0.10
0.22 0.49 0.13 0.06 0.21 0.25 0.19 0.11
0.25 0.61 0.08 0.07 0.26 0.34 0.14 0.14
0.29 0.63 0.14 0.11 0.33 0.38 0.26 0.24
0.28 0.58 0.14 0.11 0.33 0.37 0.27 0.28
0.20 0.45 0.11 0.05 0.27 0.32 0.23 0.15
0.05 0.09 0.04 0.03 0.08 0.07 0.10 0.12
0.06 0.11 0.06 0.03 0.09 0.08 0.14 0.12
0.05 0.08 0.05 0.02 0.07 0.07 0.10 0.06
0.03 0.07 0.03 0.02 0.05 0.06 0.08 0.07
0.02 0.04 0.02 0.02 0.03 0.03 0.06 0.08
0.02 0.05 0.03 0.01 0.03 0.04 0.07 0.07
0.02 0.05 0.02 0.01 0.04 0.05 0.06 0.05
0.02 0.05 0.02 0.01 0.04 0.04 0.07 0.05
0.02 0.05 0.01 0.02 0.03 0.04 0.04 0.06
0.02 0.05 0.02 0.02 0.03 0.04 0.04 0.09
0.00 0.00 0.00 0.01 0.00 0.00 0.00 0.05
0.01 0.03 0.00 0.01 0.03 0.03 0.01 0.05
0.00 0.00 0.00 0.01 0.00 0.00 0.01 0.02
0.01 0.02 0.00 0.02 0.02 0.02 0.00 0.07
0.02 0.03 0.00 0.01 0.02 0.02 0.01 0.06
0.01 0.03 0.01 0.01 0.02 0.02 0.03 0.03
0.01 0.02 0.00 0.00 0.01 0.02 0.01 0.02
0.01 0.03 0.01 0.00 0.02 0.03 0.02 0.01
0.01 0.04 0.00 0.00 0.02 0.03 0.01 0.01
0.02 0.03 0.01 0.02 0.03 0.03 0.02 0.06
0.01 0.03 0.01 0.01 0.02 0.03 0.03 0.02
0.02 0.04 0.02 0.01 0.04 0.03 0.05 0.04
0.02 0.03 0.01 0.01 0.03 0.03 0.04 0.03
0.02 0.05 0.02 0.01 0.05 0.05 0.08 0.03
0.02 0.05 0.03 0.00 0.05 0.04 0.08 0.01
0.01 0.02 0.01 0.02 0.03 0.02 0.04 0.09
0.01 0.02 0.02 0.02 0.03 0.02 0.05 0.07
0.05 0.09 0.02 0.03 0.08 0.08 0.06 0.12
0.10 0.20 0.05 0.05 0.15 0.16 0.14 0.16
0.06 0.08 0.04 0.05 0.09 0.06 0.09 0.18
0.14 0.35 0.07 0.01 0.22 0.27 0.20 0.04
0.14 0.34 0.07 0.01 0.22 0.26 0.18 0.05
0.17 0.39 0.08 0.03 0.27 0.31 0.22 0.13
0.17 0.37 0.09 0.04 0.31 0.34 0.27 0.24
0.09 0.23 0.01 0.04 0.19 0.22 0.04 0.26
0.12 0.27 0.04 0.05 0.25 0.27 0.14 0.31
0.11 0.27 0.04 0.03 0.24 0.28 0.14 0.18
0.14 0.35 0.05 0.03 0.28 0.33 0.16 0.19
0.13 0.29 0.05 0.05 0.25 0.27 0.16 0.30
0.14 0.33 0.06 0.04 0.27 0.30 0.20 0.22
0.14 0.33 0.04 0.06 0.28 0.32 0.16 0.32
0.16 0.35 0.07 0.07 0.29 0.31 0.22 0.34
0.18 0.38 0.08 0.06 0.30 0.32 0.25 0.28
0.14 0.32 0.06 0.05 0.21 0.23 0.14 0.22
0.10 0.25 0.05 0.02 0.14 0.17 0.11 0.07
0.12 0.27 0.07 0.03 0.15 0.16 0.16 0.10
0.15 0.37 0.06 0.04 0.19 0.22 0.12 0.13
0.34 0.76 0.17 0.11 0.40 0.43 0.35 0.35
0.28 0.62 0.11 0.10 0.30 0.31 0.22 0.30
0.32 0.77 0.09 0.09 0.33 0.38 0.17 0.28
0.23 0.51 0.11 0.08 0.25 0.27 0.20 0.24
0.26 0.67 0.07 0.03 0.26 0.32 0.13 0.12
0.14 0.37 0.03 0.02 0.15 0.20 0.05 0.05
0.16 0.39 0.08 0.02 0.20 0.23 0.18 0.07
0.05 0.17 0.02 0.04 0.06 0.10 0.04 0.12
0.27 0.68 0.08 0.05 0.34 0.42 0.17 0.15
0.29 0.67 0.13 0.07 0.39 0.46 0.29 0.22
0.30 0.74 0.11 0.04 0.41 0.53 0.26 0.13
0.31 0.71 0.15 0.06 0.47 0.59 0.36 0.17
0.32 0.69 0.17 0.10 0.48 0.57 0.41 0.28
0.61 1.15 0.36 0.34 0.94 0.95 0.86 1.01
0.44 0.90 0.25 0.17 0.59 0.63 0.57 0.49
0.32 0.69 0.17 0.14 0.46 0.50 0.38 0.42
0.31 0.68 0.16 0.12 0.45 0.50 0.41 0.37
0.32 0.66 0.18 0.12 0.46 0.49 0.43 0.41
0.37 0.83 0.16 0.11 0.53 0.61 0.41 0.35
0.31 0.66 0.15 0.11 0.44 0.48 0.39 0.36
0.32 0.71 0.15 0.12 0.46 0.50 0.39 0.38
0.22 0.48 0.13 0.07 0.34 0.37 0.32 0.24
0.23 0.52 0.09 0.09 0.31 0.35 0.22 0.28
0.16 0.38 0.07 0.05 0.22 0.26 0.17 0.14
0.27 0.63 0.09 0.11 0.37 0.41 0.21 0.37
0.19 0.39 0.09 0.08 0.26 0.28 0.23 0.28
0.32 0.71 0.14 0.11 0.40 0.44 0.32 0.35
0.23 0.49 0.10 0.09 0.29 0.30 0.23 0.31
0.17 0.38 0.07 0.08 0.21 0.22 0.16 0.25
0.27 0.55 0.13 0.13 0.30 0.30 0.27 0.38
0.17 0.39 0.07 0.07 0.21 0.22 0.16 0.27
0.15 0.32 0.06 0.06 0.19 0.19 0.15 0.26
0.13 0.30 0.05 0.04 0.19 0.20 0.13 0.20
0.09 0.18 0.04 0.04 0.12 0.12 0.12 0.16
0.08 0.17 0.04 0.03 0.11 0.11 0.10 0.12
0.10 0.22 0.05 0.04 0.14 0.14 0.13 0.13
0.10 0.23 0.05 0.04 0.14 0.15 0.12 0.14
0.10 0.24 0.06 0.02 0.15 0.16 0.16 0.07
0.10 0.23 0.05 0.02 0.16 0.18 0.13 0.08
0.07 0.17 0.05 0.02 0.14 0.15 0.15 0.11
0.08 0.18 0.04 0.02 0.15 0.17 0.13 0.10
0.06 0.14 0.04 0.01 0.11 0.14 0.13 0.05
0.06 0.15 0.03 0.02 0.12 0.13 0.11 0.11
0.19 0.47 0.08 0.04 0.31 0.37 0.22 0.16
0.31 0.72 0.12 0.08 0.43 0.51 0.30 0.28
0.38 0.88 0.15 0.11 0.52 0.59 0.38 0.36
0.38 0.86 0.16 0.12 0.50 0.56 0.38 0.37
0.24 0.55 0.12 0.07 0.33 0.38 0.27 0.22
0.20 0.47 0.09 0.05 0.29 0.35 0.21 0.19
0.23 0.51 0.10 0.08 0.32 0.36 0.24 0.24
0.19 0.43 0.10 0.05 0.28 0.33 0.24 0.18
0.09 0.24 0.04 0.02 0.15 0.20 0.10 0.08
0.23 0.56 0.07 0.07 0.31 0.39 0.17 0.19
0.31 0.69 0.17 0.09 0.42 0.48 0.35 0.28
0.23 0.55 0.08 0.07 0.31 0.37 0.19 0.21
0.20 0.48 0.07 0.04 0.31 0.38 0.19 0.18
0.21 0.51 0.07 0.05 0.32 0.38 0.19 0.21
0.14 0.40 0.04 0.01 0.24 0.31 0.12 0.08
0.14 0.39 0.02 0.02 0.23 0.31 0.07 0.09
0.16 0.45 0.03 0.01 0.28 0.36 0.09 0.08
0.17 0.47 0.05 0.01 0.31 0.40 0.14 0.09
0.15 0.41 0.04 0.01 0.28 0.35 0.13 0.06
0.17 0.45 0.06 0.01 0.35 0.42 0.21 0.11
0.16 0.45 0.04 0.01 0.36 0.45 0.17 0.08
0.19 0.51 0.06 0.01 0.42 0.50 0.21 0.12
0.18 0.50 0.05 0.02 0.36 0.44 0.16 0.15
0.21 0.55 0.06 0.02 0.37 0.43 0.19 0.20
0.19 0.50 0.06 0.02 0.35 0.42 0.21 0.18
0.23 0.61 0.06 0.02 0.42 0.51 0.23 0.15
0.19 0.52 0.05 0.01 0.38 0.46 0.19 0.14
0.20 0.53 0.06 0.01 0.40 0.48 0.21 0.14
0.14 0.38 0.04 0.01 0.35 0.42 0.17 0.14
0.13 0.34 0.05 0.01 0.31 0.38 0.21 0.09
0.03 0.08 0.02 0.01 0.06 0.09 0.05 0.10
0.07 0.19 0.03 0.01 0.16 0.20 0.13 0.11
0.04 0.11 0.03 0.01 0.11 0.15 0.11 0.15
0.05 0.13 0.02 0.01 0.13 0.18 0.08 0.14
0.07 0.18 0.02 0.01 0.20 0.25 0.13 0.11
0.09 0.22 0.04 0.01 0.25 0.29 0.21 0.08
0.09 0.24 0.03 0.01 0.21 0.26 0.14 0.07
0.11 0.29 0.04 0.01 0.26 0.31 0.16 0.13
0.09 0.23 0.04 0.01 0.24 0.30 0.16 0.10
0.06 0.16 0.03 0.02 0.14 0.19 0.12 0.18
0.10 0.23 0.06 0.01 0.26 0.29 0.24 0.09
0.08 0.18 0.05 0.01 0.21 0.23 0.20 0.10
0.10 0.23 0.06 0.01 0.24 0.28 0.23 0.09
0.08 0.21 0.04 0.01 0.23 0.27 0.17 0.12
0.09 0.21 0.04 0.01 0.23 0.28 0.15 0.17
0.12 0.25 0.07 0.04 0.26 0.27 0.25 0.30
0.22 0.44 0.12 0.11 0.41 0.42 0.33 0.51
0.31 0.59 0.18 0.15 0.50 0.51 0.44 0.54
0.37 0.72 0.17 0.23 0.53 0.55 0.39 0.63
0.54 1.01 0.30 0.30 0.64 0.66 0.56 0.66
0.46 0.83 0.27 0.28 0.53 0.54 0.46 0.59
0.48 0.80 0.29 0.37 0.60 0.56 0.55 0.75
0.43 0.73 0.18 0.38 0.55 0.54 0.34 0.78
0.43 0.76 0.19 0.35 0.57 0.60 0.39 0.69
0.32 0.59 0.12 0.26 0.45 0.50 0.25 0.56
0.38 0.67 0.20 0.29 0.53 0.56 0.43 0.58
0.38 0.64 0.20 0.30 0.55 0.59 0.43 0.59
0.37 0.63 0.16 0.32 0.55 0.58 0.38 0.64
0.29 0.53 0.14 0.22 0.50 0.56 0.37 0.51
0.34 0.57 0.18 0.26 0.56 0.59 0.46 0.59
0.05 0.08 0.03 0.06 0.10 0.09 0.09 0.15
0.05 0.10 0.02 0.05 0.08 0.10 0.06 0.11
0.06 0.16 0.03 0.03 0.10 0.16 0.07 0.07
0.09 0.18 0.05 0.04 0.15 0.20 0.13 0.10
0.07 0.15 0.04 0.04 0.15 0.20 0.13 0.11
0.07 0.17 0.03 0.03 0.15 0.23 0.09 0.10
0.06 0.13 0.03 0.03 0.13 0.18 0.10 0.09
0.05 0.11 0.04 0.02 0.09 0.12 0.10 0.06
0.06 0.14 0.04 0.02 0.10 0.13 0.09 0.04
0.07 0.16 0.06 0.02 0.11 0.14 0.13 0.04
0.08 0.17 0.05 0.04 0.13 0.15 0.12 0.11
0.18 0.32 0.12 0.13 0.26 0.26 0.25 0.31
0.21 0.36 0.15 0.13 0.29 0.27 0.32 0.30
0.23 0.36 0.20 0.15 0.32 0.28 0.40 0.37
0.12 0.22 0.10 0.06 0.17 0.18 0.20 0.17
0.13 0.26 0.09 0.06 0.16 0.18 0.18 0.16
0.06 0.16 0.04 0.03 0.09 0.13 0.09 0.09
0.09 0.22 0.06 0.02 0.12 0.16 0.12 0.07
0.09 0.21 0.06 0.03 0.14 0.18 0.14 0.10
0.09 0.22 0.06 0.02 0.14 0.18 0.13 0.06
0.07 0.15 0.05 0.03 0.12 0.13 0.13 0.11
0.09 0.19 0.07 0.04 0.15 0.17 0.17 0.15
0.09 0.16 0.08 0.04 0.16 0.16 0.21 0.14
0.06 0.16 0.03 0.02 0.12 0.16 0.11 0.09
0.07 0.17 0.05 0.02 0.12 0.17 0.15 0.10
0.07 0.19 0.06 0.03 0.14 0.19 0.16 0.11
0.08 0.24 0.03 0.02 0.15 0.22 0.10 0.07
0.04 0.13 0.02 0.03 0.07 0.11 0.06 0.10
0.06 0.17 0.03 0.04 0.09 0.14 0.08 0.11
0.11 0.27 0.05 0.03 0.17 0.22 0.14 0.09
0.16 0.32 0.09 0.07 0.26 0.28 0.25 0.21
0.14 0.28 0.07 0.08 0.22 0.23 0.20 0.22
0.18 0.37 0.10 0.09 0.30 0.32 0.28 0.27
0.17 0.36 0.09 0.08 0.27 0.30 0.26 0.22
0.15 0.29 0.08 0.08 0.24 0.25 0.22 0.23
0.13 0.27 0.06 0.07 0.20 0.22 0.15 0.20
0.06 0.14 0.03 0.04 0.08 0.11 0.07 0.11
0.08 0.18 0.04 0.02 0.12 0.15 0.12 0.06
0.13 0.34 0.05 0.02 0.22 0.28 0.16 0.09
0.14 0.33 0.05 0.04 0.24 0.28 0.15 0.16
0.13 0.30 0.05 0.05 0.23 0.26 0.16 0.24
0.14 0.32 0.06 0.04 0.24 0.26 0.19 0.22
0.14 0.33 0.05 0.04 0.22 0.25 0.15 0.19
0.17 0.41 0.07 0.05 0.25 0.27 0.20 0.19
0.15 0.34 0.06 0.05 0.20 0.22 0.16 0.20
0.25 0.58 0.11 0.06 0.30 0.33 0.26 0.20
0.17 0.38 0.07 0.05 0.19 0.21 0.17 0.17
0.07 0.18 0.03 0.03 0.08 0.10 0.06 0.09
0.32 0.72 0.15 0.08 0.34 0.37 0.32 0.26
0.21 0.47 0.10 0.07 0.23 0.24 0.20 0.25
0.28 0.66 0.12 0.07 0.29 0.31 0.23 0.28
0.17 0.39 0.06 0.06 0.18 0.19 0.13 0.22
0.16 0.35 0.07 0.06 0.18 0.18 0.15 0.26
0.12 0.29 0.03 0.05 0.16 0.17 0.09 0.21
0.10 0.23 0.04 0.04 0.13 0.14 0.10 0.20
0.07 0.17 0.03 0.03 0.11 0.12 0.08 0.18
0.06 0.16 0.02 0.02 0.10 0.12 0.05 0.16
0.02 0.06 0.02 0.03 0.04 0.05 0.08 0.25
0.01 0.04 0.02 0.02 0.03 0.04 0.07 0.22
0.02 0.07 0.02 0.03 0.05 0.06 0.08 0.25
0.03 0.10 0.01 0.03 0.06 0.08 0.04 0.23
0.03 0.08 0.02 0.03 0.06 0.06 0.07 0.23
0.03 0.07 0.01 0.02 0.05 0.06 0.04 0.20
0.06 0.14 0.02 0.03 0.11 0.12 0.07 0.26
0.05 0.12 0.02 0.02 0.11 0.11 0.09 0.26
0.04 0.11 0.01 0.02 0.08 0.09 0.04 0.25
0.03 0.09 0.02 0.02 0.06 0.08 0.07 0.20
0.04 0.09 0.02 0.02 0.07 0.08 0.08 0.16
0.04 0.10 0.01 0.02 0.07 0.09 0.03 0.17
0.04 0.10 0.02 0.03 0.09 0.09 0.05 0.24
0.02 0.06 0.02 0.02 0.05 0.05 0.07 0.19
0.03 0.05 0.02 0.02 0.06 0.06 0.10 0.20
0.02 0.04 0.02 0.02 0.05 0.04 0.07 0.19
0.02 0.05 0.03 0.01 0.03 0.04 0.08 0.15
0.02 0.06 0.02 0.02 0.04 0.05 0.06 0.14
0.05 0.09 0.04 0.03 0.08 0.07 0.10 0.21
0.03 0.07 0.05 0.01 0.06 0.05 0.13 0.09
0.08 0.18 0.04 0.02 0.13 0.14 0.11 0.16
0.08 0.16 0.05 0.03 0.13 0.12 0.14 0.27
0.10 0.24 0.05 0.03 0.18 0.19 0.15 0.28
0.04 0.09 0.03 0.02 0.08 0.08 0.10 0.23
0.03 0.07 0.03 0.02 0.06 0.06 0.09 0.15
0.05 0.10 0.04 0.02 0.09 0.09 0.12 0.16
0.06 0.12 0.04 0.03 0.10 0.10 0.11 0.18
0.04 0.05 0.04 0.02 0.07 0.05 0.13 0.18
0.05 0.10 0.03 0.02 0.09 0.09 0.11 0.13
0.04 0.09 0.03 0.02 0.09 0.10 0.09 0.13
0.04 0.10 0.03 0.02 0.10 0.11 0.11 0.14
0.04 0.10 0.03 0.02 0.10 0.10 0.11 0.13
0.03 0.06 0.03 0.03 0.07 0.06 0.10 0.15
0.12 0.33 0.03 0.02 0.26 0.33 0.09 0.15
0.23 0.60 0.06 0.04 0.41 0.52 0.20 0.21
0.20 0.49 0.07 0.05 0.34 0.40 0.20 0.22
0.19 0.47 0.08 0.04 0.30 0.36 0.21 0.15
0.27 0.62 0.12 0.08 0.40 0.46 0.30 0.29
0.19 0.43 0.07 0.06 0.27 0.32 0.18 0.20
0.24 0.52 0.13 0.07 0.35 0.39 0.30 0.21
0.23 0.49 0.12 0.08 0.34 0.38 0.28 0.26
0.15 0.32 0.07 0.05 0.24 0.28 0.18 0.17
0.18 0.43 0.08 0.05 0.26 0.32 0.19 0.14
0.15 0.33 0.09 0.04 0.21 0.26 0.20 0.11
0.15 0.33 0.05 0.07 0.21 0.25 0.12 0.20
0.17 0.40 0.07 0.05 0.25 0.32 0.18 0.16
0.16 0.35 0.07 0.05 0.25 0.30 0.17 0.18
0.19 0.39 0.09 0.09 0.29 0.32 0.21 0.31
0.22 0.48 0.12 0.08 0.35 0.40 0.27 0.29
0.12 0.27 0.07 0.02 0.19 0.23 0.17 0.08
0.19 0.39 0.11 0.09 0.30 0.33 0.27 0.26
0.18 0.38 0.10 0.07 0.28 0.32 0.24 0.23
0.25 0.51 0.15 0.08 0.41 0.46 0.37 0.29
0.17 0.31 0.14 0.08 0.28 0.27 0.34 0.27
0.22 0.38 0.18 0.10 0.35 0.34 0.42 0.33
0.14 0.25 0.08 0.10 0.23 0.22 0.20 0.30
0.26 0.54 0.22 0.06 0.39 0.45 0.47 0.14
0.13 0.26 0.12 0.04 0.20 0.22 0.26 0.10
0.16 0.35 0.08 0.07 0.25 0.31 0.17 0.17
0.17 0.31 0.12 0.09 0.28 0.31 0.29 0.23
0.14 0.24 0.08 0.10 0.27 0.29 0.25 0.27
0.07 0.16 0.05 0.02 0.13 0.18 0.11 0.06
0.11 0.24 0.04 0.08 0.17 0.22 0.08 0.19
0.22 0.39 0.13 0.16 0.34 0.36 0.27 0.37
0.33 0.58 0.16 0.25 0.44 0.47 0.30 0.52
0.36 0.62 0.19 0.27 0.47 0.49 0.36 0.55
0.40 0.72 0.21 0.26 0.52 0.57 0.40 0.51
0.32 0.60 0.15 0.20 0.40 0.44 0.27 0.42
0.30 0.58 0.12 0.22 0.38 0.43 0.24 0.43
0.38 0.76 0.18 0.23 0.46 0.52 0.30 0.45
0.41 0.76 0.21 0.28 0.47 0.50 0.35 0.54
0.38 0.70 0.18 0.25 0.43 0.47 0.30 0.49
0.35 0.60 0.18 0.28 0.40 0.41 0.29 0.50
0.40 0.70 0.23 0.27 0.46 0.49 0.37 0.52
0.43 0.77 0.23 0.30 0.47 0.48 0.35 0.58
0.47 0.84 0.27 0.29 0.52 0.54 0.43 0.57
0.55 1.10 0.25 0.33 0.53 0.59 0.36 0.57
0.80 1.55 0.41 0.46 0.69 0.77 0.52 0.67
0.87 1.68 0.40 0.53 0.65 0.71 0.45 0.71
0.99 2.00 0.51 0.47 0.72 0.79 0.59 0.63
1.23 2.49 0.56 0.65 0.81 0.90 0.59 0.77
1.56 3.23 0.69 0.80 0.88 0.98 0.64 0.87
1.68 3.41 0.73 0.93 0.87 0.94 0.64 0.91
1.45 2.97 0.64 0.74 0.78 0.85 0.58 0.78
1.61 3.49 0.67 0.69 0.87 0.98 0.63 0.73
1.42 2.99 0.60 0.67 0.78 0.86 0.56 0.71
1.66 3.65 0.68 0.66 0.95 1.09 0.72 0.73
1.30 2.90 0.50 0.51 0.74 0.86 0.53 0.56
1.48 3.33 0.60 0.53 0.88 1.00 0.64 0.66
1.41 3.16 0.57 0.51 0.95 1.09 0.67 0.72
1.29 2.84 0.53 0.50 0.95 1.06 0.70 0.78
1.24 2.78 0.56 0.39 0.90 1.00 0.72 0.66
1.30 2.96 0.57 0.38 0.98 1.10 0.76 0.69
0.95 2.19 0.43 0.24 0.88 1.01 0.68 0.55
1.24 2.87 0.52 0.32 1.08 1.23 0.80 0.74
1.09 2.44 0.48 0.33 1.07 1.20 0.81 0.84
1.53 3.44 0.64 0.52 1.37 1.48 1.03 1.29
1.06 2.46 0.45 0.29 1.15 1.27 0.86 0.91
1.28 2.93 0.49 0.43 1.24 1.33 0.89 1.21
0.94 2.10 0.42 0.29 1.01 1.11 0.79 0.82
0.88 2.05 0.38 0.22 0.95 1.05 0.73 0.71
0.67 1.57 0.27 0.17 0.82 0.92 0.60 0.62
0.78 1.79 0.31 0.23 0.89 0.98 0.65 0.80
0.75 1.79 0.30 0.21 0.76 0.90 0.55 0.60
0.69 1.64 0.26 0.17 0.76 0.88 0.51 0.53
0.50 1.22 0.17 0.12 0.62 0.73 0.37 0.43
0.57 1.39 0.19 0.13 0.67 0.79 0.39 0.43
0.57 1.42 0.18 0.13 0.66 0.78 0.37 0.45
0.50 1.23 0.15 0.13 0.61 0.72 0.35 0.45
0.44 1.06 0.17 0.10 0.57 0.66 0.40 0.35
0.46 1.09 0.19 0.12 0.59 0.68 0.42 0.39
0.44 1.04 0.15 0.13 0.57 0.66 0.35 0.42
0.42 0.96 0.15 0.16 0.56 0.64 0.37 0.46
0.41 0.98 0.14 0.11 0.56 0.67 0.34 0.36
0.41 0.95 0.14 0.13 0.58 0.67 0.35 0.44
0.38 0.90 0.13 0.11 0.59 0.69 0.37 0.41
0.29 0.66 0.13 0.09 0.49 0.56 0.36 0.35
0.31 0.75 0.12 0.06 0.46 0.55 0.32 0.22
0.36 0.83 0.15 0.12 0.53 0.59 0.39 0.46
0.39 0.88 0.18 0.11 0.56 0.64 0.44 0.40
0.42 0.96 0.18 0.13 0.58 0.64 0.44 0.44
0.43 0.95 0.22 0.13 0.59 0.66 0.52 0.43
0.49 1.15 0.20 0.15 0.62 0.71 0.46 0.46
0.22 0.49 0.13 0.05 0.29 0.33 0.28 0.16
0.27 0.62 0.11 0.07 0.35 0.41 0.25 0.24
0.27 0.63 0.12 0.07 0.38 0.44 0.28 0.27
0.29 0.68 0.12 0.06 0.44 0.50 0.33 0.25
0.21 0.51 0.07 0.04 0.35 0.41 0.21 0.19
0.24 0.59 0.07 0.05 0.42 0.50 0.23 0.30
0.24 0.56 0.10 0.07 0.44 0.49 0.32 0.37
0.31 0.74 0.12 0.07 0.54 0.62 0.38 0.39
0.34 0.80 0.13 0.09 0.58 0.65 0.40 0.44
0.31 0.74 0.12 0.08 0.52 0.59 0.36 0.38
0.41 0.93 0.19 0.13 0.66 0.71 0.56 0.55
0.46 1.02 0.19 0.16 0.71 0.76 0.56 0.65
0.40 0.93 0.18 0.11 0.61 0.67 0.49 0.46
0.40 0.92 0.15 0.14 0.57 0.63 0.40 0.55
0.56 1.22 0.24 0.21 0.66 0.69 0.52 0.67
0.54 1.24 0.23 0.16 0.58 0.65 0.45 0.45
0.69 1.54 0.30 0.24 0.69 0.74 0.54 0.63
0.77 1.77 0.30 0.25 0.74 0.81 0.54 0.65
0.76 1.76 0.27 0.24 0.68 0.75 0.47 0.59
0.61 1.43 0.21 0.19 0.53 0.59 0.34 0.49
0.55 1.28 0.21 0.15 0.50 0.56 0.35 0.39
0.72 1.67 0.28 0.20 0.63 0.69 0.45 0.58
0.70 1.63 0.27 0.19 0.68 0.74 0.51 0.58
0.63 1.48 0.25 0.18 0.64 0.70 0.47 0.54
0.59 1.36 0.23 0.17 0.60 0.67 0.43 0.47
0.59 1.39 0.24 0.15 0.63 0.72 0.46 0.40
0.74 1.62 0.28 0.33 0.77 0.85 0.50 0.80
0.82 1.76 0.41 0.29 0.90 0.98 0.78 0.74
0.75 1.64 0.32 0.29 0.91 1.03 0.68 0.75
0.87 1.90 0.43 0.27 0.99 1.13 0.82 0.64
0.19 0.31 0.15 0.12 0.30 0.27 0.36 0.34
0.17 0.27 0.11 0.13 0.25 0.21 0.27 0.37
0.14 0.23 0.12 0.09 0.23 0.19 0.29 0.29
0.06 0.10 0.06 0.04 0.10 0.09 0.15 0.14
0.04 0.06 0.05 0.04 0.07 0.05 0.13 0.13
0.05 0.06 0.05 0.03 0.08 0.06 0.13 0.10
0.03 0.08 0.04 0.03 0.06 0.07 0.10 0.10
0.03 0.05 0.03 0.02 0.04 0.05 0.08 0.07
0.04 0.08 0.05 0.03 0.07 0.07 0.12 0.09
0.03 0.08 0.02 0.03 0.05 0.07 0.05 0.08
0.03 0.06 0.04 0.02 0.04 0.05 0.11 0.06
0.03 0.06 0.02 0.01 0.04 0.05 0.06 0.05
0.03 0.07 0.03 0.02 0.05 0.05 0.09 0.09
0.03 0.07 0.03 0.02 0.05 0.06 0.08 0.08
0.03 0.05 0.02 0.02 0.04 0.03 0.05 0.09
0.04 0.07 0.04 0.04 0.05 0.04 0.09 0.13
0.04 0.06 0.05 0.02 0.04 0.04 0.11 0.07
0.04 0.06 0.03 0.02 0.05 0.04 0.06 0.09
0.02 0.05 0.03 0.02 0.02 0.03 0.06 0.08
0.03 0.07 0.04 0.01 0.05 0.04 0.09 0.07
0.03 0.07 0.04 0.02 0.05 0.05 0.10 0.07
0.03 0.04 0.04 0.03 0.05 0.03 0.11 0.12
0.04 0.07 0.04 0.03 0.06 0.04 0.10 0.10
0.05 0.10 0.05 0.02 0.07 0.07 0.11 0.08
0.05 0.10 0.04 0.03 0.07 0.07 0.10 0.10
0.04 0.10 0.02 0.01 0.07 0.08 0.07 0.06
0.04 0.08 0.02 0.02 0.07 0.07 0.06 0.11
0.03 0.05 0.02 0.03 0.06 0.05 0.07 0.14
0.03 0.06 0.03 0.02 0.06 0.06 0.11 0.12
0.02 0.05 0.02 0.01 0.04 0.04 0.07 0.05
0.13 0.28 0.07 0.06 0.21 0.23 0.19 0.24
0.13 0.29 0.06 0.05 0.20 0.24 0.16 0.17
0.15 0.37 0.05 0.04 0.23 0.30 0.14 0.13
0.14 0.35 0.06 0.03 0.22 0.27 0.16 0.11
0.18 0.36 0.10 0.09 0.28 0.29 0.25 0.29
0.16 0.35 0.09 0.06 0.27 0.30 0.24 0.22
0.13 0.30 0.07 0.04 0.23 0.28 0.20 0.16
0.19 0.36 0.14 0.09 0.32 0.32 0.38 0.32
0.11 0.25 0.07 0.04 0.20 0.24 0.19 0.15
0.19 0.39 0.12 0.08 0.30 0.33 0.30 0.27
0.15 0.31 0.10 0.06 0.22 0.24 0.24 0.20
0.12 0.24 0.09 0.07 0.18 0.17 0.22 0.21
0.10 0.17 0.08 0.05 0.16 0.14 0.21 0.20
0.09 0.23 0.03 0.03 0.15 0.18 0.09 0.13
0.05 0.13 0.03 0.02 0.09 0.11 0.08 0.12
0.05 0.11 0.03 0.02 0.08 0.09 0.07 0.08
0.07 0.17 0.03 0.02 0.12 0.15 0.09 0.10
0.06 0.14 0.03 0.02 0.12 0.13 0.09 0.16
0.03 0.06 0.01 0.01 0.05 0.06 0.05 0.08
0.03 0.06 0.01 0.01 0.06 0.07 0.05 0.10
0.02 0.05 0.02 0.01 0.06 0.06 0.07 0.14
0.01 0.03 0.01 0.01 0.03 0.04 0.04 0.13
0.03 0.07 0.03 0.01 0.07 0.07 0.10 0.14
0.05 0.11 0.02 0.02 0.10 0.10 0.06 0.18
0.04 0.11 0.03 0.01 0.09 0.10 0.09 0.11
0.05 0.12 0.02 0.02 0.10 0.11 0.06 0.14
0.03 0.09 0.02 0.01 0.07 0.09 0.07 0.11
0.04 0.10 0.02 0.01 0.09 0.10 0.07 0.13
0.03 0.08 0.02 0.01 0.08 0.10 0.06 0.10
0.05 0.12 0.03 0.01 0.12 0.15 0.12 0.10
0.08 0.20 0.04 0.01 0.19 0.22 0.15 0.13
0.07 0.17 0.03 0.02 0.16 0.18 0.12 0.18
0.03 0.07 0.02 0.02 0.09 0.09 0.08 0.18
0.03 0.08 0.02 0.01 0.11 0.11 0.09 0.18
0.03 0.07 0.02 0.01 0.10 0.10 0.09 0.20
0.03 0.07 0.01 0.02 0.08 0.10 0.06 0.23
0.02 0.04 0.02 0.02 0.06 0.05 0.08 0.21
0.02 0.04 0.02 0.02 0.06 0.05 0.10 0.16
0.07 0.15 0.04 0.02 0.19 0.21 0.17 0.22
0.04 0.09 0.03 0.02 0.12 0.12 0.12 0.17
0.02 0.04 0.03 0.02 0.06 0.05 0.10 0.20
0.02 0.03 0.02 0.02 0.05 0.03 0.10 0.22
0.02 0.05 0.02 0.02 0.07 0.06 0.06 0.23
0.04 0.08 0.02 0.02 0.11 0.11 0.10 0.20
0.02 0.05 0.02 0.02 0.06 0.07 0.11 0.18
0.09 0.19 0.07 0.03 0.22 0.22 0.24 0.21
0.08 0.16 0.06 0.03 0.15 0.16 0.17 0.15
0.06 0.12 0.04 0.04 0.11 0.11 0.10 0.17
0.08 0.13 0.05 0.05 0.12 0.11 0.12 0.17
0.11 0.19 0.04 0.10 0.16 0.16 0.10 0.25
0.15 0.24 0.07 0.14 0.19 0.18 0.14 0.31
0.21 0.33 0.16 0.13 0.27 0.26 0.31 0.26
0.11 0.17 0.05 0.13 0.15 0.13 0.11 0.28
0.11 0.18 0.06 0.11 0.17 0.16 0.13 0.25
0.13 0.19 0.06 0.14 0.19 0.17 0.13 0.32
0.14 0.25 0.08 0.11 0.21 0.22 0.18 0.22
0.15 0.29 0.09 0.09 0.22 0.26 0.19 0.20
0.15 0.26 0.07 0.11 0.22 0.25 0.16 0.23
0.10 0.18 0.04 0.09 0.18 0.20 0.11 0.21
0.13 0.24 0.08 0.08 0.22 0.26 0.21 0.17
0.05 0.08 0.03 0.07 0.10 0.10 0.09 0.17
0.11 0.19 0.06 0.08 0.19 0.21 0.17 0.19
0.11 0.20 0.05 0.12 0.19 0.21 0.13 0.29
0.11 0.23 0.06 0.07 0.18 0.24 0.15 0.17
0.10 0.18 0.06 0.08 0.21 0.23 0.20 0.21
0.09 0.17 0.05 0.08 0.19 0.21 0.17 0.21
0.08 0.16 0.04 0.08 0.19 0.22 0.16 0.25
0.13 0.19 0.10 0.10 0.25 0.23 0.29 0.30
0.13 0.20 0.09 0.11 0.21 0.20 0.24 0.29
0.12 0.21 0.08 0.09 0.19 0.19 0.19 0.24
0.20 0.34 0.13 0.13 0.27 0.27 0.28 0.30
0.22 0.36 0.14 0.15 0.30 0.29 0.30 0.34
0.12 0.23 0.08 0.08 0.18 0.19 0.18 0.20
0.19 0.38 0.11 0.08 0.25 0.29 0.23 0.20
0.18 0.35 0.12 0.08 0.25 0.28 0.23 0.20
0.24 0.48 0.14 0.09 0.29 0.33 0.27 0.23
0.28 0.51 0.20 0.13 0.37 0.37 0.38 0.35
0.16 0.29 0.13 0.06 0.21 0.22 0.25 0.16
0.14 0.30 0.10 0.04 0.22 0.25 0.23 0.13
0.12 0.27 0.07 0.03 0.19 0.23 0.17 0.12
0.07 0.18 0.03 0.02 0.12 0.17 0.08 0.06
0.09 0.21 0.04 0.03 0.15 0.19 0.10 0.11
0.07 0.15 0.04 0.03 0.13 0.16 0.13 0.12
0.07 0.14 0.04 0.03 0.14 0.16 0.12 0.14
0.11 0.26 0.06 0.03 0.21 0.24 0.17 0.12
0.08 0.19 0.03 0.02 0.14 0.18 0.10 0.09
0.09 0.21 0.04 0.02 0.15 0.19 0.11 0.08
0.10 0.22 0.05 0.03 0.17 0.20 0.14 0.11
0.07 0.18 0.05 0.03 0.11 0.15 0.13 0.09
0.25 0.55 0.12 0.09 0.40 0.46 0.31 0.29
0.15 0.38 0.04 0.04 0.22 0.31 0.11 0.12
0.24 0.53 0.11 0.10 0.38 0.45 0.30 0.28
0.20 0.46 0.09 0.08 0.32 0.38 0.25 0.22
0.26 0.56 0.13 0.11 0.39 0.45 0.34 0.31
0.26 0.56 0.12 0.12 0.39 0.45 0.32 0.35
0.23 0.52 0.11 0.07 0.36 0.43 0.29 0.21
0.26 0.63 0.10 0.08 0.39 0.48 0.26 0.25
0.23 0.55 0.09 0.06 0.37 0.45 0.26 0.20
0.26 0.61 0.10 0.07 0.40 0.47 0.28 0.25
0.30 0.73 0.11 0.06 0.47 0.55 0.33 0.25
0.27 0.64 0.09 0.08 0.44 0.50 0.29 0.34
0.33 0.79 0.14 0.08 0.52 0.57 0.40 0.38
0.28 0.64 0.13 0.07 0.42 0.45 0.36 0.31
0.31 0.75 0.10 0.08 0.39 0.44 0.25 0.29
0.34 0.82 0.13 0.09 0.42 0.47 0.30 0.30
0.39 0.97 0.13 0.08 0.44 0.50 0.30 0.26
0.38 0.88 0.14 0.10 0.39 0.43 0.30 0.29
0.33 0.76 0.13 0.09 0.34 0.38 0.26 0.26
0.40 0.93 0.17 0.09 0.39 0.43 0.31 0.27
0.33 0.77 0.14 0.07 0.35 0.38 0.29 0.25
0.36 0.84 0.15 0.08 0.35 0.37 0.29 0.29
0.38 0.92 0.15 0.10 0.38 0.41 0.28 0.34
0.33 0.78 0.13 0.08 0.35 0.38 0.28 0.28
0.29 0.68 0.11 0.07 0.34 0.36 0.27 0.28
0.23 0.56 0.09 0.06 0.29 0.31 0.22 0.26
0.17 0.41 0.06 0.04 0.25 0.26 0.19 0.23
0.11 0.27 0.04 0.03 0.18 0.20 0.13 0.18
0.09 0.21 0.04 0.02 0.16 0.18 0.15 0.22
0.06 0.13 0.03 0.02 0.11 0.11 0.12 0.21
0.08 0.18 0.04 0.02 0.14 0.15 0.15 0.21
0.03 0.07 0.03 0.02 0.07 0.06 0.10 0.23
0.03 0.10 0.02 0.02 0.06 0.08 0.09 0.21
0.04 0.13 0.02 0.02 0.08 0.11 0.07 0.23
0.04 0.11 0.02 0.02 0.08 0.11 0.09 0.19
0.03 0.08 0.02 0.02 0.06 0.08 0.08 0.21
0.04 0.11 0.01 0.02 0.08 0.10 0.06 0.24
0.05 0.12 0.03 0.02 0.10 0.12 0.11 0.24
0.06 0.15 0.03 0.02 0.13 0.14 0.13 0.22
0.05 0.12 0.03 0.02 0.10 0.11 0.10 0.22
0.04 0.10 0.02 0.02 0.09 0.10 0.09 0.24
0.04 0.09 0.03 0.02 0.09 0.10 0.11 0.20
0.03 0.08 0.03 0.01 0.08 0.09 0.12 0.18
0.01 0.03 0.02 0.02 0.03 0.03 0.09 0.24
0.08 0.19 0.05 0.02 0.17 0.19 0.16 0.24
0.06 0.11 0.05 0.02 0.12 0.10 0.17 0.17
0.02 0.05 0.02 0.02 0.04 0.05 0.06 0.15
0.04 0.11 0.02 0.01 0.08 0.09 0.06 0.13
0.04 0.10 0.02 0.01 0.07 0.09 0.07 0.14
0.05 0.13 0.02 0.02 0.10 0.11 0.09 0.16
0.04 0.09 0.02 0.01 0.07 0.08 0.08 0.11
0.04 0.11 0.02 0.01 0.08 0.10 0.07 0.14
0.05 0.13 0.03 0.02 0.11 0.12 0.10 0.17
0.05 0.12 0.03 0.02 0.10 0.12 0.09 0.13
0.05 0.11 0.03 0.03 0.10 0.11 0.09 0.22
0.04 0.10 0.02 0.02 0.08 0.10 0.06 0.16
0.02 0.06 0.02 0.02 0.06 0.06 0.07 0.13
0.02 0.04 0.02 0.01 0.03 0.04 0.08 0.14
0.01 0.05 0.02 0.02 0.03 0.05 0.06 0.13
0.04 0.10 0.02 0.02 0.08 0.10 0.09 0.12
0.02 0.05 0.01 0.01 0.04 0.06 0.04 0.07
0.02 0.04 0.02 0.02 0.04 0.04 0.06 0.14
0.03 0.08 0.03 0.02 0.07 0.08 0.09 0.10
0.13 0.25 0.07 0.08 0.25 0.24 0.20 0.38
0.15 0.25 0.10 0.09 0.25 0.22 0.29 0.37
0.11 0.18 0.09 0.08 0.20 0.16 0.23 0.31
0.06 0.12 0.04 0.05 0.10 0.10 0.11 0.15
0.05 0.09 0.03 0.03 0.07 0.08 0.07 0.09
0.03 0.07 0.03 0.03 0.05 0.06 0.07 0.09
0.06 0.10 0.05 0.04 0.11 0.10 0.13 0.13
0.11 0.19 0.08 0.07 0.18 0.17 0.21 0.21
0.15 0.26 0.10 0.09 0.25 0.24 0.25 0.28
0.11 0.14 0.09 0.11 0.18 0.12 0.22 0.35
0.02 0.02 0.03 0.05 0.04 0.02 0.07 0.15
0.02 0.03 0.02 0.05 0.04 0.03 0.05 0.15
0.03 0.04 0.03 0.03 0.05 0.04 0.09 0.13
0.03 0.06 0.02 0.02 0.05 0.06 0.06 0.07
0.02 0.05 0.03 0.02 0.04 0.05 0.07 0.10
0.02 0.05 0.03 0.03 0.04 0.05 0.09 0.09
0.03 0.06 0.03 0.03 0.05 0.07 0.08 0.12
0.06 0.08 0.05 0.07 0.12 0.09 0.14 0.25
0.25 0.38 0.18 0.20 0.47 0.40 0.46 0.71
0.13 0.16 0.12 0.11 0.23 0.17 0.31 0.38
0.12 0.14 0.12 0.10 0.21 0.15 0.29 0.32
0.09 0.12 0.08 0.08 0.16 0.13 0.21 0.22
0.07 0.11 0.07 0.06 0.13 0.11 0.18 0.18
0.05 0.06 0.05 0.04 0.09 0.07 0.15 0.11
0.05 0.06 0.04 0.04 0.09 0.07 0.13 0.13
0.03 0.04 0.04 0.03 0.06 0.05 0.13 0.08
0.02 0.03 0.03 0.01 0.03 0.03 0.07 0.04
0.01 0.03 0.02 0.01 0.02 0.03 0.04 0.03
0.04 0.09 0.04 0.02 0.07 0.10 0.09 0.06
0.04 0.10 0.03 0.03 0.07 0.09 0.06 0.08
0.04 0.10 0.02 0.03 0.07 0.10 0.05 0.07
0.03 0.06 0.04 0.02 0.06 0.06 0.09 0.04
0.04 0.09 0.04 0.02 0.06 0.08 0.07 0.06
0.03 0.07 0.03 0.02 0.04 0.06 0.05 0.05
0.04 0.10 0.04 0.02 0.06 0.09 0.08 0.04
0.04 0.08 0.02 0.02 0.05 0.07 0.05 0.04
0.05 0.11 0.04 0.03 0.07 0.09 0.07 0.07
0.06 0.14 0.04 0.02 0.08 0.12 0.07 0.06
0.05 0.10 0.05 0.01 0.07 0.09 0.09 0.04
0.03 0.07 0.03 0.02 0.04 0.06 0.05 0.05
0.02 0.06 0.03 0.02 0.03 0.05 0.05 0.05
0.04 0.09 0.05 0.02 0.06 0.06 0.08 0.04
0.04 0.07 0.04 0.04 0.05 0.05 0.07 0.07
0.05 0.09 0.05 0.03 0.05 0.06 0.07 0.05
0.02 0.04 0.03 0.03 0.02 0.02 0.04 0.05
0.02 0.04 0.04 0.01 0.03 0.02 0.06 0.03
0.03 0.06 0.03 0.02 0.03 0.03 0.04 0.03
0.04 0.06 0.06 0.04 0.03 0.03 0.07 0.05
0.04 0.07 0.05 0.04 0.04 0.03 0.07 0.06
0.04 0.08 0.05 0.02 0.04 0.04 0.07 0.04
0.03 0.06 0.03 0.04 0.03 0.03 0.04 0.05
0.04 0.08 0.03 0.04 0.03 0.04 0.04 0.06
0.05 0.12 0.03 0.02 0.05 0.07 0.05 0.04
0.04 0.08 0.02 0.04 0.03 0.05 0.04 0.06
0.02 0.05 0.02 0.02 0.02 0.03 0.04 0.04
0.02 0.04 0.03 0.02 0.03 0.02 0.07 0.05
0.03 0.06 0.03 0.03 0.04 0.04 0.06 0.07
0.02 0.06 0.02 0.02 0.03 0.04 0.06 0.06
0.02 0.04 0.03 0.01 0.03 0.03 0.06 0.03
0.02 0.04 0.03 0.03 0.03 0.03 0.05 0.09
0.02 0.03 0.03 0.02 0.02 0.02 0.06 0.05
0.02 0.05 0.03 0.02 0.03 0.04 0.06 0.07
0.03 0.05 0.02 0.02 0.04 0.04 0.05 0.09
0.02 0.04 0.02 0.02 0.03 0.03 0.05 0.09
0.02 0.04 0.03 0.02 0.04 0.03 0.08 0.08
0.02 0.05 0.03 0.01 0.04 0.04 0.08 0.06
0.02 0.04 0.02 0.01 0.04 0.03 0.07 0.06
0.01 0.03 0.02 0.01 0.03 0.03 0.05 0.06
0.17 0.23 0.19 0.09 0.26 0.17 0.46 0.39
0.09 0.13 0.09 0.05 0.14 0.10 0.23 0.24
0.07 0.08 0.10 0.04 0.12 0.07 0.26 0.17
0.03 0.03 0.05 0.03 0.04 0.03 0.12 0.13
0.03 0.05 0.06 0.04 0.05 0.04 0.15 0.16
0.03 0.04 0.03 0.02 0.05 0.04 0.09 0.10
0.02 0.05 0.03 0.01 0.03 0.04 0.07 0.05
0.01 0.05 0.02 0.01 0.03 0.05 0.06 0.04
0.01 0.05 0.01 0.02 0.03 0.04 0.04 0.06
0.00 0.02 0.02 0.01 0.01 0.02 0.05 0.03
0.16 0.30 0.09 0.08 0.26 0.26 0.25 0.29
0.21 0.41 0.10 0.10 0.34 0.36 0.28 0.38
0.08 0.14 0.06 0.03 0.14 0.13 0.19 0.13
0.03 0.04 0.02 0.02 0.05 0.05 0.08 0.07
0.04 0.04 0.05 0.03 0.07 0.04 0.13 0.12
0.03 0.04 0.03 0.02 0.05 0.04 0.07 0.09
0.02 0.04 0.02 0.02 0.04 0.03 0.06 0.10
0.02 0.04 0.01 0.04 0.04 0.04 0.04 0.15
0.03 0.06 0.02 0.02 0.05 0.06 0.06 0.07
0.03 0.06 0.01 0.03 0.05 0.04 0.04 0.12
0.02 0.04 0.03 0.03 0.04 0.03 0.08 0.12
0.03 0.07 0.02 0.02 0.04 0.05 0.04 0.07
0.04 0.06 0.02 0.04 0.07 0.05 0.06 0.16
0.01 0.03 0.01 0.02 0.03 0.03 0.04 0.09
0.01 0.04 0.01 0.02 0.03 0.03 0.04 0.10
0.01 0.03 0.01 0.01 0.03 0.02 0.04 0.07
0.02 0.03 0.01 0.02 0.03 0.03 0.03 0.12
0.02 0.05 0.01 0.01 0.04 0.04 0.05 0.06
0.06 0.14 0.02 0.01 0.11 0.13 0.07 0.09
0.05 0.13 0.01 0.03 0.11 0.13 0.04 0.17
0.01 0.04 0.01 0.02 0.03 0.03 0.03 0.10
0.01 0.03 0.02 0.01 0.02 0.02 0.07 0.05
0.01 0.04 0.02 0.01 0.03 0.04 0.06 0.06
0.03 0.06 0.02 0.02 0.05 0.06 0.07 0.08
0.03 0.06 0.02 0.02 0.04 0.05 0.06 0.07
0.03 0.06 0.01 0.02 0.03 0.05 0.03 0.09
0.07 0.14 0.03 0.03 0.09 0.09 0.06 0.11
0.06 0.12 0.04 0.03 0.08 0.07 0.09 0.09
0.02 0.03 0.02 0.02 0.02 0.02 0.05 0.07
0.03 0.05 0.04 0.02 0.04 0.03 0.07 0.08
0.01 0.02 0.02 0.01 0.01 0.01 0.04 0.02
0.02 0.03 0.03 0.01 0.02 0.02 0.05 0.03
0.01 0.01 0.03 0.01 0.01 0.01 0.06 0.03
0.04 0.10 0.04 0.02 0.06 0.07 0.08 0.10
0.08 0.16 0.05 0.05 0.11 0.10 0.12 0.18
0.11 0.19 0.06 0.08 0.15 0.14 0.14 0.26
0.10 0.16 0.06 0.07 0.14 0.13 0.13 0.22
0.03 0.06 0.03 0.03 0.05 0.05 0.08 0.10
0.02 0.05 0.03 0.02 0.03 0.05 0.06 0.05
0.01 0.03 0.02 0.02 0.03 0.03 0.06 0.05
