4.48 10.11 2.14 1.18 41.62 38.08 44.82 47.41
4.32 9.53 2.17 1.26 41.78 38.34 44.77 47.14
4.36 9.69 2.17 1.21 41.74 38.27 44.77 47.31
4.53 10.26 2.18 1.16 41.57 38.02 44.74 47.48
4.37 9.88 2.14 1.08 41.73 38.19 44.82 47.79
4.73 10.79 2.17 1.23 41.38 37.80 44.76 47.23
4.74 10.88 2.21 1.14 41.37 37.77 44.69 47.57
5.09 11.72 2.40 1.16 41.06 37.44 44.33 47.48
4.80 11.05 2.33 1.03 41.32 37.70 44.46 48.00
4.89 11.46 2.28 0.94 41.23 37.54 44.55 48.41
4.60 10.73 2.16 0.92 41.50 37.83 44.79 48.50
4.75 11.04 2.19 1.03 41.36 37.70 44.73 48.02
4.81 11.02 2.29 1.11 41.31 37.71 44.52 47.69
5.36 12.28 2.41 1.38 40.84 37.23 44.31 46.74
5.26 11.83 2.43 1.52 40.92 37.40 44.28 46.31
6.20 13.73 3.01 1.85 40.21 36.76 43.35 45.45
6.10 13.69 2.96 1.64 40.28 36.76 43.41 45.99
5.65 12.85 2.66 1.45 40.61 37.04 43.88 46.54
5.98 13.72 2.74 1.49 40.36 36.76 43.75 46.40
5.49 12.52 2.58 1.37 40.74 37.16 44.02 46.78
5.93 13.43 2.80 1.55 40.40 36.85 43.67 46.23
5.56 12.69 2.62 1.36 40.68 37.10 43.95 46.78
5.82 13.21 2.72 1.54 40.48 36.92 43.79 46.28
5.03 11.55 2.36 1.18 41.12 37.51 44.40 47.42
5.34 12.14 2.44 1.45 40.85 37.29 44.26 46.52
5.07 11.52 2.34 1.36 41.08 37.51 44.45 46.81
5.36 12.19 2.42 1.48 40.84 37.27 44.29 46.44
5.53 12.36 2.61 1.64 40.70 37.21 43.97 45.98
4.93 10.88 2.45 1.47 41.20 37.76 44.25 46.46
5.26 11.55 2.56 1.68 40.92 37.51 44.04 45.88
4.01 8.10 2.32 1.63 42.10 39.05 44.48 46.02
4.06 8.18 2.30 1.70 42.04 39.00 44.52 45.82
3.69 7.36 2.18 1.54 42.46 39.47 44.75 46.25
4.03 8.03 2.41 1.64 42.08 39.08 44.32 45.99
3.63 7.15 2.21 1.55 42.53 39.59 44.70 46.24
4.03 7.96 2.42 1.73 42.07 39.13 44.30 45.74
3.56 7.07 2.09 1.53 42.61 39.64 44.93 46.29
3.76 7.39 2.23 1.66 42.38 39.44 44.66 45.92
3.44 6.84 1.96 1.51 42.77 39.78 45.21 46.33
3.57 7.17 2.11 1.42 42.61 39.58 44.89 46.60
2.92 5.94 1.71 1.10 43.48 40.39 45.81 47.71
3.06 6.30 1.79 1.08 43.28 40.14 45.59 47.82
2.67 5.46 1.61 0.95 43.87 40.77 46.08 48.37
3.06 6.29 1.79 1.10 43.27 40.14 45.60 47.71
2.81 5.82 1.68 0.94 43.64 40.48 45.89 48.40
3.20 6.44 2.03 1.13 43.09 40.05 45.07 47.62
3.10 6.22 1.99 1.07 43.23 40.20 45.13 47.81
3.54 7.07 2.23 1.33 42.64 39.64 44.64 46.88
3.50 6.95 2.24 1.33 42.69 39.71 44.64 46.91
3.28 6.50 2.10 1.24 42.97 40.00 44.91 47.20
3.66 7.29 2.31 1.39 42.49 39.50 44.50 46.70
3.33 6.78 2.09 1.14 42.90 39.82 44.94 47.58
3.52 7.11 2.14 1.30 42.67 39.62 44.83 47.01
3.19 6.49 1.98 1.10 43.10 40.01 45.17 47.72
3.28 6.64 2.06 1.13 42.98 39.91 45.00 47.61
3.34 6.75 2.09 1.17 42.90 39.84 44.94 47.46
3.04 6.20 1.82 1.09 43.31 40.20 45.53 47.77
2.74 5.82 1.61 0.79 43.76 40.48 46.07 49.16
3.12 6.56 1.89 0.89 43.19 39.96 45.36 48.62
3.02 6.30 1.87 0.91 43.33 40.14 45.42 48.55
3.02 6.20 1.82 1.05 43.33 40.21 45.54 47.91
3.46 7.11 2.11 1.17 42.74 39.62 44.89 47.45
3.13 6.45 1.91 1.04 43.17 40.04 45.32 47.96
3.14 6.48 1.83 1.09 43.17 40.02 45.50 47.76
2.70 5.50 1.65 0.95 43.82 40.73 45.96 48.38
2.57 5.29 1.54 0.89 44.03 40.90 46.25 48.62
2.62 5.39 1.53 0.95 43.95 40.82 46.29 48.36
2.43 4.93 1.45 0.90 44.28 41.20 46.52 48.61
2.34 4.73 1.40 0.89 44.44 41.38 46.69 48.62
2.74 5.55 1.58 1.07 43.76 40.69 46.14 47.82
2.91 5.91 1.68 1.13 43.50 40.42 45.88 47.60
2.99 6.10 1.75 1.12 43.38 40.28 45.70 47.65
3.12 6.42 1.83 1.12 43.19 40.05 45.51 47.66
3.57 7.34 2.16 1.22 42.61 39.48 44.80 47.28
3.39 7.03 1.98 1.16 42.83 39.66 45.18 47.47
3.08 6.45 1.80 0.99 43.25 40.04 45.58 48.19
2.86 6.02 1.70 0.85 43.57 40.34 45.84 48.81
2.91 6.12 1.78 0.84 43.49 40.26 45.62 48.90
2.90 6.09 1.79 0.81 43.51 40.29 45.59 49.02
3.25 6.83 1.95 0.96 43.02 39.79 45.24 48.30
3.33 7.00 2.04 0.96 42.90 39.68 45.03 48.30
3.50 7.35 2.13 1.02 42.69 39.47 44.84 48.03
3.78 7.83 2.25 1.27 42.35 39.19 44.62 47.09
3.65 7.55 2.22 1.17 42.51 39.35 44.67 47.44
3.68 7.43 2.31 1.30 42.47 39.42 44.50 46.98
3.70 7.45 2.29 1.36 42.45 39.41 44.53 46.79
3.66 7.30 2.23 1.45 42.50 39.50 44.64 46.53
3.50 7.02 2.13 1.34 42.70 39.67 44.85 46.85
3.55 7.12 2.14 1.39 42.63 39.61 44.84 46.72
3.82 7.71 2.42 1.34 42.31 39.26 44.28 46.86
3.88 7.81 2.31 1.51 42.25 39.21 44.49 46.35
3.48 7.01 2.13 1.30 42.71 39.67 44.84 47.00
3.40 6.88 2.04 1.28 42.81 39.75 45.04 47.06
3.23 6.52 1.97 1.21 43.04 40.00 45.18 47.31
3.00 6.08 1.75 1.16 43.36 40.29 45.69 47.50
2.62 5.38 1.51 0.98 43.94 40.83 46.33 48.22
2.55 5.13 1.51 1.01 44.07 41.03 46.35 48.09
2.44 4.91 1.49 0.93 44.26 41.22 46.40 48.47
2.31 4.63 1.40 0.90 44.50 41.48 46.67 48.57
2.17 4.41 1.34 0.76 44.77 41.69 46.86 49.33
2.22 4.51 1.35 0.80 44.67 41.59 46.83 49.11
2.36 4.76 1.47 0.85 44.41 41.36 46.47 48.86
2.58 5.20 1.56 0.99 44.01 40.97 46.21 48.16
2.43 4.78 1.55 0.94 44.28 41.33 46.22 48.39
2.39 4.62 1.54 1.00 44.36 41.49 46.25 48.15
2.42 4.69 1.53 1.05 44.29 41.42 46.29 47.92
2.60 4.91 1.61 1.29 43.97 41.22 46.05 47.02
2.63 4.62 1.67 1.59 43.94 41.49 45.90 46.12
3.02 5.24 1.88 1.94 43.34 40.94 45.39 45.27
2.99 5.08 1.87 2.02 43.37 41.08 45.41 45.07
3.32 5.58 2.23 2.16 42.92 40.67 44.65 44.78
3.78 6.42 2.52 2.41 42.36 40.06 44.12 44.32
3.74 6.39 2.52 2.31 42.40 40.08 44.12 44.49
3.65 6.23 2.31 2.41 42.51 40.18 44.49 44.30
3.45 5.92 2.19 2.25 42.75 40.41 44.74 44.62
3.66 6.41 2.30 2.26 42.50 40.06 44.52 44.59
3.42 6.03 2.09 2.13 42.80 40.33 44.93 44.85
3.16 5.68 1.85 1.96 43.13 40.59 45.47 45.20
2.96 5.39 1.76 1.74 43.41 40.81 45.66 45.74
3.01 5.48 1.78 1.75 43.35 40.74 45.62 45.69
3.14 5.74 1.91 1.76 43.17 40.54 45.32 45.67
2.92 5.29 1.81 1.68 43.47 40.90 45.55 45.89
3.22 5.45 2.26 1.95 43.05 40.77 44.60 45.22
3.50 6.00 2.32 2.17 42.69 40.35 44.47 44.77
3.75 6.45 2.49 2.29 42.40 40.03 44.16 44.54
4.24 7.41 2.80 2.52 41.86 39.44 43.65 44.12
4.14 7.12 2.81 2.49 41.96 39.61 43.65 44.17
3.55 5.94 2.46 2.26 42.62 40.39 44.22 44.59
3.61 6.18 2.41 2.23 42.56 40.22 44.30 44.64
3.66 6.05 2.56 2.37 42.49 40.31 44.05 44.38
3.48 5.78 2.36 2.29 42.72 40.51 44.40 44.54
3.92 6.58 2.66 2.52 42.20 39.95 43.89 44.12
3.72 6.14 2.61 2.41 42.43 40.25 43.96 44.32
3.42 5.67 2.18 2.41 42.80 40.60 44.75 44.32
3.53 5.88 2.29 2.42 42.66 40.44 44.54 44.30
3.34 5.58 2.13 2.31 42.89 40.66 44.85 44.50
3.21 5.39 1.94 2.31 43.06 40.81 45.25 44.50
3.05 5.02 1.90 2.22 43.29 41.12 45.33 44.67
2.97 5.04 1.87 2.00 43.41 41.11 45.42 45.12
3.16 5.44 1.98 2.05 43.14 40.77 45.16 45.02
2.82 4.83 1.90 1.72 43.63 41.29 45.35 45.78
2.78 4.85 1.92 1.57 43.69 41.28 45.29 46.16
2.61 4.72 1.80 1.29 43.98 41.39 45.58 47.02
2.55 4.82 1.71 1.12 44.07 41.30 45.81 47.62
2.06 4.01 1.27 0.91 44.99 42.10 47.10 48.57
2.20 4.32 1.33 0.94 44.72 41.78 46.90 48.41
2.03 3.98 1.28 0.84 45.06 42.14 47.06 48.91
2.09 3.99 1.35 0.92 44.94 42.12 46.84 48.50
2.05 3.97 1.32 0.85 45.02 42.15 46.92 48.84
2.27 4.43 1.40 0.97 44.58 41.67 46.66 48.29
2.01 3.90 1.28 0.86 45.10 42.23 47.06 48.82
2.09 4.02 1.35 0.91 44.92 42.09 46.82 48.57
2.01 3.87 1.32 0.85 45.10 42.26 46.93 48.84
2.21 4.26 1.36 1.00 44.69 41.84 46.79 48.13
1.94 3.68 1.21 0.92 45.26 42.47 47.32 48.49
1.89 3.56 1.15 0.96 45.36 42.62 47.51 48.29
1.88 3.51 1.17 0.94 45.40 42.68 47.44 48.39
2.20 4.19 1.35 1.05 44.72 41.91 46.85 47.95
2.34 4.34 1.53 1.16 44.43 41.76 46.29 47.48
2.80 5.28 1.75 1.38 43.66 40.91 45.71 46.75
3.43 6.46 2.12 1.70 42.79 40.04 44.87 45.82
3.97 7.50 2.49 1.93 42.15 39.38 44.18 45.28
3.96 7.44 2.48 1.96 42.15 39.42 44.19 45.21
4.89 9.39 2.95 2.31 41.24 38.40 43.43 44.49
4.54 8.79 2.76 2.08 41.56 38.69 43.72 44.96
5.04 9.80 3.04 2.27 41.11 38.22 43.30 44.58
4.91 9.67 2.96 2.10 41.22 38.28 43.43 44.91
5.62 11.13 3.29 2.45 40.64 37.67 42.97 44.25
5.34 10.77 3.15 2.12 40.85 37.81 43.15 44.88
5.50 10.92 3.27 2.31 40.73 37.75 42.98 44.49
4.87 9.69 2.94 1.99 41.25 38.27 43.45 45.15
4.92 9.73 2.86 2.16 41.21 38.25 43.56 44.80
4.13 8.07 2.56 1.77 41.97 39.06 44.05 45.65
4.05 7.71 2.55 1.88 42.06 39.26 44.07 45.38
3.30 6.12 2.12 1.67 42.94 40.26 44.88 45.90
3.79 7.05 2.39 1.94 42.34 39.65 44.35 45.24
4.14 7.81 2.48 2.13 41.96 39.21 44.18 44.86
4.20 8.13 2.42 2.05 41.90 39.03 44.29 45.01
4.24 8.26 2.48 1.98 41.86 38.96 44.19 45.17
4.11 8.10 2.37 1.86 41.99 39.05 44.39 45.43
3.95 7.72 2.21 1.93 42.16 39.25 44.70 45.28
4.23 8.28 2.41 2.01 41.87 38.95 44.32 45.09
4.12 7.87 2.35 2.15 41.98 39.17 44.41 44.81
4.13 7.93 2.29 2.19 41.97 39.14 44.53 44.73
4.27 8.05 2.41 2.35 41.83 39.08 44.32 44.42
4.54 8.47 2.72 2.43 41.56 38.85 43.79 44.28
4.31 8.06 2.52 2.34 41.79 39.07 44.11 44.43
4.65 8.76 2.68 2.49 41.46 38.71 43.84 44.17
4.38 8.19 2.63 2.31 41.72 39.00 43.93 44.50
4.10 7.70 2.43 2.17 42.00 39.27 44.27 44.76
4.41 8.38 2.56 2.29 41.69 38.90 44.05 44.54
3.98 7.36 2.46 2.12 42.13 39.47 44.22 44.86
3.86 7.26 2.39 1.95 42.26 39.52 44.36 45.23
3.67 6.96 2.28 1.78 42.48 39.71 44.55 45.64
3.36 6.29 2.12 1.67 42.86 40.14 44.87 45.91
2.70 5.06 1.75 1.28 43.82 41.09 45.70 47.07
2.62 4.93 1.68 1.26 43.94 41.20 45.87 47.14
2.35 4.48 1.46 1.11 44.42 41.63 46.48 47.68
2.46 4.67 1.48 1.23 44.23 41.44 46.44 47.23
2.23 4.26 1.37 1.05 44.65 41.84 46.76 47.92
1.94 3.70 1.24 0.90 45.25 42.45 47.20 48.60
2.24 4.27 1.39 1.06 44.63 41.83 46.70 47.88
2.01 3.91 1.26 0.86 45.11 42.22 47.13 48.79
2.29 4.38 1.48 1.02 44.53 41.72 46.45 48.04
1.99 3.84 1.25 0.87 45.15 42.29 47.17 48.72
2.40 4.70 1.45 1.05 44.33 41.42 46.52 47.92
2.29 4.50 1.38 0.98 44.54 41.60 46.73 48.21
2.75 5.48 1.59 1.21 43.73 40.75 46.12 47.33
2.68 5.24 1.67 1.12 43.86 40.95 45.89 47.63
3.02 5.83 1.88 1.33 43.34 40.48 45.39 46.88
2.97 5.69 1.91 1.32 43.40 40.58 45.33 46.93
3.27 6.32 2.02 1.47 42.98 40.13 45.07 46.45
3.60 7.07 2.18 1.55 42.57 39.64 44.74 46.23
3.60 7.10 2.19 1.53 42.56 39.62 44.74 46.29
3.50 6.89 2.19 1.42 42.69 39.75 44.72 46.60
3.52 7.02 2.14 1.41 42.66 39.67 44.83 46.66
3.77 7.57 2.25 1.47 42.37 39.34 44.61 46.46
3.77 7.45 2.40 1.47 42.36 39.41 44.33 46.45
4.05 8.00 2.51 1.65 42.05 39.10 44.14 45.95
4.03 7.83 2.52 1.74 42.08 39.20 44.11 45.74
4.03 7.96 2.49 1.65 42.07 39.12 44.17 45.95
4.15 8.17 2.57 1.70 41.96 39.01 44.04 45.83
3.84 7.59 2.42 1.50 42.29 39.33 44.30 46.37
3.87 7.57 2.48 1.56 42.26 39.35 44.19 46.20
3.80 7.53 2.38 1.48 42.35 39.37 44.37 46.45
3.72 7.43 2.29 1.43 42.43 39.42 44.53 46.57
3.62 7.22 2.27 1.39 42.54 39.55 44.58 46.70
3.65 7.21 2.32 1.40 42.52 39.56 44.47 46.68
4.10 8.17 2.48 1.66 42.01 39.02 44.20 45.95
3.74 7.50 2.30 1.43 42.41 39.39 44.53 46.60
3.61 7.26 2.16 1.41 42.57 39.53 44.80 46.65
3.30 6.81 1.89 1.21 42.94 39.80 45.36 47.30
2.95 5.99 1.78 1.08 43.44 40.36 45.64 47.80
2.91 5.93 1.81 1.00 43.49 40.40 45.56 48.12
3.07 6.18 1.89 1.12 43.27 40.22 45.35 47.65
3.05 6.21 1.87 1.05 43.30 40.20 45.42 47.93
3.03 6.08 1.84 1.17 43.32 40.29 45.49 47.45
3.40 6.82 2.00 1.36 42.82 39.79 45.11 46.79
3.75 7.53 2.22 1.48 42.40 39.36 44.66 46.42
3.66 7.38 2.14 1.45 42.50 39.45 44.82 46.52
3.18 6.47 1.93 1.13 43.11 40.02 45.27 47.62
3.42 7.13 2.02 1.11 42.79 39.60 45.09 47.68
3.12 6.51 1.84 1.01 43.19 40.00 45.49 48.10
2.84 5.99 1.74 0.81 43.59 40.36 45.74 49.07
2.85 6.03 1.71 0.83 43.58 40.33 45.80 48.96
2.88 6.01 1.69 0.94 43.54 40.34 45.85 48.42
3.11 6.28 1.87 1.17 43.20 40.15 45.41 47.45
3.06 6.07 1.90 1.23 43.27 40.30 45.35 47.23
2.89 5.74 1.81 1.12 43.53 40.54 45.56 47.66
3.00 6.11 1.79 1.10 43.36 40.27 45.62 47.72
2.72 5.39 1.75 1.03 43.78 40.82 45.69 48.01
2.64 5.27 1.69 0.95 43.92 40.92 45.86 48.34
2.74 5.45 1.75 1.02 43.76 40.77 45.70 48.03
2.54 5.05 1.63 0.95 44.08 41.10 46.01 48.36
2.63 5.22 1.63 1.04 43.93 40.96 46.01 47.95
2.41 4.73 1.51 1.00 44.30 41.38 46.34 48.13
2.31 4.44 1.49 0.99 44.50 41.66 46.42 48.15
2.48 4.76 1.55 1.13 44.18 41.35 46.21 47.59
2.26 4.32 1.44 1.02 44.59 41.78 46.53 48.06
2.27 4.25 1.48 1.08 44.58 41.85 46.44 47.81
2.19 4.11 1.44 1.02 44.73 42.00 46.54 48.04
2.47 4.67 1.53 1.21 44.21 41.44 46.29 47.30
2.27 4.25 1.42 1.13 44.58 41.85 46.60 47.60
2.46 4.62 1.55 1.21 44.23 41.49 46.24 47.32
2.30 4.42 1.42 1.06 44.51 41.67 46.60 47.89
2.68 5.18 1.64 1.24 43.84 40.99 45.99 47.21
2.35 4.46 1.51 1.09 44.42 41.64 46.36 47.74
2.58 4.85 1.64 1.25 44.02 41.28 45.99 47.17
2.53 4.72 1.61 1.26 44.10 41.39 46.05 47.14
2.96 5.56 1.81 1.50 43.43 40.68 45.56 46.37
2.76 5.17 1.77 1.35 43.72 40.99 45.66 46.81
2.83 5.29 1.79 1.42 43.61 40.90 45.61 46.62
3.21 6.00 2.00 1.63 43.06 40.35 45.12 46.00
3.10 5.80 2.00 1.52 43.21 40.50 45.12 46.33
3.24 6.24 1.99 1.52 43.02 40.18 45.15 46.32
2.99 5.76 1.84 1.37 43.37 40.52 45.48 46.76
2.95 5.75 1.84 1.25 43.43 40.53 45.48 47.16
3.36 6.62 2.02 1.42 42.88 39.92 45.07 46.61
3.35 6.66 2.01 1.36 42.88 39.90 45.09 46.79
3.23 6.38 2.03 1.25 43.05 40.08 45.04 47.15
3.37 6.67 2.07 1.37 42.86 39.89 44.96 46.78
3.64 7.15 2.34 1.44 42.52 39.59 44.43 46.56
3.76 7.37 2.38 1.52 42.38 39.46 44.37 46.31
3.54 6.96 2.26 1.40 42.64 39.70 44.59 46.67
3.55 7.01 2.21 1.43 42.63 39.68 44.68 46.58
3.78 7.44 2.33 1.58 42.36 39.42 44.46 46.15
3.48 6.82 2.17 1.44 42.73 39.80 44.77 46.55
3.25 6.38 1.99 1.39 43.01 40.08 45.14 46.70
3.00 5.89 1.84 1.25 43.37 40.44 45.48 47.15
3.26 6.36 2.02 1.42 43.00 40.10 45.09 46.61
2.98 5.82 1.85 1.26 43.41 40.50 45.48 47.15
2.94 5.79 1.77 1.25 43.45 40.51 45.66 47.15
2.78 5.56 1.64 1.13 43.69 40.68 45.98 47.60
3.25 6.56 1.89 1.31 43.01 39.96 45.37 46.96
2.83 5.72 1.66 1.11 43.61 40.56 45.93 47.67
2.83 5.66 1.68 1.15 43.61 40.60 45.88 47.51
2.69 5.39 1.58 1.10 43.84 40.82 46.15 47.73
3.05 6.07 1.75 1.31 43.30 40.30 45.70 46.96
2.81 5.52 1.70 1.20 43.65 40.72 45.83 47.32
3.11 6.33 1.77 1.24 43.20 40.12 45.66 47.22
