4.48 10.11 2.14 1.18 41.62 38.08 44.82 47.41
4.32 9.53 2.17 1.26 41.78 38.34 44.77 47.14
4.36 9.69 2.17 1.21 41.74 38.27 44.77 47.31
4.53 10.26 2.18 1.16 41.57 38.02 44.74 47.48
4.37 9.88 2.14 1.08 41.73 38.19 44.82 47.79
4.73 10.79 2.17 1.23 41.38 37.80 44.76 47.23
4.74 10.88 2.21 1.14 41.37 37.77 44.69 47.57
5.09 11.72 2.40 1.16 41.06 37.44 44.33 47.48
4.80 11.05 2.33 1.03 41.32 37.70 44.46 48.00
4.90 11.47 2.27 0.94 41.23 37.53 44.56 48.40
4.60 10.72 2.15 0.92 41.51 37.83 44.80 48.50
4.76 11.05 2.20 1.03 41.35 37.69 44.72 48.02
4.81 11.02 2.29 1.11 41.31 37.71 44.52 47.69
5.38 12.37 2.40 1.39 40.82 37.21 44.32 46.71
5.27 11.86 2.42 1.53 40.91 37.39 44.30 46.27
6.22 13.81 3.00 1.85 40.19 36.73 43.36 45.45
6.09 13.65 2.98 1.64 40.29 36.78 43.38 45.98
5.66 12.84 2.67 1.45 40.60 37.04 43.86 46.52
5.98 13.69 2.76 1.49 40.36 36.77 43.71 46.39
5.48 12.50 2.57 1.37 40.75 37.17 44.02 46.76
5.94 13.45 2.80 1.56 40.40 36.84 43.67 46.19
5.56 12.72 2.60 1.36 40.68 37.09 43.98 46.80
5.84 13.22 2.77 1.56 40.46 36.92 43.71 46.22
5.01 11.50 2.35 1.17 41.14 37.52 44.42 47.43
5.31 12.06 2.43 1.43 40.88 37.32 44.28 46.58
5.08 11.55 2.33 1.35 41.07 37.51 44.46 46.81
5.33 12.15 2.39 1.45 40.86 37.28 44.34 46.50
5.54 12.41 2.58 1.64 40.69 37.19 44.01 45.98
4.92 10.88 2.41 1.46 41.21 37.77 44.32 46.49
5.25 11.54 2.51 1.68 40.93 37.51 44.13 45.88
3.87 7.79 2.25 1.57 42.25 39.22 44.61 46.16
3.96 7.95 2.31 1.64 42.15 39.13 44.51 45.98
3.67 7.26 2.18 1.58 42.48 39.52 44.74 46.15
3.87 7.70 2.29 1.62 42.25 39.27 44.53 46.03
3.82 7.52 2.31 1.63 42.32 39.38 44.51 46.01
3.90 7.66 2.33 1.69 42.22 39.29 44.45 45.85
3.48 6.76 2.12 1.55 42.72 39.83 44.87 46.23
3.54 6.96 2.09 1.58 42.63 39.71 44.92 46.14
3.57 7.08 2.05 1.59 42.61 39.64 45.02 46.14
3.49 6.94 2.09 1.44 42.71 39.72 44.94 46.54
2.87 5.78 1.70 1.12 43.56 40.51 45.83 47.64
2.84 5.86 1.67 1.00 43.60 40.45 45.91 48.13
2.74 5.57 1.66 0.99 43.77 40.68 45.95 48.21
2.96 6.08 1.74 1.07 43.41 40.29 45.73 47.85
2.78 5.70 1.69 0.96 43.69 40.57 45.85 48.33
3.01 6.06 1.90 1.06 43.35 40.31 45.35 47.91
3.18 6.37 2.07 1.12 43.10 40.09 44.97 47.65
3.44 6.82 2.20 1.30 42.76 39.79 44.70 46.99
3.28 6.49 2.12 1.24 42.97 40.01 44.87 47.22
3.13 6.18 2.03 1.18 43.18 40.23 45.05 47.42
3.52 6.97 2.25 1.33 42.67 39.70 44.60 46.91
3.18 6.41 2.03 1.10 43.10 40.06 45.05 47.73
3.29 6.65 2.01 1.20 42.96 39.90 45.09 47.33
3.06 6.22 1.93 1.04 43.27 40.20 45.27 47.95
3.15 6.42 1.96 1.07 43.15 40.05 45.20 47.83
3.19 6.42 2.02 1.12 43.10 40.06 45.07 47.64
2.93 5.96 1.78 1.05 43.47 40.38 45.64 47.93
2.68 5.69 1.58 0.77 43.85 40.58 46.13 49.28
2.98 6.24 1.84 0.88 43.38 40.18 45.49 48.71
2.88 5.95 1.81 0.87 43.55 40.39 45.55 48.75
2.94 6.01 1.79 1.01 43.45 40.34 45.61 48.08
3.34 6.82 2.06 1.13 42.90 39.79 44.99 47.61
2.99 6.13 1.83 1.01 43.38 40.26 45.50 48.10
2.99 6.14 1.78 1.05 43.37 40.25 45.64 47.91
2.61 5.29 1.62 0.91 43.97 40.89 46.05 48.53
2.50 5.07 1.55 0.88 44.16 41.08 46.25 48.70
2.57 5.20 1.55 0.96 44.04 40.98 46.23 48.33
2.35 4.71 1.45 0.89 44.42 41.40 46.53 48.62
2.29 4.60 1.39 0.87 44.54 41.50 46.72 48.74
2.65 5.32 1.57 1.07 43.89 40.88 46.17 47.83
2.82 5.69 1.65 1.11 43.63 40.58 45.95 47.67
2.92 5.91 1.73 1.12 43.49 40.42 45.76 47.66
3.06 6.27 1.81 1.10 43.27 40.16 45.55 47.73
3.51 7.16 2.14 1.22 42.69 39.59 44.84 47.26
3.34 6.87 1.98 1.16 42.90 39.76 45.16 47.48
2.98 6.19 1.78 0.97 43.39 40.21 45.61 48.28
2.82 5.93 1.71 0.84 43.62 40.41 45.81 48.89
2.89 6.07 1.78 0.83 43.52 40.30 45.62 48.94
2.81 5.90 1.75 0.79 43.63 40.42 45.70 49.14
3.19 6.67 1.93 0.96 43.10 39.89 45.27 48.32
3.21 6.71 1.98 0.94 43.07 39.86 45.17 48.42
3.53 7.34 2.20 1.05 42.65 39.47 44.71 47.93
3.68 7.60 2.24 1.21 42.47 39.33 44.63 47.29
3.55 7.29 2.20 1.16 42.63 39.51 44.70 47.51
3.58 7.20 2.27 1.27 42.59 39.56 44.58 47.08
3.64 7.31 2.28 1.34 42.52 39.49 44.56 46.84
3.58 7.09 2.23 1.40 42.60 39.62 44.66 46.66
3.40 6.79 2.10 1.31 42.82 39.81 44.91 46.96
3.46 6.95 2.09 1.35 42.74 39.71 44.93 46.83
3.76 7.54 2.41 1.34 42.37 39.36 44.30 46.85
3.76 7.53 2.29 1.47 42.37 39.36 44.53 46.46
3.39 6.79 2.10 1.28 42.83 39.81 44.91 47.06
3.21 6.45 1.97 1.20 43.07 40.04 45.18 47.35
3.12 6.24 1.95 1.17 43.19 40.18 45.25 47.43
2.88 5.84 1.70 1.12 43.53 40.47 45.84 47.66
2.54 5.17 1.49 0.97 44.08 41.00 46.42 48.27
2.43 4.84 1.47 0.97 44.28 41.29 46.47 48.26
2.37 4.71 1.48 0.92 44.39 41.40 46.44 48.50
2.24 4.45 1.38 0.88 44.64 41.65 46.74 48.69
2.09 4.23 1.31 0.74 44.92 41.87 46.96 49.43
2.16 4.37 1.33 0.78 44.78 41.72 46.89 49.21
2.32 4.68 1.45 0.84 44.47 41.43 46.51 48.91
2.49 4.98 1.53 0.95 44.18 41.16 46.28 48.36
2.35 4.61 1.53 0.92 44.41 41.49 46.27 48.52
2.29 4.41 1.50 0.96 44.54 41.70 46.37 48.33
2.36 4.57 1.49 1.01 44.40 41.53 46.39 48.07
2.55 4.78 1.60 1.27 44.06 41.34 46.09 47.10
2.56 4.52 1.63 1.55 44.04 41.59 46.01 46.23
2.94 5.11 1.85 1.87 43.44 41.05 45.46 45.40
2.96 5.02 1.86 2.00 43.42 41.13 45.44 45.13
3.28 5.47 2.22 2.16 42.97 40.75 44.67 44.80
3.73 6.29 2.49 2.40 42.42 40.15 44.16 44.34
3.67 6.24 2.50 2.29 42.48 40.18 44.16 44.54
3.57 6.04 2.29 2.39 42.60 40.32 44.54 44.35
3.36 5.74 2.13 2.21 42.87 40.54 44.86 44.69
3.55 6.14 2.26 2.23 42.64 40.25 44.59 44.64
3.31 5.80 2.05 2.09 42.93 40.50 45.02 44.92
3.07 5.47 1.82 1.92 43.26 40.75 45.54 45.29
2.89 5.22 1.73 1.72 43.52 40.95 45.76 45.78
2.92 5.27 1.76 1.74 43.47 40.92 45.67 45.72
3.02 5.46 1.84 1.75 43.33 40.76 45.47 45.70
2.82 5.02 1.76 1.68 43.63 41.13 45.68 45.88
3.15 5.28 2.21 1.95 43.15 40.91 44.69 45.23
3.40 5.76 2.29 2.16 42.82 40.53 44.54 44.79
3.70 6.32 2.50 2.29 42.45 40.13 44.16 44.53
4.10 7.03 2.75 2.51 42.00 39.66 43.74 44.13
3.98 6.73 2.75 2.46 42.13 39.85 43.74 44.23
3.44 5.64 2.42 2.26 42.77 40.62 44.30 44.59
3.43 5.71 2.37 2.22 42.77 40.56 44.38 44.68
3.61 5.94 2.54 2.36 42.55 40.40 44.09 44.40
3.36 5.53 2.30 2.25 42.87 40.70 44.52 44.60
3.83 6.33 2.62 2.53 42.30 40.12 43.95 44.10
3.63 5.91 2.55 2.43 42.53 40.42 44.06 44.27
3.35 5.47 2.18 2.40 42.88 40.75 44.75 44.33
3.43 5.61 2.27 2.40 42.78 40.64 44.57 44.33
3.21 5.24 2.07 2.31 43.07 40.94 44.96 44.49
3.15 5.21 1.92 2.31 43.15 40.96 45.30 44.49
3.01 4.92 1.90 2.21 43.34 41.21 45.33 44.69
2.88 4.82 1.82 1.99 43.55 41.30 45.54 45.15
3.01 5.10 1.93 2.01 43.34 41.05 45.29 45.11
2.69 4.53 1.86 1.69 43.83 41.57 45.44 45.86
2.60 4.41 1.85 1.54 43.98 41.68 45.47 46.25
2.46 4.38 1.74 1.26 44.23 41.72 45.72 47.14
2.34 4.33 1.61 1.09 44.44 41.77 46.06 47.77
1.87 3.57 1.18 0.85 45.42 42.61 47.40 48.86
1.98 3.80 1.25 0.90 45.16 42.34 47.17 48.60
1.83 3.51 1.19 0.80 45.51 42.68 47.37 49.13
1.92 3.60 1.28 0.90 45.29 42.56 47.07 48.60
1.89 3.63 1.24 0.81 45.36 42.53 47.20 49.04
2.03 3.88 1.29 0.92 45.05 42.25 47.02 48.47
1.83 3.49 1.19 0.80 45.51 42.70 47.36 49.10
1.94 3.65 1.29 0.88 45.26 42.51 47.04 48.70
1.83 3.44 1.24 0.81 45.50 42.76 47.19 49.05
1.94 3.61 1.26 0.93 45.27 42.55 47.14 48.43
1.74 3.25 1.10 0.86 45.73 43.01 47.73 48.76
1.71 3.15 1.08 0.90 45.80 43.14 47.80 48.57
1.66 3.02 1.07 0.88 45.94 43.33 47.83 48.69
1.95 3.64 1.25 0.97 45.22 42.52 47.17 48.26
2.18 3.95 1.45 1.13 44.75 42.16 46.50 47.62
2.63 4.85 1.68 1.34 43.95 41.27 45.88 46.86
3.20 5.92 2.02 1.65 43.09 40.41 45.09 45.96
3.76 6.99 2.40 1.90 42.38 39.68 44.34 45.36
3.79 7.02 2.42 1.94 42.34 39.67 44.29 45.26
4.64 8.80 2.87 2.26 41.46 38.68 43.55 44.60
4.33 8.25 2.68 2.07 41.76 38.97 43.85 44.98
4.87 9.40 2.98 2.23 41.26 38.40 43.39 44.65
4.73 9.24 2.87 2.07 41.39 38.47 43.55 44.97
5.36 10.49 3.19 2.41 40.84 37.92 43.10 44.31
5.07 10.09 3.04 2.07 41.08 38.09 43.30 44.97
5.21 10.23 3.15 2.26 40.96 38.03 43.14 44.59
4.66 9.17 2.85 1.95 41.45 38.51 43.59 45.22
4.81 9.46 2.84 2.14 41.31 38.37 43.60 44.82
4.07 7.95 2.51 1.76 42.03 39.13 44.13 45.67
4.01 7.61 2.55 1.88 42.10 39.32 44.07 45.39
3.24 5.97 2.07 1.66 43.03 40.37 44.97 45.92
3.59 6.53 2.33 1.90 42.58 39.98 44.46 45.33
3.88 7.18 2.41 2.06 42.24 39.57 44.31 45.00
3.96 7.51 2.37 2.01 42.15 39.38 44.39 45.11
3.99 7.63 2.42 1.91 42.13 39.30 44.30 45.33
3.92 7.60 2.33 1.81 42.20 39.32 44.45 45.56
3.80 7.36 2.17 1.87 42.33 39.46 44.76 45.41
4.01 7.68 2.37 1.99 42.10 39.28 44.39 45.14
3.90 7.32 2.29 2.10 42.22 39.48 44.54 44.92
3.97 7.52 2.23 2.17 42.14 39.37 44.65 44.77
4.07 7.58 2.34 2.30 42.03 39.34 44.44 44.51
4.33 7.97 2.65 2.35 41.77 39.12 43.89 44.41
4.15 7.65 2.46 2.35 41.95 39.30 44.23 44.43
4.45 8.27 2.62 2.45 41.65 38.96 43.95 44.23
4.22 7.83 2.56 2.25 41.88 39.19 44.04 44.60
3.93 7.29 2.38 2.12 42.19 39.50 44.37 44.86
4.22 7.89 2.50 2.26 41.88 39.16 44.15 44.59
3.82 6.98 2.37 2.11 42.31 39.69 44.38 44.89
3.73 6.93 2.32 1.94 42.41 39.72 44.47 45.26
3.53 6.61 2.20 1.77 42.66 39.93 44.70 45.66
3.25 6.00 2.08 1.66 43.02 40.35 44.95 45.93
2.56 4.72 1.69 1.26 44.05 41.39 45.84 47.13
2.51 4.64 1.63 1.25 44.13 41.46 46.00 47.16
2.21 4.12 1.41 1.10 44.69 41.98 46.63 47.72
2.28 4.22 1.43 1.20 44.55 41.88 46.58 47.32
2.05 3.81 1.32 1.03 45.01 42.32 46.93 48.00
1.79 3.32 1.18 0.87 45.60 42.92 47.39 48.73
2.02 3.74 1.30 1.01 45.08 42.40 46.97 48.10
1.81 3.45 1.17 0.83 45.54 42.76 47.46 48.93
2.11 3.94 1.40 0.99 44.89 42.18 46.66 48.16
1.85 3.53 1.19 0.84 45.45 42.66 47.36 48.89
2.19 4.18 1.39 1.01 44.72 41.92 46.70 48.10
2.10 4.06 1.31 0.92 44.91 42.05 46.96 48.47
2.46 4.80 1.48 1.13 44.21 41.32 46.44 47.62
2.38 4.57 1.53 1.03 44.36 41.53 46.27 47.98
2.72 5.15 1.77 1.24 43.79 41.02 45.66 47.21
2.85 5.41 1.85 1.29 43.58 40.80 45.46 47.01
3.09 5.94 1.95 1.37 43.24 40.39 45.23 46.76
3.40 6.64 2.11 1.46 42.82 39.91 44.88 46.50
3.37 6.58 2.09 1.44 42.86 39.96 44.93 46.56
3.31 6.45 2.12 1.36 42.93 40.04 44.86 46.79
3.37 6.67 2.10 1.36 42.85 39.89 44.91 46.81
3.57 7.08 2.21 1.41 42.61 39.63 44.69 46.63
3.63 7.14 2.33 1.43 42.53 39.60 44.45 46.57
3.87 7.59 2.42 1.59 42.25 39.33 44.29 46.12
3.83 7.37 2.44 1.67 42.30 39.46 44.26 45.91
3.81 7.44 2.40 1.59 42.32 39.42 44.33 46.12
3.96 7.73 2.50 1.65 42.16 39.25 44.14 45.96
3.64 7.14 2.31 1.46 42.53 39.59 44.50 46.50
3.64 7.10 2.35 1.48 42.52 39.62 44.42 46.43
3.51 6.92 2.28 1.35 42.68 39.74 44.56 46.84
3.49 6.95 2.18 1.34 42.71 39.72 44.75 46.88
3.43 6.78 2.19 1.31 42.78 39.82 44.73 46.95
3.33 6.56 2.16 1.26 42.92 39.97 44.79 47.14
3.74 7.45 2.27 1.50 42.41 39.42 44.58 46.38
3.40 6.83 2.09 1.29 42.82 39.80 44.94 47.05
3.34 6.68 2.01 1.33 42.90 39.89 45.10 46.91
3.17 6.52 1.83 1.14 43.13 39.99 45.50 47.55
2.87 5.85 1.73 1.05 43.54 40.46 45.75 47.93
2.83 5.78 1.75 0.96 43.61 40.51 45.70 48.29
3.00 6.09 1.82 1.09 43.36 40.29 45.54 47.78
2.97 6.08 1.82 1.02 43.40 40.29 45.54 48.03
2.93 5.91 1.77 1.12 43.46 40.42 45.66 47.66
3.25 6.51 1.93 1.30 43.02 39.99 45.27 47.00
3.61 7.24 2.16 1.41 42.56 39.53 44.78 46.63
3.46 6.97 2.04 1.38 42.74 39.70 45.04 46.73
3.06 6.23 1.87 1.07 43.28 40.18 45.41 47.84
3.27 6.83 1.94 1.04 42.98 39.79 45.25 47.95
2.98 6.21 1.77 0.95 43.39 40.20 45.65 48.36
2.72 5.72 1.67 0.77 43.78 40.56 45.89 49.27
2.71 5.69 1.65 0.79 43.80 40.58 45.94 49.18
2.76 5.74 1.66 0.90 43.71 40.55 45.94 48.59
3.03 6.11 1.83 1.14 43.32 40.27 45.51 47.55
2.93 5.77 1.84 1.19 43.46 40.52 45.48 47.36
2.76 5.45 1.74 1.08 43.73 40.77 45.74 47.78
2.83 5.73 1.70 1.06 43.61 40.55 45.83 47.87
2.50 4.94 1.60 0.95 44.16 41.20 46.08 48.33
2.50 4.97 1.61 0.91 44.16 41.17 46.08 48.52
2.54 5.04 1.61 0.95 44.09 41.11 46.05 48.35
2.41 4.81 1.54 0.89 44.30 41.31 46.26 48.62
2.44 4.82 1.53 0.97 44.26 41.30 46.29 48.24
2.26 4.41 1.42 0.95 44.59 41.68 46.60 48.38
2.17 4.18 1.39 0.94 44.77 41.92 46.70 48.41
2.30 4.40 1.44 1.06 44.52 41.70 46.54 47.89
2.10 3.99 1.36 0.97 44.90 42.12 46.80 48.27
2.11 3.92 1.39 1.02 44.89 42.20 46.71 48.04
2.07 3.84 1.39 0.98 44.97 42.29 46.70 48.22
2.29 4.31 1.44 1.13 44.53 41.79 46.55 47.60
2.10 3.91 1.33 1.06 44.91 42.21 46.88 47.88
2.28 4.21 1.49 1.15 44.55 41.89 46.41 47.51
2.14 4.06 1.36 1.01 44.82 42.05 46.80 48.08
2.44 4.63 1.55 1.15 44.26 41.48 46.24 47.51
2.19 4.09 1.44 1.03 44.73 42.02 46.53 47.98
2.35 4.35 1.53 1.17 44.42 41.75 46.28 47.43
2.34 4.29 1.53 1.19 44.45 41.81 46.29 47.37
2.64 4.85 1.69 1.38 43.92 41.29 45.86 46.74
2.57 4.78 1.67 1.28 44.03 41.34 45.92 47.06
2.68 4.98 1.71 1.35 43.85 41.16 45.80 46.84
3.01 5.59 1.90 1.55 43.34 40.66 45.35 46.23
2.98 5.52 1.92 1.48 43.40 40.72 45.29 46.42
3.06 5.84 1.90 1.44 43.27 40.47 45.35 46.55
2.82 5.37 1.78 1.31 43.63 40.83 45.63 46.95
2.73 5.28 1.74 1.17 43.77 40.90 45.72 47.45
3.02 5.86 1.89 1.31 43.33 40.45 45.38 46.95
3.08 6.09 1.91 1.24 43.25 40.29 45.32 47.19
3.03 5.96 1.94 1.19 43.32 40.38 45.24 47.38
3.13 6.15 1.98 1.27 43.17 40.25 45.16 47.11
3.47 6.75 2.26 1.38 42.73 39.84 44.59 46.71
3.48 6.75 2.26 1.44 42.71 39.84 44.60 46.53
3.33 6.50 2.16 1.32 42.91 40.00 44.78 46.92
3.34 6.51 2.12 1.39 42.89 39.99 44.86 46.69
3.53 6.87 2.21 1.49 42.66 39.76 44.68 46.39
3.27 6.34 2.07 1.41 42.98 40.11 44.98 46.64
2.99 5.76 1.90 1.33 43.37 40.53 45.36 46.90
2.79 5.36 1.78 1.21 43.69 40.84 45.62 47.31
3.03 5.82 1.92 1.35 43.32 40.48 45.30 46.82
2.86 5.54 1.80 1.24 43.59 40.72 45.59 47.22
2.80 5.46 1.72 1.20 43.67 40.76 45.77 47.34
2.63 5.23 1.58 1.09 43.93 40.95 46.13 47.77
3.05 6.11 1.81 1.24 43.29 40.27 45.56 47.19
2.70 5.38 1.63 1.08 43.83 40.83 46.02 47.80
2.65 5.23 1.61 1.12 43.90 40.95 46.07 47.66
2.56 5.08 1.54 1.07 44.05 41.08 46.26 47.86
2.90 5.73 1.69 1.27 43.51 40.55 45.86 47.08
2.69 5.23 1.64 1.18 43.85 40.95 45.99 47.42
2.97 6.02 1.72 1.16 43.41 40.34 45.78 47.47
