4.48 10.11 2.14 1.18 41.62 38.08 44.82 47.41
4.32 9.53 2.17 1.26 41.78 38.34 44.77 47.14
4.36 9.69 2.17 1.21 41.74 38.27 44.77 47.31
4.53 10.26 2.18 1.16 41.57 38.02 44.74 47.48
4.37 9.88 2.14 1.08 41.73 38.19 44.82 47.79
4.73 10.79 2.17 1.23 41.38 37.80 44.76 47.23
4.74 10.88 2.21 1.14 41.37 37.77 44.69 47.57
5.09 11.72 2.40 1.16 41.06 37.44 44.33 47.48
4.80 11.05 2.33 1.03 41.32 37.70 44.46 48.00
4.90 11.48 2.27 0.94 41.23 37.53 44.57 48.40
4.60 10.71 2.15 0.92 41.51 37.83 44.80 48.50
4.76 11.06 2.20 1.03 41.35 37.69 44.71 48.02
4.81 11.02 2.29 1.11 41.31 37.71 44.52 47.69
5.43 12.44 2.47 1.40 40.78 37.19 44.20 46.67
5.26 11.79 2.46 1.55 40.92 37.42 44.23 46.25
6.22 13.76 3.04 1.85 40.19 36.74 43.31 45.47
6.10 13.66 2.99 1.66 40.28 36.78 43.37 45.94
5.67 12.93 2.64 1.43 40.59 37.01 43.91 46.58
5.99 13.73 2.76 1.49 40.35 36.75 43.73 46.41
5.51 12.52 2.60 1.40 40.72 37.15 43.98 46.68
5.94 13.46 2.83 1.54 40.39 36.84 43.61 46.27
5.59 12.80 2.63 1.35 40.66 37.06 43.94 46.84
5.82 13.23 2.72 1.52 40.48 36.92 43.78 46.31
5.01 11.53 2.34 1.16 41.13 37.51 44.43 47.48
5.29 12.04 2.41 1.42 40.89 37.33 44.30 46.61
5.06 11.49 2.35 1.34 41.09 37.53 44.43 46.86
5.33 12.15 2.41 1.44 40.86 37.29 44.30 46.54
5.51 12.34 2.58 1.63 40.71 37.22 44.02 46.02
4.93 10.90 2.42 1.47 41.21 37.76 44.30 46.46
5.28 11.58 2.56 1.70 40.91 37.50 44.05 45.84
4.33 8.91 2.45 1.64 41.77 38.64 44.25 46.00
4.49 9.19 2.46 1.82 41.61 38.50 44.23 45.53
4.31 8.70 2.49 1.73 41.79 38.74 44.17 45.75
4.44 8.97 2.53 1.80 41.66 38.61 44.10 45.58
4.32 8.63 2.56 1.76 41.79 38.77 44.06 45.67
4.60 9.24 2.65 1.93 41.50 38.48 43.90 45.28
4.22 8.52 2.41 1.72 41.88 38.83 44.32 45.79
4.10 8.22 2.31 1.76 42.01 38.98 44.50 45.69
4.05 8.19 2.27 1.69 42.06 39.01 44.57 45.86
4.11 8.40 2.29 1.65 41.99 38.89 44.53 45.96
3.42 7.08 1.96 1.22 42.80 39.64 45.20 47.29
3.32 7.00 1.84 1.13 42.92 39.69 45.49 47.62
3.23 6.79 1.85 1.07 43.04 39.82 45.47 47.86
3.53 7.45 1.92 1.20 42.66 39.41 45.29 47.33
3.27 6.93 1.84 1.03 42.99 39.73 45.49 47.99
3.60 7.56 2.08 1.16 42.57 39.35 44.95 47.51
3.69 7.60 2.29 1.17 42.47 39.33 44.54 47.46
4.12 8.43 2.49 1.45 41.98 38.87 44.17 46.52
3.88 7.96 2.32 1.35 42.25 39.12 44.48 46.83
3.81 7.73 2.33 1.38 42.32 39.25 44.46 46.73
4.25 8.65 2.55 1.55 41.84 38.76 44.06 46.22
3.86 7.97 2.32 1.30 42.26 39.12 44.46 46.99
4.11 8.52 2.34 1.46 42.00 38.83 44.44 46.48
3.72 7.74 2.21 1.20 42.43 39.24 44.68 47.35
3.53 7.34 2.13 1.13 42.65 39.47 44.85 47.58
3.73 7.76 2.16 1.26 42.42 39.23 44.78 47.13
3.40 7.16 1.91 1.12 42.82 39.58 45.32 47.62
3.10 6.71 1.75 0.85 43.22 39.87 45.70 48.83
3.55 7.64 2.03 0.96 42.64 39.30 45.05 48.30
3.51 7.50 2.04 0.97 42.68 39.38 45.03 48.24
3.40 7.14 1.92 1.15 42.81 39.59 45.31 47.53
3.99 8.42 2.25 1.29 42.12 38.88 44.60 47.04
3.65 7.65 2.11 1.19 42.51 39.30 44.90 47.37
3.70 7.79 2.03 1.27 42.46 39.22 45.05 47.09
3.16 6.56 1.84 1.08 43.14 39.96 45.49 47.81
3.01 6.28 1.75 1.01 43.34 40.15 45.69 48.10
3.04 6.36 1.67 1.10 43.30 40.10 45.90 47.73
2.83 5.83 1.60 1.05 43.62 40.47 46.09 47.94
2.58 5.25 1.51 0.98 44.01 40.93 46.35 48.20
3.08 6.30 1.71 1.22 43.25 40.14 45.80 47.26
3.29 6.81 1.80 1.26 42.96 39.80 45.57 47.14
3.38 6.98 1.94 1.23 42.84 39.69 45.26 47.23
3.47 7.22 1.97 1.20 42.73 39.54 45.18 47.33
3.98 8.23 2.34 1.37 42.13 38.98 44.44 46.76
3.63 7.54 2.10 1.25 42.53 39.36 44.90 47.16
3.20 6.74 1.85 1.02 43.08 39.84 45.47 48.04
3.02 6.40 1.75 0.91 43.34 40.07 45.71 48.56
3.07 6.47 1.86 0.89 43.26 40.02 45.44 48.64
3.17 6.67 1.96 0.90 43.12 39.89 45.22 48.61
3.41 7.24 2.00 0.97 42.81 39.53 45.12 48.25
3.38 7.15 2.05 0.95 42.84 39.58 45.02 48.35
3.41 7.21 2.03 1.00 42.80 39.55 45.06 48.15
4.00 8.29 2.33 1.39 42.11 38.95 44.46 46.70
3.73 7.74 2.20 1.24 42.42 39.25 44.71 47.19
3.81 7.78 2.33 1.33 42.32 39.23 44.46 46.89
3.67 7.35 2.23 1.42 42.49 39.47 44.66 46.62
3.86 7.78 2.26 1.54 42.27 39.22 44.60 46.27
3.72 7.55 2.18 1.45 42.42 39.35 44.76 46.52
3.82 7.74 2.19 1.52 42.31 39.25 44.73 46.30
3.81 7.73 2.32 1.37 42.33 39.26 44.49 46.77
3.95 8.15 2.23 1.48 42.16 39.02 44.65 46.45
3.51 7.24 2.03 1.25 42.69 39.53 45.06 47.18
3.49 7.24 1.98 1.24 42.71 39.54 45.17 47.19
3.21 6.69 1.84 1.10 43.08 39.88 45.50 47.73
3.04 6.36 1.69 1.07 43.31 40.10 45.87 47.85
2.67 5.65 1.46 0.91 43.87 40.62 46.51 48.54
2.60 5.38 1.43 0.97 43.99 40.82 46.57 48.25
2.42 5.03 1.38 0.86 44.29 41.12 46.73 48.80
2.36 4.92 1.33 0.84 44.40 41.22 46.90 48.86
2.19 4.65 1.24 0.69 44.72 41.46 47.19 49.73
2.30 4.83 1.29 0.78 44.51 41.29 47.02 49.20
2.32 4.86 1.35 0.77 44.48 41.27 46.85 49.29
2.66 5.57 1.48 0.93 43.88 40.68 46.42 48.44
2.57 5.26 1.54 0.90 44.03 40.92 46.25 48.57
2.58 5.19 1.55 0.99 44.02 40.98 46.22 48.19
2.62 5.25 1.55 1.08 43.95 40.93 46.24 47.83
2.71 5.24 1.64 1.25 43.80 40.94 45.97 47.16
2.76 5.03 1.70 1.56 43.72 41.12 45.84 46.20
3.14 5.57 1.90 1.96 43.16 40.67 45.34 45.22
3.17 5.48 1.95 2.06 43.13 40.74 45.23 44.98
3.46 5.90 2.30 2.19 42.74 40.43 44.52 44.73
3.97 6.83 2.59 2.50 42.14 39.79 43.99 44.16
3.88 6.66 2.60 2.39 42.24 39.90 43.99 44.34
3.76 6.45 2.36 2.46 42.38 40.04 44.40 44.22
3.47 6.01 2.18 2.22 42.73 40.35 44.75 44.66
3.79 6.72 2.35 2.29 42.35 39.86 44.43 44.53
3.53 6.32 2.12 2.16 42.65 40.13 44.86 44.79
3.27 5.97 1.87 1.98 42.98 40.37 45.41 45.16
3.12 5.74 1.82 1.80 43.19 40.55 45.54 45.58
3.21 5.94 1.85 1.84 43.08 40.40 45.47 45.50
3.33 6.20 1.99 1.80 42.91 40.21 45.14 45.58
3.14 5.80 1.91 1.70 43.17 40.50 45.33 45.82
3.43 5.92 2.32 2.03 42.78 40.41 44.47 45.05
3.84 6.70 2.48 2.33 42.29 39.87 44.18 44.47
4.03 7.03 2.67 2.39 42.08 39.66 43.87 44.35
4.53 7.98 2.92 2.68 41.57 39.11 43.47 43.86
4.51 7.86 2.94 2.73 41.60 39.18 43.45 43.78
3.91 6.67 2.61 2.44 42.22 39.90 43.97 44.27
3.98 6.86 2.60 2.48 42.14 39.77 43.98 44.19
4.04 6.79 2.74 2.57 42.07 39.82 43.75 44.03
3.80 6.42 2.53 2.47 42.33 40.06 44.11 44.21
4.25 7.10 2.81 2.85 41.85 39.62 43.66 43.60
4.04 6.73 2.73 2.65 42.08 39.86 43.78 43.91
3.72 6.13 2.30 2.72 42.43 40.26 44.53 43.79
3.78 6.32 2.38 2.65 42.35 40.13 44.36 43.91
3.73 6.29 2.29 2.61 42.42 40.15 44.54 43.97
3.60 6.06 2.13 2.60 42.58 40.31 44.85 44.00
3.38 5.63 2.05 2.45 42.85 40.63 45.02 44.25
3.42 5.91 2.07 2.26 42.81 40.42 44.98 44.60
3.63 6.35 2.20 2.34 42.54 40.10 44.72 44.45
3.15 5.52 2.04 1.89 43.15 40.71 45.03 45.37
3.13 5.55 2.05 1.79 43.18 40.69 45.01 45.60
3.03 5.55 2.04 1.52 43.31 40.69 45.04 46.33
3.00 5.71 1.91 1.38 43.36 40.57 45.32 46.74
2.45 4.81 1.50 1.04 44.24 41.31 46.36 47.97
2.59 5.08 1.51 1.19 44.00 41.08 46.35 47.39
2.44 4.79 1.49 1.03 44.27 41.33 46.42 48.02
2.44 4.70 1.49 1.13 44.26 41.41 46.40 47.63
2.39 4.62 1.52 1.02 44.35 41.49 46.31 48.04
2.66 5.18 1.61 1.18 43.89 40.99 46.07 47.41
2.40 4.64 1.48 1.08 44.34 41.48 46.45 47.79
2.52 4.86 1.56 1.14 44.12 41.27 46.21 47.56
2.40 4.62 1.53 1.06 44.33 41.49 46.30 47.88
2.71 5.23 1.60 1.32 43.80 40.95 46.10 46.93
2.37 4.53 1.41 1.16 44.39 41.57 46.64 47.47
2.32 4.37 1.33 1.27 44.47 41.73 46.88 47.10
2.22 4.14 1.33 1.18 44.67 41.96 46.90 47.40
2.59 4.88 1.53 1.37 43.99 41.25 46.29 46.76
2.64 4.86 1.71 1.33 43.92 41.26 45.80 46.88
3.03 5.65 1.83 1.61 43.32 40.61 45.52 46.06
3.84 7.13 2.33 2.05 42.29 39.60 44.46 45.01
4.25 7.92 2.68 2.16 41.84 39.14 43.85 44.79
4.25 7.89 2.67 2.20 41.84 39.16 43.86 44.70
5.27 10.00 3.17 2.63 40.92 38.13 43.12 43.94
4.91 9.38 3.00 2.35 41.22 38.41 43.35 44.41
5.55 10.69 3.35 2.63 40.68 37.84 42.88 43.94
5.30 10.30 3.23 2.37 40.89 38.01 43.04 44.38
6.00 11.72 3.44 2.84 40.35 37.44 42.77 43.61
5.72 11.40 3.37 2.41 40.55 37.56 42.86 44.31
5.80 11.43 3.42 2.57 40.49 37.55 42.80 44.04
5.13 10.16 3.07 2.16 41.03 38.06 43.26 44.79
5.20 10.17 3.00 2.43 40.97 38.06 43.36 44.28
4.34 8.46 2.63 1.92 41.76 38.86 43.93 45.30
4.30 8.14 2.65 2.11 41.80 39.03 43.90 44.90
3.48 6.44 2.17 1.84 42.71 40.04 44.75 45.49
4.07 7.47 2.49 2.25 42.04 39.40 44.17 44.62
4.37 8.16 2.56 2.40 41.72 39.01 44.05 44.33
4.41 8.47 2.52 2.25 41.69 38.85 44.12 44.62
4.41 8.59 2.56 2.07 41.69 38.79 44.05 44.96
4.22 8.34 2.41 1.91 41.88 38.92 44.31 45.32
4.55 9.15 2.51 2.00 41.57 38.55 44.16 45.13
5.27 10.66 2.87 2.26 40.96 37.91 43.58 44.60
5.32 10.50 2.88 2.58 40.92 37.99 43.57 44.04
5.48 10.91 2.79 2.73 40.80 37.83 43.71 43.79
5.46 10.49 2.92 2.97 40.81 37.99 43.52 43.42
5.93 11.50 3.35 2.94 40.46 37.60 42.92 43.47
5.34 10.23 2.98 2.80 40.89 38.08 43.41 43.68
6.02 11.81 3.20 3.05 40.37 37.46 43.11 43.31
5.46 10.51 3.17 2.70 40.79 37.95 43.15 43.83
5.31 10.21 3.01 2.70 40.92 38.09 43.38 43.83
5.52 10.68 3.00 2.89 40.74 37.88 43.39 43.54
4.75 9.10 2.71 2.45 41.39 38.58 43.82 44.25
4.55 8.71 2.70 2.23 41.57 38.75 43.83 44.65
4.05 7.80 2.41 1.94 42.07 39.22 44.32 45.26
3.94 7.50 2.38 1.92 42.19 39.39 44.37 45.30
3.25 6.27 1.99 1.49 43.02 40.17 45.15 46.40
3.03 5.82 1.92 1.36 43.32 40.49 45.30 46.79
2.63 5.02 1.58 1.27 43.94 41.12 46.15 47.08
2.76 5.25 1.58 1.44 43.72 40.93 46.14 46.54
2.42 4.67 1.39 1.19 44.29 41.44 46.70 47.36
2.18 4.18 1.32 1.03 44.75 41.93 46.92 47.99
2.55 4.89 1.46 1.29 44.07 41.23 46.50 47.02
2.31 4.53 1.38 1.03 44.49 41.57 46.74 48.00
2.45 4.73 1.46 1.16 44.24 41.38 46.49 47.48
2.38 4.59 1.55 0.99 44.37 41.52 46.22 48.15
2.82 5.56 1.66 1.25 43.62 40.68 45.92 47.16
2.53 5.01 1.46 1.11 44.11 41.13 46.48 47.69
3.10 6.17 1.72 1.41 43.21 40.23 45.78 46.63
3.00 5.88 1.81 1.30 43.36 40.44 45.55 46.99
3.37 6.52 2.01 1.58 42.86 39.99 45.09 46.15
3.09 5.96 1.95 1.35 43.24 40.38 45.25 46.83
3.47 6.75 2.08 1.57 42.73 39.84 44.95 46.18
3.75 7.39 2.21 1.65 42.39 39.44 44.68 45.95
3.81 7.52 2.25 1.64 42.33 39.37 44.60 45.98
3.67 7.30 2.22 1.50 42.48 39.49 44.66 46.38
3.68 7.37 2.20 1.46 42.48 39.46 44.70 46.49
3.96 8.03 2.31 1.54 42.15 39.08 44.48 46.26
3.94 7.86 2.44 1.51 42.18 39.18 44.26 46.35
4.20 8.31 2.58 1.72 41.90 38.94 44.01 45.77
4.21 8.21 2.60 1.83 41.89 38.99 43.99 45.51
4.20 8.29 2.56 1.77 41.90 38.95 44.05 45.66
4.34 8.52 2.70 1.81 41.75 38.83 43.82 45.56
4.04 8.01 2.54 1.57 42.07 39.09 44.09 46.18
4.08 7.98 2.58 1.69 42.02 39.11 44.01 45.86
4.10 8.14 2.53 1.63 42.00 39.02 44.10 46.02
3.99 7.98 2.42 1.56 42.12 39.11 44.30 46.20
3.83 7.69 2.33 1.48 42.29 39.27 44.45 46.44
3.98 7.90 2.51 1.53 42.13 39.16 44.13 46.27
4.45 8.86 2.67 1.81 41.65 38.66 43.86 45.56
4.04 8.10 2.45 1.56 42.07 39.05 44.24 46.20
3.87 7.78 2.30 1.53 42.25 39.22 44.52 46.29
3.45 7.05 1.97 1.32 42.76 39.65 45.19 46.91
3.08 6.25 1.82 1.15 43.25 40.17 45.52 47.53
2.91 5.93 1.78 1.01 43.50 40.40 45.62 48.09
3.20 6.46 1.95 1.18 43.08 40.03 45.22 47.40
3.20 6.55 1.94 1.12 43.08 39.97 45.26 47.63
3.17 6.38 1.87 1.24 43.13 40.08 45.41 47.18
3.57 7.20 2.07 1.45 42.60 39.56 44.98 46.53
3.96 7.99 2.32 1.56 42.16 39.10 44.48 46.19
3.86 7.80 2.22 1.55 42.27 39.21 44.67 46.22
3.45 7.05 2.07 1.23 42.75 39.65 44.98 47.22
3.77 7.92 2.16 1.24 42.36 39.14 44.78 47.18
3.62 7.63 2.06 1.17 42.55 39.31 44.99 47.46
3.38 7.17 1.99 0.98 42.85 39.58 45.15 48.25
3.35 7.08 1.92 1.05 42.88 39.63 45.29 47.94
3.43 7.21 1.92 1.17 42.78 39.55 45.30 47.45
3.44 6.95 2.03 1.35 42.77 39.72 45.05 46.84
3.51 7.07 2.05 1.42 42.68 39.64 45.02 46.61
3.42 6.85 2.02 1.39 42.79 39.78 45.08 46.69
3.54 7.25 2.02 1.34 42.65 39.53 45.08 46.86
3.54 7.01 2.12 1.48 42.65 39.68 44.86 46.44
3.17 6.32 1.97 1.21 43.13 40.13 45.18 47.31
3.36 6.64 2.06 1.38 42.87 39.91 44.99 46.73
3.15 6.30 1.93 1.22 43.15 40.14 45.28 47.26
3.17 6.38 1.89 1.26 43.11 40.08 45.37 47.12
2.82 5.56 1.71 1.21 43.62 40.68 45.80 47.32
2.78 5.45 1.71 1.19 43.69 40.77 45.79 47.38
3.05 5.97 1.83 1.36 43.28 40.37 45.51 46.79
2.74 5.33 1.66 1.22 43.76 40.87 45.93 47.27
2.75 5.22 1.73 1.28 43.75 40.96 45.74 47.05
2.64 5.05 1.67 1.21 43.91 41.10 45.90 47.29
3.01 5.74 1.79 1.48 43.35 40.54 45.60 46.42
2.73 5.19 1.65 1.34 43.77 40.98 45.95 46.86
2.91 5.57 1.76 1.40 43.49 40.68 45.67 46.66
2.75 5.36 1.70 1.21 43.73 40.83 45.84 47.32
3.23 6.35 1.90 1.43 43.04 40.10 45.35 46.58
2.86 5.56 1.75 1.26 43.57 40.68 45.71 47.12
3.14 6.07 1.91 1.42 43.17 40.30 45.32 46.59
3.06 5.88 1.87 1.42 43.28 40.44 45.40 46.60
3.65 7.10 2.11 1.75 42.51 39.62 44.89 45.71
3.24 6.23 1.98 1.51 43.02 40.18 45.17 46.33
3.34 6.46 2.02 1.54 42.89 40.03 45.08 46.26
3.86 7.48 2.27 1.83 42.27 39.39 44.57 45.51
3.57 6.84 2.22 1.63 42.61 39.78 44.67 46.01
3.95 7.86 2.30 1.69 42.16 39.17 44.52 45.84
3.66 7.35 2.13 1.49 42.50 39.47 44.86 46.39
3.72 7.59 2.14 1.44 42.42 39.33 44.82 46.55
4.43 9.14 2.46 1.68 41.67 38.52 44.22 45.87
4.07 8.38 2.24 1.59 42.03 38.90 44.63 46.11
3.92 8.01 2.26 1.47 42.20 39.09 44.59 46.45
4.13 8.42 2.29 1.67 41.97 38.88 44.52 45.91
4.24 8.57 2.53 1.61 41.86 38.80 44.10 46.06
4.41 8.88 2.63 1.71 41.69 38.65 43.92 45.79
4.25 8.57 2.60 1.58 41.84 38.80 43.98 46.13
4.23 8.60 2.51 1.58 41.87 38.79 44.14 46.13
4.44 8.95 2.59 1.78 41.65 38.61 44.00 45.61
3.96 7.95 2.37 1.55 42.15 39.13 44.38 46.23
3.80 7.66 2.15 1.58 42.34 39.29 44.80 46.15
3.56 7.17 2.07 1.45 42.61 39.58 44.98 46.53
3.84 7.61 2.29 1.62 42.29 39.32 44.54 46.03
3.61 7.24 2.18 1.42 42.55 39.53 44.76 46.59
3.41 6.87 1.94 1.42 42.80 39.76 45.26 46.62
3.34 6.76 1.93 1.34 42.89 39.83 45.27 46.85
3.91 7.97 2.20 1.56 42.21 39.11 44.70 46.20
3.59 7.35 2.07 1.37 42.57 39.47 44.97 46.77
3.36 6.79 1.93 1.35 42.87 39.81 45.27 46.82
3.15 6.33 1.84 1.29 43.14 40.12 45.47 47.03
3.61 7.11 2.10 1.62 42.56 39.61 44.91 46.04
3.48 6.88 2.09 1.46 42.72 39.76 44.92 46.50
3.51 7.09 2.02 1.41 42.68 39.63 45.07 46.65
