4.48 10.11 2.14 1.18 41.62 38.08 44.82 47.41
4.32 9.53 2.17 1.26 41.78 38.34 44.77 47.14
4.36 9.69 2.17 1.21 41.74 38.27 44.77 47.31
4.53 10.26 2.18 1.16 41.57 38.02 44.74 47.48
4.37 9.88 2.14 1.08 41.73 38.19 44.82 47.79
4.73 10.79 2.17 1.23 41.38 37.80 44.76 47.23
4.74 10.88 2.21 1.14 41.37 37.77 44.69 47.57
5.09 11.72 2.40 1.16 41.06 37.44 44.33 47.48
4.80 11.05 2.33 1.03 41.32 37.70 44.46 48.00
4.90 11.48 2.27 0.94 41.23 37.53 44.57 48.40
4.60 10.71 2.15 0.92 41.51 37.83 44.80 48.50
4.76 11.06 2.20 1.03 41.35 37.69 44.71 48.02
4.81 11.02 2.29 1.11 41.31 37.71 44.52 47.69
5.39 12.40 2.40 1.39 40.81 37.20 44.33 46.70
5.28 11.87 2.41 1.54 40.91 37.38 44.31 46.26
6.23 13.84 3.00 1.85 40.18 36.72 43.36 45.45
6.09 13.64 2.99 1.64 40.29 36.79 43.37 45.98
5.66 12.84 2.68 1.46 40.60 37.04 43.85 46.50
5.98 13.68 2.77 1.49 40.36 36.77 43.70 46.39
5.46 12.46 2.56 1.37 40.76 37.18 44.03 46.75
5.95 13.46 2.80 1.58 40.39 36.84 43.66 46.15
5.57 12.75 2.59 1.36 40.67 37.07 43.99 46.79
5.85 13.21 2.77 1.57 40.46 36.92 43.70 46.19
4.98 11.43 2.34 1.16 41.16 37.55 44.44 47.49
5.29 12.02 2.41 1.42 40.90 37.33 44.30 46.59
5.07 11.53 2.35 1.34 41.08 37.52 44.42 46.86
5.32 12.12 2.37 1.45 40.88 37.30 44.36 46.51
5.53 12.41 2.57 1.60 40.70 37.19 44.03 46.08
4.93 10.90 2.40 1.48 41.21 37.76 44.33 46.44
5.22 11.45 2.52 1.68 40.96 37.54 44.12 45.88
3.75 7.50 2.20 1.55 42.39 39.38 44.72 46.22
3.83 7.57 2.26 1.66 42.30 39.34 44.59 45.94
3.62 7.08 2.19 1.60 42.54 39.63 44.73 46.10
3.77 7.42 2.25 1.65 42.36 39.43 44.60 45.96
3.85 7.52 2.37 1.67 42.28 39.37 44.39 45.91
3.79 7.40 2.31 1.68 42.34 39.44 44.50 45.89
3.44 6.61 2.11 1.61 42.77 39.93 44.90 46.08
3.45 6.72 2.04 1.59 42.76 39.86 45.04 46.14
3.57 7.00 2.09 1.62 42.61 39.68 44.93 46.04
3.40 6.75 2.03 1.42 42.81 39.84 45.05 46.60
2.80 5.59 1.69 1.13 43.65 40.65 45.85 47.60
2.75 5.61 1.63 1.01 43.74 40.64 46.01 48.08
2.76 5.59 1.68 1.01 43.72 40.66 45.87 48.08
2.89 5.87 1.72 1.07 43.53 40.45 45.77 47.84
2.75 5.61 1.67 0.95 43.74 40.64 45.89 48.34
2.91 5.81 1.85 1.05 43.50 40.49 45.46 47.93
3.22 6.42 2.10 1.14 43.06 40.06 44.92 47.57
3.37 6.65 2.17 1.29 42.85 39.90 44.76 47.03
3.19 6.26 2.09 1.22 43.10 40.17 44.92 47.28
3.01 5.85 2.01 1.16 43.35 40.46 45.09 47.51
3.42 6.72 2.24 1.30 42.80 39.86 44.64 47.00
3.11 6.26 2.00 1.07 43.20 40.17 45.12 47.84
3.15 6.31 1.97 1.18 43.15 40.13 45.19 47.43
2.94 5.90 1.89 1.03 43.45 40.42 45.37 47.98
3.05 6.17 1.92 1.06 43.29 40.23 45.29 47.86
3.09 6.19 2.00 1.10 43.23 40.21 45.13 47.73
2.81 5.64 1.74 1.05 43.65 40.62 45.73 47.94
2.56 5.39 1.54 0.74 44.06 40.82 46.26 49.41
2.88 5.96 1.83 0.86 43.53 40.38 45.51 48.80
2.77 5.66 1.79 0.86 43.71 40.60 45.61 48.79
2.89 5.90 1.76 1.01 43.52 40.42 45.68 48.09
3.20 6.50 1.99 1.11 43.08 40.00 45.14 47.67
2.88 5.85 1.78 1.00 43.54 40.46 45.64 48.15
2.87 5.84 1.72 1.04 43.55 40.47 45.77 47.96
2.58 5.19 1.61 0.93 44.02 40.98 46.06 48.45
2.54 5.13 1.58 0.92 44.08 41.03 46.15 48.49
2.62 5.30 1.59 0.98 43.94 40.89 46.12 48.23
2.39 4.72 1.51 0.95 44.34 41.39 46.35 48.37
2.20 4.39 1.34 0.88 44.70 41.71 46.87 48.70
2.46 4.90 1.46 1.01 44.22 41.23 46.48 48.07
2.56 5.16 1.52 1.01 44.06 41.02 46.33 48.12
2.67 5.39 1.57 1.04 43.89 40.83 46.18 47.99
2.87 5.85 1.69 1.06 43.57 40.47 45.86 47.87
3.23 6.60 1.96 1.13 43.05 39.95 45.22 47.64
3.24 6.67 1.92 1.13 43.02 39.89 45.30 47.59
2.88 5.96 1.72 0.95 43.54 40.38 45.76 48.34
2.75 5.74 1.67 0.84 43.74 40.55 45.90 48.89
2.84 5.92 1.78 0.83 43.59 40.41 45.63 48.93
2.75 5.76 1.72 0.77 43.74 40.53 45.78 49.24
3.11 6.49 1.90 0.92 43.21 40.01 45.34 48.49
3.12 6.50 1.93 0.92 43.19 40.00 45.28 48.48
3.42 7.09 2.15 1.04 42.79 39.63 44.81 47.98
3.52 7.19 2.18 1.17 42.67 39.56 44.75 47.44
3.39 6.90 2.14 1.12 42.83 39.75 44.82 47.64
3.46 6.93 2.23 1.25 42.73 39.73 44.66 47.18
3.52 6.99 2.25 1.33 42.66 39.69 44.60 46.89
3.44 6.79 2.18 1.36 42.76 39.81 44.74 46.81
3.25 6.45 2.05 1.26 43.01 40.04 45.01 47.13
3.36 6.69 2.08 1.31 42.86 39.88 44.94 46.95
3.68 7.31 2.40 1.33 42.47 39.49 44.33 46.90
3.66 7.27 2.26 1.44 42.50 39.51 44.59 46.53
3.26 6.51 2.05 1.22 43.00 39.99 45.02 47.26
3.16 6.27 1.99 1.21 43.14 40.16 45.14 47.31
2.89 5.76 1.84 1.08 43.52 40.53 45.49 47.79
2.72 5.43 1.67 1.08 43.78 40.79 45.90 47.82
2.40 4.83 1.46 0.92 44.33 41.29 46.50 48.50
2.35 4.61 1.47 0.97 44.42 41.50 46.47 48.25
2.20 4.34 1.41 0.87 44.71 41.77 46.65 48.76
2.12 4.14 1.33 0.87 44.88 41.96 46.90 48.72
1.96 3.90 1.25 0.72 45.22 42.22 47.16 49.57
2.11 4.20 1.34 0.79 44.89 41.89 46.86 49.18
2.14 4.26 1.38 0.79 44.83 41.85 46.73 49.18
2.37 4.67 1.49 0.93 44.40 41.44 46.39 48.43
2.26 4.39 1.49 0.90 44.59 41.71 46.39 48.61
2.32 4.43 1.54 0.98 44.49 41.68 46.26 48.22
2.34 4.43 1.53 1.05 44.44 41.67 46.28 47.92
2.54 4.69 1.63 1.29 44.09 41.42 46.00 47.03
2.63 4.59 1.69 1.62 43.94 41.53 45.86 46.04
3.01 5.17 1.89 1.97 43.35 41.00 45.36 45.19
2.97 4.98 1.88 2.04 43.41 41.16 45.39 45.05
3.23 5.33 2.21 2.16 43.04 40.86 44.69 44.79
3.64 6.04 2.51 2.37 42.52 40.32 44.15 44.38
3.55 5.95 2.46 2.25 42.63 40.39 44.22 44.62
3.50 5.85 2.27 2.37 42.70 40.46 44.57 44.38
3.45 5.83 2.21 2.29 42.76 40.48 44.68 44.54
3.44 5.84 2.23 2.23 42.77 40.47 44.64 44.64
3.18 5.44 2.01 2.08 43.11 40.78 45.10 44.96
2.92 5.11 1.76 1.90 43.47 41.05 45.67 45.34
2.75 4.87 1.69 1.68 43.74 41.26 45.84 45.89
2.79 4.95 1.70 1.73 43.67 41.19 45.82 45.76
2.91 5.18 1.82 1.74 43.49 40.99 45.54 45.72
2.78 4.90 1.76 1.67 43.70 41.23 45.67 45.92
3.12 5.22 2.21 1.93 43.19 40.95 44.69 45.27
3.36 5.66 2.28 2.15 42.86 40.60 44.55 44.81
3.65 6.18 2.49 2.29 42.50 40.22 44.18 44.53
3.98 6.72 2.73 2.51 42.13 39.86 43.78 44.14
3.86 6.41 2.70 2.46 42.27 40.06 43.82 44.23
3.32 5.37 2.35 2.23 42.93 40.83 44.42 44.65
3.35 5.52 2.35 2.19 42.88 40.71 44.43 44.72
3.55 5.74 2.53 2.36 42.63 40.54 44.09 44.41
3.34 5.46 2.30 2.25 42.90 40.76 44.51 44.61
3.76 6.21 2.60 2.48 42.38 40.20 43.99 44.18
3.58 5.79 2.56 2.38 42.59 40.50 44.05 44.36
3.32 5.39 2.17 2.39 42.92 40.81 44.77 44.35
3.34 5.43 2.23 2.36 42.89 40.78 44.64 44.39
3.12 5.08 2.03 2.26 43.18 41.07 45.05 44.59
3.05 5.03 1.87 2.26 43.29 41.12 45.41 44.59
2.91 4.70 1.84 2.20 43.49 41.42 45.48 44.71
2.80 4.68 1.81 1.93 43.65 41.43 45.56 45.29
2.92 4.89 1.88 1.98 43.48 41.24 45.39 45.16
2.60 4.34 1.80 1.66 43.98 41.76 45.58 45.94
2.49 4.18 1.77 1.52 44.17 41.92 45.64 46.32
2.36 4.17 1.68 1.23 44.40 41.93 45.87 47.21
2.23 4.09 1.55 1.04 44.65 42.02 46.21 47.95
1.81 3.43 1.15 0.85 45.55 42.78 47.51 48.84
1.86 3.52 1.18 0.86 45.45 42.66 47.42 48.78
1.74 3.29 1.15 0.79 45.71 42.96 47.52 49.15
1.82 3.35 1.23 0.88 45.53 42.88 47.25 48.70
1.78 3.36 1.20 0.78 45.62 42.87 47.35 49.19
1.88 3.52 1.24 0.88 45.39 42.67 47.20 48.68
1.74 3.29 1.16 0.77 45.73 42.96 47.49 49.26
1.85 3.49 1.23 0.84 45.45 42.70 47.23 48.89
1.76 3.29 1.22 0.79 45.66 42.96 47.27 49.17
1.87 3.47 1.21 0.92 45.42 42.73 47.32 48.49
1.67 3.09 1.06 0.86 45.91 43.23 47.87 48.82
1.64 2.98 1.05 0.90 45.97 43.38 47.92 48.61
1.58 2.83 1.04 0.87 46.15 43.61 47.98 48.73
1.84 3.36 1.20 0.96 45.48 42.87 47.32 48.28
2.09 3.72 1.42 1.13 44.93 42.43 46.62 47.60
2.60 4.76 1.68 1.37 43.98 41.36 45.88 46.78
3.20 5.84 2.07 1.70 43.08 40.47 44.97 45.82
3.76 6.89 2.43 1.95 42.38 39.75 44.28 45.24
3.73 6.82 2.42 1.95 42.42 39.80 44.29 45.24
4.60 8.62 2.90 2.28 41.51 38.78 43.51 44.56
4.26 8.06 2.66 2.05 41.84 39.07 43.88 45.01
4.75 9.09 2.94 2.23 41.36 38.54 43.45 44.65
4.66 9.02 2.86 2.10 41.45 38.58 43.57 44.92
5.21 10.07 3.18 2.40 40.96 38.10 43.11 44.34
4.96 9.82 3.03 2.04 41.17 38.21 43.32 45.04
5.08 9.86 3.12 2.25 41.07 38.19 43.19 44.62
4.57 8.97 2.81 1.94 41.53 38.60 43.64 45.26
4.74 9.25 2.81 2.15 41.38 38.47 43.65 44.82
4.05 7.88 2.52 1.76 42.05 39.17 44.11 45.68
3.96 7.47 2.52 1.89 42.15 39.40 44.11 45.37
3.21 5.89 2.08 1.67 43.06 40.43 44.95 45.91
3.51 6.32 2.32 1.88 42.68 40.13 44.47 45.38
3.79 6.93 2.41 2.03 42.34 39.73 44.31 45.05
3.83 7.18 2.34 1.97 42.30 39.57 44.44 45.18
3.84 7.30 2.36 1.87 42.28 39.50 44.41 45.41
3.83 7.40 2.31 1.79 42.29 39.44 44.49 45.60
3.72 7.16 2.14 1.85 42.43 39.58 44.82 45.46
3.90 7.40 2.32 1.97 42.22 39.44 44.47 45.18
3.79 7.04 2.24 2.09 42.34 39.66 44.63 44.93
3.85 7.27 2.16 2.13 42.27 39.52 44.79 44.84
3.92 7.20 2.28 2.28 42.20 39.56 44.56 44.55
4.26 7.80 2.63 2.36 41.83 39.21 43.93 44.41
4.06 7.45 2.42 2.30 42.05 39.41 44.28 44.51
4.33 7.99 2.58 2.42 41.77 39.10 44.02 44.29
4.13 7.65 2.52 2.24 41.97 39.30 44.12 44.63
3.84 7.08 2.31 2.12 42.29 39.63 44.49 44.87
4.10 7.62 2.44 2.23 42.00 39.31 44.26 44.64
3.77 6.86 2.36 2.09 42.37 39.77 44.40 44.94
3.67 6.78 2.30 1.94 42.48 39.82 44.51 45.25
3.47 6.47 2.17 1.78 42.72 40.02 44.76 45.63
3.15 5.78 2.04 1.64 43.14 40.51 45.04 45.98
2.50 4.58 1.66 1.27 44.15 41.52 45.94 47.11
2.45 4.49 1.61 1.26 44.24 41.61 46.07 47.14
2.14 3.94 1.39 1.08 44.83 42.18 46.69 47.81
2.19 4.00 1.38 1.19 44.73 42.11 46.73 47.39
1.98 3.63 1.29 1.03 45.16 42.53 47.03 47.99
1.72 3.14 1.15 0.86 45.79 43.17 47.54 48.76
1.93 3.52 1.26 0.99 45.28 42.66 47.12 48.16
1.75 3.27 1.14 0.82 45.71 42.99 47.55 48.97
2.01 3.68 1.37 0.99 45.09 42.47 46.77 48.15
1.78 3.33 1.16 0.84 45.63 42.91 47.47 48.87
2.08 3.90 1.34 0.99 44.95 42.22 46.84 48.19
1.96 3.72 1.26 0.90 45.21 42.42 47.14 48.57
2.30 4.40 1.43 1.09 44.51 41.71 46.59 47.75
2.27 4.29 1.48 1.04 44.57 41.80 46.42 47.96
2.56 4.78 1.68 1.20 44.06 41.34 45.87 47.33
2.74 5.16 1.79 1.27 43.75 41.00 45.61 47.11
2.90 5.51 1.86 1.34 43.50 40.72 45.43 46.85
3.21 6.20 2.02 1.42 43.06 40.21 45.07 46.60
3.21 6.17 2.03 1.41 43.07 40.23 45.05 46.63
3.18 6.13 2.07 1.35 43.10 40.26 44.97 46.83
3.28 6.43 2.07 1.35 42.97 40.05 44.98 46.82
3.41 6.70 2.13 1.39 42.80 39.87 44.84 46.70
3.51 6.81 2.29 1.41 42.68 39.80 44.54 46.63
3.73 7.28 2.36 1.55 42.41 39.51 44.41 46.24
3.69 7.05 2.41 1.63 42.45 39.65 44.31 46.01
3.64 7.06 2.33 1.53 42.52 39.64 44.46 46.28
3.82 7.38 2.47 1.62 42.31 39.45 44.21 46.03
3.51 6.86 2.27 1.41 42.67 39.77 44.57 46.63
3.52 6.79 2.31 1.45 42.67 39.81 44.50 46.52
3.41 6.66 2.25 1.33 42.80 39.90 44.62 46.89
3.35 6.59 2.16 1.31 42.87 39.94 44.78 46.97
3.33 6.57 2.15 1.25 42.91 39.96 44.80 47.15
3.30 6.51 2.13 1.26 42.95 40.00 44.84 47.13
3.65 7.22 2.26 1.48 42.51 39.54 44.59 46.45
3.38 6.74 2.09 1.30 42.85 39.85 44.93 47.01
3.28 6.53 1.99 1.31 42.98 39.98 45.15 46.97
3.09 6.29 1.82 1.15 43.24 40.15 45.53 47.51
2.80 5.66 1.71 1.03 43.66 40.60 45.81 47.99
2.70 5.48 1.68 0.93 43.82 40.74 45.87 48.43
2.91 5.90 1.78 1.06 43.49 40.43 45.64 47.86
2.91 5.93 1.80 1.01 43.48 40.40 45.58 48.07
2.84 5.72 1.72 1.07 43.60 40.56 45.76 47.82
3.10 6.21 1.86 1.25 43.21 40.20 45.43 47.18
3.49 7.01 2.10 1.37 42.70 39.68 44.91 46.77
3.31 6.64 1.96 1.33 42.94 39.91 45.20 46.90
3.16 6.44 1.95 1.10 43.13 40.04 45.24 47.72
3.20 6.70 1.92 1.00 43.08 39.87 45.30 48.15
2.91 6.08 1.73 0.94 43.48 40.29 45.75 48.42
2.68 5.61 1.66 0.76 43.86 40.64 45.94 49.32
2.65 5.57 1.61 0.78 43.89 40.67 46.06 49.21
2.71 5.63 1.62 0.89 43.80 40.63 46.04 48.62
3.00 6.07 1.81 1.13 43.36 40.30 45.55 47.59
2.87 5.65 1.79 1.17 43.55 40.61 45.59 47.45
2.71 5.35 1.71 1.06 43.80 40.85 45.80 47.87
2.78 5.61 1.67 1.07 43.69 40.64 45.91 47.86
2.42 4.77 1.55 0.94 44.29 41.35 46.22 48.39
2.45 4.85 1.57 0.91 44.25 41.27 46.16 48.55
2.46 4.89 1.56 0.94 44.22 41.25 46.20 48.38
2.35 4.68 1.48 0.88 44.42 41.42 46.41 48.68
2.38 4.67 1.50 0.97 44.37 41.44 46.38 48.29
2.21 4.31 1.39 0.93 44.69 41.78 46.70 48.46
2.14 4.11 1.35 0.94 44.84 41.99 46.81 48.40
2.24 4.30 1.39 1.03 44.64 41.80 46.71 48.00
2.07 3.94 1.33 0.95 44.97 42.17 46.90 48.36
2.05 3.78 1.36 1.00 45.02 42.35 46.80 48.13
2.02 3.73 1.38 0.95 45.08 42.41 46.75 48.37
2.20 4.10 1.40 1.08 44.71 42.00 46.66 47.80
2.02 3.73 1.30 1.03 45.08 42.42 46.99 48.02
2.14 3.90 1.42 1.11 44.82 42.22 46.61 47.68
2.02 3.77 1.33 0.97 45.08 42.37 46.91 48.29
2.26 4.21 1.46 1.11 44.59 41.89 46.49 47.69
2.09 3.88 1.39 1.00 44.93 42.24 46.69 48.15
2.18 3.99 1.45 1.11 44.74 42.12 46.51 47.68
2.21 4.03 1.47 1.13 44.69 42.08 46.46 47.60
2.41 4.36 1.58 1.30 44.31 41.74 46.15 46.99
2.43 4.48 1.60 1.21 44.28 41.62 46.09 47.31
2.57 4.73 1.67 1.32 44.03 41.38 45.90 46.94
2.90 5.35 1.86 1.50 43.50 40.85 45.44 46.38
2.93 5.41 1.92 1.47 43.46 40.80 45.29 46.47
2.98 5.64 1.89 1.41 43.39 40.61 45.36 46.64
2.74 5.17 1.75 1.29 43.76 40.99 45.70 47.04
2.65 5.09 1.72 1.14 43.90 41.06 45.78 47.57
2.89 5.56 1.84 1.27 43.52 40.68 45.48 47.08
2.98 5.87 1.86 1.21 43.39 40.45 45.43 47.31
2.96 5.79 1.92 1.18 43.42 40.51 45.30 47.42
3.04 5.91 1.95 1.26 43.31 40.42 45.24 47.14
3.45 6.66 2.28 1.39 42.76 39.90 44.55 46.69
3.40 6.52 2.25 1.42 42.82 39.99 44.61 46.61
3.24 6.28 2.12 1.31 43.03 40.15 44.86 46.97
3.26 6.29 2.10 1.38 43.00 40.14 44.92 46.74
3.47 6.70 2.21 1.49 42.73 39.87 44.69 46.41
3.20 6.13 2.04 1.42 43.08 40.26 45.02 46.60
2.91 5.47 1.91 1.35 43.49 40.75 45.33 46.84
2.55 4.84 1.67 1.13 44.07 41.29 45.91 47.60
2.78 5.25 1.79 1.28 43.70 40.93 45.59 47.04
2.42 4.66 1.55 1.06 44.29 41.45 46.24 47.87
2.63 5.15 1.60 1.13 43.94 41.01 46.10 47.60
2.48 4.91 1.50 1.02 44.19 41.22 46.38 48.03
2.84 5.66 1.70 1.17 43.59 40.61 45.82 47.45
2.55 5.06 1.53 1.06 44.06 41.09 46.27 47.88
2.55 5.02 1.54 1.10 44.06 41.12 46.26 47.74
2.44 4.82 1.47 1.04 44.25 41.30 46.46 47.97
2.77 5.46 1.64 1.21 43.71 40.76 45.98 47.32
2.56 4.99 1.57 1.13 44.04 41.15 46.17 47.59
2.86 5.78 1.66 1.12 43.57 40.51 45.93 47.63
