4.48 10.11 2.14 1.18 41.62 38.08 44.82 47.41
4.32 9.53 2.17 1.26 41.78 38.34 44.77 47.14
4.36 9.69 2.17 1.21 41.74 38.27 44.77 47.31
4.53 10.26 2.18 1.16 41.57 38.02 44.74 47.48
4.37 9.88 2.14 1.08 41.73 38.19 44.82 47.79
4.73 10.79 2.17 1.23 41.38 37.80 44.76 47.23
4.74 10.88 2.21 1.14 41.37 37.77 44.69 47.57
5.09 11.72 2.40 1.16 41.06 37.44 44.33 47.48
4.80 11.05 2.33 1.03 41.32 37.70 44.46 48.00
4.89 11.46 2.28 0.94 41.23 37.54 44.55 48.41
4.60 10.73 2.16 0.92 41.50 37.83 44.79 48.50
4.75 11.04 2.19 1.03 41.36 37.70 44.73 48.02
4.81 11.02 2.29 1.11 41.31 37.71 44.52 47.69
5.36 12.28 2.42 1.38 40.84 37.23 44.30 46.73
5.26 11.82 2.43 1.52 40.92 37.40 44.27 46.31
6.20 13.73 3.01 1.85 40.21 36.76 43.34 45.45
6.10 13.69 2.96 1.64 40.28 36.76 43.41 45.98
5.66 12.87 2.66 1.44 40.60 37.04 43.89 46.54
5.98 13.73 2.74 1.49 40.36 36.76 43.76 46.40
5.49 12.53 2.58 1.36 40.73 37.15 44.01 46.78
5.93 13.45 2.81 1.54 40.40 36.85 43.64 46.25
5.57 12.74 2.62 1.35 40.67 37.08 43.95 46.82
5.81 13.20 2.71 1.53 40.49 36.92 43.80 46.29
5.03 11.55 2.36 1.19 41.11 37.50 44.41 47.39
5.33 12.12 2.43 1.45 40.86 37.30 44.28 46.52
5.07 11.52 2.32 1.35 41.08 37.52 44.47 46.81
5.36 12.21 2.42 1.46 40.84 37.26 44.29 46.49
5.53 12.35 2.60 1.63 40.71 37.22 43.98 46.00
4.93 10.89 2.42 1.47 41.21 37.76 44.30 46.44
5.28 11.55 2.57 1.72 40.91 37.50 44.04 45.79
4.11 8.33 2.37 1.62 41.99 38.92 44.39 46.03
4.25 8.61 2.38 1.76 41.85 38.79 44.37 45.68
3.86 7.73 2.26 1.58 42.27 39.25 44.58 46.14
4.19 8.42 2.46 1.69 41.91 38.88 44.23 45.85
3.78 7.48 2.26 1.59 42.36 39.40 44.59 46.10
4.24 8.43 2.49 1.81 41.86 38.87 44.18 45.56
3.78 7.59 2.17 1.57 42.36 39.33 44.77 46.17
3.92 7.77 2.28 1.72 42.20 39.23 44.55 45.79
3.64 7.30 2.07 1.57 42.52 39.51 44.99 46.19
3.81 7.72 2.18 1.52 42.33 39.26 44.75 46.32
3.12 6.41 1.79 1.15 43.20 40.07 45.61 47.52
3.18 6.61 1.83 1.12 43.10 39.93 45.52 47.65
2.81 5.80 1.66 0.98 43.65 40.50 45.94 48.23
3.29 6.85 1.88 1.16 42.96 39.78 45.40 47.49
2.96 6.13 1.74 0.99 43.43 40.26 45.72 48.19
3.41 6.99 2.11 1.15 42.80 39.69 44.89 47.52
3.23 6.57 2.02 1.10 43.05 39.97 45.08 47.74
3.81 7.65 2.35 1.42 42.33 39.30 44.42 46.62
3.69 7.45 2.28 1.35 42.46 39.42 44.55 46.82
3.75 7.46 2.39 1.39 42.40 39.41 44.35 46.70
4.06 8.10 2.51 1.56 42.05 39.05 44.13 46.21
3.65 7.42 2.27 1.27 42.51 39.44 44.59 47.11
3.84 7.86 2.26 1.42 42.29 39.18 44.60 46.63
3.63 7.41 2.23 1.24 42.54 39.44 44.65 47.21
3.37 6.90 2.07 1.15 42.85 39.75 44.98 47.52
3.55 7.23 2.17 1.24 42.63 39.54 44.77 47.19
3.28 6.77 1.94 1.14 42.97 39.83 45.27 47.56
2.96 6.32 1.72 0.83 43.43 40.13 45.78 48.94
3.38 7.21 1.98 0.94 42.85 39.56 45.17 48.40
3.36 7.10 2.02 0.96 42.87 39.63 45.08 48.31
3.36 7.03 1.92 1.13 42.87 39.66 45.29 47.61
3.92 8.25 2.26 1.26 42.20 38.97 44.60 47.12
3.58 7.51 2.09 1.15 42.59 39.38 44.93 47.53
3.61 7.59 2.01 1.23 42.56 39.33 45.10 47.24
3.07 6.37 1.80 1.04 43.26 40.09 45.59 47.93
2.91 6.03 1.69 1.00 43.50 40.33 45.85 48.14
2.94 6.17 1.62 1.04 43.44 40.23 46.04 47.95
2.75 5.72 1.55 0.99 43.73 40.56 46.23 48.18
2.53 5.18 1.46 0.95 44.10 40.99 46.48 48.38
3.01 6.18 1.66 1.18 43.35 40.22 45.93 47.43
3.24 6.73 1.79 1.21 43.03 39.85 45.61 47.30
3.32 6.87 1.91 1.18 42.92 39.76 45.33 47.40
3.42 7.12 1.95 1.19 42.79 39.60 45.22 47.40
3.91 8.07 2.32 1.33 42.21 39.06 44.47 46.89
3.58 7.43 2.08 1.23 42.60 39.42 44.95 47.23
3.14 6.59 1.82 0.99 43.17 39.94 45.53 48.16
2.87 6.07 1.68 0.84 43.56 40.30 45.86 48.89
2.94 6.19 1.80 0.85 43.44 40.22 45.59 48.86
2.92 6.12 1.81 0.82 43.48 40.26 45.56 48.98
3.29 6.96 1.95 0.97 42.96 39.71 45.22 48.28
3.33 7.03 2.01 0.94 42.91 39.66 45.10 48.42
3.58 7.56 2.15 1.01 42.60 39.35 44.80 48.08
4.03 8.31 2.37 1.41 42.08 38.93 44.38 46.64
3.85 7.98 2.30 1.27 42.28 39.11 44.52 47.10
3.92 7.96 2.40 1.40 42.20 39.12 44.33 46.68
3.85 7.73 2.36 1.47 42.28 39.26 44.40 46.47
3.88 7.78 2.33 1.55 42.24 39.22 44.46 46.23
3.82 7.73 2.25 1.48 42.31 39.25 44.61 46.43
3.90 7.88 2.27 1.55 42.23 39.17 44.57 46.24
3.98 8.07 2.46 1.40 42.14 39.07 44.23 46.66
4.01 8.11 2.38 1.54 42.10 39.04 44.37 46.25
3.56 7.20 2.16 1.31 42.62 39.56 44.78 46.96
3.48 7.08 2.08 1.28 42.72 39.64 44.95 47.05
3.31 6.73 2.01 1.20 42.94 39.86 45.11 47.36
3.07 6.28 1.77 1.15 43.26 40.15 45.65 47.53
2.70 5.55 1.55 0.99 43.82 40.69 46.22 48.16
2.62 5.30 1.53 1.02 43.96 40.89 46.28 48.05
2.49 5.04 1.50 0.93 44.17 41.11 46.37 48.46
2.39 4.84 1.41 0.91 44.36 41.28 46.64 48.54
2.25 4.62 1.35 0.76 44.61 41.48 46.82 49.30
2.31 4.74 1.37 0.80 44.51 41.38 46.75 49.10
2.44 5.00 1.50 0.84 44.25 41.15 46.38 48.89
2.67 5.46 1.58 0.98 43.86 40.76 46.14 48.23
2.52 5.03 1.59 0.93 44.12 41.12 46.12 48.43
2.50 4.94 1.57 1.00 44.15 41.20 46.18 48.14
2.51 4.97 1.53 1.04 44.13 41.17 46.29 47.96
2.67 5.08 1.64 1.29 43.86 41.07 45.98 47.03
2.71 4.85 1.70 1.57 43.81 41.28 45.83 46.17
3.07 5.39 1.90 1.90 43.27 40.82 45.34 45.34
3.10 5.33 1.92 2.06 43.22 40.86 45.31 45.01
3.40 5.74 2.28 2.19 42.81 40.54 44.55 44.72
3.92 6.61 2.60 2.54 42.20 39.93 43.98 44.09
3.86 6.53 2.64 2.41 42.27 39.98 43.92 44.32
3.68 6.25 2.36 2.45 42.47 40.17 44.41 44.25
3.38 5.79 2.16 2.19 42.84 40.50 44.79 44.72
3.72 6.51 2.37 2.27 42.43 40.00 44.38 44.57
3.45 6.09 2.12 2.13 42.76 40.28 44.86 44.84
3.21 5.78 1.87 1.97 43.07 40.51 45.40 45.19
2.99 5.46 1.78 1.75 43.37 40.76 45.63 45.70
3.06 5.60 1.79 1.78 43.28 40.65 45.60 45.64
3.28 6.09 1.96 1.79 42.97 40.28 45.20 45.60
3.09 5.71 1.87 1.70 43.23 40.56 45.42 45.83
3.36 5.78 2.31 2.00 42.86 40.51 44.49 45.12
3.73 6.54 2.41 2.25 42.41 39.98 44.31 44.62
3.96 6.90 2.62 2.35 42.16 39.74 43.95 44.41
4.48 7.91 2.92 2.61 41.62 39.15 43.48 43.97
4.40 7.68 2.90 2.63 41.70 39.28 43.52 43.94
3.78 6.45 2.55 2.35 42.36 40.04 44.07 44.43
3.88 6.72 2.54 2.37 42.25 39.86 44.08 44.40
3.92 6.62 2.66 2.49 42.20 39.93 43.89 44.18
3.69 6.26 2.46 2.36 42.46 40.17 44.22 44.41
4.13 6.99 2.72 2.68 41.97 39.69 43.78 43.86
3.92 6.57 2.67 2.51 42.20 39.96 43.86 44.14
3.61 6.05 2.25 2.54 42.56 40.32 44.62 44.11
3.70 6.25 2.33 2.53 42.45 40.18 44.47 44.10
3.61 6.13 2.23 2.48 42.56 40.26 44.65 44.21
3.45 5.86 2.04 2.45 42.76 40.45 45.04 44.26
3.28 5.51 1.99 2.34 42.97 40.72 45.13 44.45
3.25 5.63 1.98 2.15 43.02 40.63 45.17 44.83
3.47 6.11 2.10 2.19 42.73 40.28 44.91 44.74
3.04 5.36 1.97 1.79 43.30 40.84 45.19 45.60
3.02 5.39 2.00 1.68 43.33 40.82 45.14 45.89
2.86 5.26 1.94 1.37 43.58 40.93 45.26 46.77
2.84 5.47 1.82 1.23 43.61 40.76 45.52 47.27
2.31 4.56 1.39 0.97 44.51 41.55 46.71 48.26
2.47 4.90 1.44 1.06 44.22 41.23 46.58 47.93
2.29 4.55 1.38 0.93 44.55 41.56 46.74 48.50
2.33 4.57 1.43 1.02 44.45 41.53 46.60 48.10
2.27 4.45 1.43 0.91 44.58 41.64 46.60 48.54
2.54 5.06 1.52 1.04 44.08 41.09 46.32 47.97
2.22 4.34 1.39 0.94 44.67 41.76 46.71 48.44
2.28 4.45 1.44 0.96 44.55 41.65 46.55 48.33
2.19 4.28 1.40 0.90 44.72 41.82 46.69 48.59
2.42 4.76 1.44 1.06 44.29 41.36 46.56 47.86
2.12 4.09 1.28 0.99 44.87 42.02 47.06 48.20
2.04 3.88 1.21 1.02 45.04 42.25 47.29 48.03
2.02 3.83 1.23 1.01 45.07 42.30 47.24 48.08
2.35 4.50 1.41 1.14 44.42 41.60 46.64 47.58
2.46 4.57 1.59 1.23 44.22 41.53 46.11 47.25
2.88 5.45 1.78 1.41 43.54 40.77 45.63 46.63
3.54 6.69 2.17 1.75 42.65 39.88 44.77 45.70
4.10 7.72 2.60 1.98 42.00 39.26 43.98 45.16
4.03 7.58 2.51 1.99 42.08 39.33 44.13 45.15
5.02 9.68 3.00 2.38 41.12 38.27 43.36 44.36
4.64 8.98 2.81 2.13 41.47 38.60 43.65 44.86
5.16 10.05 3.10 2.33 41.00 38.11 43.21 44.46
4.99 9.81 3.01 2.16 41.15 38.21 43.34 44.80
5.80 11.47 3.40 2.54 40.50 37.54 42.81 44.09
5.47 11.03 3.24 2.14 40.75 37.70 43.02 44.83
5.63 11.18 3.33 2.38 40.63 37.65 42.91 44.36
4.95 9.84 2.98 2.03 41.19 38.20 43.39 45.06
5.03 9.95 2.91 2.23 41.11 38.15 43.50 44.65
4.18 8.18 2.57 1.81 41.92 39.00 44.04 45.56
4.14 7.90 2.58 1.93 41.97 39.15 44.02 45.28
3.37 6.25 2.14 1.71 42.86 40.17 44.82 45.80
3.92 7.29 2.46 2.01 42.20 39.51 44.22 45.10
4.25 8.04 2.52 2.20 41.84 39.08 44.11 44.71
4.29 8.31 2.46 2.10 41.81 38.93 44.23 44.91
4.32 8.46 2.51 1.99 41.78 38.86 44.14 45.15
4.17 8.24 2.39 1.89 41.93 38.97 44.35 45.37
3.98 7.79 2.21 1.92 42.13 39.21 44.68 45.29
4.34 8.50 2.49 2.04 41.75 38.84 44.17 45.04
4.23 8.05 2.42 2.23 41.87 39.07 44.30 44.65
4.32 8.26 2.37 2.32 41.78 38.96 44.38 44.48
4.44 8.33 2.49 2.50 41.66 38.92 44.17 44.15
4.72 8.83 2.79 2.55 41.39 38.67 43.68 44.07
4.46 8.35 2.59 2.44 41.63 38.91 43.99 44.25
4.82 9.11 2.74 2.63 41.30 38.53 43.76 43.93
4.50 8.45 2.69 2.37 41.60 38.86 43.83 44.39
4.26 8.01 2.49 2.28 41.83 39.09 44.17 44.54
4.60 8.75 2.63 2.41 41.51 38.71 43.94 44.31
4.08 7.56 2.49 2.20 42.02 39.35 44.17 44.71
4.02 7.56 2.44 2.05 42.09 39.35 44.25 45.02
3.83 7.29 2.37 1.84 42.29 39.50 44.38 45.48
3.61 6.78 2.26 1.80 42.55 39.82 44.59 45.58
2.95 5.57 1.91 1.38 43.43 40.68 45.33 46.73
2.80 5.34 1.77 1.29 43.66 40.85 45.65 47.02
2.48 4.74 1.56 1.15 44.18 41.37 46.20 47.52
2.64 5.03 1.55 1.36 43.91 41.12 46.23 46.82
2.40 4.65 1.42 1.12 44.34 41.46 46.60 47.64
2.08 3.99 1.29 0.97 44.94 42.12 47.03 48.26
2.43 4.68 1.46 1.16 44.27 41.42 46.50 47.50
2.14 4.18 1.31 0.92 44.83 41.92 46.97 48.49
2.44 4.70 1.53 1.08 44.27 41.41 46.30 47.79
2.18 4.23 1.35 0.95 44.76 41.88 46.84 48.37
2.62 5.19 1.53 1.14 43.95 40.98 46.28 47.58
2.45 4.87 1.43 1.06 44.24 41.26 46.60 47.89
2.96 5.90 1.66 1.32 43.42 40.42 45.93 46.94
2.89 5.70 1.78 1.20 43.52 40.58 45.64 47.34
3.21 6.21 1.96 1.45 43.07 40.20 45.22 46.52
3.03 5.82 1.94 1.32 43.32 40.48 45.26 46.93
3.36 6.52 2.06 1.51 42.86 39.99 44.99 46.35
3.64 7.14 2.20 1.60 42.51 39.59 44.72 46.11
3.69 7.26 2.22 1.59 42.47 39.52 44.68 46.13
3.60 7.10 2.24 1.46 42.57 39.62 44.63 46.48
3.61 7.19 2.19 1.44 42.56 39.56 44.73 46.54
3.88 7.82 2.30 1.52 42.24 39.20 44.51 46.32
3.87 7.70 2.41 1.51 42.25 39.27 44.31 46.35
4.14 8.19 2.54 1.69 41.96 39.00 44.09 45.85
4.13 8.07 2.56 1.77 41.97 39.06 44.06 45.67
4.13 8.16 2.52 1.73 41.97 39.01 44.12 45.76
4.25 8.36 2.63 1.77 41.84 38.91 43.93 45.65
3.95 7.84 2.45 1.56 42.17 39.19 44.24 46.20
3.98 7.77 2.51 1.64 42.14 39.23 44.13 45.97
3.99 7.94 2.46 1.58 42.12 39.13 44.21 46.16
3.88 7.77 2.35 1.52 42.24 39.23 44.41 46.32
3.73 7.45 2.28 1.44 42.42 39.41 44.55 46.56
3.90 7.74 2.44 1.53 42.22 39.24 44.26 46.29
4.35 8.67 2.60 1.78 41.75 38.75 43.99 45.63
3.98 7.99 2.41 1.54 42.13 39.11 44.30 46.26
3.79 7.63 2.24 1.49 42.35 39.31 44.63 46.39
3.35 6.89 1.91 1.26 42.88 39.75 45.32 47.13
2.95 5.99 1.77 1.09 43.43 40.35 45.66 47.77
2.82 5.76 1.73 0.98 43.62 40.53 45.75 48.23
3.06 6.16 1.89 1.13 43.28 40.24 45.38 47.59
3.08 6.30 1.89 1.06 43.24 40.14 45.36 47.87
3.06 6.15 1.83 1.20 43.27 40.24 45.50 47.34
3.46 6.96 2.02 1.40 42.74 39.71 45.08 46.68
3.84 7.75 2.25 1.52 42.28 39.24 44.60 46.31
3.75 7.57 2.17 1.51 42.39 39.34 44.76 46.34
3.28 6.67 1.98 1.18 42.97 39.89 45.16 47.41
3.54 7.37 2.07 1.17 42.64 39.46 44.97 47.44
3.28 6.86 1.91 1.07 42.97 39.77 45.33 47.83
3.05 6.45 1.82 0.88 43.29 40.04 45.53 48.71
3.02 6.39 1.78 0.90 43.33 40.08 45.64 48.60
3.07 6.43 1.76 1.02 43.26 40.05 45.69 48.04
3.22 6.52 1.91 1.23 43.05 39.99 45.32 47.22
3.21 6.37 1.94 1.31 43.07 40.09 45.24 46.97
3.06 6.12 1.87 1.18 43.28 40.26 45.42 47.42
3.16 6.49 1.82 1.18 43.13 40.01 45.53 47.40
2.98 5.93 1.86 1.15 43.39 40.41 45.43 47.53
2.82 5.66 1.80 1.02 43.63 40.61 45.59 48.07
2.97 5.93 1.85 1.12 43.41 40.41 45.46 47.64
2.76 5.51 1.74 1.02 43.73 40.72 45.74 48.05
2.84 5.66 1.72 1.12 43.61 40.60 45.78 47.62
2.61 5.15 1.61 1.08 43.96 41.02 46.06 47.81
2.57 4.97 1.63 1.12 44.03 41.18 46.01 47.63
2.77 5.35 1.73 1.26 43.70 40.86 45.76 47.15
2.63 5.05 1.67 1.18 43.94 41.12 45.93 47.42
2.50 4.70 1.62 1.18 44.16 41.42 46.03 47.43
2.51 4.72 1.63 1.16 44.16 41.41 46.01 47.49
2.81 5.29 1.73 1.39 43.66 40.90 45.76 46.70
2.63 4.91 1.65 1.32 43.95 41.24 45.96 46.96
2.72 5.13 1.69 1.35 43.79 41.04 45.85 46.83
2.58 4.92 1.62 1.19 44.02 41.22 46.05 47.38
3.03 5.85 1.84 1.39 43.33 40.47 45.48 46.70
2.78 5.29 1.77 1.28 43.70 40.91 45.66 47.06
2.90 5.49 1.83 1.37 43.52 40.75 45.52 46.76
2.84 5.32 1.80 1.40 43.60 40.88 45.58 46.69
3.35 6.34 2.04 1.66 42.90 40.12 45.05 45.95
3.05 5.75 1.96 1.45 43.29 40.54 45.22 46.51
2.91 5.48 1.85 1.40 43.49 40.75 45.45 46.67
3.38 6.37 2.08 1.68 42.84 40.09 44.95 45.87
3.08 5.80 1.98 1.46 43.25 40.50 45.17 46.49
3.42 6.60 2.08 1.57 42.80 39.94 44.96 46.17
3.16 6.18 1.90 1.39 43.14 40.22 45.35 46.70
3.29 6.52 2.00 1.34 42.97 39.99 45.12 46.85
3.75 7.53 2.21 1.52 42.39 39.36 44.70 46.30
3.55 7.12 2.12 1.42 42.63 39.61 44.88 46.61
3.32 6.66 2.04 1.26 42.93 39.90 45.05 47.14
3.53 7.05 2.11 1.42 42.66 39.65 44.89 46.59
3.54 7.06 2.19 1.37 42.65 39.65 44.73 46.78
3.85 7.67 2.36 1.53 42.28 39.28 44.42 46.27
3.64 7.21 2.28 1.43 42.52 39.55 44.56 46.56
3.71 7.38 2.26 1.46 42.45 39.45 44.58 46.48
3.96 7.82 2.42 1.63 42.16 39.20 44.30 46.00
3.60 7.13 2.23 1.43 42.57 39.60 44.65 46.56
3.37 6.65 2.03 1.41 42.86 39.90 45.06 46.65
3.19 6.36 1.94 1.27 43.10 40.10 45.25 47.10
3.49 6.85 2.16 1.47 42.70 39.77 44.79 46.47
3.28 6.47 2.04 1.33 42.97 40.02 45.04 46.89
3.10 6.16 1.84 1.30 43.22 40.24 45.49 47.00
3.05 6.14 1.79 1.23 43.29 40.25 45.61 47.24
3.57 7.22 2.06 1.44 42.60 39.55 44.99 46.54
3.29 6.66 1.93 1.28 42.96 39.90 45.28 47.04
3.10 6.21 1.83 1.24 43.23 40.20 45.50 47.20
2.93 5.87 1.73 1.20 43.46 40.45 45.75 47.34
3.35 6.65 1.95 1.46 42.88 39.91 45.24 46.49
3.23 6.39 1.94 1.36 43.04 40.08 45.26 46.81
3.40 6.90 1.95 1.36 42.81 39.74 45.23 46.79
