4.48 10.11 2.14 1.18 41.62 38.08 44.82 47.41
4.32 9.53 2.17 1.26 41.78 38.34 44.77 47.14
4.36 9.69 2.17 1.21 41.74 38.27 44.77 47.31
4.53 10.26 2.18 1.16 41.57 38.02 44.74 47.48
4.37 9.88 2.14 1.08 41.73 38.19 44.82 47.79
4.72 10.74 2.18 1.23 41.39 37.82 44.74 47.23
4.74 10.88 2.21 1.14 41.37 37.76 44.68 47.57
5.11 11.76 2.43 1.16 41.04 37.43 44.28 47.49
4.80 11.06 2.32 1.03 41.32 37.70 44.47 48.00
4.88 11.42 2.29 0.95 41.25 37.56 44.54 48.35
4.55 10.60 2.14 0.90 41.55 37.88 44.81 48.58
4.76 11.05 2.19 1.03 41.35 37.69 44.73 47.98
4.80 11.03 2.28 1.10 41.32 37.71 44.55 47.72
5.41 12.42 2.43 1.38 40.80 37.19 44.28 46.72
5.27 11.82 2.45 1.53 40.92 37.40 44.23 46.29
6.21 13.78 3.01 1.84 40.20 36.74 43.35 45.47
6.09 13.66 2.98 1.65 40.28 36.78 43.39 45.96
5.66 12.83 2.71 1.42 40.61 37.04 43.80 46.60
5.98 13.68 2.76 1.48 40.37 36.77 43.72 46.43
5.50 12.53 2.62 1.36 40.73 37.15 43.95 46.79
5.90 13.38 2.81 1.53 40.42 36.87 43.65 46.30
5.55 12.70 2.62 1.34 40.69 37.09 43.95 46.85
5.85 13.27 2.74 1.53 40.46 36.90 43.75 46.28
5.01 11.52 2.33 1.18 41.13 37.52 44.45 47.43
5.31 12.08 2.41 1.44 40.88 37.31 44.30 46.55
5.08 11.53 2.34 1.37 41.07 37.51 44.44 46.77
5.36 12.19 2.45 1.45 40.84 37.27 44.23 46.53
5.58 12.49 2.61 1.65 40.67 37.16 43.97 45.97
5.02 11.10 2.47 1.48 41.12 37.68 44.20 46.42
5.41 11.90 2.59 1.72 40.80 37.38 43.99 45.77
5.10 11.08 2.57 1.64 41.06 37.70 44.03 45.98
5.37 11.66 2.59 1.86 40.84 37.48 44.00 45.44
5.20 11.21 2.64 1.76 40.97 37.65 43.92 45.68
5.29 11.33 2.69 1.85 40.90 37.60 43.83 45.45
5.08 10.73 2.70 1.81 41.08 37.84 43.82 45.57
5.49 11.65 2.81 2.02 40.74 37.48 43.65 45.07
4.92 10.45 2.58 1.74 41.22 37.95 44.02 45.73
4.77 10.08 2.41 1.82 41.35 38.11 44.31 45.53
4.60 9.66 2.41 1.72 41.51 38.29 44.32 45.78
4.75 10.15 2.43 1.68 41.37 38.08 44.29 45.87
4.03 8.68 2.13 1.26 42.09 38.75 44.84 47.13
3.89 8.53 1.99 1.16 42.23 38.83 45.14 47.49
3.78 8.21 1.99 1.13 42.36 39.00 45.13 47.60
4.04 8.77 2.05 1.28 42.07 38.71 45.00 47.07
3.73 8.17 1.96 1.07 42.42 39.02 45.21 47.84
4.11 8.93 2.20 1.19 42.00 38.63 44.71 47.37
4.19 8.89 2.48 1.20 41.91 38.65 44.18 47.33
4.74 9.97 2.72 1.51 41.38 38.15 43.78 46.35
4.46 9.48 2.49 1.40 41.64 38.37 44.17 46.67
4.37 9.20 2.52 1.39 41.72 38.50 44.11 46.70
4.98 10.56 2.80 1.59 41.16 37.90 43.66 46.11
4.51 9.61 2.57 1.35 41.60 38.31 44.03 46.84
4.94 10.60 2.67 1.56 41.19 37.88 43.87 46.19
4.33 9.35 2.39 1.26 41.77 38.43 44.34 47.12
4.13 8.77 2.39 1.23 41.98 38.71 44.35 47.23
4.40 9.47 2.41 1.32 41.70 38.37 44.32 46.91
4.08 8.89 2.16 1.19 42.02 38.65 44.78 47.37
3.63 8.06 1.93 0.91 42.53 39.08 45.27 48.53
4.18 9.21 2.29 1.04 41.93 38.49 44.54 47.98
4.10 8.98 2.27 1.05 42.00 38.60 44.57 47.93
4.03 8.67 2.19 1.23 42.08 38.76 44.73 47.22
4.81 10.45 2.61 1.37 41.31 37.94 43.97 46.75
4.35 9.45 2.36 1.25 41.76 38.39 44.41 47.17
4.30 9.34 2.24 1.33 41.80 38.44 44.63 46.89
3.76 8.08 2.06 1.14 42.39 39.07 45.00 47.56
3.61 7.70 2.00 1.11 42.58 39.29 45.12 47.68
3.70 7.91 1.97 1.21 42.46 39.16 45.19 47.31
3.56 7.56 1.93 1.19 42.63 39.37 45.28 47.39
3.12 6.59 1.72 1.04 43.20 39.96 45.77 47.97
3.54 7.50 1.87 1.26 42.64 39.40 45.42 47.12
3.74 8.07 1.93 1.22 42.41 39.08 45.27 47.26
3.85 8.34 2.01 1.21 42.29 38.94 45.11 47.30
4.01 8.72 2.10 1.22 42.11 38.75 44.93 47.28
4.66 10.14 2.47 1.34 41.46 38.08 44.21 46.86
4.57 10.07 2.38 1.26 41.54 38.11 44.37 47.13
4.27 9.57 2.17 1.09 41.83 38.34 44.78 47.77
4.01 9.02 2.06 0.94 42.11 38.59 45.00 48.41
4.03 9.02 2.14 0.93 42.08 38.59 44.83 48.45
4.02 9.01 2.16 0.90 42.11 38.61 44.81 48.58
4.30 9.68 2.20 1.00 41.81 38.29 44.71 48.13
4.19 9.40 2.22 0.95 41.92 38.41 44.67 48.36
4.31 9.68 2.24 1.00 41.80 38.28 44.62 48.13
4.78 10.47 2.48 1.40 41.34 37.94 44.20 46.66
4.34 9.44 2.32 1.27 41.76 38.39 44.49 47.10
4.58 9.89 2.51 1.34 41.53 38.19 44.13 46.85
4.27 9.03 2.36 1.42 41.83 38.59 44.41 46.61
4.58 9.75 2.45 1.54 41.53 38.25 44.24 46.25
4.31 9.10 2.33 1.48 41.79 38.54 44.45 46.44
4.36 9.20 2.34 1.52 41.74 38.50 44.43 46.31
4.36 9.26 2.43 1.38 41.74 38.46 44.27 46.75
4.51 9.62 2.42 1.49 41.59 38.30 44.29 46.39
4.06 8.67 2.22 1.28 42.05 38.75 44.66 47.05
4.04 8.65 2.18 1.30 42.06 38.76 44.74 46.99
3.59 7.73 1.92 1.12 42.58 39.25 45.30 47.64
3.56 7.73 1.82 1.13 42.62 39.25 45.52 47.61
3.06 6.65 1.58 0.96 43.27 39.91 46.15 48.28
3.04 6.52 1.59 1.03 43.30 39.99 46.12 48.03
2.79 5.95 1.53 0.88 43.68 40.38 46.27 48.71
2.79 5.96 1.50 0.90 43.68 40.38 46.37 48.57
2.56 5.58 1.35 0.76 44.05 40.67 46.84 49.30
2.74 5.92 1.46 0.85 43.75 40.41 46.49 48.83
2.73 5.84 1.50 0.83 43.78 40.47 46.36 48.91
3.08 6.62 1.63 1.01 43.24 39.92 46.00 48.11
2.98 6.15 1.74 1.04 43.39 40.24 45.72 47.97
3.17 6.48 1.80 1.25 43.12 40.02 45.59 47.17
3.51 7.08 1.98 1.48 42.68 39.63 45.17 46.42
3.83 7.48 2.06 1.96 42.30 39.39 44.98 45.22
4.47 8.25 2.26 2.91 41.62 38.96 44.60 43.48
5.42 9.73 2.64 3.90 40.79 38.25 43.91 42.23
5.53 9.62 2.76 4.22 40.70 38.30 43.72 41.88
6.36 10.98 3.82 4.28 40.10 37.73 42.31 41.82
6.99 12.10 3.91 4.96 39.68 37.30 42.21 41.17
7.07 12.29 4.05 4.86 39.64 37.24 42.05 41.26
6.90 12.15 4.02 4.52 39.74 37.29 42.08 41.58
6.54 11.55 3.72 4.35 39.97 37.51 42.42 41.75
6.72 11.75 3.57 4.85 39.86 37.43 42.61 41.27
6.49 11.47 3.25 4.74 40.01 37.54 43.01 41.37
6.21 11.03 3.00 4.58 40.20 37.70 43.36 41.52
6.22 11.23 3.04 4.41 40.19 37.63 43.31 41.69
6.07 10.97 2.88 4.36 40.30 37.73 43.53 41.73
6.21 11.33 3.32 3.99 40.20 37.59 42.92 42.12
6.15 11.07 3.32 4.07 40.24 37.69 42.93 42.04
6.73 11.70 4.05 4.43 39.85 37.45 42.05 41.67
7.24 12.47 4.29 4.94 39.54 37.17 41.80 41.19
6.59 11.53 3.72 4.52 39.94 37.51 42.42 41.58
7.20 12.44 3.67 5.51 39.55 37.18 42.48 40.72
7.22 12.53 3.93 5.20 39.55 37.15 42.18 40.97
6.28 10.58 3.42 4.85 40.15 37.89 42.80 41.28
6.61 11.85 3.84 4.15 39.92 37.39 42.29 41.94
6.69 11.48 3.67 4.93 39.88 37.53 42.48 41.20
6.28 10.87 3.34 4.64 40.15 37.77 42.89 41.46
6.69 11.13 3.62 5.33 39.88 37.67 42.54 40.86
6.50 11.07 3.84 4.59 40.00 37.69 42.28 41.51
6.16 9.91 3.33 5.26 40.23 38.17 42.91 40.92
5.85 9.52 3.16 4.86 40.46 38.35 43.13 41.26
6.27 10.25 3.56 4.98 40.16 38.02 42.62 41.16
5.58 9.23 3.10 4.43 40.66 38.48 43.22 41.67
5.33 8.70 2.77 4.51 40.87 38.74 43.71 41.59
5.74 9.86 3.03 4.34 40.54 38.19 43.32 41.76
5.81 9.80 3.28 4.34 40.49 38.22 42.97 41.75
4.38 7.32 2.53 3.27 41.72 39.48 44.09 42.98
4.37 7.31 2.74 3.07 41.72 39.49 43.76 43.26
3.75 6.61 2.51 2.13 42.39 39.93 44.13 44.84
3.49 6.57 2.28 1.63 42.70 39.95 44.56 46.00
2.69 5.28 1.66 1.11 43.84 40.91 45.94 47.66
2.80 5.51 1.61 1.28 43.66 40.72 46.05 47.05
2.65 5.28 1.59 1.08 43.89 40.90 46.10 47.78
2.65 5.16 1.59 1.19 43.90 41.00 46.11 47.36
2.55 5.00 1.62 1.05 44.05 41.14 46.04 47.93
2.82 5.53 1.70 1.22 43.63 40.70 45.81 47.25
2.51 4.87 1.54 1.11 44.14 41.25 46.25 47.69
2.62 5.09 1.62 1.15 43.95 41.07 46.04 47.53
2.48 4.79 1.57 1.07 44.20 41.33 46.17 47.86
2.79 5.40 1.66 1.31 43.67 40.81 45.92 46.95
2.49 4.77 1.49 1.18 44.18 41.35 46.39 47.40
2.37 4.53 1.36 1.24 44.38 41.57 46.81 47.21
2.32 4.35 1.40 1.20 44.48 41.75 46.66 47.36
2.89 5.56 1.66 1.42 43.53 40.68 45.92 46.59
3.37 6.53 2.05 1.52 42.86 39.98 45.01 46.30
4.23 8.54 2.21 1.93 41.87 38.82 44.69 45.28
6.29 12.70 3.49 2.68 40.14 37.09 42.70 43.85
7.12 14.39 3.86 3.12 39.60 36.55 42.26 43.20
7.79 15.67 4.29 3.40 39.22 36.18 41.81 42.81
9.39 19.05 4.95 4.15 38.41 35.33 41.18 41.95
9.60 19.99 4.89 3.93 38.31 35.12 41.24 42.19
10.42 21.56 5.43 4.28 37.95 34.80 40.78 41.82
9.16 19.34 4.74 3.39 38.51 35.27 41.37 42.83
10.75 22.32 5.64 4.28 37.82 34.65 40.62 41.81
10.52 22.27 5.60 3.70 37.91 34.65 40.65 42.45
10.99 23.04 5.65 4.26 37.72 34.51 40.61 41.83
9.42 20.05 4.76 3.45 38.39 35.11 41.35 42.75
9.99 20.99 5.01 3.98 38.13 34.91 41.14 42.13
8.78 18.68 4.28 3.37 38.70 35.42 41.82 42.86
8.71 18.05 4.43 3.67 38.73 35.57 41.67 42.48
7.50 15.73 3.73 3.04 39.38 36.16 42.41 43.31
8.89 17.74 4.80 4.13 38.64 35.64 41.32 41.97
8.97 18.49 4.33 4.10 38.60 35.46 41.76 42.00
9.92 20.67 4.87 4.23 38.16 34.98 41.26 41.87
10.31 21.79 4.97 4.18 38.00 34.75 41.17 41.92
9.62 20.66 4.29 3.91 38.30 34.98 41.81 42.21
8.03 17.26 3.81 3.04 39.08 35.76 42.32 43.31
9.40 20.05 4.27 3.89 38.40 35.11 41.83 42.23
10.25 21.80 4.70 4.26 38.03 34.75 41.41 41.83
10.46 22.59 4.47 4.30 37.94 34.59 41.63 41.79
10.96 23.20 4.90 4.77 37.73 34.48 41.23 41.35
11.22 23.47 5.38 4.81 37.63 34.43 40.82 41.31
10.04 20.73 4.85 4.56 38.11 34.97 41.27 41.54
10.31 21.17 4.91 4.86 38.00 34.87 41.22 41.27
8.95 18.45 4.32 4.07 38.61 35.47 41.77 42.03
9.22 19.20 4.33 4.14 38.48 35.30 41.77 41.97
9.40 19.25 4.56 4.38 38.40 35.29 41.54 41.72
8.29 17.13 3.98 3.76 38.95 35.80 42.13 42.38
7.23 14.80 3.72 3.18 39.54 36.43 42.43 43.11
6.15 12.67 3.09 2.70 40.24 37.11 43.24 43.83
5.74 11.78 2.96 2.48 40.54 37.42 43.42 44.19
4.65 9.64 2.40 1.93 41.46 38.30 44.32 45.28
3.91 7.96 2.19 1.60 42.20 39.12 44.73 46.11
3.20 6.41 1.73 1.46 43.08 40.06 45.75 46.51
3.03 5.91 1.67 1.51 43.31 40.41 45.91 46.33
2.52 4.93 1.44 1.19 44.12 41.20 46.54 47.38
2.24 4.32 1.38 1.04 44.62 41.78 46.75 47.97
2.60 5.06 1.46 1.28 43.98 41.09 46.48 47.06
2.45 4.87 1.45 1.02 44.24 41.26 46.52 48.02
2.55 5.01 1.48 1.16 44.07 41.14 46.44 47.49
2.60 5.12 1.66 1.00 43.99 41.04 45.92 48.12
3.19 6.45 1.81 1.32 43.09 40.04 45.56 46.94
3.18 6.51 1.81 1.21 43.10 40.00 45.55 47.29
3.66 7.44 1.98 1.55 42.50 39.41 45.16 46.22
3.58 7.26 2.12 1.36 42.59 39.52 44.87 46.79
4.06 8.25 2.29 1.64 42.05 38.97 44.55 45.99
4.16 8.57 2.40 1.50 41.94 38.80 44.32 46.37
4.89 10.33 2.59 1.74 41.24 37.99 44.01 45.73
5.20 11.17 2.64 1.81 40.97 37.65 43.92 45.57
5.51 11.92 2.77 1.84 40.72 37.37 43.70 45.49
5.54 12.22 2.74 1.64 40.70 37.26 43.75 45.98
5.28 11.78 2.60 1.44 40.91 37.41 43.98 46.54
5.74 12.83 2.79 1.61 40.54 37.05 43.67 46.06
5.48 12.28 2.73 1.44 40.74 37.24 43.76 46.57
6.05 13.44 3.04 1.66 40.31 36.84 43.31 45.93
6.20 13.74 3.01 1.83 40.21 36.75 43.34 45.51
6.32 14.04 3.10 1.82 40.12 36.65 43.23 45.53
6.22 13.78 3.11 1.77 40.19 36.74 43.20 45.66
6.46 14.29 3.34 1.76 40.03 36.58 42.89 45.68
6.60 14.70 3.28 1.82 39.93 36.46 42.97 45.53
6.28 13.99 3.10 1.74 40.16 36.67 43.22 45.74
6.63 15.02 3.17 1.69 39.92 36.36 43.12 45.85
6.20 14.07 2.95 1.57 40.21 36.65 43.44 46.16
6.32 14.14 3.18 1.64 40.13 36.62 43.10 45.99
6.81 15.28 3.24 1.90 39.80 36.29 43.03 45.34
6.15 13.89 2.93 1.63 40.24 36.70 43.47 46.02
6.00 13.51 2.85 1.62 40.36 36.82 43.59 46.03
5.88 13.63 2.55 1.45 40.44 36.78 44.06 46.53
5.54 12.86 2.45 1.30 40.70 37.03 44.24 47.00
5.29 12.22 2.44 1.21 40.90 37.26 44.25 47.31
5.41 12.26 2.62 1.32 40.80 37.25 43.94 46.92
5.50 12.63 2.58 1.30 40.72 37.12 44.02 47.01
5.56 12.71 2.56 1.43 40.68 37.09 44.05 46.59
5.81 13.16 2.64 1.63 40.49 36.94 43.92 46.01
5.92 13.21 2.87 1.67 40.41 36.92 43.55 45.90
5.91 13.35 2.78 1.61 40.41 36.88 43.70 46.05
5.25 11.65 2.69 1.41 40.93 37.47 43.83 46.65
5.74 13.08 2.82 1.32 40.54 36.96 43.63 46.94
5.64 13.07 2.62 1.25 40.61 36.97 43.95 47.17
5.52 12.90 2.59 1.08 40.71 37.02 44.00 47.79
5.27 12.15 2.49 1.16 40.91 37.29 44.16 47.50
5.42 12.36 2.54 1.34 40.79 37.21 44.08 46.85
5.49 12.17 2.70 1.58 40.74 37.28 43.81 46.14
5.72 12.86 2.72 1.59 40.55 37.04 43.78 46.12
5.44 12.06 2.65 1.60 40.78 37.32 43.91 46.08
5.46 12.35 2.59 1.46 40.76 37.21 44.01 46.50
6.07 13.23 3.05 1.91 40.31 36.92 43.29 45.31
5.24 11.51 2.70 1.53 40.93 37.52 43.81 46.29
5.44 11.77 2.77 1.76 40.78 37.42 43.70 45.67
5.18 11.38 2.63 1.53 40.99 37.57 43.94 46.28
4.93 10.74 2.49 1.54 41.20 37.82 44.16 46.24
4.34 9.41 2.22 1.40 41.75 38.40 44.67 46.67
3.98 8.49 2.11 1.34 42.13 38.84 44.89 46.87
4.28 9.04 2.28 1.52 41.82 38.57 44.57 46.31
3.59 7.49 1.95 1.33 42.58 39.39 45.23 46.89
3.46 7.00 2.02 1.36 42.74 39.68 45.08 46.79
3.24 6.52 1.91 1.29 43.02 39.99 45.32 47.02
3.49 6.89 1.99 1.57 42.71 39.75 45.14 46.17
3.08 6.04 1.80 1.41 43.24 40.32 45.59 46.65
3.22 6.31 1.90 1.44 43.06 40.13 45.34 46.55
3.07 6.16 1.83 1.22 43.26 40.24 45.51 47.26
3.57 7.25 2.01 1.47 42.60 39.53 45.10 46.46
3.20 6.43 1.88 1.30 43.08 40.05 45.40 47.01
3.52 7.01 2.09 1.47 42.66 39.67 44.94 46.45
3.42 6.75 2.03 1.46 42.80 39.84 45.05 46.48
4.21 8.51 2.31 1.81 41.89 38.83 44.49 45.56
3.68 7.38 2.11 1.55 42.47 39.45 44.89 46.23
3.98 8.15 2.18 1.62 42.13 39.02 44.74 46.04
4.50 9.17 2.46 1.86 41.60 38.51 44.22 45.44
4.37 8.97 2.46 1.69 41.72 38.60 44.22 45.85
4.56 9.56 2.42 1.69 41.54 38.33 44.30 45.84
4.49 9.61 2.35 1.51 41.61 38.31 44.43 46.34
4.49 9.65 2.35 1.46 41.61 38.29 44.42 46.47
5.32 11.53 2.74 1.69 40.87 37.52 43.76 45.84
5.01 10.89 2.55 1.59 41.13 37.76 44.07 46.11
4.83 10.52 2.52 1.46 41.29 37.91 44.12 46.48
5.06 10.97 2.54 1.67 41.09 37.73 44.09 45.89
5.21 11.24 2.78 1.63 40.96 37.62 43.70 46.01
5.65 12.06 3.06 1.84 40.60 37.31 43.28 45.49
5.47 11.68 3.04 1.69 40.75 37.46 43.30 45.86
5.07 10.91 2.69 1.61 41.09 37.76 43.84 46.06
5.44 11.68 2.84 1.82 40.77 37.46 43.61 45.53
4.59 9.78 2.50 1.49 41.51 38.23 44.15 46.39
4.68 10.01 2.45 1.59 41.43 38.13 44.24 46.11
4.24 9.14 2.18 1.38 41.86 38.52 44.75 46.72
4.71 10.07 2.46 1.59 41.40 38.10 44.22 46.11
4.10 8.85 2.15 1.31 42.00 38.66 44.80 46.95
4.27 9.26 2.14 1.41 41.82 38.46 44.82 46.63
4.00 8.74 2.00 1.27 42.11 38.72 45.14 47.09
4.76 10.42 2.36 1.49 41.35 37.95 44.40 46.39
4.21 9.27 2.08 1.27 41.89 38.46 44.94 47.10
4.35 9.60 2.14 1.31 41.74 38.31 44.83 46.95
4.00 8.81 1.97 1.21 42.11 38.68 45.18 47.29
4.70 10.25 2.33 1.51 41.41 38.02 44.46 46.35
4.43 9.64 2.28 1.36 41.67 38.29 44.56 46.79
4.72 10.47 2.29 1.38 41.40 37.93 44.53 46.72
