4.48 10.11 2.14 1.18 41.62 38.08 44.82 47.41
4.32 9.53 2.17 1.26 41.78 38.34 44.77 47.14
4.36 9.69 2.17 1.21 41.74 38.27 44.77 47.31
4.53 10.26 2.18 1.16 41.57 38.02 44.74 47.48
4.37 9.88 2.14 1.08 41.73 38.19 44.82 47.79
4.72 10.74 2.18 1.23 41.39 37.82 44.74 47.23
4.74 10.88 2.21 1.14 41.37 37.76 44.68 47.57
5.11 11.76 2.43 1.16 41.04 37.43 44.28 47.49
4.80 11.06 2.32 1.03 41.32 37.70 44.47 48.00
4.89 11.44 2.28 0.95 41.24 37.55 44.55 48.35
4.55 10.60 2.15 0.90 41.55 37.88 44.80 48.59
4.75 11.04 2.18 1.04 41.36 37.70 44.75 47.95
4.80 11.03 2.28 1.10 41.32 37.71 44.55 47.72
5.44 12.48 2.45 1.38 40.78 37.17 44.24 46.73
5.27 11.80 2.46 1.54 40.92 37.41 44.22 46.27
6.22 13.82 2.99 1.85 40.19 36.73 43.37 45.45
6.10 13.63 3.00 1.66 40.28 36.78 43.36 45.93
5.65 12.83 2.69 1.42 40.61 37.05 43.84 46.60
5.97 13.68 2.76 1.47 40.37 36.77 43.72 46.46
5.51 12.52 2.64 1.38 40.72 37.15 43.92 46.74
5.90 13.39 2.78 1.53 40.43 36.87 43.70 46.29
5.55 12.72 2.58 1.34 40.69 37.09 44.01 46.85
5.85 13.31 2.71 1.52 40.46 36.89 43.79 46.31
5.03 11.55 2.39 1.16 41.12 37.51 44.35 47.49
5.31 12.03 2.45 1.45 40.88 37.33 44.24 46.53
5.04 11.43 2.33 1.35 41.11 37.55 44.46 46.81
5.38 12.19 2.47 1.46 40.82 37.27 44.20 46.47
5.63 12.61 2.62 1.66 40.63 37.12 43.95 45.91
5.09 11.34 2.46 1.47 41.06 37.59 44.23 46.45
5.52 12.17 2.63 1.74 40.71 37.28 43.93 45.73
5.45 12.09 2.63 1.64 40.76 37.31 43.92 45.97
5.76 12.78 2.65 1.87 40.53 37.07 43.90 45.40
5.58 12.27 2.73 1.75 40.66 37.24 43.77 45.69
5.75 12.60 2.76 1.91 40.53 37.13 43.73 45.31
5.50 11.85 2.81 1.83 40.73 37.39 43.64 45.50
5.89 12.74 2.90 2.04 40.42 37.07 43.52 45.02
5.28 11.41 2.67 1.76 40.91 37.56 43.87 45.68
5.20 11.19 2.53 1.86 40.98 37.64 44.10 45.43
4.96 10.62 2.49 1.75 41.18 37.87 44.17 45.69
5.11 11.10 2.51 1.71 41.05 37.68 44.14 45.80
4.36 9.55 2.22 1.29 41.74 38.32 44.66 47.02
4.23 9.40 2.08 1.20 41.87 38.40 44.95 47.35
4.10 9.05 2.12 1.15 42.00 38.56 44.88 47.54
4.41 9.76 2.15 1.30 41.69 38.23 44.80 47.01
4.23 9.45 2.12 1.12 41.87 38.38 44.87 47.65
4.54 10.03 2.36 1.24 41.56 38.12 44.40 47.22
4.69 10.16 2.64 1.25 41.43 38.06 43.91 47.16
5.23 11.27 2.88 1.53 40.94 37.62 43.53 46.28
5.22 11.45 2.76 1.44 40.96 37.55 43.72 46.54
5.02 10.93 2.71 1.43 41.12 37.75 43.80 46.58
5.66 12.29 3.07 1.63 40.59 37.24 43.25 45.99
5.33 11.68 2.96 1.37 40.86 37.46 43.43 46.75
5.58 12.25 2.89 1.58 40.67 37.25 43.51 46.12
5.09 11.31 2.65 1.30 41.07 37.60 43.89 47.01
4.87 10.75 2.63 1.24 41.25 37.82 43.94 47.21
5.14 11.42 2.67 1.34 41.03 37.56 43.87 46.87
4.56 10.16 2.33 1.19 41.55 38.06 44.47 47.38
4.32 9.88 2.13 0.94 41.78 38.19 44.84 48.41
4.97 11.29 2.57 1.06 41.17 37.61 44.05 47.89
4.93 11.10 2.62 1.07 41.21 37.68 43.96 47.85
4.47 9.85 2.32 1.25 41.63 38.20 44.47 47.17
5.39 11.98 2.83 1.37 40.81 37.35 43.61 46.78
4.95 11.02 2.57 1.25 41.18 37.70 44.03 47.17
5.02 11.24 2.46 1.36 41.12 37.62 44.23 46.79
4.30 9.58 2.21 1.12 41.80 38.32 44.71 47.62
4.39 9.78 2.25 1.14 41.71 38.23 44.62 47.58
4.30 9.63 2.09 1.20 41.79 38.29 44.94 47.34
4.30 9.55 2.14 1.19 41.80 38.33 44.82 47.37
3.80 8.40 1.92 1.08 42.33 38.89 45.30 47.80
4.29 9.48 2.10 1.30 41.80 38.36 44.90 47.00
4.46 9.90 2.16 1.33 41.64 38.17 44.80 46.89
4.78 10.65 2.37 1.32 41.34 37.86 44.39 46.92
4.76 10.70 2.32 1.27 41.35 37.84 44.49 47.10
5.37 11.94 2.71 1.45 40.83 37.36 43.80 46.52
5.30 11.90 2.64 1.36 40.89 37.37 43.90 46.80
4.97 11.37 2.36 1.15 41.17 37.57 44.39 47.52
4.61 10.53 2.29 1.03 41.49 37.90 44.54 48.03
4.64 10.55 2.37 1.00 41.47 37.90 44.37 48.14
4.87 11.08 2.52 1.03 41.25 37.69 44.11 48.01
5.04 11.59 2.45 1.07 41.11 37.49 44.24 47.82
5.06 11.61 2.55 1.02 41.08 37.48 44.07 48.01
5.14 11.90 2.46 1.07 41.02 37.37 44.23 47.83
5.47 12.25 2.72 1.46 40.75 37.25 43.80 46.51
5.07 11.33 2.57 1.31 41.08 37.58 44.04 46.96
5.29 11.70 2.77 1.40 40.90 37.45 43.71 46.67
4.81 10.41 2.58 1.45 41.31 37.95 44.01 46.52
5.17 11.25 2.65 1.59 41.00 37.62 43.89 46.12
4.70 10.19 2.41 1.49 41.41 38.05 44.32 46.40
4.72 10.12 2.47 1.57 41.39 38.08 44.21 46.19
4.63 9.98 2.53 1.37 41.48 38.15 44.09 46.76
4.61 9.88 2.45 1.50 41.49 38.18 44.23 46.36
4.11 8.83 2.23 1.27 41.99 38.67 44.65 47.09
4.14 8.93 2.24 1.28 41.96 38.63 44.64 47.07
3.65 7.91 1.91 1.11 42.51 39.15 45.31 47.67
3.67 7.98 1.91 1.13 42.49 39.11 45.32 47.63
3.12 6.81 1.59 0.95 43.19 39.80 46.11 48.32
3.11 6.70 1.60 1.02 43.21 39.87 46.11 48.06
2.85 6.13 1.56 0.87 43.57 40.25 46.19 48.73
2.85 6.13 1.53 0.88 43.59 40.25 46.30 48.67
2.62 5.73 1.37 0.76 43.95 40.55 46.76 49.36
2.81 6.10 1.48 0.86 43.64 40.27 46.41 48.79
2.75 5.89 1.53 0.81 43.75 40.42 46.28 49.07
3.14 6.73 1.67 1.00 43.16 39.84 45.91 48.10
3.02 6.27 1.75 1.04 43.33 40.16 45.70 47.95
3.19 6.50 1.79 1.27 43.10 40.00 45.61 47.11
3.56 7.18 2.00 1.51 42.61 39.57 45.12 46.36
3.87 7.58 2.06 1.95 42.25 39.33 44.98 45.24
4.52 8.34 2.27 2.96 41.58 38.92 44.58 43.42
5.48 9.85 2.65 3.96 40.74 38.19 43.90 42.16
5.57 9.68 2.77 4.29 40.67 38.27 43.72 41.81
6.39 11.10 3.87 4.24 40.07 37.68 42.26 41.86
7.02 12.19 3.90 4.96 39.67 37.27 42.21 41.17
7.11 12.48 3.98 4.86 39.61 37.17 42.13 41.27
6.96 12.36 4.02 4.49 39.70 37.21 42.10 41.61
6.54 11.61 3.69 4.33 39.97 37.49 42.46 41.76
6.82 11.92 3.63 4.90 39.80 37.37 42.54 41.23
6.53 11.60 3.27 4.75 39.98 37.49 42.99 41.36
6.29 11.26 3.04 4.56 40.15 37.62 43.30 41.54
6.29 11.40 3.06 4.41 40.14 37.56 43.27 41.69
6.12 11.15 2.91 4.30 40.26 37.66 43.48 41.79
6.27 11.43 3.37 4.01 40.16 37.55 42.86 42.10
6.23 11.23 3.38 4.08 40.19 37.63 42.85 42.03
6.81 11.85 4.14 4.43 39.80 37.39 41.96 41.66
7.26 12.62 4.22 4.93 39.53 37.12 41.88 41.20
6.64 11.65 3.71 4.57 39.91 37.47 42.44 41.53
7.29 12.62 3.72 5.55 39.50 37.12 42.42 40.69
7.24 12.56 3.95 5.21 39.53 37.14 42.17 40.96
6.35 10.67 3.41 4.95 40.11 37.85 42.80 41.18
6.63 11.89 3.84 4.13 39.92 37.38 42.28 41.97
6.71 11.47 3.68 4.97 39.86 37.53 42.47 41.17
6.31 10.97 3.32 4.65 40.13 37.73 42.93 41.46
6.72 11.23 3.62 5.32 39.85 37.63 42.55 40.87
6.55 11.16 3.88 4.59 39.97 37.65 42.24 41.52
6.18 10.01 3.29 5.24 40.22 38.13 42.96 40.94
5.87 9.59 3.14 4.89 40.45 38.32 43.16 41.24
6.31 10.33 3.64 4.95 40.14 37.99 42.52 41.18
5.62 9.31 3.09 4.44 40.64 38.44 43.23 41.66
5.36 8.77 2.77 4.54 40.84 38.70 43.71 41.56
5.79 9.99 3.10 4.30 40.50 38.13 43.22 41.80
5.91 10.00 3.32 4.40 40.41 38.13 42.92 41.69
4.37 7.36 2.57 3.20 41.72 39.46 44.03 43.08
4.42 7.45 2.74 3.08 41.68 39.41 43.75 43.25
3.78 6.71 2.53 2.11 42.36 39.86 44.10 44.90
3.55 6.74 2.30 1.60 42.63 39.84 44.50 46.09
2.72 5.38 1.70 1.09 43.78 40.83 45.84 47.74
2.85 5.63 1.66 1.26 43.58 40.62 45.95 47.13
2.69 5.37 1.62 1.08 43.83 40.83 46.03 47.80
2.69 5.24 1.62 1.20 43.84 40.94 46.04 47.33
2.60 5.14 1.64 1.01 43.99 41.03 45.99 48.06
2.91 5.79 1.73 1.21 43.49 40.51 45.75 47.31
2.54 4.94 1.56 1.10 44.09 41.19 46.21 47.70
2.62 5.10 1.60 1.16 43.94 41.05 46.07 47.50
2.50 4.82 1.61 1.08 44.15 41.30 46.06 47.81
2.83 5.43 1.68 1.35 43.63 40.78 45.88 46.82
2.50 4.83 1.52 1.17 44.15 41.29 46.33 47.43
2.41 4.59 1.39 1.23 44.32 41.51 46.70 47.21
2.33 4.35 1.44 1.20 44.46 41.74 46.54 47.36
2.91 5.63 1.70 1.42 43.48 40.63 45.84 46.59
3.38 6.56 2.07 1.52 42.84 39.96 44.98 46.31
4.24 8.52 2.23 1.96 41.86 38.82 44.66 45.21
6.33 12.79 3.46 2.72 40.12 37.06 42.74 43.78
7.10 14.40 3.78 3.11 39.62 36.54 42.36 43.20
7.77 15.66 4.27 3.37 39.23 36.18 41.82 42.84
9.39 19.11 4.90 4.15 38.41 35.31 41.23 41.95
9.60 20.04 4.87 3.89 38.31 35.11 41.25 42.23
10.44 21.65 5.45 4.23 37.94 34.78 40.77 41.86
9.18 19.39 4.79 3.37 38.50 35.26 41.33 42.86
10.77 22.38 5.68 4.25 37.81 34.64 40.59 41.85
10.49 22.16 5.58 3.73 37.92 34.67 40.67 42.41
11.05 23.17 5.68 4.29 37.70 34.48 40.59 41.80
9.44 20.06 4.81 3.43 38.38 35.11 41.31 42.77
10.03 21.05 5.04 4.01 38.11 34.90 41.11 42.10
8.83 18.81 4.28 3.39 38.67 35.39 41.82 42.83
8.72 18.10 4.43 3.64 38.72 35.55 41.67 42.52
7.51 15.73 3.81 2.99 39.38 36.16 42.33 43.37
8.91 17.79 4.83 4.11 38.63 35.63 41.29 41.99
8.93 18.41 4.29 4.10 38.62 35.48 41.81 42.01
9.92 20.67 4.87 4.22 38.17 34.98 41.25 41.88
10.31 21.84 4.96 4.14 38.00 34.74 41.18 41.96
9.64 20.69 4.32 3.90 38.29 34.97 41.78 42.21
8.03 17.24 3.84 3.03 39.08 35.77 42.29 43.32
9.43 20.13 4.26 3.90 38.39 35.09 41.84 42.22
10.27 21.84 4.74 4.22 38.02 34.74 41.38 41.87
10.51 22.60 4.54 4.37 37.92 34.59 41.56 41.72
10.95 23.14 4.93 4.77 37.74 34.49 41.20 41.34
11.17 23.35 5.36 4.80 37.65 34.45 40.84 41.32
10.04 20.76 4.84 4.54 38.11 34.96 41.28 41.56
10.35 21.24 4.94 4.87 37.98 34.86 41.19 41.26
9.00 18.53 4.36 4.11 38.59 35.45 41.73 41.99
9.40 19.51 4.49 4.21 38.40 35.23 41.60 41.89
9.49 19.34 4.71 4.42 38.36 35.27 41.40 41.68
8.50 17.54 4.10 3.86 38.84 35.69 42.00 42.27
7.31 14.96 3.78 3.20 39.49 36.38 42.36 43.08
6.28 12.85 3.21 2.78 40.15 37.04 43.07 43.70
5.83 11.95 3.01 2.55 40.47 37.36 43.35 44.07
4.83 10.03 2.50 1.97 41.29 38.12 44.15 45.18
3.97 8.06 2.21 1.65 42.14 39.07 44.69 45.97
3.26 6.48 1.76 1.53 43.00 40.01 45.67 46.29
3.07 5.98 1.71 1.53 43.25 40.36 45.80 46.27
2.62 5.08 1.55 1.25 43.94 41.07 46.23 47.17
2.25 4.34 1.39 1.04 44.60 41.76 46.72 47.97
2.61 5.08 1.48 1.29 43.96 41.07 46.43 47.03
2.36 4.68 1.38 1.00 44.41 41.43 46.74 48.11
2.65 5.24 1.54 1.17 43.90 40.94 46.25 47.43
2.60 5.14 1.65 1.00 43.99 41.02 45.95 48.13
3.19 6.49 1.79 1.30 43.09 40.01 45.59 47.00
3.15 6.50 1.77 1.18 43.14 40.00 45.65 47.41
3.64 7.42 1.96 1.54 42.52 39.43 45.20 46.26
3.58 7.28 2.13 1.34 42.59 39.51 44.84 46.85
4.07 8.26 2.30 1.64 42.04 38.96 44.52 45.99
4.15 8.58 2.39 1.50 41.95 38.80 44.35 46.37
4.88 10.33 2.59 1.72 41.25 37.99 44.00 45.77
5.17 11.11 2.61 1.79 41.00 37.67 43.97 45.61
5.52 11.96 2.76 1.84 40.71 37.35 43.72 45.49
5.54 12.26 2.73 1.62 40.70 37.25 43.77 46.02
5.32 11.90 2.61 1.44 40.87 37.37 43.96 46.55
5.76 12.89 2.79 1.61 40.52 37.03 43.67 46.07
5.50 12.34 2.74 1.42 40.73 37.22 43.75 46.61
6.07 13.51 3.05 1.65 40.30 36.82 43.29 45.96
6.18 13.75 2.97 1.81 40.22 36.75 43.40 45.56
6.33 14.09 3.10 1.81 40.11 36.64 43.22 45.55
6.24 13.83 3.11 1.77 40.18 36.72 43.20 45.65
6.45 14.30 3.30 1.75 40.03 36.58 42.95 45.70
6.58 14.72 3.21 1.81 39.95 36.45 43.07 45.56
6.25 14.00 3.05 1.71 40.17 36.67 43.29 45.81
6.61 15.03 3.11 1.68 39.93 36.36 43.21 45.87
6.17 14.05 2.90 1.56 40.23 36.65 43.51 46.20
6.34 14.26 3.14 1.63 40.11 36.59 43.16 46.00
6.80 15.32 3.18 1.91 39.81 36.28 43.11 45.33
6.15 13.94 2.90 1.61 40.24 36.69 43.51 46.06
6.01 13.54 2.86 1.61 40.35 36.81 43.57 46.06
5.88 13.65 2.53 1.47 40.44 36.78 44.10 46.47
5.58 12.97 2.49 1.30 40.66 37.00 44.18 47.00
5.33 12.33 2.45 1.20 40.87 37.22 44.25 47.35
5.40 12.25 2.61 1.32 40.81 37.25 43.96 46.92
5.48 12.56 2.58 1.30 40.74 37.14 44.01 47.01
5.56 12.69 2.58 1.42 40.68 37.10 44.02 46.60
5.82 13.11 2.69 1.66 40.48 36.96 43.83 45.93
5.91 13.17 2.88 1.68 40.42 36.93 43.54 45.88
5.93 13.43 2.79 1.58 40.40 36.85 43.68 46.14
5.27 11.72 2.71 1.39 40.91 37.44 43.80 46.71
5.75 13.08 2.85 1.31 40.53 36.96 43.58 46.95
5.65 13.07 2.65 1.24 40.61 36.97 43.91 47.21
5.52 12.89 2.61 1.06 40.71 37.03 43.97 47.86
5.28 12.18 2.50 1.15 40.90 37.27 44.15 47.52
5.44 12.41 2.58 1.33 40.77 37.19 44.01 46.90
5.51 12.22 2.71 1.59 40.72 37.26 43.80 46.13
5.73 12.83 2.78 1.58 40.55 37.05 43.69 46.13
5.46 12.04 2.72 1.61 40.76 37.33 43.79 46.05
5.49 12.40 2.61 1.46 40.74 37.20 43.97 46.48
6.09 13.30 3.05 1.91 40.29 36.89 43.29 45.33
5.27 11.59 2.71 1.52 40.91 37.49 43.79 46.32
5.45 11.80 2.78 1.75 40.77 37.41 43.68 45.70
5.23 11.48 2.66 1.55 40.95 37.53 43.89 46.24
4.92 10.73 2.51 1.52 41.21 37.83 44.13 46.30
4.34 9.42 2.22 1.39 41.76 38.39 44.67 46.72
4.00 8.54 2.13 1.33 42.11 38.81 44.84 46.90
4.31 9.12 2.29 1.51 41.79 38.53 44.54 46.33
3.58 7.51 1.92 1.32 42.59 39.38 45.29 46.92
3.45 7.01 2.01 1.33 42.75 39.67 45.10 46.88
3.27 6.61 1.91 1.30 42.98 39.93 45.31 47.00
3.50 6.94 1.99 1.56 42.69 39.72 45.13 46.21
3.07 6.06 1.77 1.38 43.26 40.31 45.66 46.72
3.23 6.34 1.90 1.44 43.04 40.11 45.34 46.55
3.09 6.22 1.84 1.21 43.23 40.19 45.47 47.30
3.57 7.30 2.00 1.42 42.60 39.50 45.11 46.60
3.19 6.44 1.85 1.29 43.09 40.05 45.47 47.04
3.54 7.07 2.08 1.46 42.64 39.63 44.95 46.50
3.41 6.78 2.01 1.44 42.81 39.82 45.10 46.56
4.21 8.53 2.34 1.76 41.89 38.82 44.44 45.67
3.67 7.35 2.10 1.55 42.48 39.47 44.90 46.22
4.00 8.16 2.19 1.65 42.11 39.01 44.73 45.95
4.47 9.15 2.42 1.84 41.63 38.52 44.29 45.48
4.36 8.94 2.46 1.67 41.74 38.62 44.22 45.90
4.52 9.55 2.35 1.66 41.58 38.33 44.42 45.94
4.47 9.60 2.34 1.48 41.63 38.31 44.44 46.44
4.51 9.74 2.34 1.44 41.59 38.25 44.43 46.53
5.31 11.52 2.76 1.67 40.88 37.52 43.73 45.91
5.02 10.92 2.57 1.58 41.12 37.75 44.04 46.14
4.84 10.53 2.52 1.47 41.28 37.91 44.12 46.46
5.05 10.99 2.51 1.66 41.10 37.72 44.13 45.93
5.21 11.23 2.77 1.63 40.96 37.63 43.71 46.00
5.67 12.13 3.07 1.82 40.59 37.29 43.27 45.53
5.48 11.70 3.06 1.68 40.74 37.45 43.27 45.87
5.05 10.88 2.68 1.60 41.10 37.77 43.85 46.08
5.46 11.71 2.85 1.84 40.76 37.45 43.59 45.48
4.59 9.74 2.53 1.49 41.51 38.24 44.09 46.39
4.66 9.96 2.43 1.58 41.45 38.15 44.27 46.15
4.22 9.10 2.18 1.38 41.88 38.54 44.74 46.73
4.72 10.13 2.46 1.58 41.39 38.07 44.22 46.16
4.11 8.86 2.16 1.30 42.00 38.66 44.78 46.99
4.28 9.29 2.15 1.39 41.82 38.45 44.81 46.70
3.98 8.71 1.98 1.26 42.13 38.73 45.17 47.11
4.77 10.46 2.35 1.49 41.35 37.94 44.43 46.39
4.22 9.37 2.05 1.24 41.87 38.41 45.00 47.19
4.36 9.64 2.14 1.30 41.74 38.29 44.84 47.00
3.96 8.77 1.93 1.19 42.15 38.70 45.27 47.38
4.65 10.18 2.29 1.48 41.45 38.05 44.52 46.42
4.42 9.66 2.27 1.33 41.67 38.28 44.57 46.88
4.70 10.46 2.29 1.35 41.41 37.93 44.53 46.83
