4.48 10.11 2.14 1.18 41.62 38.08 44.82 47.41
4.32 9.53 2.17 1.26 41.78 38.34 44.77 47.14
4.36 9.69 2.17 1.21 41.74 38.27 44.77 47.31
4.53 10.26 2.18 1.16 41.57 38.02 44.74 47.48
4.37 9.88 2.14 1.08 41.73 38.19 44.82 47.79
4.72 10.74 2.18 1.23 41.39 37.82 44.74 47.23
4.74 10.88 2.21 1.14 41.37 37.76 44.68 47.57
5.11 11.76 2.43 1.16 41.04 37.43 44.28 47.49
4.80 11.06 2.32 1.03 41.32 37.70 44.47 48.00
4.89 11.44 2.28 0.95 41.24 37.55 44.55 48.35
4.55 10.60 2.15 0.90 41.55 37.88 44.80 48.59
4.75 11.04 2.18 1.04 41.36 37.70 44.75 47.95
4.80 11.03 2.28 1.10 41.32 37.71 44.55 47.72
5.44 12.48 2.45 1.38 40.78 37.17 44.24 46.73
5.27 11.80 2.46 1.54 40.92 37.41 44.22 46.27
6.22 13.82 2.99 1.85 40.19 36.73 43.37 45.45
6.10 13.63 3.00 1.66 40.28 36.78 43.36 45.93
5.65 12.84 2.69 1.42 40.61 37.05 43.84 46.60
5.97 13.68 2.76 1.47 40.37 36.77 43.72 46.46
5.51 12.52 2.64 1.38 40.72 37.15 43.92 46.75
5.89 13.38 2.77 1.53 40.43 36.87 43.71 46.29
5.54 12.71 2.57 1.34 40.69 37.09 44.02 46.86
5.85 13.31 2.71 1.52 40.46 36.89 43.79 46.31
5.04 11.57 2.40 1.15 41.11 37.50 44.33 47.51
5.31 12.03 2.45 1.44 40.88 37.33 44.23 46.55
5.04 11.43 2.34 1.35 41.11 37.55 44.44 46.82
5.38 12.20 2.47 1.46 40.82 37.27 44.20 46.47
5.63 12.62 2.61 1.66 40.63 37.12 43.96 45.92
5.10 11.36 2.46 1.47 41.06 37.58 44.22 46.46
5.52 12.17 2.64 1.74 40.71 37.28 43.92 45.72
5.46 12.11 2.63 1.64 40.76 37.30 43.93 45.98
5.76 12.77 2.64 1.87 40.53 37.07 43.92 45.40
5.60 12.30 2.74 1.75 40.65 37.23 43.75 45.70
5.77 12.65 2.77 1.91 40.52 37.11 43.71 45.32
5.51 11.88 2.83 1.82 40.72 37.38 43.61 45.52
5.91 12.78 2.91 2.04 40.41 37.06 43.50 45.03
5.29 11.43 2.68 1.75 40.90 37.55 43.85 45.70
5.22 11.24 2.55 1.86 40.96 37.62 44.07 45.44
4.97 10.64 2.50 1.75 41.17 37.86 44.15 45.69
5.12 11.12 2.52 1.71 41.04 37.67 44.12 45.80
4.37 9.58 2.23 1.29 41.72 38.31 44.64 47.01
4.26 9.46 2.10 1.21 41.84 38.37 44.91 47.30
4.13 9.12 2.14 1.15 41.97 38.53 44.84 47.52
4.45 9.86 2.18 1.30 41.65 38.19 44.74 47.00
4.28 9.58 2.14 1.12 41.82 38.32 44.84 47.65
4.58 10.14 2.37 1.24 41.52 38.07 44.38 47.21
4.76 10.35 2.67 1.25 41.36 37.98 43.86 47.16
5.30 11.47 2.91 1.53 40.88 37.54 43.49 46.28
5.32 11.73 2.78 1.44 40.87 37.44 43.68 46.54
5.14 11.23 2.76 1.44 41.02 37.63 43.72 46.56
5.72 12.42 3.10 1.65 40.55 37.19 43.21 45.95
5.45 11.96 3.02 1.38 40.76 37.35 43.33 46.72
5.65 12.45 2.90 1.59 40.61 37.18 43.50 46.10
5.19 11.58 2.68 1.31 40.98 37.49 43.84 46.96
4.96 10.99 2.65 1.24 41.17 37.72 43.90 47.19
5.25 11.70 2.71 1.35 40.93 37.45 43.80 46.83
4.65 10.38 2.37 1.20 41.46 37.97 44.39 47.34
4.43 10.15 2.18 0.95 41.67 38.06 44.74 48.36
5.09 11.60 2.61 1.07 41.06 37.49 43.97 47.84
5.08 11.48 2.69 1.08 41.07 37.53 43.84 47.80
4.49 9.89 2.33 1.25 41.61 38.18 44.45 47.15
5.40 12.00 2.85 1.37 40.80 37.34 43.58 46.78
4.95 11.03 2.58 1.24 41.18 37.70 44.02 47.19
5.03 11.26 2.47 1.37 41.11 37.62 44.21 46.76
4.30 9.56 2.22 1.12 41.80 38.33 44.68 47.63
4.39 9.77 2.25 1.14 41.71 38.23 44.61 47.57
4.30 9.63 2.09 1.20 41.79 38.29 44.94 47.35
4.30 9.54 2.15 1.20 41.80 38.33 44.80 47.35
3.81 8.40 1.94 1.08 42.32 38.89 45.26 47.78
4.30 9.50 2.12 1.30 41.79 38.35 44.87 47.00
4.46 9.90 2.16 1.32 41.64 38.17 44.79 46.92
4.78 10.65 2.37 1.32 41.34 37.86 44.38 46.92
4.77 10.73 2.33 1.27 41.34 37.83 44.46 47.09
5.37 11.94 2.72 1.45 40.83 37.36 43.78 46.51
5.31 11.92 2.65 1.37 40.88 37.37 43.89 46.78
4.96 11.35 2.36 1.15 41.18 37.58 44.39 47.52
4.62 10.54 2.30 1.03 41.48 37.90 44.52 48.02
4.64 10.54 2.37 1.00 41.47 37.90 44.38 48.12
4.87 11.07 2.52 1.03 41.25 37.69 44.12 47.99
5.04 11.61 2.44 1.06 41.11 37.48 44.26 47.86
5.05 11.59 2.55 1.02 41.09 37.49 44.07 48.03
5.13 11.88 2.44 1.07 41.03 37.38 44.26 47.83
5.45 12.23 2.69 1.45 40.76 37.26 43.84 46.53
5.07 11.34 2.57 1.31 41.08 37.58 44.04 46.96
5.29 11.69 2.77 1.41 40.90 37.45 43.71 46.63
4.81 10.39 2.60 1.45 41.31 37.96 43.98 46.52
5.17 11.25 2.65 1.60 41.00 37.62 43.89 46.10
4.70 10.21 2.41 1.48 41.41 38.04 44.31 46.42
4.72 10.13 2.47 1.57 41.39 38.08 44.21 46.18
4.62 9.97 2.51 1.37 41.49 38.15 44.13 46.77
4.60 9.86 2.44 1.50 41.50 38.19 44.25 46.37
4.10 8.82 2.22 1.26 42.00 38.68 44.67 47.12
4.14 8.94 2.23 1.26 41.96 38.62 44.65 47.13
3.64 7.91 1.89 1.11 42.52 39.15 45.36 47.69
3.67 7.98 1.90 1.12 42.49 39.11 45.34 47.66
3.12 6.83 1.59 0.95 43.18 39.79 46.12 48.34
3.10 6.71 1.58 1.01 43.22 39.87 46.15 48.10
2.85 6.13 1.56 0.86 43.58 40.25 46.21 48.78
2.85 6.13 1.53 0.88 43.59 40.25 46.30 48.70
2.61 5.73 1.35 0.75 43.96 40.55 46.81 49.40
2.81 6.11 1.47 0.86 43.64 40.27 46.45 48.78
2.74 5.88 1.52 0.80 43.76 40.43 46.30 49.11
3.14 6.74 1.67 1.00 43.16 39.84 45.90 48.12
3.01 6.27 1.74 1.03 43.34 40.16 45.72 47.99
3.18 6.48 1.78 1.27 43.11 40.01 45.62 47.10
3.57 7.21 2.00 1.51 42.60 39.55 45.11 46.35
3.87 7.59 2.06 1.96 42.25 39.33 44.99 45.22
4.52 8.34 2.26 2.97 41.58 38.92 44.60 43.41
5.47 9.83 2.64 3.96 40.75 38.20 43.92 42.16
5.57 9.66 2.77 4.29 40.67 38.28 43.71 41.81
6.38 11.08 3.86 4.22 40.08 37.69 42.27 41.88
7.01 12.18 3.89 4.95 39.68 37.28 42.23 41.18
7.11 12.50 3.98 4.85 39.61 37.16 42.13 41.28
6.96 12.38 4.03 4.47 39.70 37.20 42.08 41.63
6.54 11.60 3.70 4.32 39.97 37.49 42.45 41.77
6.83 11.92 3.64 4.92 39.79 37.37 42.53 41.21
6.53 11.60 3.27 4.74 39.98 37.49 42.99 41.37
6.31 11.30 3.05 4.57 40.13 37.60 43.29 41.53
6.29 11.41 3.06 4.40 40.14 37.56 43.27 41.70
6.13 11.17 2.92 4.30 40.25 37.65 43.47 41.79
6.28 11.44 3.37 4.02 40.15 37.55 42.86 42.09
6.23 11.22 3.38 4.08 40.19 37.63 42.84 42.03
6.81 11.86 4.15 4.43 39.80 37.39 41.95 41.66
7.25 12.60 4.22 4.92 39.53 37.13 41.88 41.21
6.64 11.65 3.70 4.57 39.91 37.47 42.45 41.53
7.31 12.64 3.73 5.57 39.49 37.11 42.41 40.67
7.25 12.57 3.95 5.22 39.53 37.14 42.17 40.95
6.34 10.68 3.40 4.93 40.11 37.85 42.82 41.20
6.61 11.89 3.83 4.10 39.93 37.38 42.29 42.01
6.71 11.47 3.69 4.96 39.86 37.53 42.46 41.18
6.30 10.97 3.30 4.65 40.13 37.73 42.95 41.46
6.73 11.22 3.62 5.35 39.85 37.63 42.55 40.85
6.56 11.18 3.88 4.61 39.96 37.64 42.24 41.50
6.17 10.00 3.26 5.25 40.23 38.13 43.00 40.93
5.87 9.58 3.13 4.90 40.45 38.32 43.17 41.23
6.30 10.32 3.64 4.95 40.14 37.99 42.52 41.19
5.61 9.30 3.08 4.44 40.64 38.45 43.24 41.66
5.36 8.78 2.76 4.55 40.84 38.70 43.72 41.55
5.79 9.98 3.12 4.29 40.50 38.14 43.19 41.81
5.92 10.02 3.33 4.42 40.40 38.12 42.91 41.67
4.37 7.37 2.56 3.19 41.72 39.46 44.04 43.10
4.42 7.46 2.74 3.06 41.68 39.40 43.76 43.28
3.77 6.69 2.53 2.09 42.37 39.87 44.10 44.93
3.55 6.74 2.31 1.60 42.63 39.84 44.49 46.10
2.72 5.39 1.70 1.09 43.78 40.82 45.84 47.76
2.86 5.65 1.67 1.26 43.57 40.61 45.92 47.13
2.68 5.36 1.62 1.07 43.84 40.84 46.03 47.84
2.69 5.25 1.63 1.20 43.83 40.93 46.02 47.33
2.60 5.13 1.64 1.01 43.99 41.03 45.97 48.08
2.92 5.81 1.73 1.21 43.48 40.49 45.75 47.30
2.54 4.95 1.56 1.10 44.09 41.18 46.20 47.71
2.62 5.10 1.60 1.14 43.95 41.05 46.08 47.55
2.50 4.82 1.61 1.07 44.15 41.30 46.05 47.84
2.83 5.45 1.68 1.35 43.62 40.77 45.88 46.83
2.50 4.83 1.52 1.16 44.15 41.29 46.32 47.47
2.41 4.59 1.40 1.22 44.32 41.51 46.67 47.25
2.33 4.33 1.45 1.20 44.46 41.76 46.51 47.34
2.93 5.65 1.71 1.43 43.46 40.61 45.80 46.57
3.38 6.55 2.07 1.51 42.85 39.97 44.97 46.33
4.24 8.53 2.22 1.96 41.86 38.82 44.67 45.20
6.33 12.80 3.45 2.73 40.12 37.06 42.76 43.77
7.10 14.42 3.76 3.12 39.62 36.54 42.38 43.19
7.77 15.66 4.29 3.36 39.23 36.18 41.80 42.86
9.40 19.13 4.92 4.15 38.40 35.31 41.21 41.95
9.61 20.06 4.88 3.90 38.30 35.11 41.24 42.22
10.44 21.65 5.46 4.21 37.94 34.78 40.76 41.88
9.17 19.37 4.79 3.35 38.51 35.26 41.33 42.88
10.75 22.36 5.67 4.23 37.82 34.64 40.60 41.87
10.47 22.13 5.55 3.72 37.93 34.68 40.69 42.42
11.06 23.18 5.69 4.30 37.69 34.48 40.58 41.79
9.42 20.03 4.81 3.41 38.39 35.11 41.31 42.80
10.04 21.03 5.06 4.03 38.11 34.90 41.09 42.08
8.83 18.81 4.28 3.39 38.67 35.39 41.81 42.83
8.73 18.14 4.42 3.64 38.72 35.54 41.68 42.52
7.51 15.73 3.82 2.97 39.38 36.16 42.31 43.40
8.90 17.77 4.82 4.11 38.64 35.63 41.30 41.99
8.91 18.39 4.28 4.08 38.63 35.49 41.82 42.03
9.92 20.67 4.88 4.21 38.17 34.98 41.24 41.89
10.30 21.79 4.97 4.13 38.00 34.75 41.17 41.97
9.65 20.69 4.34 3.90 38.29 34.97 41.76 42.21
8.03 17.24 3.84 3.03 39.08 35.77 42.29 43.32
9.43 20.13 4.26 3.90 38.39 35.09 41.84 42.22
10.27 21.84 4.74 4.22 38.02 34.74 41.38 41.87
10.51 22.60 4.54 4.37 37.92 34.59 41.56 41.72
10.95 23.14 4.93 4.77 37.74 34.49 41.20 41.34
11.17 23.35 5.36 4.80 37.65 34.45 40.84 41.32
10.04 20.76 4.84 4.54 38.11 34.96 41.28 41.56
10.35 21.24 4.94 4.87 37.98 34.86 41.19 41.26
9.00 18.53 4.36 4.11 38.59 35.45 41.73 41.99
9.40 19.51 4.49 4.21 38.40 35.23 41.60 41.89
9.49 19.34 4.71 4.42 38.36 35.27 41.40 41.68
8.50 17.54 4.10 3.86 38.84 35.69 42.00 42.27
7.31 14.96 3.78 3.20 39.49 36.38 42.36 43.08
6.28 12.85 3.21 2.78 40.15 37.04 43.07 43.70
5.83 11.95 3.01 2.55 40.47 37.36 43.35 44.07
4.83 10.03 2.50 1.97 41.29 38.12 44.15 45.18
3.97 8.06 2.21 1.65 42.14 39.07 44.69 45.97
3.26 6.48 1.76 1.53 43.00 40.01 45.67 46.29
3.07 5.98 1.71 1.53 43.25 40.36 45.80 46.27
2.62 5.08 1.55 1.25 43.94 41.07 46.23 47.17
2.25 4.34 1.39 1.04 44.60 41.76 46.72 47.97
2.61 5.08 1.48 1.29 43.96 41.07 46.43 47.03
2.36 4.68 1.38 1.00 44.41 41.43 46.74 48.11
2.65 5.24 1.54 1.17 43.90 40.94 46.25 47.43
2.60 5.14 1.65 1.00 43.99 41.02 45.95 48.13
3.19 6.49 1.79 1.30 43.09 40.01 45.59 47.00
3.15 6.50 1.77 1.18 43.14 40.00 45.65 47.41
3.64 7.42 1.96 1.54 42.52 39.43 45.20 46.26
3.58 7.28 2.13 1.34 42.59 39.51 44.84 46.85
4.07 8.26 2.30 1.64 42.04 38.96 44.52 45.99
4.15 8.58 2.39 1.50 41.95 38.80 44.35 46.37
4.88 10.33 2.59 1.72 41.25 37.99 44.00 45.77
5.17 11.11 2.61 1.79 41.00 37.67 43.97 45.61
5.52 11.96 2.76 1.84 40.71 37.35 43.72 45.49
5.54 12.26 2.73 1.62 40.70 37.25 43.77 46.02
5.32 11.90 2.61 1.44 40.87 37.37 43.96 46.55
5.76 12.89 2.79 1.61 40.52 37.03 43.67 46.07
5.50 12.34 2.74 1.42 40.73 37.22 43.75 46.61
6.07 13.51 3.05 1.65 40.30 36.82 43.29 45.96
6.18 13.75 2.97 1.81 40.22 36.75 43.40 45.56
6.33 14.09 3.10 1.81 40.11 36.64 43.22 45.55
6.24 13.83 3.11 1.77 40.18 36.72 43.20 45.65
6.45 14.30 3.30 1.75 40.03 36.58 42.95 45.70
6.58 14.72 3.21 1.81 39.95 36.45 43.07 45.56
6.25 14.00 3.05 1.71 40.17 36.67 43.29 45.81
6.61 15.03 3.11 1.68 39.93 36.36 43.21 45.87
6.17 14.05 2.90 1.56 40.23 36.65 43.51 46.20
6.34 14.26 3.14 1.63 40.11 36.59 43.16 46.00
6.80 15.32 3.18 1.91 39.81 36.28 43.11 45.33
6.15 13.94 2.90 1.61 40.24 36.69 43.51 46.06
6.01 13.54 2.86 1.61 40.35 36.81 43.57 46.06
5.88 13.65 2.53 1.47 40.44 36.78 44.10 46.47
5.58 12.97 2.49 1.30 40.66 37.00 44.18 47.00
5.33 12.33 2.45 1.20 40.87 37.22 44.25 47.35
5.40 12.25 2.61 1.32 40.81 37.25 43.96 46.92
5.48 12.56 2.58 1.30 40.74 37.14 44.01 47.01
5.56 12.69 2.58 1.42 40.68 37.10 44.02 46.60
5.82 13.11 2.69 1.66 40.48 36.96 43.83 45.93
5.91 13.17 2.88 1.68 40.42 36.93 43.54 45.88
5.93 13.43 2.79 1.58 40.40 36.85 43.68 46.14
5.27 11.72 2.71 1.39 40.91 37.44 43.80 46.71
5.75 13.08 2.85 1.31 40.53 36.96 43.58 46.95
5.65 13.07 2.65 1.24 40.61 36.97 43.91 47.21
5.52 12.89 2.61 1.06 40.71 37.03 43.97 47.86
5.28 12.18 2.50 1.15 40.90 37.27 44.15 47.52
5.44 12.41 2.58 1.33 40.77 37.19 44.01 46.90
5.51 12.22 2.71 1.59 40.72 37.26 43.80 46.13
5.73 12.83 2.78 1.58 40.55 37.05 43.69 46.13
5.46 12.04 2.72 1.61 40.76 37.33 43.79 46.05
5.49 12.40 2.61 1.46 40.74 37.20 43.97 46.48
6.09 13.30 3.05 1.91 40.29 36.89 43.29 45.33
5.27 11.59 2.71 1.52 40.91 37.49 43.79 46.32
5.45 11.80 2.78 1.75 40.77 37.41 43.68 45.70
5.23 11.48 2.66 1.55 40.95 37.53 43.89 46.24
4.92 10.73 2.51 1.52 41.21 37.83 44.13 46.30
4.34 9.42 2.22 1.39 41.76 38.39 44.67 46.72
4.00 8.54 2.13 1.33 42.11 38.81 44.84 46.90
4.31 9.12 2.29 1.51 41.79 38.53 44.54 46.33
3.58 7.51 1.92 1.32 42.59 39.38 45.29 46.92
3.45 7.01 2.01 1.33 42.75 39.67 45.10 46.88
3.27 6.61 1.91 1.30 42.98 39.93 45.31 47.00
3.50 6.94 1.99 1.56 42.69 39.72 45.13 46.21
3.07 6.06 1.77 1.38 43.26 40.31 45.66 46.72
3.23 6.34 1.90 1.44 43.04 40.11 45.34 46.55
3.09 6.22 1.84 1.21 43.23 40.19 45.47 47.30
3.57 7.30 2.00 1.42 42.60 39.50 45.11 46.60
3.19 6.44 1.85 1.29 43.09 40.05 45.47 47.04
3.54 7.07 2.08 1.46 42.64 39.63 44.95 46.50
3.41 6.78 2.01 1.44 42.81 39.82 45.10 46.56
4.21 8.53 2.34 1.76 41.89 38.82 44.44 45.67
3.67 7.35 2.10 1.55 42.48 39.47 44.90 46.22
4.00 8.16 2.19 1.65 42.11 39.01 44.73 45.95
4.47 9.15 2.42 1.84 41.63 38.52 44.29 45.48
4.36 8.94 2.46 1.67 41.74 38.62 44.22 45.90
4.52 9.55 2.35 1.66 41.58 38.33 44.42 45.94
4.47 9.60 2.34 1.48 41.63 38.31 44.44 46.44
4.51 9.74 2.34 1.44 41.59 38.25 44.43 46.53
5.31 11.52 2.76 1.67 40.88 37.52 43.73 45.91
5.02 10.92 2.57 1.58 41.12 37.75 44.04 46.14
4.84 10.53 2.52 1.47 41.28 37.91 44.12 46.46
5.05 10.99 2.51 1.66 41.10 37.72 44.13 45.93
5.21 11.23 2.77 1.63 40.96 37.63 43.71 46.00
5.67 12.13 3.07 1.82 40.59 37.29 43.27 45.53
5.48 11.70 3.06 1.68 40.74 37.45 43.27 45.87
5.05 10.88 2.68 1.60 41.10 37.77 43.85 46.08
5.46 11.71 2.85 1.84 40.76 37.45 43.59 45.48
4.59 9.74 2.53 1.49 41.51 38.24 44.09 46.39
4.66 9.96 2.43 1.58 41.45 38.15 44.27 46.15
4.22 9.10 2.18 1.38 41.88 38.54 44.74 46.73
4.72 10.13 2.46 1.58 41.39 38.07 44.22 46.16
4.11 8.86 2.16 1.30 42.00 38.66 44.78 46.99
4.28 9.29 2.15 1.39 41.82 38.45 44.81 46.70
3.98 8.71 1.98 1.26 42.13 38.73 45.17 47.11
4.77 10.46 2.35 1.49 41.35 37.94 44.43 46.39
4.22 9.37 2.05 1.24 41.87 38.41 45.00 47.19
4.36 9.64 2.14 1.30 41.74 38.29 44.84 47.00
3.96 8.77 1.93 1.19 42.15 38.70 45.27 47.38
4.65 10.18 2.29 1.48 41.45 38.05 44.52 46.42
4.42 9.66 2.27 1.33 41.67 38.28 44.57 46.88
4.70 10.46 2.29 1.35 41.41 37.93 44.53 46.83
