0.00 0.00 0.00 0.00 0.00 0.00 0.00 0.00
0.00 0.00 0.00 0.00 0.00 0.00 0.00 0.00
0.00 0.00 0.00 0.00 0.00 0.00 0.00 0.00
0.00 0.00 0.00 0.00 0.00 0.00 0.00 0.00
0.00 0.00 0.00 0.00 0.00 0.00 0.00 0.00
0.00 0.00 0.00 0.00 0.00 0.00 0.00 0.00
0.00 0.00 0.00 0.00 0.00 0.00 0.00 0.00
0.00 0.00 0.00 0.00 0.00 0.00 0.00 0.00
0.00 0.00 0.00 0.00 0.00 0.00 0.00 0.00
0.00 0.02 0.00 0.00 0.00 0.00 0.01 0.00
0.00 0.00 0.00 0.00 0.00 0.00 0.01 0.00
0.00 0.01 0.00 0.00 0.00 0.00 0.01 0.02
0.00 0.00 0.00 0.00 0.00 0.00 0.00 0.00
0.02 0.05 0.02 0.00 0.01 0.01 0.03 0.00
0.00 0.01 0.00 0.01 0.00 0.00 0.01 0.01
0.01 0.05 0.00 0.00 0.01 0.01 0.01 0.02
0.00 0.03 0.02 0.01 0.00 0.01 0.03 0.03
0.01 0.02 0.02 0.00 0.01 0.00 0.02 0.00
0.00 0.00 0.00 0.01 0.00 0.00 0.00 0.02
0.01 0.01 0.02 0.02 0.01 0.01 0.03 0.09
0.01 0.06 0.01 0.00 0.01 0.01 0.01 0.01
0.02 0.07 0.02 0.01 0.02 0.02 0.03 0.04
0.01 0.04 0.03 0.01 0.00 0.01 0.04 0.03
0.01 0.03 0.02 0.03 0.01 0.01 0.03 0.10
0.00 0.03 0.01 0.01 0.00 0.01 0.01 0.04
0.03 0.07 0.02 0.01 0.03 0.02 0.04 0.04
0.01 0.04 0.01 0.01 0.01 0.01 0.02 0.02
0.02 0.04 0.02 0.02 0.02 0.01 0.03 0.05
0.06 0.18 0.01 0.01 0.05 0.07 0.02 0.04
0.07 0.17 0.02 0.03 0.05 0.06 0.03 0.07
0.33 0.89 0.08 0.02 0.27 0.35 0.13 0.05
0.38 1.03 0.09 0.03 0.30 0.38 0.16 0.07
0.30 0.83 0.06 0.02 0.25 0.32 0.10 0.05
0.33 0.89 0.08 0.05 0.27 0.34 0.12 0.12
0.33 0.89 0.08 0.03 0.28 0.35 0.12 0.08
0.33 0.87 0.09 0.04 0.26 0.32 0.14 0.09
0.27 0.71 0.09 0.04 0.24 0.29 0.14 0.09
0.27 0.73 0.06 0.03 0.24 0.31 0.11 0.07
0.24 0.70 0.05 0.03 0.23 0.31 0.08 0.06
0.26 0.74 0.05 0.01 0.24 0.31 0.10 0.03
0.19 0.57 0.03 0.02 0.21 0.28 0.06 0.06
0.20 0.55 0.06 0.01 0.22 0.28 0.12 0.06
0.15 0.46 0.02 0.03 0.17 0.24 0.04 0.14
0.16 0.49 0.02 0.02 0.17 0.24 0.04 0.08
0.18 0.50 0.04 0.01 0.21 0.27 0.09 0.05
0.17 0.48 0.03 0.02 0.18 0.23 0.07 0.08
0.13 0.38 0.03 0.02 0.14 0.19 0.05 0.08
0.14 0.39 0.04 0.02 0.13 0.17 0.06 0.04
0.20 0.52 0.06 0.02 0.18 0.23 0.10 0.06
0.14 0.41 0.02 0.02 0.14 0.19 0.04 0.07
0.23 0.62 0.06 0.02 0.20 0.25 0.10 0.04
0.22 0.59 0.06 0.02 0.21 0.26 0.10 0.07
0.20 0.50 0.07 0.04 0.17 0.20 0.12 0.09
0.22 0.58 0.07 0.02 0.21 0.26 0.12 0.06
0.21 0.56 0.08 0.02 0.22 0.27 0.14 0.07
0.16 0.46 0.05 0.02 0.16 0.21 0.09 0.07
0.12 0.32 0.05 0.02 0.13 0.16 0.09 0.07
0.17 0.49 0.03 0.02 0.20 0.26 0.06 0.10
0.21 0.56 0.06 0.01 0.21 0.26 0.12 0.04
0.17 0.45 0.07 0.01 0.18 0.22 0.13 0.05
0.21 0.50 0.12 0.03 0.23 0.25 0.24 0.09
0.23 0.57 0.11 0.03 0.20 0.22 0.18 0.11
0.33 0.80 0.16 0.06 0.32 0.36 0.28 0.21
0.28 0.73 0.11 0.05 0.27 0.32 0.21 0.14
0.26 0.67 0.12 0.04 0.30 0.34 0.24 0.14
0.30 0.80 0.08 0.03 0.33 0.40 0.15 0.12
0.24 0.67 0.05 0.02 0.27 0.34 0.12 0.08
0.30 0.82 0.08 0.02 0.34 0.43 0.17 0.07
0.25 0.68 0.06 0.02 0.33 0.41 0.15 0.09
0.27 0.73 0.07 0.03 0.31 0.39 0.16 0.09
0.25 0.67 0.07 0.04 0.28 0.33 0.15 0.15
0.36 0.89 0.14 0.05 0.37 0.42 0.27 0.18
0.34 0.83 0.14 0.04 0.34 0.38 0.28 0.14
0.30 0.74 0.11 0.07 0.27 0.30 0.19 0.21
0.30 0.77 0.09 0.04 0.27 0.32 0.16 0.14
0.27 0.72 0.08 0.04 0.26 0.30 0.16 0.15
0.24 0.62 0.09 0.03 0.24 0.28 0.18 0.11
0.25 0.64 0.09 0.03 0.26 0.29 0.18 0.14
0.40 0.96 0.17 0.06 0.41 0.44 0.34 0.27
0.32 0.79 0.14 0.03 0.31 0.33 0.25 0.13
0.33 0.86 0.12 0.04 0.32 0.37 0.23 0.16
0.32 0.86 0.09 0.03 0.30 0.35 0.17 0.15
0.31 0.75 0.15 0.03 0.27 0.30 0.25 0.10
0.30 0.79 0.11 0.03 0.29 0.34 0.20 0.09
0.28 0.71 0.13 0.03 0.26 0.29 0.21 0.08
0.24 0.60 0.10 0.02 0.23 0.28 0.19 0.07
0.21 0.56 0.07 0.02 0.20 0.24 0.13 0.05
0.16 0.43 0.07 0.01 0.16 0.20 0.11 0.03
0.16 0.40 0.06 0.01 0.15 0.18 0.12 0.04
0.12 0.29 0.07 0.02 0.11 0.13 0.11 0.08
0.06 0.16 0.03 0.02 0.06 0.07 0.05 0.05
0.05 0.14 0.02 0.02 0.05 0.07 0.03 0.08
0.06 0.15 0.04 0.02 0.06 0.08 0.07 0.06
0.05 0.14 0.03 0.02 0.06 0.08 0.06 0.06
0.05 0.11 0.03 0.01 0.06 0.06 0.07 0.05
0.03 0.07 0.03 0.02 0.05 0.05 0.09 0.08
0.04 0.09 0.04 0.02 0.05 0.06 0.10 0.09
0.03 0.06 0.03 0.01 0.05 0.05 0.09 0.05
0.03 0.09 0.03 0.01 0.05 0.06 0.08 0.06
0.04 0.10 0.02 0.02 0.06 0.07 0.08 0.10
0.05 0.11 0.03 0.01 0.07 0.08 0.10 0.06
0.03 0.08 0.02 0.02 0.04 0.06 0.06 0.12
0.04 0.08 0.03 0.01 0.05 0.05 0.08 0.04
0.03 0.10 0.02 0.01 0.05 0.07 0.05 0.05
0.03 0.08 0.02 0.01 0.04 0.05 0.04 0.04
0.03 0.06 0.02 0.01 0.03 0.04 0.05 0.04
0.03 0.08 0.01 0.02 0.03 0.05 0.03 0.04
0.04 0.10 0.03 0.04 0.04 0.05 0.06 0.05
0.04 0.09 0.04 0.03 0.03 0.04 0.07 0.03
0.04 0.11 0.04 0.01 0.03 0.05 0.05 0.01
0.04 0.11 0.03 0.03 0.03 0.04 0.04 0.03
0.05 0.11 0.06 0.04 0.03 0.04 0.06 0.04
0.04 0.12 0.05 0.04 0.02 0.04 0.06 0.03
0.04 0.09 0.04 0.04 0.03 0.03 0.04 0.03
0.03 0.06 0.04 0.02 0.02 0.02 0.05 0.02
0.04 0.09 0.02 0.07 0.02 0.04 0.02 0.06
0.05 0.12 0.02 0.04 0.04 0.05 0.03 0.04
0.04 0.10 0.05 0.03 0.03 0.04 0.07 0.03
0.04 0.09 0.03 0.02 0.03 0.03 0.05 0.02
0.01 0.07 0.02 0.05 0.01 0.03 0.04 0.04
0.05 0.09 0.04 0.03 0.03 0.04 0.05 0.04
0.05 0.08 0.07 0.04 0.03 0.03 0.09 0.04
0.04 0.06 0.04 0.04 0.03 0.02 0.04 0.04
0.05 0.09 0.04 0.05 0.03 0.03 0.04 0.04
0.04 0.07 0.04 0.04 0.03 0.03 0.05 0.04
0.03 0.08 0.03 0.03 0.02 0.03 0.04 0.02
0.03 0.06 0.03 0.06 0.02 0.02 0.04 0.05
0.02 0.03 0.02 0.03 0.01 0.01 0.02 0.02
0.03 0.06 0.01 0.04 0.02 0.02 0.02 0.04
0.04 0.08 0.04 0.05 0.02 0.03 0.05 0.04
0.05 0.13 0.04 0.05 0.03 0.05 0.06 0.05
0.06 0.12 0.05 0.04 0.04 0.04 0.06 0.03
0.04 0.09 0.03 0.05 0.02 0.03 0.03 0.05
0.03 0.07 0.02 0.04 0.02 0.03 0.02 0.03
0.02 0.05 0.04 0.04 0.02 0.02 0.05 0.04
0.04 0.10 0.03 0.03 0.02 0.04 0.04 0.03
0.04 0.10 0.03 0.02 0.03 0.05 0.05 0.03
0.02 0.03 0.03 0.08 0.02 0.01 0.04 0.08
0.03 0.07 0.03 0.05 0.03 0.03 0.03 0.04
0.05 0.12 0.06 0.08 0.04 0.05 0.08 0.08
0.03 0.06 0.02 0.03 0.03 0.03 0.03 0.04
0.03 0.05 0.02 0.04 0.03 0.02 0.03 0.06
0.03 0.08 0.02 0.03 0.04 0.05 0.03 0.06
0.05 0.10 0.03 0.04 0.06 0.07 0.06 0.10
0.03 0.06 0.03 0.02 0.04 0.05 0.08 0.06
0.02 0.04 0.03 0.02 0.03 0.04 0.08 0.08
0.02 0.05 0.03 0.02 0.03 0.04 0.08 0.07
0.03 0.07 0.02 0.03 0.05 0.06 0.07 0.11
0.02 0.07 0.02 0.02 0.04 0.06 0.06 0.06
0.05 0.11 0.03 0.02 0.07 0.09 0.07 0.06
0.03 0.07 0.03 0.02 0.05 0.06 0.08 0.09
0.07 0.15 0.03 0.03 0.11 0.13 0.09 0.09
0.04 0.11 0.03 0.01 0.08 0.10 0.08 0.05
0.05 0.12 0.03 0.02 0.08 0.10 0.09 0.06
0.05 0.12 0.03 0.01 0.09 0.11 0.08 0.05
0.05 0.12 0.03 0.01 0.09 0.12 0.11 0.03
0.04 0.08 0.03 0.02 0.07 0.08 0.08 0.06
0.03 0.09 0.02 0.02 0.05 0.07 0.05 0.07
0.03 0.07 0.02 0.02 0.04 0.05 0.04 0.06
0.03 0.07 0.03 0.02 0.03 0.04 0.05 0.05
0.03 0.06 0.04 0.01 0.02 0.02 0.04 0.01
0.02 0.08 0.03 0.03 0.01 0.02 0.03 0.05
0.03 0.07 0.03 0.02 0.02 0.02 0.03 0.03
0.06 0.13 0.06 0.04 0.03 0.03 0.05 0.04
0.05 0.09 0.05 0.04 0.03 0.02 0.04 0.04
0.02 0.07 0.04 0.02 0.01 0.01 0.03 0.03
0.03 0.06 0.06 0.04 0.01 0.01 0.06 0.05
0.03 0.08 0.06 0.03 0.01 0.02 0.04 0.03
0.05 0.12 0.05 0.02 0.02 0.02 0.04 0.03
0.03 0.07 0.05 0.02 0.01 0.01 0.04 0.02
0.04 0.11 0.03 0.03 0.02 0.02 0.03 0.04
0.04 0.10 0.03 0.04 0.02 0.02 0.03 0.04
0.03 0.08 0.04 0.04 0.02 0.02 0.04 0.06
0.04 0.09 0.04 0.02 0.02 0.02 0.04 0.03
0.02 0.06 0.04 0.02 0.01 0.02 0.04 0.03
0.02 0.04 0.03 0.02 0.01 0.01 0.03 0.02
0.04 0.09 0.04 0.02 0.02 0.02 0.04 0.03
0.02 0.07 0.04 0.03 0.01 0.02 0.03 0.03
0.04 0.06 0.05 0.04 0.02 0.01 0.04 0.04
0.03 0.09 0.02 0.04 0.02 0.02 0.02 0.04
0.00 0.01 0.02 0.00 0.00 0.00 0.03 0.00
0.02 0.07 0.01 0.01 0.01 0.01 0.01 0.01
0.01 0.04 0.04 0.04 0.00 0.00 0.03 0.03
0.04 0.01 0.06 0.06 0.01 0.00 0.06 0.06
0.00 0.05 0.03 0.00 0.00 0.01 0.02 0.00
0.04 0.10 0.02 0.01 0.01 0.02 0.02 0.01
0.00 0.03 0.00 0.02 0.00 0.00 0.00 0.02
0.03 0.06 0.03 0.01 0.01 0.01 0.03 0.00
0.04 0.07 0.03 0.03 0.02 0.01 0.04 0.03
0.16 0.28 0.14 0.06 0.07 0.06 0.15 0.07
0.08 0.08 0.13 0.04 0.04 0.02 0.13 0.04
0.19 0.37 0.11 0.09 0.09 0.09 0.12 0.10
0.07 0.14 0.05 0.02 0.04 0.04 0.06 0.03
0.11 0.16 0.11 0.07 0.08 0.06 0.15 0.11
0.08 0.15 0.04 0.06 0.06 0.05 0.06 0.11
0.16 0.35 0.09 0.04 0.15 0.16 0.15 0.09
0.05 0.09 0.02 0.05 0.06 0.05 0.04 0.13
0.05 0.06 0.03 0.07 0.07 0.05 0.07 0.20
0.04 0.07 0.04 0.02 0.06 0.05 0.10 0.05
0.09 0.13 0.09 0.05 0.16 0.12 0.28 0.19
0.01 0.02 0.02 0.00 0.02 0.02 0.04 0.02
0.01 0.02 0.02 0.03 0.02 0.02 0.06 0.11
0.08 0.17 0.06 0.02 0.15 0.15 0.20 0.08
0.09 0.20 0.06 0.01 0.15 0.18 0.17 0.07
0.00 0.03 0.02 0.00 0.01 0.02 0.03 0.02
0.01 0.04 0.02 0.01 0.01 0.03 0.04 0.05
0.03 0.02 0.04 0.03 0.04 0.01 0.11 0.10
0.02 0.02 0.02 0.03 0.02 0.02 0.04 0.08
0.00 0.02 0.01 0.02 0.00 0.01 0.02 0.06
0.01 0.04 0.01 0.02 0.01 0.02 0.02 0.05
0.02 0.05 0.02 0.00 0.02 0.03 0.03 0.00
0.02 0.03 0.01 0.03 0.02 0.01 0.02 0.07
0.03 0.06 0.02 0.01 0.03 0.02 0.04 0.04
0.02 0.06 0.01 0.00 0.02 0.02 0.02 0.01
0.00 0.04 0.02 0.03 0.00 0.01 0.03 0.08
0.05 0.13 0.01 0.00 0.04 0.05 0.03 0.01
0.02 0.07 0.00 0.00 0.02 0.02 0.00 0.01
0.04 0.11 0.02 0.02 0.03 0.04 0.03 0.04
0.02 0.07 0.01 0.02 0.01 0.02 0.02 0.05
0.02 0.01 0.04 0.02 0.01 0.00 0.05 0.05
0.02 0.06 0.01 0.01 0.01 0.02 0.02 0.02
0.04 0.09 0.03 0.01 0.03 0.03 0.04 0.02
0.02 0.04 0.04 0.01 0.01 0.01 0.05 0.02
0.02 0.05 0.06 0.02 0.02 0.02 0.09 0.05
0.03 0.03 0.05 0.03 0.02 0.01 0.07 0.07
0.02 0.02 0.06 0.02 0.01 0.01 0.09 0.04
0.03 0.02 0.06 0.01 0.02 0.00 0.09 0.04
0.02 0.10 0.05 0.00 0.02 0.03 0.07 0.00
0.02 0.05 0.05 0.03 0.01 0.01 0.07 0.06
0.00 0.05 0.03 0.02 0.00 0.01 0.04 0.06
0.01 0.04 0.02 0.02 0.01 0.02 0.03 0.05
0.00 0.02 0.02 0.03 0.00 0.01 0.04 0.08
0.04 0.09 0.04 0.02 0.04 0.03 0.06 0.06
0.05 0.12 0.03 0.02 0.04 0.05 0.05 0.07
0.02 0.04 0.02 0.03 0.02 0.01 0.03 0.08
0.04 0.08 0.03 0.03 0.03 0.03 0.05 0.09
0.01 0.03 0.03 0.01 0.01 0.01 0.04 0.04
0.02 0.04 0.05 0.03 0.01 0.02 0.08 0.08
0.02 0.05 0.02 0.02 0.01 0.02 0.03 0.04
0.04 0.10 0.03 0.03 0.03 0.03 0.05 0.07
0.02 0.06 0.03 0.01 0.02 0.02 0.04 0.04
0.02 0.05 0.04 0.01 0.02 0.01 0.06 0.03
0.01 0.01 0.03 0.01 0.01 0.01 0.04 0.03
0.01 0.04 0.02 0.01 0.01 0.02 0.04 0.05
0.02 0.05 0.02 0.00 0.02 0.02 0.04 0.02
0.03 0.08 0.03 0.01 0.03 0.03 0.05 0.04
0.02 0.05 0.01 0.02 0.02 0.02 0.02 0.05
0.01 0.03 0.05 0.02 0.01 0.01 0.07 0.05
0.02 0.03 0.05 0.03 0.02 0.01 0.09 0.09
0.02 0.05 0.02 0.01 0.02 0.01 0.03 0.05
0.02 0.06 0.03 0.02 0.01 0.02 0.04 0.04
0.02 0.07 0.02 0.01 0.02 0.03 0.03 0.04
0.02 0.06 0.02 0.02 0.01 0.02 0.03 0.05
0.04 0.08 0.03 0.01 0.03 0.03 0.04 0.04
0.01 0.03 0.02 0.03 0.01 0.01 0.03 0.08
0.01 0.03 0.02 0.01 0.01 0.02 0.03 0.04
0.03 0.08 0.02 0.01 0.03 0.04 0.04 0.03
0.03 0.07 0.03 0.02 0.04 0.03 0.06 0.04
0.02 0.05 0.03 0.02 0.03 0.03 0.06 0.06
0.02 0.05 0.01 0.02 0.03 0.03 0.02 0.08
0.03 0.08 0.02 0.01 0.04 0.05 0.05 0.04
0.02 0.05 0.01 0.01 0.02 0.03 0.04 0.04
0.02 0.03 0.03 0.02 0.02 0.02 0.07 0.07
0.02 0.06 0.02 0.01 0.03 0.04 0.05 0.03
0.02 0.06 0.02 0.01 0.03 0.04 0.05 0.03
0.02 0.05 0.01 0.04 0.02 0.03 0.03 0.11
0.02 0.04 0.03 0.01 0.02 0.02 0.07 0.05
0.01 0.05 0.01 0.02 0.02 0.03 0.02 0.08
0.02 0.06 0.02 0.02 0.03 0.04 0.04 0.06
0.01 0.03 0.03 0.04 0.01 0.01 0.05 0.09
0.02 0.05 0.02 0.02 0.03 0.03 0.04 0.05
0.03 0.06 0.02 0.03 0.03 0.03 0.04 0.09
0.02 0.04 0.03 0.01 0.02 0.02 0.05 0.03
0.02 0.07 0.02 0.02 0.02 0.03 0.04 0.04
0.03 0.03 0.05 0.03 0.03 0.01 0.09 0.08
0.02 0.04 0.02 0.03 0.02 0.02 0.04 0.09
0.03 0.08 0.03 0.02 0.03 0.03 0.05 0.06
0.03 0.07 0.02 0.02 0.02 0.03 0.03 0.06
0.02 0.06 0.02 0.02 0.02 0.02 0.04 0.05
0.03 0.05 0.02 0.02 0.02 0.02 0.04 0.07
0.02 0.07 0.04 0.02 0.02 0.03 0.07 0.05
0.01 0.04 0.01 0.02 0.01 0.02 0.02 0.04
0.03 0.08 0.03 0.03 0.02 0.03 0.04 0.06
0.03 0.06 0.04 0.01 0.02 0.02 0.05 0.04
0.03 0.08 0.02 0.01 0.02 0.03 0.02 0.03
0.02 0.06 0.02 0.02 0.02 0.02 0.03 0.05
0.02 0.05 0.03 0.02 0.02 0.02 0.06 0.05
0.02 0.06 0.02 0.01 0.02 0.02 0.04 0.04
0.03 0.07 0.02 0.01 0.03 0.03 0.04 0.05
0.02 0.07 0.02 0.02 0.02 0.03 0.03 0.06
0.02 0.06 0.02 0.01 0.02 0.03 0.03 0.03
0.01 0.03 0.02 0.02 0.01 0.01 0.05 0.06
0.02 0.03 0.02 0.02 0.02 0.02 0.04 0.05
0.01 0.04 0.02 0.01 0.01 0.01 0.03 0.02
0.03 0.09 0.04 0.02 0.03 0.04 0.07 0.07
0.01 0.03 0.02 0.02 0.01 0.01 0.05 0.06
0.03 0.04 0.03 0.03 0.03 0.02 0.07 0.09
0.04 0.05 0.04 0.03 0.03 0.02 0.07 0.08
0.02 0.08 0.03 0.03 0.02 0.04 0.07 0.09
0.01 0.02 0.01 0.03 0.01 0.00 0.02 0.09
