0.00 0.00 0.00 0.00 0.00 0.00 0.00 0.00
0.00 0.00 0.00 0.00 0.00 0.00 0.00 0.00
0.00 0.00 0.00 0.00 0.00 0.00 0.00 0.00
0.00 0.00 0.00 0.00 0.00 0.00 0.00 0.00
0.00 0.00 0.00 0.00 0.00 0.00 0.00 0.00
0.00 0.00 0.00 0.00 0.00 0.00 0.00 0.00
0.00 0.00 0.00 0.00 0.00 0.00 0.00 0.00
0.00 0.00 0.00 0.00 0.00 0.00 0.00 0.00
0.00 0.00 0.00 0.00 0.00 0.00 0.00 0.00
0.00 0.00 0.00 0.00 0.00 0.00 0.00 0.00
0.00 0.00 0.00 0.00 0.00 0.00 0.00 0.00
0.00 0.00 0.00 0.00 0.00 0.00 0.00 0.00
0.00 0.00 0.00 0.00 0.00 0.00 0.00 0.00
0.00 0.00 0.00 0.00 0.00 0.00 0.00 0.00
0.00 0.00 0.00 0.00 0.00 0.00 0.00 0.00
0.00 0.01 0.00 0.00 0.00 0.00 0.00 0.00
0.00 0.00 0.00 0.00 0.00 0.00 0.00 0.00
0.00 0.01 0.00 0.00 0.00 0.00 0.00 0.00
0.00 0.00 0.00 0.00 0.00 0.00 0.00 0.00
0.00 0.00 0.00 0.00 0.00 0.00 0.00 0.02
0.01 0.02 0.01 0.00 0.01 0.01 0.02 0.00
0.01 0.02 0.01 0.00 0.01 0.01 0.02 0.02
0.00 0.00 0.00 0.00 0.00 0.00 0.00 0.00
0.02 0.05 0.02 0.01 0.02 0.02 0.05 0.04
0.00 0.00 0.01 0.01 0.00 0.00 0.02 0.03
0.00 0.01 0.02 0.01 0.00 0.00 0.04 0.02
0.00 0.02 0.00 0.00 0.00 0.01 0.01 0.00
0.00 0.02 0.02 0.01 0.00 0.01 0.02 0.02
0.01 0.04 0.01 0.00 0.01 0.01 0.02 0.02
0.01 0.00 0.02 0.01 0.01 0.00 0.02 0.02
0.01 0.05 0.01 0.01 0.01 0.02 0.01 0.02
0.01 0.01 0.02 0.00 0.01 0.00 0.03 0.00
0.03 0.06 0.02 0.00 0.02 0.02 0.04 0.01
0.03 0.09 0.02 0.00 0.02 0.03 0.03 0.01
0.02 0.05 0.03 0.02 0.02 0.02 0.05 0.04
0.03 0.07 0.02 0.01 0.02 0.02 0.03 0.02
0.02 0.04 0.02 0.02 0.01 0.02 0.03 0.04
0.04 0.10 0.04 0.01 0.03 0.04 0.06 0.02
0.02 0.04 0.02 0.00 0.02 0.02 0.04 0.00
0.02 0.03 0.02 0.00 0.02 0.01 0.04 0.01
0.02 0.05 0.02 0.00 0.03 0.02 0.05 0.02
0.06 0.11 0.03 0.02 0.06 0.05 0.07 0.10
0.05 0.12 0.04 0.01 0.06 0.06 0.08 0.03
0.08 0.19 0.05 0.01 0.08 0.08 0.10 0.02
0.10 0.25 0.03 0.00 0.10 0.12 0.05 0.01
0.07 0.20 0.02 0.01 0.07 0.09 0.05 0.02
0.14 0.35 0.06 0.00 0.13 0.15 0.10 0.00
0.14 0.37 0.05 0.00 0.12 0.14 0.08 0.00
0.20 0.53 0.05 0.00 0.17 0.21 0.08 0.00
0.22 0.55 0.09 0.01 0.20 0.23 0.15 0.04
0.10 0.24 0.05 0.03 0.08 0.09 0.07 0.08
0.22 0.52 0.12 0.02 0.18 0.20 0.18 0.06
0.13 0.37 0.01 0.01 0.11 0.13 0.02 0.05
0.19 0.50 0.05 0.02 0.17 0.20 0.09 0.09
0.17 0.45 0.04 0.01 0.16 0.19 0.07 0.04
0.21 0.53 0.07 0.02 0.18 0.21 0.13 0.07
0.17 0.40 0.08 0.02 0.16 0.17 0.15 0.07
0.21 0.51 0.09 0.02 0.21 0.24 0.18 0.09
0.23 0.58 0.08 0.02 0.21 0.23 0.14 0.10
0.29 0.70 0.14 0.02 0.26 0.29 0.23 0.09
0.03 0.07 0.02 0.01 0.03 0.03 0.03 0.03
0.02 0.03 0.04 0.00 0.02 0.01 0.06 0.00
0.01 0.02 0.02 0.01 0.01 0.01 0.02 0.04
0.02 0.03 0.02 0.02 0.02 0.01 0.04 0.05
0.00 0.03 0.02 0.00 0.00 0.02 0.05 0.01
0.00 0.01 0.01 0.00 0.00 0.00 0.02 0.01
0.01 0.01 0.00 0.00 0.00 0.00 0.01 0.02
0.00 0.02 0.02 0.01 0.00 0.00 0.03 0.04
0.02 0.01 0.04 0.01 0.02 0.00 0.08 0.05
0.02 0.03 0.03 0.00 0.02 0.02 0.05 0.01
0.00 0.01 0.01 0.02 0.00 0.00 0.02 0.05
0.00 0.00 0.01 0.00 0.00 0.00 0.02 0.01
0.02 0.05 0.02 0.01 0.02 0.02 0.05 0.02
0.00 0.00 0.02 0.00 0.00 0.00 0.03 0.01
0.02 0.03 0.01 0.02 0.02 0.01 0.02 0.04
0.01 0.04 0.00 0.00 0.01 0.02 0.00 0.00
0.01 0.02 0.02 0.00 0.02 0.01 0.03 0.01
0.01 0.02 0.01 0.01 0.01 0.01 0.01 0.05
0.00 0.02 0.01 0.01 0.00 0.00 0.02 0.05
0.00 0.03 0.02 0.02 0.00 0.01 0.03 0.07
0.02 0.05 0.00 0.01 0.01 0.02 0.00 0.03
0.02 0.03 0.03 0.00 0.02 0.01 0.05 0.00
0.03 0.03 0.05 0.01 0.02 0.01 0.08 0.04
0.00 0.02 0.00 0.00 0.00 0.01 0.00 0.00
0.00 0.01 0.00 0.02 0.00 0.00 0.00 0.07
0.00 0.03 0.04 0.00 0.00 0.01 0.06 0.01
0.01 0.00 0.00 0.02 0.00 0.00 0.00 0.04
0.01 0.03 0.01 0.02 0.01 0.01 0.01 0.04
0.01 0.02 0.00 0.00 0.01 0.01 0.01 0.01
0.02 0.02 0.04 0.00 0.02 0.01 0.07 0.02
0.02 0.03 0.02 0.00 0.02 0.01 0.03 0.02
0.02 0.02 0.02 0.02 0.02 0.01 0.03 0.05
0.01 0.02 0.01 0.03 0.01 0.01 0.02 0.10
0.02 0.00 0.05 0.01 0.02 0.00 0.10 0.04
0.01 0.00 0.02 0.01 0.01 0.00 0.03 0.05
0.00 0.04 0.01 0.01 0.01 0.02 0.02 0.04
0.01 0.01 0.03 0.02 0.02 0.00 0.07 0.08
0.01 0.00 0.01 0.02 0.01 0.00 0.03 0.10
0.00 0.01 0.00 0.01 0.00 0.01 0.00 0.05
0.01 0.00 0.03 0.01 0.02 0.00 0.09 0.07
0.00 0.01 0.02 0.00 0.00 0.01 0.07 0.02
0.01 0.02 0.02 0.01 0.02 0.01 0.04 0.08
0.00 0.01 0.00 0.01 0.01 0.01 0.01 0.03
0.02 0.01 0.02 0.02 0.02 0.00 0.04 0.07
0.01 0.04 0.01 0.00 0.02 0.02 0.02 0.02
0.02 0.05 0.00 0.01 0.02 0.03 0.02 0.02
0.01 0.01 0.01 0.02 0.01 0.01 0.01 0.03
0.00 0.01 0.02 0.02 0.00 0.00 0.04 0.02
0.02 0.04 0.02 0.01 0.02 0.01 0.04 0.00
0.01 0.03 0.01 0.00 0.00 0.01 0.01 0.00
0.02 0.03 0.01 0.03 0.02 0.01 0.02 0.03
0.02 0.02 0.02 0.02 0.02 0.01 0.03 0.01
0.00 0.03 0.00 0.02 0.00 0.01 0.00 0.02
0.00 0.03 0.02 0.04 0.00 0.01 0.03 0.04
0.00 0.01 0.01 0.02 0.00 0.00 0.02 0.02
0.02 0.00 0.02 0.04 0.01 0.00 0.02 0.03
0.01 0.01 0.01 0.01 0.00 0.00 0.01 0.01
0.04 0.08 0.01 0.02 0.03 0.03 0.02 0.02
0.00 0.02 0.00 0.02 0.00 0.01 0.01 0.02
0.02 0.03 0.02 0.00 0.01 0.01 0.02 0.00
0.02 0.02 0.00 0.01 0.01 0.01 0.00 0.02
0.00 0.01 0.01 0.00 0.00 0.00 0.01 0.01
0.00 0.01 0.01 0.01 0.00 0.00 0.01 0.00
0.02 0.04 0.01 0.02 0.01 0.01 0.01 0.02
0.01 0.00 0.02 0.00 0.00 0.00 0.02 0.00
0.03 0.05 0.01 0.04 0.02 0.02 0.02 0.03
0.02 0.01 0.01 0.02 0.01 0.00 0.01 0.02
0.02 0.02 0.02 0.04 0.01 0.00 0.04 0.03
0.03 0.01 0.02 0.06 0.02 0.00 0.02 0.07
0.00 0.00 0.01 0.02 0.00 0.00 0.01 0.02
0.01 0.01 0.03 0.01 0.00 0.00 0.04 0.01
0.01 0.02 0.01 0.05 0.01 0.01 0.01 0.04
0.02 0.05 0.00 0.04 0.02 0.02 0.00 0.03
0.02 0.02 0.05 0.02 0.01 0.01 0.07 0.02
0.00 0.01 0.02 0.02 0.00 0.01 0.02 0.02
0.01 0.02 0.00 0.01 0.01 0.01 0.00 0.01
0.01 0.02 0.02 0.00 0.01 0.01 0.02 0.00
0.01 0.02 0.02 0.02 0.00 0.01 0.02 0.02
0.00 0.02 0.04 0.02 0.00 0.01 0.05 0.02
0.02 0.03 0.01 0.04 0.02 0.01 0.02 0.04
0.01 0.01 0.01 0.02 0.01 0.00 0.02 0.04
0.01 0.02 0.01 0.04 0.01 0.01 0.02 0.06
0.02 0.03 0.00 0.03 0.02 0.02 0.01 0.06
0.00 0.00 0.01 0.01 0.00 0.00 0.02 0.02
0.00 0.02 0.00 0.01 0.01 0.02 0.00 0.03
0.02 0.03 0.02 0.00 0.02 0.02 0.05 0.01
0.01 0.02 0.00 0.02 0.02 0.01 0.00 0.07
0.01 0.02 0.01 0.00 0.02 0.01 0.03 0.00
0.00 0.01 0.01 0.01 0.00 0.01 0.03 0.03
0.02 0.04 0.00 0.00 0.02 0.03 0.00 0.02
0.00 0.01 0.01 0.01 0.01 0.01 0.02 0.02
0.01 0.00 0.01 0.03 0.02 0.00 0.01 0.10
0.00 0.00 0.00 0.01 0.00 0.00 0.02 0.05
0.01 0.03 0.00 0.01 0.01 0.02 0.01 0.02
0.00 0.00 0.01 0.02 0.01 0.00 0.02 0.07
0.00 0.00 0.02 0.02 0.00 0.00 0.05 0.07
0.00 0.04 0.02 0.01 0.01 0.04 0.06 0.03
0.03 0.05 0.02 0.01 0.04 0.03 0.07 0.04
0.01 0.02 0.00 0.02 0.01 0.01 0.01 0.04
0.00 0.02 0.01 0.01 0.00 0.01 0.02 0.02
0.00 0.01 0.02 0.01 0.00 0.00 0.04 0.02
0.00 0.03 0.04 0.02 0.00 0.01 0.05 0.02
0.00 0.00 0.03 0.02 0.00 0.00 0.03 0.03
0.02 0.03 0.04 0.00 0.01 0.01 0.04 0.00
0.02 0.04 0.01 0.02 0.01 0.01 0.01 0.02
0.00 0.00 0.02 0.03 0.00 0.00 0.02 0.03
0.02 0.04 0.01 0.03 0.01 0.01 0.01 0.04
0.03 0.03 0.02 0.04 0.01 0.01 0.01 0.04
0.05 0.06 0.06 0.02 0.02 0.01 0.05 0.02
0.02 0.02 0.02 0.01 0.01 0.00 0.02 0.02
0.03 0.05 0.00 0.04 0.02 0.01 0.00 0.05
0.01 0.03 0.03 0.04 0.01 0.00 0.03 0.04
0.00 0.00 0.01 0.00 0.00 0.00 0.01 0.01
0.02 0.07 0.01 0.00 0.01 0.02 0.01 0.01
0.00 0.01 0.02 0.05 0.00 0.00 0.03 0.06
0.02 0.05 0.02 0.01 0.01 0.01 0.01 0.01
0.03 0.04 0.02 0.03 0.02 0.01 0.02 0.03
0.00 0.01 0.01 0.01 0.00 0.00 0.01 0.01
0.02 0.09 0.02 0.02 0.01 0.02 0.01 0.02
0.02 0.00 0.04 0.00 0.00 0.00 0.04 0.00
0.00 0.00 0.00 0.00 0.00 0.00 0.00 0.00
0.00 0.00 0.00 0.00 0.00 0.00 0.00 0.00
0.00 0.00 0.00 0.00 0.00 0.00 0.00 0.00
0.00 0.00 0.00 0.00 0.00 0.00 0.00 0.00
0.00 0.00 0.00 0.00 0.00 0.00 0.00 0.00
0.00 0.00 0.00 0.00 0.00 0.00 0.00 0.00
0.00 0.00 0.00 0.00 0.00 0.00 0.00 0.00
0.00 0.00 0.00 0.00 0.00 0.00 0.00 0.00
0.00 0.00 0.00 0.00 0.00 0.00 0.00 0.00
0.00 0.00 0.00 0.00 0.00 0.00 0.00 0.00
0.00 0.00 0.00 0.00 0.00 0.00 0.00 0.00
0.00 0.00 0.00 0.00 0.00 0.00 0.00 0.00
0.00 0.00 0.00 0.00 0.00 0.00 0.00 0.00
0.00 0.00 0.00 0.00 0.00 0.00 0.00 0.00
0.00 0.00 0.00 0.00 0.00 0.00 0.00 0.00
0.00 0.00 0.00 0.00 0.00 0.00 0.00 0.00
0.00 0.00 0.00 0.00 0.00 0.00 0.00 0.00
0.00 0.00 0.00 0.00 0.00 0.00 0.00 0.00
0.00 0.00 0.00 0.00 0.00 0.00 0.00 0.00
0.00 0.00 0.00 0.00 0.00 0.00 0.00 0.00
0.00 0.00 0.00 0.00 0.00 0.00 0.00 0.00
0.00 0.00 0.00 0.00 0.00 0.00 0.00 0.00
0.00 0.00 0.00 0.00 0.00 0.00 0.00 0.00
0.00 0.00 0.00 0.00 0.00 0.00 0.00 0.00
0.00 0.00 0.00 0.00 0.00 0.00 0.00 0.00
0.00 0.00 0.00 0.00 0.00 0.00 0.00 0.00
0.00 0.00 0.00 0.00 0.00 0.00 0.00 0.00
0.00 0.00 0.00 0.00 0.00 0.00 0.00 0.00
0.00 0.00 0.00 0.00 0.00 0.00 0.00 0.00
0.00 0.00 0.00 0.00 0.00 0.00 0.00 0.00
0.00 0.00 0.00 0.00 0.00 0.00 0.00 0.00
0.00 0.00 0.00 0.00 0.00 0.00 0.00 0.00
0.00 0.00 0.00 0.00 0.00 0.00 0.00 0.00
0.00 0.00 0.00 0.00 0.00 0.00 0.00 0.00
0.00 0.00 0.00 0.00 0.00 0.00 0.00 0.00
0.00 0.00 0.00 0.00 0.00 0.00 0.00 0.00
0.00 0.00 0.00 0.00 0.00 0.00 0.00 0.00
0.00 0.00 0.00 0.00 0.00 0.00 0.00 0.00
0.00 0.00 0.00 0.00 0.00 0.00 0.00 0.00
0.00 0.00 0.00 0.00 0.00 0.00 0.00 0.00
0.00 0.00 0.00 0.00 0.00 0.00 0.00 0.00
0.00 0.00 0.00 0.00 0.00 0.00 0.00 0.00
0.00 0.00 0.00 0.00 0.00 0.00 0.00 0.00
0.00 0.00 0.00 0.00 0.00 0.00 0.00 0.00
0.00 0.00 0.00 0.00 0.00 0.00 0.00 0.00
0.00 0.00 0.00 0.00 0.00 0.00 0.00 0.00
0.00 0.00 0.00 0.00 0.00 0.00 0.00 0.00
0.00 0.00 0.00 0.00 0.00 0.00 0.00 0.00
0.00 0.00 0.00 0.00 0.00 0.00 0.00 0.00
0.00 0.00 0.00 0.00 0.00 0.00 0.00 0.00
0.00 0.00 0.00 0.00 0.00 0.00 0.00 0.00
0.00 0.00 0.00 0.00 0.00 0.00 0.00 0.00
0.00 0.00 0.00 0.00 0.00 0.00 0.00 0.00
0.00 0.00 0.00 0.00 0.00 0.00 0.00 0.00
0.00 0.00 0.00 0.00 0.00 0.00 0.00 0.00
0.00 0.00 0.00 0.00 0.00 0.00 0.00 0.00
0.00 0.00 0.00 0.00 0.00 0.00 0.00 0.00
0.00 0.00 0.00 0.00 0.00 0.00 0.00 0.00
0.00 0.00 0.00 0.00 0.00 0.00 0.00 0.00
0.00 0.00 0.00 0.00 0.00 0.00 0.00 0.00
0.00 0.00 0.00 0.00 0.00 0.00 0.00 0.00
0.00 0.00 0.00 0.00 0.00 0.00 0.00 0.00
0.00 0.00 0.00 0.00 0.00 0.00 0.00 0.00
0.00 0.00 0.00 0.00 0.00 0.00 0.00 0.00
0.00 0.00 0.00 0.00 0.00 0.00 0.00 0.00
0.00 0.00 0.00 0.00 0.00 0.00 0.00 0.00
0.00 0.00 0.00 0.00 0.00 0.00 0.00 0.00
0.00 0.00 0.00 0.00 0.00 0.00 0.00 0.00
0.00 0.00 0.00 0.00 0.00 0.00 0.00 0.00
0.00 0.00 0.00 0.00 0.00 0.00 0.00 0.00
0.00 0.00 0.00 0.00 0.00 0.00 0.00 0.00
0.00 0.00 0.00 0.00 0.00 0.00 0.00 0.00
0.00 0.00 0.00 0.00 0.00 0.00 0.00 0.00
0.00 0.00 0.00 0.00 0.00 0.00 0.00 0.00
0.00 0.00 0.00 0.00 0.00 0.00 0.00 0.00
0.00 0.00 0.00 0.00 0.00 0.00 0.00 0.00
0.00 0.00 0.00 0.00 0.00 0.00 0.00 0.00
0.00 0.00 0.00 0.00 0.00 0.00 0.00 0.00
0.00 0.00 0.00 0.00 0.00 0.00 0.00 0.00
0.00 0.00 0.00 0.00 0.00 0.00 0.00 0.00
0.00 0.00 0.00 0.00 0.00 0.00 0.00 0.00
0.00 0.00 0.00 0.00 0.00 0.00 0.00 0.00
0.00 0.00 0.00 0.00 0.00 0.00 0.00 0.00
0.00 0.00 0.00 0.00 0.00 0.00 0.00 0.00
0.00 0.00 0.00 0.00 0.00 0.00 0.00 0.00
0.00 0.00 0.00 0.00 0.00 0.00 0.00 0.00
0.00 0.00 0.00 0.00 0.00 0.00 0.00 0.00
0.00 0.00 0.00 0.00 0.00 0.00 0.00 0.00
0.00 0.00 0.00 0.00 0.00 0.00 0.00 0.00
0.00 0.00 0.00 0.00 0.00 0.00 0.00 0.00
0.00 0.00 0.00 0.00 0.00 0.00 0.00 0.00
0.00 0.00 0.00 0.00 0.00 0.00 0.00 0.00
0.00 0.00 0.00 0.00 0.00 0.00 0.00 0.00
0.00 0.00 0.00 0.00 0.00 0.00 0.00 0.00
0.00 0.00 0.00 0.00 0.00 0.00 0.00 0.00
0.00 0.00 0.00 0.00 0.00 0.00 0.00 0.00
0.00 0.00 0.00 0.00 0.00 0.00 0.00 0.00
0.00 0.00 0.00 0.00 0.00 0.00 0.00 0.00
0.00 0.00 0.00 0.00 0.00 0.00 0.00 0.00
0.00 0.00 0.00 0.00 0.00 0.00 0.00 0.00
0.00 0.00 0.00 0.00 0.00 0.00 0.00 0.00
0.00 0.00 0.00 0.00 0.00 0.00 0.00 0.00
0.00 0.00 0.00 0.00 0.00 0.00 0.00 0.00
0.00 0.00 0.00 0.00 0.00 0.00 0.00 0.00
0.00 0.00 0.00 0.00 0.00 0.00 0.00 0.00
0.00 0.00 0.00 0.00 0.00 0.00 0.00 0.00
0.00 0.00 0.00 0.00 0.00 0.00 0.00 0.00
0.00 0.00 0.00 0.00 0.00 0.00 0.00 0.00
0.00 0.00 0.00 0.00 0.00 0.00 0.00 0.00
0.00 0.00 0.00 0.00 0.00 0.00 0.00 0.00
0.00 0.00 0.00 0.00 0.00 0.00 0.00 0.00
0.00 0.00 0.00 0.00 0.00 0.00 0.00 0.00
0.00 0.00 0.00 0.00 0.00 0.00 0.00 0.00
0.00 0.00 0.00 0.00 0.00 0.00 0.00 0.00
0.00 0.00 0.00 0.00 0.00 0.00 0.00 0.00
0.00 0.00 0.00 0.00 0.00 0.00 0.00 0.00
0.00 0.00 0.00 0.00 0.00 0.00 0.00 0.00
0.00 0.00 0.00 0.00 0.00 0.00 0.00 0.00
0.00 0.00 0.00 0.00 0.00 0.00 0.00 0.00
0.00 0.00 0.00 0.00 0.00 0.00 0.00 0.00
