4.48 10.11 2.14 1.18 41.62 38.08 44.82 47.41
4.32 9.53 2.17 1.26 41.78 38.34 44.77 47.14
4.36 9.69 2.17 1.21 41.74 38.27 44.77 47.31
4.53 10.26 2.18 1.16 41.57 38.02 44.74 47.48
4.37 9.88 2.14 1.08 41.73 38.19 44.82 47.79
4.72 10.74 2.18 1.23 41.39 37.82 44.74 47.23
4.74 10.88 2.21 1.14 41.37 37.76 44.68 47.57
5.11 11.76 2.43 1.16 41.04 37.43 44.28 47.49
4.80 11.06 2.32 1.03 41.32 37.70 44.47 48.00
4.89 11.44 2.28 0.95 41.24 37.55 44.55 48.35
4.55 10.60 2.15 0.90 41.55 37.88 44.80 48.59
4.75 11.04 2.18 1.04 41.36 37.70 44.75 47.95
4.80 11.03 2.28 1.10 41.32 37.71 44.55 47.72
5.44 12.48 2.45 1.38 40.78 37.17 44.24 46.73
5.27 11.80 2.46 1.54 40.92 37.41 44.22 46.27
6.23 13.84 3.00 1.85 40.19 36.72 43.36 45.45
6.10 13.63 3.00 1.66 40.28 36.79 43.36 45.93
5.64 12.81 2.69 1.42 40.62 37.05 43.83 46.61
5.98 13.69 2.77 1.47 40.37 36.77 43.71 46.45
5.51 12.52 2.64 1.39 40.72 37.16 43.92 46.71
5.92 13.43 2.80 1.53 40.41 36.85 43.67 46.29
5.57 12.76 2.60 1.35 40.67 37.07 43.98 46.82
5.85 13.31 2.71 1.52 40.46 36.89 43.79 46.31
5.00 11.48 2.35 1.18 41.14 37.53 44.42 47.41
5.31 12.03 2.43 1.46 40.88 37.33 44.28 46.49
5.04 11.45 2.30 1.37 41.11 37.54 44.50 46.77
5.37 12.15 2.47 1.46 40.83 37.29 44.19 46.49
5.62 12.56 2.63 1.67 40.64 37.14 43.93 45.90
5.08 11.29 2.45 1.48 41.07 37.60 44.24 46.41
5.50 12.15 2.60 1.73 40.73 37.28 43.98 45.75
5.44 12.03 2.65 1.66 40.77 37.33 43.90 45.94
5.78 12.80 2.68 1.88 40.51 37.06 43.85 45.40
5.54 12.16 2.70 1.76 40.69 37.29 43.82 45.66
5.69 12.42 2.74 1.91 40.58 37.19 43.75 45.31
5.46 11.75 2.77 1.85 40.76 37.43 43.70 45.46
5.85 12.65 2.87 2.05 40.45 37.11 43.55 45.01
5.25 11.32 2.65 1.78 40.93 37.59 43.90 45.62
5.12 11.01 2.48 1.86 41.04 37.71 44.19 45.43
4.90 10.52 2.45 1.74 41.22 37.91 44.23 45.72
5.07 11.04 2.47 1.70 41.08 37.70 44.20 45.83
4.30 9.44 2.18 1.27 41.80 38.38 44.74 47.10
4.13 9.21 2.04 1.16 41.97 38.49 45.03 47.52
4.00 8.82 2.04 1.12 42.11 38.68 45.02 47.62
4.27 9.45 2.08 1.28 41.83 38.38 44.96 47.07
4.04 8.98 2.05 1.10 42.07 38.60 45.01 47.73
4.38 9.63 2.29 1.21 41.72 38.30 44.53 47.31
4.44 9.55 2.54 1.24 41.66 38.33 44.09 47.22
4.99 10.65 2.79 1.52 41.15 37.86 43.67 46.30
4.85 10.48 2.65 1.43 41.27 37.93 43.91 46.58
4.65 9.98 2.56 1.41 41.46 38.15 44.05 46.65
5.42 11.73 2.95 1.60 40.79 37.44 43.44 46.09
4.94 10.72 2.74 1.35 41.20 37.83 43.76 46.83
5.30 11.49 2.82 1.57 40.90 37.53 43.63 46.17
4.73 10.38 2.54 1.26 41.39 37.97 44.08 47.13
4.54 9.86 2.53 1.22 41.57 38.20 44.11 47.26
4.74 10.40 2.52 1.31 41.38 37.96 44.13 46.96
4.28 9.45 2.22 1.18 41.82 38.38 44.67 47.42
3.97 8.98 2.01 0.91 42.15 38.60 45.10 48.52
4.57 10.26 2.41 1.03 41.54 38.03 44.31 47.99
4.45 9.91 2.39 1.05 41.65 38.18 44.34 47.93
4.36 9.54 2.31 1.24 41.73 38.34 44.50 47.19
5.24 11.59 2.75 1.37 40.94 37.49 43.74 46.77
4.83 10.69 2.53 1.28 41.29 37.85 44.10 47.07
4.83 10.74 2.41 1.35 41.30 37.83 44.33 46.81
4.19 9.26 2.17 1.15 41.91 38.47 44.77 47.54
4.20 9.25 2.18 1.15 41.92 38.49 44.75 47.53
4.16 9.20 2.08 1.22 41.94 38.51 44.96 47.29
4.10 9.04 2.08 1.18 42.01 38.59 44.95 47.40
3.62 7.92 1.86 1.08 42.55 39.16 45.44 47.81
4.06 8.87 2.02 1.29 42.06 38.67 45.07 47.01
4.27 9.40 2.09 1.32 41.84 38.42 44.93 46.92
4.55 10.06 2.29 1.31 41.56 38.12 44.54 46.97
4.57 10.16 2.28 1.25 41.54 38.07 44.55 47.13
5.20 11.48 2.66 1.43 40.98 37.54 43.87 46.57
5.11 11.41 2.57 1.33 41.06 37.56 44.03 46.90
4.75 10.84 2.30 1.12 41.37 37.80 44.51 47.63
4.44 10.12 2.21 0.99 41.67 38.09 44.70 48.17
4.48 10.15 2.32 0.96 41.63 38.08 44.48 48.30
4.71 10.69 2.47 0.99 41.40 37.85 44.22 48.17
4.86 11.09 2.41 1.07 41.28 37.69 44.31 47.85
4.83 11.03 2.45 1.01 41.30 37.72 44.24 48.08
4.91 11.27 2.43 1.05 41.23 37.63 44.28 47.92
5.34 11.84 2.72 1.45 40.86 37.41 43.79 46.51
4.89 10.87 2.52 1.29 41.24 37.78 44.12 47.02
5.09 11.18 2.73 1.37 41.07 37.65 43.77 46.77
4.67 10.07 2.50 1.45 41.44 38.11 44.15 46.52
5.00 10.83 2.61 1.56 41.15 37.79 43.97 46.20
4.59 9.88 2.40 1.49 41.52 38.18 44.32 46.41
4.62 9.87 2.45 1.55 41.49 38.19 44.24 46.23
4.58 9.79 2.55 1.38 41.53 38.23 44.06 46.72
4.61 9.85 2.47 1.50 41.50 38.20 44.20 46.38
4.12 8.81 2.26 1.28 41.98 38.69 44.60 47.05
4.12 8.81 2.24 1.32 41.98 38.68 44.62 46.93
3.66 7.90 1.97 1.13 42.49 39.16 45.18 47.60
3.65 7.90 1.89 1.15 42.51 39.16 45.36 47.54
3.10 6.73 1.60 0.97 43.22 39.85 46.10 48.26
3.11 6.65 1.63 1.04 43.21 39.90 46.03 47.95
2.85 6.08 1.57 0.89 43.59 40.29 46.17 48.64
2.83 6.07 1.53 0.90 43.61 40.30 46.29 48.58
2.62 5.70 1.39 0.77 43.95 40.57 46.69 49.29
2.80 6.04 1.50 0.86 43.66 40.32 46.37 48.78
2.76 5.91 1.55 0.83 43.71 40.41 46.24 48.92
3.11 6.69 1.64 1.01 43.20 39.87 45.97 48.08
3.02 6.24 1.76 1.06 43.33 40.18 45.68 47.89
3.20 6.53 1.81 1.26 43.08 39.98 45.57 47.12
3.54 7.13 1.99 1.50 42.64 39.60 45.14 46.37
3.85 7.56 2.07 1.93 42.27 39.35 44.97 45.27
4.51 8.30 2.28 2.95 41.59 38.94 44.55 43.43
5.49 9.85 2.68 3.93 40.74 38.20 43.85 42.18
5.57 9.68 2.76 4.27 40.67 38.27 43.73 41.83
6.41 11.09 3.87 4.28 40.06 37.68 42.25 41.82
7.04 12.20 3.92 4.99 39.66 37.27 42.20 41.15
7.11 12.40 4.02 4.91 39.61 37.20 42.08 41.22
6.94 12.28 4.01 4.53 39.72 37.24 42.11 41.57
6.54 11.60 3.69 4.35 39.97 37.49 42.47 41.75
6.76 11.88 3.58 4.85 39.83 37.38 42.60 41.28
6.53 11.57 3.27 4.75 39.98 37.50 42.99 41.37
6.23 11.12 3.02 4.55 40.19 37.67 43.33 41.55
6.26 11.33 3.05 4.41 40.16 37.59 43.29 41.69
6.11 11.09 2.90 4.34 40.27 37.68 43.51 41.76
6.24 11.40 3.35 3.99 40.18 37.57 42.88 42.13
6.21 11.21 3.34 4.08 40.20 37.64 42.90 42.02
6.79 11.81 4.11 4.45 39.81 37.41 41.99 41.65
7.26 12.62 4.23 4.93 39.52 37.12 41.87 41.20
6.65 11.65 3.74 4.56 39.90 37.47 42.40 41.54
7.25 12.54 3.71 5.49 39.53 37.14 42.44 40.73
7.21 12.55 3.92 5.17 39.55 37.15 42.20 40.99
6.34 10.63 3.43 4.95 40.11 37.86 42.77 41.18
6.64 11.90 3.85 4.18 39.91 37.38 42.28 41.92
6.70 11.47 3.66 4.96 39.87 37.53 42.50 41.17
6.32 10.95 3.34 4.66 40.13 37.74 42.90 41.45
6.71 11.27 3.61 5.27 39.86 37.61 42.56 40.91
6.51 11.10 3.86 4.56 39.99 37.68 42.26 41.54
6.20 10.02 3.33 5.24 40.21 38.12 42.90 40.94
5.88 9.58 3.18 4.88 40.44 38.32 43.11 41.25
6.31 10.35 3.62 4.98 40.13 37.98 42.54 41.16
5.63 9.34 3.11 4.44 40.63 38.43 43.21 41.66
5.34 8.75 2.78 4.49 40.85 38.71 43.69 41.60
5.79 10.00 3.04 4.34 40.50 38.13 43.30 41.76
5.86 9.94 3.30 4.33 40.45 38.15 42.94 41.77
4.38 7.35 2.56 3.24 41.71 39.47 44.05 43.02
4.42 7.40 2.74 3.11 41.68 39.44 43.75 43.20
3.79 6.72 2.52 2.14 42.34 39.86 44.11 44.82
3.53 6.70 2.29 1.62 42.65 39.87 44.54 46.04
2.71 5.33 1.68 1.11 43.81 40.86 45.87 47.66
2.83 5.59 1.63 1.26 43.62 40.66 46.01 47.11
2.69 5.36 1.62 1.10 43.83 40.84 46.05 47.71
2.66 5.20 1.60 1.19 43.88 40.97 46.10 47.37
2.59 5.11 1.63 1.03 44.00 41.05 46.02 47.99
2.87 5.68 1.74 1.20 43.55 40.59 45.74 47.33
2.53 4.92 1.55 1.11 44.11 41.21 46.24 47.66
2.64 5.14 1.62 1.18 43.91 41.02 46.04 47.43
2.51 4.82 1.60 1.09 44.14 41.29 46.09 47.77
2.82 5.42 1.68 1.35 43.64 40.79 45.88 46.83
2.51 4.83 1.50 1.18 44.14 41.29 46.37 47.39
2.42 4.62 1.38 1.26 44.29 41.49 46.73 47.14
2.34 4.41 1.41 1.19 44.45 41.69 46.64 47.39
2.89 5.58 1.67 1.42 43.52 40.66 45.90 46.61
3.38 6.56 2.06 1.54 42.84 39.97 45.00 46.27
4.24 8.53 2.24 1.95 41.86 38.82 44.62 45.24
6.32 12.75 3.51 2.70 40.12 37.08 42.67 43.82
7.10 14.36 3.84 3.10 39.62 36.56 42.29 43.21
7.78 15.66 4.26 3.41 39.22 36.18 41.83 42.80
9.37 19.11 4.88 4.14 38.41 35.32 41.25 41.96
9.57 20.00 4.85 3.87 38.32 35.12 41.27 42.25
10.44 21.63 5.43 4.28 37.94 34.78 40.78 41.82
9.19 19.39 4.78 3.41 38.50 35.25 41.34 42.80
10.80 22.40 5.68 4.31 37.80 34.63 40.59 41.79
10.56 22.30 5.63 3.75 37.90 34.65 40.63 42.39
11.01 23.10 5.65 4.27 37.72 34.49 40.61 41.83
9.46 20.11 4.80 3.48 38.37 35.10 41.32 42.72
10.00 21.04 4.97 3.98 38.13 34.90 41.17 42.13
8.83 18.81 4.27 3.41 38.67 35.39 41.83 42.80
8.73 18.06 4.46 3.69 38.72 35.56 41.64 42.46
7.53 15.75 3.77 3.05 39.37 36.16 42.37 43.28
8.93 17.82 4.83 4.13 38.63 35.62 41.29 41.97
8.98 18.50 4.32 4.13 38.60 35.46 41.78 41.97
9.93 20.69 4.86 4.23 38.16 34.97 41.26 41.87
10.34 21.91 4.94 4.18 37.98 34.73 41.19 41.91
9.63 20.66 4.29 3.92 38.30 34.98 41.81 42.20
8.03 17.24 3.82 3.03 39.08 35.77 42.31 43.32
9.41 20.08 4.26 3.90 38.40 35.10 41.84 42.22
10.26 21.82 4.71 4.24 38.02 34.74 41.40 41.85
10.48 22.58 4.50 4.34 37.93 34.59 41.60 41.75
10.95 23.16 4.91 4.77 37.74 34.48 41.22 41.35
11.19 23.39 5.37 4.80 37.65 34.44 40.83 41.32
10.04 20.75 4.83 4.55 38.11 34.96 41.29 41.55
10.33 21.20 4.92 4.86 37.99 34.87 41.21 41.27
8.97 18.47 4.34 4.09 38.60 35.46 41.75 42.02
9.32 19.38 4.41 4.18 38.44 35.26 41.68 41.92
9.44 19.28 4.63 4.40 38.38 35.28 41.47 41.70
8.41 17.37 4.06 3.82 38.88 35.73 42.05 42.32
7.28 14.89 3.75 3.19 39.51 36.40 42.39 43.09
6.22 12.75 3.15 2.75 40.20 37.08 43.15 43.75
5.79 11.85 2.99 2.52 40.51 37.40 43.38 44.11
4.76 9.86 2.46 1.96 41.36 38.19 44.21 45.21
3.95 8.03 2.20 1.62 42.16 39.08 44.71 46.04
3.23 6.45 1.75 1.50 43.04 40.04 45.71 46.39
3.05 5.94 1.69 1.53 43.28 40.39 45.86 46.28
2.58 5.03 1.50 1.23 44.01 41.11 46.37 47.24
2.24 4.31 1.37 1.04 44.63 41.78 46.77 47.99
2.60 5.08 1.46 1.27 43.98 41.07 46.48 47.10
2.39 4.76 1.41 1.00 44.35 41.36 46.65 48.10
2.61 5.13 1.52 1.17 43.98 41.03 46.32 47.45
2.59 5.11 1.65 1.00 44.00 41.05 45.94 48.11
3.18 6.45 1.79 1.31 43.10 40.04 45.60 46.94
3.17 6.51 1.80 1.19 43.12 40.00 45.57 47.36
3.64 7.43 1.97 1.53 42.52 39.42 45.18 46.28
3.57 7.26 2.11 1.34 42.60 39.52 44.88 46.84
4.07 8.27 2.29 1.63 42.04 38.96 44.54 46.00
4.16 8.58 2.39 1.50 41.94 38.80 44.34 46.37
4.88 10.34 2.58 1.74 41.24 37.99 44.03 45.71
5.18 11.13 2.63 1.80 40.99 37.66 43.94 45.59
5.51 11.94 2.76 1.83 40.72 37.36 43.73 45.51
5.53 12.24 2.73 1.62 40.71 37.26 43.77 46.04
5.30 11.86 2.59 1.44 40.89 37.39 43.99 46.54
5.75 12.85 2.78 1.61 40.53 37.04 43.69 46.06
5.49 12.30 2.74 1.43 40.74 37.23 43.76 46.58
6.05 13.46 3.03 1.65 40.32 36.84 43.31 45.97
6.18 13.74 2.99 1.82 40.22 36.75 43.38 45.54
6.33 14.07 3.09 1.82 40.12 36.64 43.23 45.54
6.23 13.82 3.10 1.77 40.18 36.73 43.21 45.64
6.46 14.30 3.32 1.76 40.03 36.58 42.92 45.68
6.59 14.71 3.25 1.81 39.94 36.45 43.01 45.56
6.25 13.97 3.06 1.72 40.17 36.68 43.27 45.79
6.62 15.04 3.14 1.68 39.92 36.36 43.17 45.89
6.18 14.06 2.91 1.56 40.22 36.65 43.49 46.21
6.32 14.19 3.14 1.63 40.13 36.61 43.16 46.02
6.80 15.29 3.21 1.91 39.81 36.29 43.07 45.32
6.14 13.91 2.90 1.61 40.25 36.70 43.50 46.07
5.99 13.51 2.83 1.61 40.36 36.82 43.61 46.05
5.88 13.64 2.53 1.45 40.44 36.78 44.09 46.51
5.56 12.92 2.46 1.30 40.68 37.02 44.22 47.01
5.31 12.27 2.45 1.20 40.89 37.24 44.25 47.34
5.40 12.26 2.60 1.33 40.81 37.25 43.98 46.90
5.50 12.62 2.59 1.29 40.73 37.12 44.00 47.03
5.55 12.69 2.56 1.42 40.69 37.10 44.06 46.61
5.81 13.13 2.66 1.64 40.49 36.95 43.89 45.98
5.91 13.18 2.86 1.68 40.42 36.93 43.56 45.89
5.92 13.39 2.79 1.60 40.41 36.86 43.69 46.09
5.26 11.70 2.70 1.39 40.92 37.45 43.82 46.69
5.74 13.10 2.81 1.31 40.54 36.95 43.64 46.95
5.64 13.07 2.63 1.24 40.61 36.97 43.95 47.19
5.52 12.91 2.59 1.06 40.71 37.02 44.00 47.85
5.27 12.15 2.49 1.15 40.91 37.28 44.17 47.53
5.44 12.42 2.56 1.34 40.77 37.19 44.05 46.87
5.50 12.20 2.70 1.58 40.73 37.27 43.82 46.14
5.73 12.86 2.75 1.57 40.55 37.04 43.75 46.15
5.43 12.04 2.67 1.59 40.78 37.33 43.88 46.11
5.48 12.38 2.60 1.45 40.75 37.21 43.98 46.50
6.08 13.27 3.04 1.92 40.30 36.90 43.31 45.31
5.26 11.57 2.70 1.52 40.92 37.50 43.81 46.31
5.46 11.83 2.78 1.76 40.76 37.40 43.69 45.67
5.21 11.44 2.64 1.54 40.97 37.55 43.92 46.27
4.93 10.76 2.50 1.54 41.20 37.82 44.15 46.25
4.35 9.43 2.23 1.40 41.75 38.39 44.65 46.68
3.99 8.51 2.12 1.34 42.12 38.83 44.86 46.86
4.30 9.08 2.29 1.53 41.80 38.55 44.54 46.29
3.60 7.52 1.95 1.33 42.57 39.37 45.24 46.89
3.46 7.02 2.02 1.35 42.73 39.67 45.07 46.83
3.27 6.59 1.92 1.30 42.98 39.94 45.28 47.00
3.51 6.94 2.00 1.57 42.68 39.72 45.11 46.18
3.08 6.08 1.79 1.39 43.24 40.30 45.61 46.70
3.23 6.35 1.90 1.44 43.04 40.10 45.34 46.55
3.09 6.22 1.84 1.22 43.23 40.19 45.48 47.24
3.58 7.29 2.01 1.45 42.59 39.51 45.08 46.52
3.21 6.45 1.87 1.30 43.07 40.04 45.41 46.99
3.54 7.05 2.09 1.47 42.64 39.64 44.94 46.46
3.42 6.78 2.03 1.45 42.80 39.82 45.06 46.52
4.21 8.54 2.32 1.78 41.89 38.82 44.48 45.62
3.68 7.39 2.10 1.56 42.47 39.45 44.90 46.21
3.99 8.17 2.19 1.62 42.12 39.01 44.73 46.02
4.49 9.16 2.45 1.85 41.61 38.51 44.24 45.47
4.37 8.97 2.45 1.68 41.73 38.60 44.24 45.87
4.55 9.57 2.39 1.69 41.55 38.32 44.35 45.86
4.48 9.61 2.34 1.50 41.62 38.30 44.44 46.37
4.49 9.68 2.34 1.45 41.61 38.28 44.44 46.49
5.31 11.53 2.75 1.68 40.88 37.52 43.75 45.88
5.02 10.91 2.56 1.59 41.13 37.75 44.05 46.13
4.84 10.54 2.52 1.48 41.28 37.90 44.13 46.44
5.06 11.00 2.53 1.67 41.09 37.72 44.10 45.90
5.21 11.24 2.77 1.64 40.96 37.63 43.71 45.98
5.67 12.11 3.06 1.83 40.60 37.30 43.28 45.50
5.47 11.67 3.05 1.69 40.75 37.46 43.28 45.85
5.05 10.88 2.68 1.61 41.10 37.77 43.86 46.06
5.46 11.72 2.84 1.84 40.76 37.44 43.60 45.49
4.60 9.78 2.52 1.49 41.50 38.22 44.11 46.39
4.67 9.99 2.44 1.58 41.44 38.13 44.26 46.14
4.24 9.15 2.18 1.38 41.86 38.52 44.74 46.74
4.72 10.10 2.46 1.59 41.39 38.08 44.22 46.13
4.11 8.85 2.16 1.30 42.00 38.66 44.78 46.98
4.27 9.27 2.14 1.40 41.83 38.46 44.82 46.68
3.98 8.70 1.98 1.26 42.13 38.73 45.17 47.12
4.77 10.44 2.35 1.50 41.35 37.95 44.42 46.38
4.22 9.32 2.07 1.25 41.88 38.43 44.96 47.15
4.36 9.63 2.14 1.31 41.74 38.30 44.83 46.97
3.98 8.79 1.95 1.20 42.13 38.69 45.22 47.33
4.68 10.23 2.32 1.49 41.42 38.03 44.47 46.39
4.43 9.66 2.28 1.35 41.66 38.28 44.55 46.83
4.71 10.47 2.29 1.36 41.40 37.93 44.52 46.79
