0.00 0.00 0.00 0.00 0.00 0.00 0.00 0.00
0.00 0.00 0.00 0.00 0.00 0.00 0.00 0.00
0.00 0.00 0.00 0.00 0.00 0.00 0.00 0.00
0.00 0.00 0.00 0.00 0.00 0.00 0.00 0.00
0.00 0.00 0.00 0.00 0.00 0.00 0.00 0.00
0.00 0.00 0.00 0.00 0.00 0.00 0.00 0.00
0.00 0.00 0.00 0.00 0.00 0.00 0.00 0.00
0.00 0.00 0.00 0.00 0.00 0.00 0.00 0.00
0.00 0.00 0.00 0.00 0.00 0.00 0.00 0.00
0.00 0.00 0.00 0.00 0.00 0.00 0.00 0.00
0.00 0.00 0.00 0.00 0.00 0.00 0.00 0.00
0.00 0.00 0.00 0.00 0.00 0.00 0.00 0.00
0.00 0.00 0.00 0.00 0.00 0.00 0.00 0.00
0.00 0.00 0.00 0.00 0.00 0.00 0.00 0.00
0.00 0.00 0.00 0.00 0.00 0.00 0.00 0.00
0.00 0.00 0.00 0.00 0.00 0.00 0.00 0.00
0.00 0.00 0.00 0.00 0.00 0.00 0.00 0.00
0.00 0.00 0.00 0.00 0.00 0.00 0.00 0.00
0.00 0.00 0.00 0.00 0.00 0.00 0.00 0.00
0.00 0.00 0.00 0.00 0.00 0.00 0.00 0.00
0.00 0.00 0.00 0.00 0.00 0.00 0.00 0.00
0.00 0.00 0.00 0.00 0.00 0.00 0.00 0.00
0.00 0.00 0.00 0.00 0.00 0.00 0.00 0.00
0.00 0.00 0.00 0.00 0.00 0.00 0.00 0.00
0.00 0.00 0.00 0.00 0.00 0.00 0.00 0.00
0.00 0.00 0.00 0.00 0.00 0.00 0.00 0.00
0.00 0.00 0.00 0.00 0.00 0.00 0.00 0.00
0.00 0.00 0.00 0.00 0.00 0.00 0.00 0.00
0.00 0.00 0.00 0.00 0.00 0.00 0.00 0.00
0.00 0.00 0.00 0.00 0.00 0.00 0.00 0.00
0.01 0.07 0.00 0.00 0.01 0.01 0.00 0.00
0.01 0.10 0.00 0.00 0.01 0.02 0.00 0.00
0.02 0.13 0.00 0.00 0.01 0.03 0.00 0.00
0.01 0.07 0.00 0.00 0.01 0.01 0.00 0.00
0.01 0.04 0.00 0.00 0.00 0.01 0.01 0.00
0.01 0.06 0.00 0.00 0.01 0.01 0.01 0.00
0.01 0.04 0.00 0.00 0.01 0.01 0.00 0.00
0.00 0.04 0.00 0.00 0.00 0.01 0.00 0.00
0.00 0.03 0.00 0.00 0.00 0.01 0.00 0.00
0.00 0.03 0.00 0.00 0.00 0.01 0.00 0.00
0.00 0.03 0.00 0.00 0.01 0.01 0.00 0.00
0.01 0.04 0.00 0.00 0.01 0.01 0.00 0.01
0.00 0.02 0.00 0.00 0.00 0.01 0.00 0.01
0.00 0.01 0.00 0.00 0.00 0.00 0.00 0.00
0.00 0.02 0.00 0.00 0.00 0.01 0.00 0.00
0.00 0.02 0.00 0.00 0.00 0.01 0.00 0.00
0.00 0.01 0.00 0.00 0.00 0.00 0.01 0.00
0.01 0.03 0.00 0.00 0.01 0.01 0.00 0.01
0.01 0.03 0.00 0.00 0.01 0.01 0.01 0.01
0.01 0.06 0.00 0.00 0.01 0.01 0.01 0.01
0.01 0.07 0.00 0.00 0.01 0.01 0.01 0.00
0.01 0.04 0.00 0.00 0.01 0.01 0.01 0.00
0.02 0.10 0.00 0.00 0.01 0.02 0.01 0.01
0.01 0.05 0.00 0.00 0.01 0.01 0.00 0.01
0.01 0.03 0.00 0.00 0.01 0.01 0.01 0.00
0.01 0.07 0.00 0.00 0.01 0.02 0.00 0.01
0.01 0.08 0.00 0.00 0.02 0.02 0.01 0.01
0.00 0.01 0.00 0.00 0.01 0.00 0.01 0.01
0.01 0.03 0.00 0.00 0.01 0.01 0.01 0.01
0.01 0.03 0.00 0.00 0.01 0.01 0.00 0.01
0.03 0.16 0.01 0.00 0.04 0.05 0.04 0.01
0.06 0.40 0.01 0.00 0.07 0.09 0.05 0.01
0.03 0.21 0.01 0.00 0.04 0.06 0.03 0.01
0.03 0.19 0.00 0.00 0.04 0.05 0.02 0.01
0.03 0.19 0.00 0.00 0.05 0.07 0.02 0.00
0.01 0.10 0.00 0.00 0.02 0.04 0.01 0.01
0.04 0.18 0.01 0.00 0.06 0.07 0.05 0.03
0.04 0.19 0.01 0.00 0.07 0.08 0.05 0.03
0.02 0.12 0.01 0.00 0.05 0.07 0.05 0.01
0.03 0.14 0.01 0.00 0.05 0.06 0.04 0.03
0.04 0.24 0.01 0.00 0.06 0.09 0.03 0.03
0.05 0.31 0.00 0.00 0.08 0.11 0.02 0.02
0.02 0.17 0.00 0.00 0.04 0.06 0.02 0.00
0.08 0.56 0.01 0.00 0.09 0.14 0.03 0.01
0.07 0.50 0.01 0.00 0.08 0.12 0.03 0.01
0.09 0.73 0.01 0.00 0.12 0.20 0.03 0.00
0.13 0.85 0.01 0.00 0.20 0.28 0.06 0.05
0.14 0.90 0.01 0.00 0.21 0.30 0.07 0.05
0.12 0.78 0.01 0.00 0.20 0.27 0.07 0.04
0.13 0.86 0.01 0.00 0.18 0.24 0.07 0.03
0.09 0.63 0.01 0.00 0.14 0.18 0.04 0.03
0.09 0.55 0.02 0.00 0.12 0.15 0.07 0.02
0.07 0.42 0.01 0.00 0.07 0.09 0.04 0.01
0.04 0.26 0.00 0.00 0.05 0.07 0.02 0.02
0.06 0.42 0.01 0.00 0.07 0.10 0.02 0.01
0.05 0.29 0.01 0.00 0.06 0.08 0.03 0.02
0.06 0.37 0.01 0.00 0.07 0.09 0.04 0.02
0.05 0.29 0.01 0.00 0.06 0.08 0.03 0.02
0.04 0.21 0.00 0.00 0.04 0.05 0.02 0.02
0.05 0.28 0.01 0.00 0.06 0.07 0.05 0.04
0.02 0.12 0.00 0.00 0.02 0.03 0.02 0.01
0.03 0.18 0.01 0.00 0.04 0.05 0.03 0.00
0.03 0.14 0.01 0.00 0.03 0.04 0.03 0.01
0.02 0.12 0.00 0.00 0.03 0.04 0.01 0.01
0.02 0.14 0.00 0.00 0.04 0.05 0.02 0.04
0.02 0.09 0.00 0.00 0.04 0.05 0.02 0.03
0.01 0.09 0.00 0.00 0.03 0.05 0.01 0.01
0.01 0.08 0.00 0.00 0.04 0.05 0.02 0.02
0.01 0.08 0.00 0.00 0.04 0.05 0.02 0.02
0.02 0.12 0.00 0.00 0.06 0.09 0.02 0.02
0.02 0.10 0.00 0.00 0.05 0.06 0.03 0.01
0.02 0.10 0.00 0.00 0.05 0.07 0.02 0.02
0.02 0.09 0.00 0.00 0.04 0.05 0.02 0.02
0.02 0.07 0.00 0.00 0.04 0.04 0.03 0.07
0.03 0.16 0.01 0.01 0.08 0.09 0.05 0.09
0.08 0.30 0.03 0.02 0.15 0.14 0.16 0.20
0.08 0.31 0.02 0.02 0.12 0.13 0.08 0.13
0.27 0.99 0.03 0.17 0.34 0.38 0.12 0.53
0.39 1.24 0.03 0.35 0.34 0.33 0.10 0.63
0.48 1.35 0.06 0.48 0.41 0.37 0.17 0.75
0.77 2.42 0.19 0.40 0.51 0.55 0.34 0.62
0.68 2.01 0.10 0.55 0.35 0.35 0.15 0.61
0.75 2.25 0.15 0.50 0.38 0.38 0.22 0.57
0.76 2.42 0.19 0.40 0.42 0.43 0.29 0.54
0.83 2.65 0.18 0.45 0.52 0.54 0.34 0.65
0.83 2.35 0.16 0.66 0.49 0.45 0.30 0.83
0.69 2.15 0.06 0.60 0.42 0.42 0.14 0.76
0.68 1.94 0.08 0.64 0.47 0.42 0.21 0.91
0.70 2.19 0.07 0.58 0.48 0.46 0.19 0.88
0.48 1.43 0.03 0.51 0.33 0.30 0.08 0.76
0.56 1.86 0.11 0.30 0.37 0.38 0.24 0.50
0.58 1.77 0.12 0.39 0.40 0.37 0.26 0.66
0.76 2.46 0.15 0.43 0.45 0.48 0.23 0.60
0.88 2.46 0.22 0.59 0.44 0.42 0.30 0.69
0.59 1.96 0.09 0.36 0.34 0.37 0.15 0.48
0.52 1.32 0.02 0.74 0.24 0.20 0.04 0.68
0.44 1.20 0.03 0.52 0.20 0.18 0.04 0.52
0.43 1.09 0.04 0.51 0.25 0.22 0.08 0.58
0.49 2.16 0.10 0.11 0.28 0.39 0.15 0.15
0.50 1.46 0.04 0.50 0.26 0.26 0.06 0.54
0.35 0.89 0.02 0.47 0.20 0.17 0.04 0.58
0.56 1.52 0.08 0.53 0.31 0.30 0.14 0.48
0.46 1.63 0.04 0.31 0.27 0.33 0.06 0.38
0.37 0.85 0.04 0.53 0.24 0.20 0.07 0.51
0.22 0.40 0.01 0.49 0.15 0.10 0.02 0.55
0.37 0.68 0.09 0.49 0.23 0.15 0.17 0.54
0.18 0.35 0.03 0.25 0.13 0.09 0.07 0.32
0.27 0.52 0.03 0.43 0.22 0.16 0.09 0.56
0.31 0.79 0.03 0.40 0.23 0.19 0.07 0.57
0.32 0.73 0.07 0.36 0.23 0.18 0.14 0.49
0.08 0.14 0.00 0.20 0.09 0.05 0.01 0.48
0.11 0.16 0.02 0.18 0.12 0.06 0.06 0.50
0.01 0.02 0.00 0.05 0.02 0.01 0.00 0.25
0.01 0.04 0.00 0.01 0.02 0.02 0.02 0.07
0.01 0.03 0.01 0.00 0.02 0.02 0.04 0.02
0.00 0.01 0.00 0.01 0.01 0.00 0.00 0.06
0.01 0.03 0.00 0.00 0.02 0.02 0.01 0.03
0.00 0.01 0.00 0.00 0.01 0.01 0.01 0.07
0.00 0.01 0.00 0.00 0.01 0.01 0.01 0.01
0.00 0.01 0.00 0.00 0.01 0.01 0.01 0.01
0.00 0.01 0.00 0.00 0.01 0.01 0.03 0.02
0.00 0.01 0.00 0.00 0.01 0.01 0.00 0.01
0.00 0.01 0.00 0.00 0.01 0.01 0.01 0.00
0.00 0.01 0.00 0.00 0.00 0.01 0.01 0.01
0.00 0.01 0.00 0.00 0.01 0.01 0.01 0.00
0.00 0.01 0.00 0.00 0.01 0.01 0.00 0.01
0.00 0.01 0.00 0.00 0.01 0.01 0.02 0.00
0.00 0.00 0.00 0.00 0.00 0.00 0.01 0.01
0.00 0.01 0.00 0.00 0.00 0.00 0.00 0.00
0.00 0.01 0.00 0.00 0.00 0.00 0.01 0.01
0.00 0.01 0.00 0.00 0.00 0.00 0.00 0.00
0.01 0.03 0.00 0.00 0.00 0.00 0.00 0.00
0.01 0.04 0.01 0.00 0.00 0.00 0.01 0.01
0.00 0.02 0.00 0.00 0.00 0.00 0.00 0.00
0.00 0.01 0.00 0.00 0.00 0.00 0.00 0.00
0.00 0.01 0.00 0.00 0.00 0.00 0.00 0.00
0.00 0.01 0.00 0.00 0.00 0.00 0.00 0.00
0.00 0.01 0.00 0.00 0.00 0.00 0.00 0.00
0.00 0.01 0.00 0.00 0.00 0.00 0.00 0.00
0.00 0.01 0.00 0.00 0.00 0.00 0.00 0.00
0.00 0.01 0.00 0.00 0.00 0.00 0.00 0.00
0.00 0.01 0.00 0.00 0.00 0.00 0.00 0.00
0.00 0.01 0.00 0.00 0.00 0.00 0.00 0.00
0.00 0.01 0.00 0.00 0.00 0.00 0.00 0.00
0.00 0.01 0.00 0.00 0.00 0.00 0.00 0.00
0.00 0.01 0.00 0.00 0.00 0.00 0.00 0.00
0.00 0.01 0.00 0.00 0.00 0.00 0.00 0.00
0.00 0.00 0.00 0.00 0.00 0.00 0.00 0.00
0.00 0.01 0.00 0.00 0.00 0.00 0.00 0.00
0.00 0.01 0.00 0.00 0.00 0.00 0.00 0.00
0.00 0.00 0.00 0.00 0.00 0.00 0.00 0.00
0.00 0.00 0.00 0.00 0.00 0.00 0.00 0.00
0.00 0.00 0.00 0.00 0.00 0.00 0.00 0.00
0.00 0.01 0.00 0.00 0.00 0.00 0.00 0.01
0.00 0.00 0.00 0.00 0.00 0.00 0.00 0.00
0.00 0.01 0.00 0.00 0.00 0.00 0.00 0.00
0.00 0.01 0.00 0.00 0.00 0.00 0.00 0.00
0.00 0.02 0.00 0.00 0.00 0.00 0.00 0.00
0.00 0.01 0.00 0.00 0.00 0.00 0.00 0.00
0.01 0.04 0.01 0.00 0.00 0.00 0.01 0.00
0.00 0.00 0.00 0.00 0.00 0.00 0.00 0.00
0.02 0.08 0.01 0.00 0.01 0.01 0.01 0.00
0.00 0.02 0.00 0.00 0.00 0.00 0.00 0.00
0.00 0.00 0.00 0.01 0.00 0.00 0.01 0.02
0.00 0.01 0.00 0.01 0.00 0.00 0.00 0.02
0.01 0.05 0.01 0.00 0.01 0.01 0.02 0.01
0.01 0.02 0.00 0.00 0.01 0.01 0.01 0.02
0.00 0.01 0.00 0.01 0.01 0.00 0.00 0.05
0.00 0.01 0.00 0.00 0.01 0.01 0.00 0.03
0.01 0.03 0.00 0.00 0.02 0.02 0.03 0.05
0.00 0.01 0.00 0.00 0.01 0.01 0.01 0.01
0.01 0.03 0.00 0.00 0.02 0.02 0.00 0.04
0.01 0.04 0.01 0.00 0.03 0.03 0.04 0.03
0.00 0.02 0.00 0.00 0.01 0.01 0.02 0.01
0.01 0.06 0.01 0.00 0.05 0.06 0.08 0.01
0.02 0.11 0.01 0.00 0.05 0.06 0.04 0.02
0.01 0.08 0.00 0.00 0.03 0.04 0.02 0.01
0.02 0.11 0.00 0.00 0.03 0.04 0.02 0.03
0.01 0.06 0.00 0.00 0.01 0.02 0.01 0.01
0.03 0.18 0.00 0.00 0.04 0.06 0.01 0.02
0.03 0.19 0.00 0.00 0.04 0.06 0.02 0.01
0.07 0.47 0.01 0.00 0.07 0.10 0.02 0.01
0.09 0.58 0.01 0.00 0.07 0.11 0.02 0.01
0.08 0.54 0.00 0.00 0.06 0.09 0.01 0.01
0.09 0.70 0.00 0.00 0.07 0.11 0.01 0.01
0.05 0.45 0.00 0.00 0.04 0.08 0.00 0.00
0.09 0.66 0.01 0.00 0.07 0.10 0.02 0.01
0.03 0.39 0.00 0.00 0.02 0.06 0.00 0.03
0.08 0.69 0.00 0.00 0.05 0.09 0.01 0.02
0.13 1.09 0.01 0.00 0.08 0.14 0.01 0.00
0.15 1.11 0.01 0.00 0.09 0.14 0.02 0.00
0.09 0.72 0.00 0.00 0.05 0.09 0.01 0.00
0.15 0.93 0.02 0.00 0.08 0.11 0.04 0.01
0.15 1.08 0.01 0.00 0.08 0.12 0.02 0.00
0.08 0.58 0.01 0.00 0.05 0.07 0.01 0.01
0.21 1.37 0.03 0.00 0.12 0.15 0.07 0.02
0.17 1.23 0.02 0.00 0.11 0.16 0.04 0.02
0.29 1.81 0.05 0.00 0.19 0.24 0.13 0.03
0.19 1.24 0.03 0.00 0.10 0.13 0.05 0.02
0.19 1.33 0.02 0.01 0.12 0.18 0.06 0.05
0.16 1.03 0.03 0.00 0.11 0.14 0.09 0.01
0.18 1.25 0.02 0.00 0.13 0.17 0.07 0.02
0.14 0.97 0.01 0.00 0.11 0.15 0.04 0.01
0.10 0.81 0.01 0.00 0.09 0.14 0.02 0.01
0.09 0.65 0.01 0.00 0.07 0.11 0.04 0.00
0.11 0.81 0.01 0.00 0.08 0.12 0.02 0.00
0.18 1.18 0.02 0.00 0.14 0.19 0.07 0.02
0.15 1.05 0.01 0.00 0.10 0.15 0.03 0.01
0.12 0.75 0.02 0.00 0.08 0.10 0.04 0.03
0.15 1.01 0.02 0.00 0.10 0.14 0.05 0.00
0.12 0.66 0.04 0.01 0.10 0.12 0.11 0.06
0.14 0.91 0.02 0.00 0.10 0.13 0.06 0.02
0.15 1.09 0.01 0.00 0.12 0.16 0.03 0.02
0.18 1.20 0.01 0.00 0.15 0.19 0.05 0.06
0.16 1.08 0.02 0.00 0.15 0.19 0.06 0.06
0.12 0.82 0.01 0.01 0.10 0.13 0.03 0.07
0.18 1.08 0.03 0.01 0.15 0.19 0.07 0.13
0.17 1.22 0.01 0.01 0.13 0.19 0.03 0.05
0.16 1.04 0.01 0.01 0.13 0.19 0.04 0.07
0.19 1.29 0.01 0.00 0.16 0.23 0.04 0.04
0.24 1.56 0.02 0.01 0.17 0.24 0.05 0.07
0.20 1.34 0.01 0.01 0.19 0.28 0.04 0.05
0.16 1.01 0.02 0.01 0.14 0.19 0.05 0.06
0.26 1.63 0.03 0.01 0.27 0.37 0.11 0.10
0.18 1.10 0.02 0.01 0.20 0.26 0.07 0.08
0.11 0.68 0.01 0.00 0.14 0.20 0.06 0.04
0.11 0.67 0.01 0.00 0.18 0.26 0.06 0.04
0.13 0.76 0.02 0.01 0.19 0.26 0.08 0.07
0.07 0.42 0.01 0.01 0.14 0.20 0.05 0.06
0.05 0.28 0.01 0.00 0.11 0.15 0.06 0.05
0.05 0.26 0.01 0.00 0.11 0.16 0.04 0.05
0.04 0.19 0.01 0.01 0.07 0.09 0.03 0.06
0.03 0.15 0.01 0.01 0.07 0.10 0.04 0.06
0.02 0.13 0.00 0.00 0.05 0.08 0.02 0.02
0.03 0.13 0.01 0.00 0.06 0.08 0.04 0.03
0.04 0.21 0.01 0.00 0.07 0.10 0.03 0.04
0.04 0.19 0.01 0.00 0.09 0.11 0.05 0.05
0.06 0.32 0.01 0.01 0.12 0.17 0.06 0.05
0.04 0.23 0.01 0.00 0.09 0.13 0.06 0.04
0.08 0.43 0.01 0.01 0.11 0.15 0.05 0.05
0.01 0.02 0.00 0.00 0.01 0.01 0.01 0.01
0.00 0.01 0.00 0.00 0.00 0.00 0.01 0.01
0.00 0.01 0.00 0.00 0.00 0.00 0.00 0.00
0.00 0.01 0.00 0.00 0.00 0.00 0.00 0.00
0.00 0.01 0.00 0.00 0.00 0.00 0.00 0.00
0.00 0.00 0.00 0.00 0.00 0.00 0.01 0.00
0.00 0.01 0.00 0.00 0.00 0.00 0.00 0.00
0.00 0.00 0.00 0.00 0.00 0.00 0.00 0.00
0.00 0.01 0.00 0.00 0.00 0.00 0.00 0.00
0.00 0.00 0.00 0.00 0.00 0.00 0.00 0.00
0.00 0.01 0.00 0.00 0.00 0.00 0.00 0.00
0.00 0.01 0.00 0.00 0.00 0.00 0.00 0.00
0.00 0.01 0.00 0.00 0.00 0.00 0.00 0.00
0.00 0.01 0.00 0.00 0.00 0.00 0.00 0.00
0.00 0.01 0.00 0.00 0.00 0.00 0.00 0.00
0.00 0.01 0.00 0.00 0.00 0.00 0.00 0.00
0.00 0.01 0.00 0.00 0.00 0.00 0.00 0.00
0.00 0.00 0.00 0.00 0.00 0.00 0.00 0.01
0.00 0.00 0.00 0.00 0.00 0.00 0.00 0.00
0.00 0.00 0.00 0.00 0.00 0.00 0.00 0.00
0.00 0.00 0.00 0.00 0.00 0.00 0.00 0.00
0.00 0.00 0.00 0.00 0.00 0.00 0.00 0.00
0.00 0.00 0.00 0.00 0.00 0.00 0.00 0.00
0.00 0.00 0.00 0.00 0.00 0.00 0.00 0.01
0.00 0.01 0.00 0.00 0.00 0.00 0.01 0.01
0.00 0.00 0.00 0.00 0.00 0.00 0.00 0.00
0.00 0.01 0.00 0.00 0.00 0.00 0.01 0.01
0.00 0.00 0.00 0.00 0.00 0.00 0.01 0.01
0.00 0.01 0.00 0.00 0.00 0.00 0.01 0.02
0.00 0.01 0.00 0.00 0.00 0.00 0.01 0.01
