4.48 10.11 2.14 1.18 41.62 38.08 44.82 47.41
4.32 9.53 2.17 1.26 41.78 38.34 44.77 47.14
4.36 9.69 2.17 1.21 41.74 38.27 44.77 47.31
4.53 10.26 2.18 1.16 41.57 38.02 44.74 47.48
4.37 9.88 2.14 1.08 41.73 38.19 44.82 47.79
4.72 10.75 2.18 1.23 41.39 37.82 44.74 47.23
4.74 10.88 2.21 1.14 41.37 37.76 44.68 47.57
5.11 11.76 2.43 1.16 41.04 37.43 44.29 47.49
4.80 11.06 2.32 1.03 41.32 37.70 44.47 48.00
4.88 11.40 2.29 0.95 41.25 37.56 44.53 48.36
4.56 10.61 2.15 0.90 41.55 37.87 44.81 48.57
4.76 11.06 2.19 1.03 41.35 37.69 44.72 48.00
4.80 11.03 2.28 1.10 41.31 37.71 44.55 47.72
5.40 12.38 2.42 1.38 40.81 37.21 44.30 46.71
5.27 11.83 2.46 1.52 40.91 37.40 44.23 46.29
6.21 13.77 3.02 1.84 40.20 36.74 43.34 45.48
6.10 13.69 2.96 1.64 40.28 36.77 43.41 45.98
5.66 12.86 2.69 1.42 40.61 37.04 43.83 46.59
5.97 13.68 2.76 1.48 40.37 36.77 43.73 46.41
5.50 12.58 2.58 1.34 40.73 37.13 44.01 46.86
5.89 13.36 2.80 1.52 40.43 36.87 43.66 46.32
5.51 12.62 2.59 1.34 40.71 37.12 43.99 46.88
5.84 13.23 2.76 1.54 40.46 36.92 43.72 46.26
5.01 11.52 2.34 1.17 41.13 37.52 44.43 47.45
5.33 12.10 2.45 1.41 40.87 37.30 44.24 46.64
5.07 11.49 2.37 1.36 41.08 37.53 44.39 46.79
5.34 12.13 2.45 1.45 40.85 37.29 44.24 46.51
5.56 12.50 2.58 1.61 40.67 37.17 44.01 46.05
4.98 10.98 2.47 1.48 41.16 37.72 44.22 46.43
5.34 11.74 2.57 1.71 40.85 37.44 44.04 45.79
4.79 10.19 2.50 1.68 41.33 38.05 44.15 45.87
4.98 10.63 2.49 1.81 41.16 37.87 44.17 45.54
4.88 10.29 2.56 1.77 41.25 38.01 44.05 45.66
4.95 10.43 2.60 1.82 41.19 37.95 43.98 45.55
4.77 9.84 2.69 1.78 41.35 38.20 43.83 45.61
5.19 10.73 2.81 2.04 40.98 37.82 43.64 45.04
4.67 9.75 2.53 1.71 41.44 38.24 44.09 45.79
4.49 9.26 2.40 1.80 41.61 38.47 44.33 45.57
4.36 8.97 2.38 1.72 41.74 38.60 44.37 45.78
4.47 9.43 2.34 1.64 41.63 38.38 44.45 45.97
3.80 8.08 2.07 1.22 42.34 39.06 44.96 47.26
3.67 7.95 1.94 1.12 42.48 39.12 45.25 47.63
3.58 7.67 1.97 1.11 42.59 39.28 45.19 47.70
3.80 8.15 2.00 1.25 42.33 39.02 45.12 47.14
3.49 7.51 1.91 1.05 42.70 39.38 45.33 47.91
3.81 8.15 2.10 1.17 42.32 39.02 44.90 47.45
3.94 8.31 2.36 1.17 42.17 38.93 44.42 47.43
4.43 9.22 2.59 1.47 41.67 38.48 44.00 46.47
4.11 8.64 2.36 1.34 41.99 38.76 44.41 46.86
3.98 8.23 2.36 1.36 42.13 38.98 44.41 46.80
4.56 9.52 2.61 1.54 41.54 38.34 43.97 46.27
4.18 8.80 2.44 1.29 41.93 38.69 44.26 47.00
4.54 9.57 2.52 1.54 41.56 38.33 44.12 46.26
4.02 8.50 2.32 1.23 42.09 38.84 44.47 47.22
3.82 7.99 2.27 1.20 42.31 39.10 44.56 47.35
4.05 8.54 2.32 1.30 42.06 38.82 44.47 47.00
3.71 7.92 2.04 1.15 42.44 39.14 45.04 47.51
3.36 7.36 1.82 0.88 42.88 39.46 45.52 48.69
3.84 8.39 2.14 1.00 42.29 38.90 44.83 48.14
3.76 8.16 2.12 1.00 42.37 39.01 44.86 48.11
3.74 7.96 2.06 1.19 42.42 39.13 45.00 47.38
4.45 9.61 2.44 1.29 41.66 38.31 44.26 47.00
3.95 8.50 2.19 1.16 42.17 38.85 44.73 47.48
4.00 8.60 2.11 1.27 42.12 38.79 44.88 47.09
3.47 7.36 1.96 1.09 42.73 39.47 45.21 47.77
3.40 7.12 1.97 1.10 42.82 39.61 45.18 47.72
3.42 7.20 1.89 1.16 42.80 39.57 45.37 47.48
3.26 6.79 1.86 1.13 43.01 39.82 45.46 47.61
2.88 5.98 1.66 1.01 43.54 40.37 45.93 48.10
3.29 6.88 1.78 1.22 42.96 39.76 45.64 47.25
3.50 7.42 1.86 1.20 42.71 39.44 45.43 47.34
3.51 7.47 1.90 1.16 42.68 39.41 45.36 47.48
3.71 7.93 2.00 1.19 42.44 39.14 45.12 47.39
4.28 9.25 2.32 1.29 41.82 38.49 44.48 47.04
4.19 9.11 2.23 1.23 41.91 38.55 44.65 47.22
3.94 8.67 2.07 1.07 42.19 38.77 44.97 47.85
3.63 8.03 1.94 0.92 42.55 39.11 45.26 48.51
3.62 7.97 2.01 0.90 42.56 39.15 45.11 48.60
3.51 7.74 1.94 0.84 42.70 39.27 45.25 48.90
3.88 8.62 2.06 0.96 42.26 38.80 45.01 48.30
3.79 8.38 2.10 0.91 42.36 38.92 44.93 48.54
3.90 8.65 2.11 0.96 42.23 38.78 44.91 48.31
4.44 9.57 2.37 1.36 41.67 38.33 44.39 46.78
4.04 8.68 2.22 1.24 42.07 38.75 44.67 47.21
4.27 9.07 2.41 1.32 41.84 38.57 44.32 46.92
3.98 8.31 2.24 1.39 42.14 38.95 44.63 46.70
4.29 9.01 2.36 1.51 41.81 38.59 44.41 46.35
4.04 8.46 2.22 1.43 42.08 38.87 44.66 46.58
4.14 8.66 2.23 1.50 41.97 38.76 44.65 46.36
4.11 8.67 2.33 1.34 41.99 38.76 44.46 46.85
4.34 9.19 2.34 1.48 41.76 38.50 44.44 46.44
3.88 8.23 2.15 1.26 42.25 38.98 44.81 47.14
3.90 8.28 2.12 1.29 42.23 38.95 44.88 47.02
3.46 7.38 1.88 1.12 42.74 39.45 45.39 47.64
3.45 7.44 1.79 1.12 42.76 39.42 45.62 47.65
2.95 6.36 1.55 0.93 43.44 40.10 46.23 48.44
2.95 6.28 1.54 1.02 43.44 40.15 46.25 48.06
2.69 5.73 1.48 0.88 43.83 40.56 46.43 48.71
2.70 5.75 1.46 0.90 43.82 40.54 46.48 48.60
2.47 5.33 1.33 0.74 44.22 40.88 46.89 49.43
2.64 5.66 1.43 0.83 43.92 40.61 46.59 48.96
2.59 5.52 1.46 0.80 44.00 40.72 46.49 49.10
2.98 6.37 1.60 0.99 43.39 40.09 46.09 48.20
2.87 5.94 1.66 1.00 43.56 40.40 45.93 48.12
3.01 6.14 1.71 1.18 43.35 40.26 45.81 47.42
3.29 6.64 1.85 1.38 42.97 39.92 45.48 46.74
3.60 7.02 1.96 1.82 42.58 39.68 45.22 45.54
4.09 7.50 2.14 2.65 42.05 39.42 44.85 43.97
4.95 8.88 2.50 3.48 41.22 38.69 44.16 42.78
5.04 8.77 2.57 3.76 41.16 38.74 44.04 42.46
5.71 9.85 3.49 3.79 40.62 38.26 42.74 42.41
6.37 11.03 3.64 4.44 40.13 37.74 42.54 41.73
6.41 11.12 3.73 4.38 40.10 37.71 42.44 41.77
6.23 10.97 3.66 4.05 40.23 37.78 42.53 42.11
5.84 10.27 3.37 3.87 40.53 38.07 42.89 42.33
6.04 10.59 3.28 4.24 40.38 37.93 43.00 41.95
5.86 10.37 3.03 4.18 40.50 38.02 43.32 42.01
5.58 9.95 2.78 4.00 40.72 38.20 43.71 42.21
5.58 10.09 2.80 3.85 40.72 38.14 43.67 42.37
5.55 10.04 2.76 3.86 40.72 38.15 43.73 42.35
5.62 10.24 3.08 3.54 40.67 38.07 43.27 42.70
5.56 10.05 3.06 3.57 40.72 38.15 43.30 42.68
6.01 10.41 3.71 3.90 40.39 38.01 42.47 42.28
6.47 11.19 3.89 4.33 40.07 37.69 42.27 41.84
6.06 10.57 3.55 4.05 40.35 37.93 42.65 42.11
6.67 11.55 3.55 4.89 39.92 37.53 42.63 41.31
6.74 11.72 3.82 4.68 39.87 37.46 42.31 41.49
5.89 9.95 3.32 4.39 40.46 38.18 42.93 41.77
6.10 10.79 3.62 3.90 40.30 37.85 42.56 42.23
6.22 10.65 3.56 4.47 40.22 37.89 42.63 41.69
5.92 10.27 3.28 4.19 40.43 38.03 42.97 41.97
6.15 10.22 3.41 4.81 40.28 38.07 42.82 41.36
5.99 10.13 3.67 4.17 40.39 38.11 42.48 41.98
5.71 9.22 3.17 4.74 40.59 38.51 43.13 41.43
5.48 9.01 3.05 4.39 40.76 38.59 43.30 41.77
5.76 9.55 3.30 4.44 40.55 38.35 42.97 41.72
5.26 8.77 2.93 4.07 40.94 38.71 43.46 42.07
4.98 8.22 2.65 4.07 41.18 39.00 43.91 42.09
5.30 9.12 2.87 3.90 40.91 38.55 43.56 42.28
5.40 9.16 3.08 3.94 40.83 38.53 43.26 42.23
4.16 7.02 2.50 2.96 41.95 39.68 44.15 43.47
4.15 7.02 2.64 2.81 41.96 39.67 43.92 43.70
3.64 6.47 2.47 1.97 42.53 40.02 44.21 45.21
3.38 6.38 2.20 1.55 42.85 40.08 44.70 46.22
2.60 5.12 1.61 1.09 43.98 41.04 46.08 47.78
2.75 5.42 1.60 1.23 43.74 40.79 46.10 47.22
2.59 5.13 1.57 1.08 44.00 41.03 46.17 47.81
2.58 5.00 1.58 1.15 44.02 41.14 46.14 47.53
2.51 4.89 1.61 1.03 44.14 41.24 46.08 48.02
2.75 5.38 1.68 1.19 43.73 40.82 45.89 47.36
2.44 4.72 1.51 1.09 44.25 41.39 46.34 47.74
2.53 4.87 1.58 1.14 44.10 41.26 46.14 47.56
2.41 4.67 1.53 1.05 44.30 41.44 46.30 47.92
2.70 5.18 1.63 1.30 43.82 40.99 46.02 47.00
2.38 4.54 1.44 1.17 44.36 41.56 46.56 47.47
2.31 4.34 1.33 1.25 44.50 41.76 46.89 47.14
2.23 4.16 1.37 1.18 44.64 41.95 46.78 47.40
2.82 5.41 1.62 1.41 43.64 40.80 46.03 46.64
3.32 6.40 2.02 1.52 42.93 40.07 45.08 46.30
4.19 8.43 2.22 1.92 41.91 38.88 44.68 45.29
6.25 12.59 3.47 2.69 40.17 37.13 42.74 43.83
7.08 14.31 3.84 3.09 39.63 36.57 42.29 43.23
7.71 15.53 4.24 3.37 39.26 36.22 41.86 42.86
9.33 18.96 4.88 4.17 38.43 35.35 41.25 41.93
9.54 19.86 4.85 3.91 38.33 35.15 41.28 42.21
10.38 21.51 5.37 4.25 37.97 34.80 40.83 41.84
9.15 19.31 4.73 3.43 38.51 35.27 41.38 42.77
10.71 22.19 5.63 4.32 37.83 34.67 40.63 41.78
10.47 22.16 5.55 3.70 37.93 34.68 40.69 42.44
10.94 22.90 5.67 4.27 37.74 34.53 40.60 41.82
9.39 19.96 4.74 3.46 38.41 35.13 41.38 42.74
9.95 20.87 4.98 4.00 38.15 34.94 41.16 42.11
8.79 18.69 4.28 3.40 38.69 35.41 41.82 42.81
8.69 17.95 4.41 3.71 38.74 35.59 41.69 42.44
7.47 15.61 3.75 3.04 39.40 36.20 42.39 43.30
8.89 17.71 4.81 4.14 38.64 35.65 41.31 41.96
8.93 18.38 4.32 4.10 38.62 35.49 41.78 42.00
9.91 20.65 4.85 4.24 38.17 34.98 41.28 41.85
10.33 21.80 4.99 4.19 37.99 34.75 41.15 41.91
9.58 20.52 4.30 3.92 38.32 35.01 41.80 42.20
8.00 17.17 3.80 3.03 39.10 35.79 42.33 43.31
9.38 19.98 4.26 3.91 38.41 35.12 41.84 42.20
10.24 21.81 4.65 4.25 38.03 34.74 41.46 41.85
10.39 22.44 4.42 4.31 37.96 34.62 41.68 41.78
10.92 23.16 4.87 4.73 37.75 34.48 41.26 41.39
11.16 23.34 5.35 4.78 37.66 34.45 40.84 41.34
10.03 20.76 4.79 4.55 38.12 34.96 41.33 41.55
10.27 21.09 4.88 4.82 38.02 34.89 41.24 41.30
8.89 18.32 4.32 4.04 38.64 35.50 41.78 42.06
9.27 19.29 4.34 4.18 38.46 35.28 41.75 41.93
9.35 19.13 4.54 4.38 38.42 35.31 41.56 41.72
8.38 17.29 4.08 3.78 38.90 35.75 42.02 42.36
7.25 14.84 3.71 3.21 39.53 36.42 42.44 43.08
6.13 12.56 3.10 2.73 40.26 37.14 43.22 43.76
5.71 11.62 2.98 2.53 40.57 37.48 43.39 44.10
4.71 9.72 2.46 1.97 41.40 38.26 44.23 45.20
3.90 7.94 2.17 1.59 42.22 39.13 44.78 46.12
3.21 6.39 1.75 1.47 43.08 40.08 45.71 46.45
3.02 5.83 1.67 1.54 43.34 40.47 45.91 46.25
2.57 5.03 1.46 1.22 44.03 41.12 46.48 47.28
2.19 4.19 1.33 1.04 44.74 41.90 46.90 47.97
2.56 5.00 1.45 1.25 44.05 41.15 46.52 47.17
2.36 4.70 1.39 0.99 44.41 41.41 46.71 48.19
2.55 5.01 1.50 1.14 44.07 41.14 46.37 47.57
2.52 4.95 1.59 1.01 44.13 41.20 46.11 48.09
3.11 6.26 1.77 1.31 43.20 40.17 45.65 46.96
3.12 6.37 1.80 1.20 43.19 40.10 45.57 47.34
3.58 7.28 1.95 1.51 42.60 39.51 45.24 46.35
3.53 7.16 2.09 1.34 42.66 39.59 44.94 46.86
4.00 8.10 2.27 1.63 42.11 39.05 44.57 46.02
4.07 8.36 2.35 1.49 42.04 38.92 44.41 46.41
4.77 10.06 2.52 1.72 41.36 38.12 44.13 45.76
5.11 10.92 2.63 1.78 41.06 37.76 43.94 45.64
5.38 11.58 2.73 1.81 40.83 37.50 43.77 45.55
5.40 11.87 2.68 1.63 40.82 37.40 43.85 46.01
5.14 11.44 2.54 1.45 41.02 37.55 44.08 46.51
5.59 12.43 2.73 1.60 40.67 37.20 43.78 46.08
5.35 11.91 2.71 1.44 40.85 37.38 43.80 46.55
5.90 13.06 2.97 1.68 40.43 36.98 43.41 45.88
6.02 13.31 2.95 1.79 40.35 36.90 43.44 45.60
6.15 13.63 3.01 1.81 40.25 36.80 43.35 45.54
6.08 13.42 3.06 1.76 40.30 36.87 43.27 45.67
6.32 13.91 3.29 1.75 40.13 36.71 42.97 45.70
6.44 14.25 3.25 1.82 40.05 36.61 43.02 45.52
6.17 13.71 3.07 1.73 40.23 36.77 43.25 45.76
6.41 14.47 3.12 1.65 40.07 36.54 43.20 45.96
6.07 13.72 2.96 1.54 40.31 36.77 43.43 46.26
6.05 13.52 3.05 1.57 40.34 36.85 43.30 46.17
6.61 14.80 3.18 1.85 39.94 36.44 43.12 45.46
5.92 13.36 2.84 1.57 40.42 36.89 43.60 46.18
5.80 13.09 2.75 1.56 40.51 36.98 43.75 46.21
5.69 13.23 2.48 1.38 40.59 36.93 44.19 46.74
5.35 12.44 2.36 1.24 40.86 37.19 44.40 47.21
5.06 11.68 2.34 1.16 41.10 37.47 44.44 47.49
5.25 11.91 2.52 1.30 40.94 37.38 44.12 46.98
5.41 12.41 2.55 1.28 40.80 37.21 44.08 47.05
5.35 12.22 2.45 1.38 40.86 37.28 44.24 46.75
5.67 12.88 2.56 1.58 40.60 37.05 44.05 46.15
5.79 12.94 2.79 1.64 40.52 37.02 43.68 45.99
5.76 12.99 2.67 1.61 40.54 37.01 43.87 46.07
5.05 11.23 2.56 1.35 41.11 37.64 44.05 46.85
5.57 12.69 2.73 1.28 40.69 37.11 43.77 47.07
5.49 12.69 2.56 1.23 40.75 37.12 44.04 47.22
5.34 12.43 2.53 1.05 40.87 37.21 44.10 47.91
5.10 11.78 2.43 1.10 41.07 37.44 44.28 47.71
5.24 12.00 2.44 1.28 40.94 37.35 44.26 47.06
5.18 11.51 2.54 1.48 41.01 37.54 44.08 46.44
5.51 12.40 2.62 1.53 40.73 37.22 43.95 46.30
5.23 11.61 2.55 1.54 40.96 37.50 44.08 46.26
5.25 11.84 2.51 1.40 40.95 37.42 44.13 46.66
5.84 12.68 3.01 1.83 40.49 37.12 43.35 45.52
5.07 11.08 2.66 1.48 41.10 37.71 43.88 46.44
5.25 11.36 2.73 1.68 40.94 37.60 43.78 45.89
4.94 10.83 2.55 1.45 41.22 37.82 44.08 46.54
4.73 10.28 2.41 1.51 41.40 38.03 44.32 46.37
4.19 9.07 2.15 1.36 41.92 38.58 44.81 46.80
3.81 8.08 2.05 1.30 42.34 39.08 45.02 46.99
4.07 8.57 2.17 1.47 42.06 38.83 44.78 46.46
3.45 7.16 1.91 1.30 42.76 39.60 45.33 47.02
3.33 6.70 1.95 1.34 42.92 39.89 45.24 46.87
3.11 6.24 1.85 1.25 43.21 40.20 45.46 47.16
3.37 6.62 1.93 1.55 42.87 39.93 45.27 46.24
2.99 5.81 1.76 1.39 43.38 40.50 45.67 46.69
3.13 6.11 1.86 1.42 43.18 40.28 45.44 46.60
2.98 5.95 1.78 1.22 43.39 40.40 45.63 47.28
3.47 6.99 1.98 1.45 42.73 39.69 45.18 46.51
3.11 6.21 1.83 1.29 43.21 40.21 45.51 47.04
3.41 6.76 2.02 1.44 42.82 39.85 45.08 46.55
3.30 6.51 1.95 1.44 42.95 40.01 45.24 46.54
4.06 8.20 2.24 1.76 42.05 39.01 44.64 45.69
3.63 7.27 2.06 1.54 42.54 39.51 44.99 46.25
3.92 8.03 2.17 1.57 42.20 39.09 44.77 46.17
4.44 9.03 2.45 1.86 41.65 38.58 44.24 45.45
4.30 8.82 2.41 1.69 41.79 38.68 44.31 45.86
4.55 9.52 2.41 1.72 41.55 38.35 44.31 45.78
4.43 9.47 2.30 1.54 41.66 38.37 44.51 46.27
4.43 9.51 2.30 1.48 41.67 38.35 44.52 46.43
5.29 11.48 2.69 1.70 40.90 37.53 43.83 45.84
4.98 10.82 2.54 1.60 41.16 37.79 44.09 46.11
4.81 10.44 2.51 1.48 41.31 37.95 44.14 46.44
5.02 10.82 2.54 1.69 41.13 37.79 44.08 45.86
5.18 11.16 2.76 1.63 40.99 37.65 43.72 46.00
5.60 11.96 3.00 1.84 40.65 37.36 43.36 45.49
5.43 11.57 3.02 1.69 40.78 37.50 43.34 45.84
5.02 10.81 2.66 1.60 41.12 37.79 43.88 46.07
5.38 11.54 2.81 1.79 40.82 37.51 43.64 45.61
4.54 9.67 2.47 1.48 41.56 38.28 44.21 46.42
4.66 9.94 2.47 1.57 41.45 38.16 44.21 46.16
4.21 9.07 2.17 1.38 41.89 38.55 44.75 46.72
4.69 10.04 2.46 1.59 41.41 38.11 44.23 46.11
4.11 8.85 2.17 1.30 42.00 38.66 44.76 47.00
4.26 9.23 2.15 1.41 41.84 38.48 44.81 46.65
3.99 8.69 2.01 1.26 42.12 38.74 45.09 47.13
4.73 10.35 2.36 1.48 41.38 37.98 44.40 46.44
4.20 9.24 2.09 1.28 41.90 38.48 44.94 47.07
4.35 9.58 2.15 1.32 41.74 38.32 44.81 46.91
3.99 8.79 1.97 1.22 42.12 38.69 45.19 47.27
4.66 10.18 2.33 1.47 41.44 38.05 44.45 46.45
4.38 9.55 2.26 1.33 41.72 38.33 44.59 46.89
4.66 10.35 2.28 1.35 41.45 37.98 44.56 46.82
