0.00 0.00 0.00 0.00 0.00 0.00 0.00 0.00
0.00 0.00 0.00 0.00 0.00 0.00 0.00 0.00
0.00 0.00 0.00 0.00 0.00 0.00 0.00 0.00
0.00 0.00 0.00 0.00 0.00 0.00 0.00 0.00
0.00 0.00 0.00 0.00 0.00 0.00 0.00 0.00
0.00 0.02 0.00 0.00 0.00 0.01 0.01 0.00
0.00 0.00 0.00 0.00 0.00 0.00 0.00 0.00
0.01 0.01 0.01 0.00 0.01 0.00 0.02 0.00
0.00 0.00 0.00 0.00 0.00 0.00 0.00 0.00
0.01 0.03 0.01 0.00 0.01 0.01 0.01 0.02
0.02 0.03 0.00 0.01 0.01 0.02 0.00 0.03
0.00 0.00 0.00 0.00 0.00 0.00 0.00 0.01
0.00 0.00 0.00 0.00 0.00 0.00 0.01 0.01
0.02 0.03 0.02 0.01 0.02 0.01 0.04 0.02
0.00 0.01 0.00 0.01 0.00 0.01 0.00 0.02
0.00 0.01 0.01 0.00 0.00 0.00 0.01 0.00
0.00 0.01 0.01 0.01 0.00 0.00 0.02 0.02
0.00 0.02 0.02 0.01 0.00 0.00 0.03 0.02
0.00 0.01 0.00 0.00 0.00 0.00 0.00 0.01
0.00 0.02 0.00 0.01 0.00 0.01 0.01 0.02
0.00 0.01 0.01 0.00 0.00 0.00 0.01 0.02
0.03 0.07 0.01 0.02 0.02 0.02 0.02 0.06
0.00 0.01 0.02 0.01 0.01 0.00 0.03 0.02
0.00 0.01 0.01 0.01 0.00 0.00 0.03 0.03
0.01 0.01 0.01 0.01 0.00 0.00 0.03 0.02
0.01 0.04 0.01 0.01 0.01 0.02 0.01 0.03
0.01 0.04 0.01 0.01 0.01 0.01 0.02 0.02
0.01 0.05 0.01 0.02 0.01 0.02 0.02 0.05
0.02 0.05 0.02 0.00 0.02 0.02 0.03 0.01
0.02 0.06 0.01 0.01 0.01 0.02 0.02 0.04
0.10 0.27 0.02 0.02 0.09 0.12 0.04 0.06
0.12 0.31 0.03 0.01 0.10 0.14 0.05 0.01
0.13 0.36 0.04 0.01 0.12 0.16 0.06 0.03
0.10 0.26 0.03 0.01 0.08 0.11 0.04 0.01
0.07 0.19 0.05 0.01 0.07 0.09 0.08 0.03
0.10 0.24 0.05 0.03 0.08 0.10 0.08 0.06
0.08 0.20 0.03 0.01 0.07 0.09 0.06 0.01
0.07 0.21 0.02 0.01 0.07 0.10 0.04 0.02
0.07 0.16 0.03 0.01 0.07 0.08 0.06 0.03
0.06 0.18 0.02 0.01 0.06 0.08 0.03 0.03
0.06 0.17 0.02 0.02 0.07 0.09 0.04 0.07
0.08 0.21 0.02 0.02 0.09 0.12 0.04 0.08
0.05 0.15 0.01 0.02 0.06 0.08 0.02 0.08
0.05 0.11 0.03 0.02 0.06 0.06 0.06 0.06
0.05 0.14 0.02 0.01 0.07 0.08 0.04 0.03
0.06 0.15 0.03 0.01 0.07 0.08 0.06 0.05
0.05 0.12 0.04 0.02 0.06 0.06 0.09 0.07
0.07 0.18 0.04 0.03 0.07 0.08 0.06 0.08
0.08 0.19 0.04 0.03 0.08 0.09 0.08 0.09
0.10 0.24 0.05 0.02 0.11 0.12 0.09 0.07
0.11 0.26 0.06 0.02 0.10 0.12 0.09 0.05
0.08 0.19 0.05 0.02 0.09 0.10 0.09 0.07
0.12 0.31 0.06 0.03 0.12 0.14 0.10 0.09
0.09 0.22 0.03 0.02 0.10 0.12 0.05 0.07
0.08 0.18 0.05 0.02 0.09 0.10 0.09 0.07
0.10 0.26 0.04 0.03 0.11 0.13 0.07 0.09
0.12 0.29 0.05 0.02 0.14 0.15 0.10 0.09
0.05 0.12 0.04 0.02 0.07 0.07 0.09 0.09
0.08 0.18 0.04 0.02 0.09 0.09 0.09 0.09
0.07 0.18 0.03 0.02 0.09 0.09 0.07 0.08
0.17 0.40 0.10 0.02 0.20 0.22 0.21 0.08
0.25 0.63 0.12 0.03 0.26 0.30 0.22 0.10
0.19 0.46 0.09 0.02 0.20 0.24 0.18 0.08
0.18 0.43 0.07 0.03 0.20 0.22 0.15 0.10
0.17 0.43 0.06 0.02 0.21 0.26 0.13 0.06
0.12 0.31 0.04 0.02 0.16 0.19 0.10 0.10
0.19 0.43 0.10 0.04 0.25 0.26 0.23 0.18
0.19 0.43 0.09 0.04 0.26 0.28 0.22 0.18
0.15 0.35 0.08 0.02 0.23 0.26 0.21 0.11
0.17 0.37 0.08 0.05 0.22 0.24 0.20 0.18
0.20 0.49 0.08 0.04 0.25 0.30 0.19 0.17
0.22 0.55 0.06 0.03 0.27 0.33 0.15 0.13
0.15 0.41 0.07 0.02 0.19 0.24 0.15 0.07
0.29 0.75 0.09 0.03 0.30 0.37 0.18 0.11
0.27 0.71 0.08 0.02 0.29 0.35 0.16 0.07
0.31 0.85 0.08 0.02 0.35 0.45 0.17 0.07
0.36 0.92 0.11 0.04 0.45 0.53 0.25 0.22
0.37 0.95 0.12 0.04 0.46 0.55 0.26 0.22
0.34 0.89 0.11 0.04 0.44 0.52 0.26 0.20
0.36 0.93 0.12 0.04 0.42 0.49 0.26 0.18
0.31 0.79 0.10 0.04 0.37 0.43 0.21 0.18
0.30 0.74 0.13 0.03 0.34 0.39 0.26 0.14
0.26 0.65 0.10 0.04 0.26 0.30 0.19 0.12
0.20 0.51 0.07 0.03 0.23 0.26 0.13 0.13
0.25 0.65 0.08 0.03 0.26 0.32 0.14 0.10
0.22 0.54 0.09 0.04 0.25 0.29 0.18 0.13
0.25 0.61 0.11 0.05 0.27 0.31 0.20 0.14
0.22 0.54 0.09 0.04 0.25 0.28 0.17 0.12
0.19 0.46 0.07 0.05 0.20 0.23 0.14 0.14
0.23 0.53 0.12 0.06 0.25 0.27 0.23 0.19
0.14 0.34 0.07 0.04 0.15 0.17 0.13 0.12
0.17 0.42 0.08 0.02 0.20 0.23 0.16 0.07
0.16 0.38 0.08 0.03 0.18 0.21 0.16 0.10
0.14 0.34 0.04 0.02 0.18 0.21 0.11 0.10
0.16 0.37 0.06 0.05 0.21 0.23 0.15 0.19
0.13 0.30 0.05 0.04 0.20 0.22 0.16 0.19
0.11 0.31 0.04 0.02 0.18 0.22 0.11 0.08
0.12 0.29 0.04 0.03 0.19 0.23 0.13 0.16
0.11 0.28 0.05 0.03 0.19 0.22 0.14 0.13
0.14 0.34 0.05 0.02 0.25 0.30 0.16 0.13
0.13 0.31 0.05 0.02 0.22 0.25 0.17 0.10
0.13 0.31 0.05 0.03 0.22 0.26 0.15 0.15
0.13 0.30 0.05 0.03 0.19 0.21 0.16 0.13
0.13 0.27 0.07 0.06 0.20 0.21 0.18 0.26
0.19 0.40 0.08 0.08 0.27 0.30 0.22 0.30
0.28 0.55 0.17 0.14 0.39 0.37 0.40 0.44
0.28 0.55 0.13 0.15 0.35 0.36 0.29 0.37
0.52 0.99 0.16 0.41 0.59 0.61 0.34 0.73
0.63 1.11 0.18 0.59 0.58 0.58 0.32 0.79
0.70 1.16 0.24 0.69 0.64 0.61 0.41 0.86
0.88 1.56 0.44 0.64 0.71 0.74 0.58 0.79
0.82 1.42 0.31 0.74 0.59 0.59 0.39 0.78
0.86 1.50 0.39 0.71 0.62 0.62 0.47 0.75
0.87 1.55 0.43 0.64 0.65 0.66 0.54 0.73
0.91 1.63 0.43 0.67 0.72 0.73 0.59 0.81
0.91 1.53 0.40 0.81 0.70 0.67 0.55 0.91
0.83 1.47 0.25 0.77 0.65 0.65 0.38 0.87
0.83 1.39 0.28 0.80 0.68 0.65 0.46 0.95
0.84 1.48 0.27 0.76 0.69 0.68 0.44 0.94
0.69 1.20 0.17 0.71 0.57 0.55 0.28 0.87
0.75 1.36 0.33 0.55 0.61 0.61 0.49 0.71
0.76 1.33 0.35 0.62 0.63 0.61 0.51 0.81
0.87 1.57 0.39 0.65 0.67 0.69 0.48 0.77
0.94 1.57 0.47 0.77 0.67 0.65 0.55 0.83
0.77 1.40 0.31 0.60 0.58 0.61 0.39 0.69
0.72 1.15 0.15 0.86 0.49 0.45 0.19 0.82
0.67 1.09 0.18 0.72 0.44 0.42 0.21 0.72
0.65 1.05 0.21 0.72 0.50 0.47 0.28 0.76
0.70 1.47 0.31 0.34 0.53 0.63 0.39 0.39
0.70 1.21 0.20 0.71 0.51 0.51 0.25 0.74
0.59 0.94 0.14 0.68 0.45 0.41 0.19 0.76
0.75 1.23 0.28 0.73 0.55 0.55 0.37 0.70
0.68 1.28 0.21 0.56 0.52 0.58 0.25 0.61
0.61 0.92 0.19 0.73 0.49 0.45 0.26 0.71
0.47 0.63 0.09 0.70 0.39 0.31 0.14 0.74
0.61 0.82 0.30 0.70 0.48 0.39 0.41 0.74
0.42 0.59 0.18 0.50 0.36 0.30 0.27 0.56
0.52 0.72 0.18 0.66 0.47 0.40 0.30 0.75
0.56 0.89 0.17 0.63 0.48 0.44 0.26 0.75
0.57 0.85 0.26 0.60 0.48 0.42 0.37 0.70
0.28 0.37 0.04 0.44 0.30 0.23 0.08 0.69
0.33 0.40 0.15 0.43 0.35 0.25 0.25 0.71
0.12 0.13 0.04 0.22 0.14 0.09 0.06 0.50
0.12 0.19 0.06 0.10 0.15 0.13 0.12 0.27
0.09 0.16 0.07 0.03 0.15 0.14 0.20 0.13
0.05 0.09 0.02 0.07 0.09 0.07 0.05 0.25
0.07 0.17 0.04 0.04 0.12 0.14 0.10 0.17
0.06 0.09 0.04 0.07 0.10 0.08 0.10 0.27
0.05 0.10 0.03 0.02 0.09 0.09 0.09 0.10
0.05 0.11 0.03 0.03 0.08 0.09 0.09 0.12
0.06 0.12 0.06 0.03 0.12 0.11 0.17 0.12
0.04 0.12 0.01 0.02 0.07 0.11 0.03 0.08
0.04 0.10 0.03 0.02 0.07 0.09 0.08 0.07
0.04 0.09 0.03 0.03 0.06 0.08 0.08 0.09
0.05 0.12 0.04 0.01 0.09 0.12 0.12 0.06
0.04 0.09 0.02 0.03 0.07 0.09 0.07 0.10
0.04 0.10 0.04 0.01 0.09 0.10 0.13 0.04
0.03 0.07 0.03 0.03 0.05 0.06 0.09 0.08
0.04 0.09 0.03 0.01 0.06 0.07 0.07 0.03
0.06 0.10 0.04 0.04 0.06 0.05 0.08 0.10
0.04 0.10 0.03 0.03 0.03 0.03 0.04 0.05
0.08 0.17 0.05 0.04 0.05 0.05 0.06 0.05
0.11 0.21 0.08 0.06 0.06 0.06 0.08 0.08
0.07 0.15 0.05 0.04 0.03 0.04 0.05 0.04
0.04 0.09 0.03 0.03 0.01 0.02 0.02 0.04
0.04 0.10 0.06 0.02 0.02 0.02 0.05 0.03
0.05 0.09 0.06 0.02 0.02 0.02 0.05 0.03
0.06 0.11 0.06 0.04 0.03 0.02 0.05 0.04
0.04 0.09 0.04 0.02 0.02 0.02 0.03 0.03
0.05 0.09 0.06 0.03 0.02 0.02 0.05 0.03
0.03 0.09 0.03 0.03 0.01 0.02 0.03 0.04
0.04 0.08 0.03 0.06 0.02 0.02 0.03 0.07
0.04 0.09 0.03 0.05 0.02 0.02 0.03 0.06
0.04 0.10 0.03 0.04 0.02 0.02 0.03 0.05
0.05 0.10 0.04 0.03 0.03 0.03 0.05 0.04
0.04 0.10 0.04 0.05 0.02 0.02 0.03 0.05
0.04 0.07 0.05 0.04 0.02 0.02 0.05 0.04
0.02 0.05 0.03 0.04 0.01 0.01 0.03 0.04
0.03 0.09 0.03 0.03 0.02 0.02 0.03 0.04
0.05 0.10 0.04 0.03 0.02 0.02 0.04 0.04
0.02 0.06 0.00 0.01 0.01 0.01 0.01 0.01
0.02 0.03 0.01 0.02 0.01 0.01 0.01 0.02
0.01 0.04 0.03 0.03 0.00 0.00 0.02 0.03
0.04 0.09 0.00 0.07 0.02 0.02 0.00 0.07
0.02 0.05 0.03 0.04 0.01 0.01 0.02 0.04
0.05 0.12 0.03 0.04 0.02 0.02 0.03 0.04
0.04 0.08 0.03 0.05 0.02 0.02 0.03 0.05
0.06 0.13 0.01 0.05 0.03 0.03 0.01 0.04
0.03 0.07 0.03 0.02 0.02 0.02 0.03 0.02
0.11 0.21 0.08 0.06 0.06 0.05 0.08 0.07
0.02 0.04 0.06 0.05 0.01 0.01 0.06 0.05
0.15 0.28 0.11 0.06 0.08 0.07 0.12 0.07
0.06 0.13 0.02 0.03 0.03 0.04 0.02 0.04
0.06 0.06 0.06 0.08 0.05 0.02 0.09 0.13
0.06 0.10 0.05 0.07 0.05 0.04 0.07 0.12
0.12 0.23 0.07 0.05 0.11 0.11 0.13 0.11
0.08 0.16 0.05 0.05 0.10 0.09 0.10 0.13
0.06 0.09 0.02 0.07 0.08 0.06 0.05 0.22
0.06 0.11 0.02 0.06 0.09 0.08 0.04 0.17
0.09 0.17 0.06 0.07 0.15 0.14 0.17 0.23
0.05 0.10 0.03 0.03 0.09 0.11 0.09 0.11
0.07 0.17 0.01 0.05 0.13 0.15 0.03 0.19
0.10 0.20 0.07 0.04 0.18 0.18 0.21 0.17
0.06 0.13 0.04 0.02 0.09 0.11 0.13 0.08
0.12 0.25 0.09 0.02 0.22 0.23 0.28 0.10
0.14 0.33 0.07 0.04 0.21 0.24 0.19 0.12
0.12 0.29 0.06 0.03 0.18 0.21 0.15 0.11
0.14 0.33 0.05 0.05 0.18 0.21 0.13 0.16
0.09 0.24 0.04 0.03 0.11 0.15 0.09 0.10
0.17 0.42 0.06 0.05 0.20 0.24 0.11 0.13
0.18 0.44 0.07 0.03 0.20 0.24 0.13 0.07
0.27 0.68 0.09 0.03 0.26 0.32 0.16 0.08
0.29 0.76 0.08 0.04 0.27 0.33 0.13 0.11
0.28 0.73 0.07 0.04 0.24 0.30 0.11 0.11
0.30 0.84 0.05 0.03 0.26 0.34 0.08 0.08
0.21 0.67 0.04 0.02 0.19 0.28 0.06 0.06
0.30 0.81 0.08 0.03 0.26 0.31 0.13 0.08
0.19 0.62 0.02 0.06 0.16 0.24 0.02 0.17
0.28 0.83 0.05 0.05 0.22 0.30 0.08 0.13
0.36 1.04 0.07 0.02 0.29 0.38 0.11 0.06
0.39 1.05 0.10 0.02 0.30 0.37 0.15 0.06
0.30 0.85 0.06 0.02 0.23 0.30 0.10 0.05
0.38 0.96 0.15 0.04 0.29 0.33 0.20 0.09
0.38 1.04 0.11 0.02 0.28 0.35 0.15 0.05
0.29 0.76 0.07 0.04 0.22 0.26 0.11 0.10
0.46 1.17 0.18 0.05 0.34 0.39 0.26 0.13
0.42 1.11 0.13 0.05 0.33 0.39 0.19 0.13
0.54 1.35 0.23 0.06 0.44 0.49 0.36 0.17
0.43 1.11 0.16 0.05 0.31 0.36 0.23 0.13
0.44 1.15 0.15 0.08 0.35 0.42 0.24 0.21
0.40 1.02 0.17 0.04 0.33 0.37 0.29 0.12
0.43 1.12 0.14 0.04 0.36 0.41 0.26 0.13
0.37 0.98 0.11 0.03 0.33 0.38 0.21 0.11
0.32 0.90 0.07 0.02 0.30 0.37 0.14 0.09
0.30 0.81 0.11 0.02 0.27 0.33 0.19 0.06
0.33 0.90 0.08 0.01 0.28 0.35 0.14 0.04
0.42 1.09 0.14 0.04 0.37 0.44 0.26 0.14
0.38 1.02 0.10 0.04 0.32 0.39 0.18 0.11
0.35 0.87 0.13 0.06 0.28 0.32 0.21 0.17
0.38 1.00 0.13 0.02 0.31 0.37 0.22 0.06
0.35 0.81 0.19 0.07 0.32 0.34 0.33 0.25
0.38 0.96 0.15 0.04 0.32 0.36 0.24 0.13
0.39 1.05 0.10 0.03 0.34 0.40 0.17 0.13
0.42 1.10 0.12 0.05 0.38 0.43 0.21 0.24
0.41 1.04 0.13 0.06 0.39 0.43 0.25 0.24
0.35 0.91 0.09 0.08 0.31 0.36 0.17 0.27
0.42 1.04 0.16 0.12 0.38 0.44 0.27 0.36
0.42 1.10 0.10 0.08 0.37 0.44 0.16 0.22
0.40 1.02 0.11 0.09 0.37 0.43 0.19 0.26
0.44 1.14 0.12 0.06 0.41 0.48 0.21 0.20
0.49 1.25 0.14 0.11 0.41 0.49 0.22 0.26
0.45 1.16 0.12 0.07 0.43 0.53 0.20 0.23
0.40 1.00 0.13 0.09 0.37 0.43 0.22 0.24
0.51 1.28 0.18 0.10 0.52 0.61 0.32 0.31
0.42 1.05 0.14 0.09 0.44 0.51 0.27 0.28
0.33 0.82 0.11 0.06 0.38 0.45 0.24 0.19
0.33 0.82 0.11 0.06 0.42 0.51 0.25 0.20
0.36 0.87 0.14 0.09 0.43 0.51 0.29 0.27
0.27 0.65 0.10 0.07 0.37 0.44 0.23 0.25
0.23 0.53 0.10 0.06 0.33 0.38 0.25 0.22
0.22 0.51 0.08 0.06 0.33 0.39 0.19 0.23
0.19 0.43 0.08 0.08 0.27 0.31 0.18 0.24
0.17 0.39 0.07 0.07 0.27 0.32 0.19 0.23
0.15 0.37 0.05 0.05 0.23 0.28 0.13 0.15
0.16 0.36 0.08 0.05 0.25 0.29 0.19 0.18
0.20 0.46 0.07 0.06 0.26 0.31 0.16 0.20
0.20 0.44 0.09 0.06 0.30 0.34 0.23 0.22
0.25 0.57 0.11 0.07 0.35 0.41 0.25 0.23
0.21 0.48 0.10 0.07 0.30 0.36 0.24 0.21
0.28 0.66 0.10 0.08 0.33 0.39 0.22 0.21
0.07 0.15 0.04 0.04 0.09 0.10 0.09 0.11
0.05 0.11 0.04 0.03 0.06 0.06 0.07 0.09
0.04 0.10 0.03 0.03 0.05 0.05 0.06 0.06
0.04 0.09 0.02 0.02 0.04 0.04 0.04 0.05
0.04 0.08 0.03 0.02 0.03 0.04 0.05 0.06
0.03 0.07 0.04 0.02 0.03 0.03 0.07 0.04
0.04 0.10 0.03 0.02 0.04 0.05 0.05 0.05
0.03 0.07 0.03 0.01 0.03 0.03 0.05 0.04
0.03 0.08 0.03 0.02 0.02 0.03 0.05 0.05
0.02 0.05 0.03 0.01 0.02 0.02 0.04 0.04
0.04 0.10 0.04 0.02 0.04 0.04 0.06 0.06
0.04 0.10 0.02 0.02 0.03 0.04 0.03 0.05
0.03 0.08 0.03 0.02 0.03 0.03 0.04 0.04
0.03 0.09 0.02 0.02 0.03 0.03 0.02 0.07
0.04 0.09 0.03 0.02 0.03 0.03 0.06 0.06
0.04 0.09 0.02 0.02 0.03 0.04 0.03 0.06
0.04 0.09 0.03 0.02 0.03 0.04 0.05 0.06
0.03 0.07 0.02 0.03 0.03 0.03 0.04 0.07
0.03 0.06 0.03 0.02 0.03 0.03 0.05 0.06
0.02 0.04 0.02 0.01 0.02 0.02 0.04 0.04
0.02 0.04 0.03 0.02 0.02 0.02 0.07 0.06
0.01 0.04 0.03 0.01 0.01 0.02 0.05 0.03
0.02 0.05 0.02 0.02 0.02 0.02 0.05 0.06
0.03 0.06 0.03 0.03 0.03 0.03 0.06 0.08
0.03 0.07 0.03 0.02 0.04 0.03 0.07 0.08
0.02 0.04 0.03 0.02 0.02 0.02 0.06 0.06
0.04 0.09 0.04 0.03 0.05 0.04 0.09 0.10
0.05 0.07 0.05 0.04 0.04 0.03 0.09 0.12
0.05 0.08 0.04 0.04 0.05 0.04 0.09 0.12
0.06 0.09 0.06 0.03 0.05 0.04 0.11 0.10
