3.92 8.48 2.12 1.15 42.20 38.85 44.87 47.51
3.61 7.65 2.04 1.16 42.55 39.30 45.04 47.48
3.64 7.75 2.05 1.12 42.52 39.24 45.02 47.62
3.81 8.37 2.02 1.03 42.33 38.90 45.07 48.01
3.48 7.59 1.89 0.97 42.71 39.33 45.36 48.25
3.80 8.32 1.99 1.08 42.34 38.93 45.15 47.78
3.66 8.10 1.89 0.98 42.50 39.04 45.36 48.20
4.15 9.17 2.18 1.09 41.95 38.51 44.74 47.76
3.56 7.89 1.89 0.89 42.62 39.16 45.38 48.61
3.79 8.57 1.99 0.83 42.34 38.80 45.15 48.96
3.63 8.26 1.92 0.71 42.53 38.96 45.29 49.64
3.94 8.85 2.10 0.86 42.18 38.66 44.91 48.78
3.81 8.47 1.98 0.97 42.32 38.85 45.16 48.25
4.51 9.95 2.37 1.21 41.59 38.15 44.39 47.31
4.31 9.39 2.27 1.28 41.78 38.40 44.57 47.06
5.11 11.08 2.69 1.57 41.05 37.69 43.84 46.18
5.16 11.22 2.76 1.50 41.00 37.63 43.71 46.38
4.95 10.64 2.80 1.40 41.19 37.87 43.66 46.68
5.17 11.30 2.80 1.40 41.00 37.60 43.66 46.66
5.22 11.39 2.89 1.38 40.95 37.57 43.52 46.72
4.95 10.88 2.61 1.37 41.19 37.77 43.96 46.76
4.72 10.40 2.55 1.21 41.39 37.96 44.06 47.29
4.96 10.89 2.65 1.32 41.18 37.76 43.90 46.92
4.23 9.37 2.26 1.08 41.87 38.41 44.59 47.80
4.58 10.07 2.35 1.33 41.52 38.10 44.43 46.91
4.40 9.61 2.29 1.29 41.70 38.31 44.53 47.04
4.51 9.77 2.32 1.42 41.59 38.23 44.47 46.61
4.74 10.16 2.58 1.47 41.38 38.06 44.01 46.44
4.27 9.16 2.30 1.34 41.83 38.51 44.51 46.86
4.78 10.06 2.68 1.59 41.34 38.10 43.85 46.11
3.78 7.76 2.13 1.46 42.36 39.23 44.85 46.50
4.14 8.45 2.37 1.60 41.96 38.86 44.39 46.08
3.81 7.69 2.21 1.51 42.33 39.27 44.68 46.33
4.24 8.60 2.49 1.63 41.86 38.79 44.16 46.01
3.78 7.58 2.22 1.54 42.36 39.34 44.67 46.27
4.07 8.16 2.38 1.68 42.04 39.01 44.38 45.89
3.56 7.15 2.08 1.46 42.61 39.58 44.96 46.49
3.87 7.73 2.23 1.64 42.26 39.25 44.65 45.99
3.45 6.92 1.95 1.50 42.75 39.73 45.22 46.38
3.68 7.52 2.17 1.36 42.47 39.37 44.76 46.80
3.01 6.16 1.80 1.09 43.34 40.23 45.58 47.77
3.15 6.50 1.87 1.08 43.15 40.00 45.41 47.78
2.69 5.54 1.61 0.92 43.83 40.69 46.06 48.47
3.08 6.28 1.86 1.09 43.25 40.15 45.42 47.76
2.84 5.89 1.69 0.95 43.59 40.43 45.84 48.37
3.26 6.56 2.06 1.16 43.00 39.96 45.00 47.48
3.15 6.29 2.02 1.13 43.15 40.14 45.07 47.59
3.68 7.37 2.31 1.36 42.47 39.45 44.49 46.79
3.68 7.33 2.34 1.36 42.48 39.48 44.43 46.79
3.44 6.82 2.21 1.28 42.77 39.80 44.69 47.07
3.97 7.93 2.52 1.47 42.14 39.14 44.13 46.46
3.45 6.95 2.23 1.19 42.75 39.71 44.65 47.38
3.76 7.52 2.37 1.38 42.39 39.37 44.39 46.73
3.27 6.62 2.07 1.11 42.99 39.92 44.97 47.67
3.28 6.68 2.06 1.10 42.97 39.89 44.99 47.70
3.51 7.19 2.17 1.18 42.67 39.56 44.77 47.41
3.38 6.91 2.05 1.19 42.84 39.74 45.02 47.38
3.11 6.64 1.82 0.86 43.21 39.91 45.54 48.78
3.37 7.12 2.05 0.94 42.85 39.60 45.01 48.39
3.39 7.04 2.16 0.98 42.83 39.66 44.79 48.24
3.29 6.78 1.96 1.13 42.96 39.82 45.21 47.62
3.68 7.48 2.27 1.29 42.47 39.39 44.57 47.02
3.45 7.13 2.06 1.17 42.75 39.60 44.98 47.46
3.34 6.84 1.98 1.20 42.90 39.78 45.16 47.34
2.95 5.99 1.80 1.04 43.44 40.36 45.57 47.95
2.94 5.95 1.80 1.07 43.45 40.39 45.58 47.84
2.90 5.87 1.76 1.08 43.50 40.45 45.67 47.81
2.75 5.52 1.68 1.06 43.73 40.71 45.87 47.88
2.49 5.01 1.48 0.97 44.17 41.14 46.42 48.26
2.77 5.57 1.64 1.11 43.70 40.68 45.98 47.68
2.88 5.80 1.72 1.13 43.53 40.50 45.77 47.60
3.00 6.08 1.78 1.13 43.37 40.29 45.63 47.59
3.38 6.95 2.00 1.21 42.84 39.72 45.12 47.30
3.67 7.56 2.21 1.25 42.48 39.34 44.68 47.16
3.60 7.49 2.13 1.20 42.56 39.39 44.85 47.35
3.23 6.78 1.90 1.00 43.04 39.82 45.34 48.13
3.01 6.32 1.83 0.89 43.34 40.12 45.50 48.64
3.12 6.60 1.90 0.86 43.19 39.94 45.34 48.78
3.17 6.65 1.98 0.87 43.13 39.91 45.17 48.74
3.30 7.01 1.98 0.90 42.95 39.68 45.16 48.57
3.19 6.74 1.97 0.86 43.09 39.84 45.19 48.77
3.20 6.80 1.93 0.89 43.08 39.81 45.28 48.65
3.46 7.21 2.09 1.07 42.74 39.56 44.93 47.83
3.23 6.72 1.97 0.98 43.04 39.85 45.19 48.20
3.46 7.12 2.14 1.13 42.74 39.61 44.84 47.58
3.19 6.49 1.97 1.10 43.09 40.01 45.18 47.70
3.37 6.87 2.04 1.21 42.85 39.76 45.04 47.29
3.10 6.28 1.93 1.09 43.21 40.15 45.27 47.74
3.27 6.61 1.99 1.23 42.98 39.93 45.16 47.23
3.27 6.67 2.05 1.10 42.98 39.89 45.02 47.72
3.57 7.36 2.09 1.26 42.61 39.46 44.93 47.14
3.06 6.29 1.85 1.03 43.28 40.14 45.45 48.00
2.97 6.08 1.82 1.01 43.40 40.29 45.54 48.07
2.61 5.36 1.60 0.88 43.96 40.84 46.09 48.66
2.62 5.45 1.53 0.88 43.94 40.76 46.29 48.67
2.29 4.76 1.35 0.76 44.53 41.35 46.84 49.31
2.28 4.62 1.36 0.86 44.55 41.48 46.79 48.82
2.06 4.15 1.30 0.74 44.99 41.95 46.98 49.45
2.17 4.42 1.30 0.80 44.76 41.68 46.99 49.11
1.97 4.07 1.19 0.65 45.19 42.04 47.37 49.99
2.13 4.37 1.27 0.74 44.85 41.73 47.08 49.47
2.11 4.35 1.29 0.70 44.89 41.75 47.03 49.71
2.35 4.81 1.39 0.85 44.42 41.31 46.71 48.86
2.29 4.56 1.46 0.85 44.54 41.55 46.49 48.84
2.38 4.62 1.54 0.99 44.37 41.49 46.27 48.18
2.56 4.98 1.60 1.09 44.06 41.16 46.10 47.77
2.72 5.14 1.71 1.31 43.78 41.02 45.79 46.97
2.75 4.84 1.72 1.67 43.74 41.28 45.77 45.91
3.20 5.58 1.94 2.08 43.08 40.66 45.26 44.96
3.32 5.63 2.10 2.23 42.92 40.63 44.92 44.64
3.69 6.20 2.50 2.38 42.46 40.21 44.15 44.38
4.18 7.01 2.85 2.67 41.93 39.68 43.58 43.87
4.16 6.95 2.89 2.63 41.94 39.71 43.52 43.92
3.80 6.37 2.50 2.54 42.33 40.09 44.15 44.09
3.80 6.44 2.48 2.49 42.34 40.05 44.19 44.17
3.81 6.47 2.44 2.50 42.33 40.02 44.25 44.15
3.65 6.23 2.40 2.34 42.50 40.19 44.33 44.44
3.19 5.52 2.00 2.05 43.09 40.71 45.13 45.01
3.06 5.40 1.92 1.87 43.27 40.81 45.31 45.42
3.09 5.48 1.96 1.85 43.23 40.75 45.21 45.47
3.36 6.08 2.06 1.92 42.88 40.30 44.99 45.30
3.13 5.58 1.97 1.82 43.18 40.67 45.18 45.53
3.68 6.32 2.57 2.15 42.48 40.13 44.04 44.81
3.78 6.43 2.57 2.33 42.36 40.05 44.04 44.46
3.88 6.52 2.65 2.47 42.24 39.99 43.90 44.21
4.56 7.81 3.09 2.80 41.54 39.21 43.24 43.67
4.43 7.47 3.03 2.78 41.67 39.40 43.32 43.69
3.73 6.19 2.60 2.39 42.42 40.22 43.97 44.35
3.97 6.76 2.71 2.43 42.15 39.83 43.80 44.26
3.96 6.65 2.76 2.48 42.16 39.91 43.73 44.20
3.70 6.26 2.51 2.33 42.45 40.17 44.13 44.46
4.12 6.99 2.80 2.57 41.98 39.69 43.66 44.03
3.98 6.58 2.79 2.56 42.14 39.96 43.68 44.05
3.61 5.94 2.41 2.49 42.56 40.40 44.31 44.17
3.62 5.99 2.38 2.49 42.55 40.36 44.36 44.17
3.30 5.36 2.14 2.40 42.95 40.84 44.82 44.34
3.37 5.58 2.09 2.46 42.85 40.67 44.94 44.22
3.14 5.15 1.98 2.28 43.17 41.01 45.17 44.56
3.02 5.07 1.97 2.03 43.33 41.09 45.18 45.05
3.17 5.42 2.03 2.06 43.12 40.79 45.07 44.99
2.80 4.74 1.96 1.71 43.65 41.38 45.20 45.81
2.73 4.62 1.96 1.61 43.77 41.48 45.21 46.05
2.57 4.56 1.87 1.29 44.03 41.54 45.41 47.04
2.45 4.57 1.70 1.08 44.24 41.54 45.82 47.80
1.98 3.79 1.28 0.86 45.17 42.34 47.04 48.79
2.16 4.14 1.37 0.98 44.78 41.96 46.75 48.23
1.97 3.77 1.27 0.87 45.19 42.37 47.08 48.74
2.23 4.16 1.50 1.04 44.64 41.94 46.38 47.98
2.04 3.87 1.38 0.89 45.03 42.25 46.75 48.64
2.21 4.09 1.49 1.04 44.70 42.01 46.42 47.97
1.93 3.62 1.28 0.88 45.28 42.54 47.06 48.68
2.20 4.07 1.50 1.04 44.71 42.03 46.37 47.99
1.93 3.61 1.35 0.84 45.27 42.56 46.83 48.88
2.08 3.84 1.39 1.02 44.94 42.28 46.71 48.04
1.82 3.35 1.18 0.92 45.54 42.88 47.42 48.49
1.96 3.58 1.27 1.02 45.21 42.59 47.08 48.06
1.75 3.16 1.17 0.92 45.70 43.14 47.46 48.49
2.12 3.86 1.41 1.08 44.88 42.27 46.65 47.79
2.36 4.23 1.59 1.25 44.41 41.87 46.12 47.17
2.95 5.47 1.87 1.53 43.43 40.75 45.43 46.29
3.61 6.75 2.28 1.79 42.55 39.84 44.54 45.60
3.98 7.47 2.54 1.93 42.13 39.40 44.08 45.28
3.98 7.46 2.51 1.96 42.14 39.41 44.13 45.21
5.03 9.69 3.08 2.30 41.12 38.27 43.25 44.51
4.59 8.86 2.80 2.11 41.51 38.66 43.66 44.88
5.09 9.93 3.05 2.30 41.07 38.17 43.29 44.52
4.91 9.59 2.99 2.15 41.22 38.31 43.38 44.80
5.56 10.92 3.31 2.45 40.68 37.75 42.94 44.24
5.48 10.89 3.29 2.26 40.75 37.77 42.96 44.58
5.66 11.12 3.45 2.41 40.61 37.68 42.75 44.32
5.57 11.05 3.34 2.33 40.68 37.70 42.90 44.46
5.25 10.25 3.15 2.35 40.94 38.03 43.16 44.42
4.53 8.92 2.77 1.90 41.57 38.63 43.70 45.34
4.57 8.81 2.83 2.07 41.54 38.69 43.62 44.97
3.59 6.65 2.28 1.83 42.59 39.91 44.56 45.50
4.17 7.66 2.73 2.13 41.93 39.30 43.78 44.84
4.22 7.78 2.65 2.24 41.88 39.23 43.91 44.63
4.16 7.83 2.56 2.10 41.94 39.20 44.05 44.92
4.42 8.49 2.68 2.07 41.69 38.85 43.86 44.97
4.11 7.96 2.46 1.90 42.00 39.13 44.23 45.34
4.30 8.49 2.48 1.93 41.81 38.85 44.20 45.28
4.76 9.51 2.67 2.10 41.37 38.36 43.88 44.93
4.55 8.74 2.59 2.33 41.56 38.73 44.01 44.46
4.70 8.95 2.65 2.51 41.42 38.62 43.91 44.15
4.95 9.25 2.84 2.77 41.20 38.48 43.61 43.72
5.32 9.92 3.24 2.81 40.88 38.18 43.04 43.65
4.85 9.16 2.85 2.54 41.28 38.52 43.58 44.09
5.21 9.81 3.08 2.75 40.97 38.22 43.26 43.75
4.95 9.40 2.97 2.49 41.19 38.40 43.41 44.18
4.58 8.66 2.74 2.34 41.53 38.76 43.76 44.45
4.97 9.56 2.85 2.49 41.17 38.33 43.59 44.18
4.21 8.00 2.50 2.12 41.89 39.10 44.16 44.86
4.09 7.79 2.52 1.97 42.02 39.22 44.13 45.18
3.52 6.79 2.18 1.60 42.66 39.82 44.74 46.08
3.35 6.41 2.09 1.57 42.87 40.07 44.93 46.18
2.71 5.17 1.73 1.24 43.80 41.00 45.76 47.22
2.49 4.70 1.62 1.16 44.17 41.41 46.03 47.50
2.13 4.00 1.38 1.01 44.85 42.12 46.73 48.10
2.12 3.94 1.33 1.08 44.88 42.18 46.90 47.78
1.87 3.52 1.20 0.90 45.41 42.66 47.35 48.59
1.86 3.45 1.20 0.92 45.45 42.75 47.34 48.50
2.08 3.90 1.30 1.04 44.95 42.22 47.00 47.98
2.09 4.00 1.33 0.96 44.92 42.11 46.90 48.33
1.99 3.72 1.29 0.97 45.14 42.42 47.02 48.29
1.99 3.73 1.31 0.93 45.14 42.41 46.97 48.45
2.31 4.38 1.47 1.07 44.50 41.72 46.45 47.86
2.48 4.81 1.56 1.08 44.18 41.31 46.19 47.80
2.67 5.11 1.66 1.25 43.86 41.05 45.92 47.17
2.81 5.29 1.83 1.29 43.65 40.90 45.50 47.01
2.98 5.67 1.91 1.35 43.40 40.59 45.32 46.83
3.15 6.02 2.02 1.40 43.15 40.33 45.07 46.67
3.27 6.29 2.07 1.43 42.99 40.14 44.97 46.58
3.44 6.68 2.16 1.47 42.77 39.88 44.78 46.46
3.57 7.00 2.22 1.49 42.61 39.69 44.67 46.40
3.67 7.27 2.31 1.44 42.48 39.52 44.49 46.56
3.60 7.14 2.26 1.39 42.57 39.59 44.59 46.71
3.74 7.45 2.33 1.44 42.41 39.41 44.45 46.55
3.95 7.74 2.59 1.51 42.17 39.25 44.00 46.35
4.02 7.90 2.55 1.61 42.09 39.16 44.07 46.05
4.06 7.87 2.62 1.67 42.05 39.17 43.95 45.90
3.96 7.78 2.53 1.58 42.15 39.23 44.11 46.15
4.19 8.21 2.67 1.68 41.91 38.99 43.86 45.87
3.95 7.84 2.50 1.51 42.17 39.19 44.15 46.35
4.05 8.08 2.54 1.53 42.06 39.06 44.09 46.28
3.95 7.94 2.52 1.40 42.17 39.14 44.13 46.67
3.73 7.56 2.31 1.30 42.42 39.35 44.49 46.98
3.73 7.59 2.30 1.31 42.42 39.34 44.52 46.97
3.93 7.87 2.49 1.42 42.19 39.17 44.17 46.61
4.09 8.16 2.51 1.59 42.02 39.02 44.13 46.11
3.97 8.00 2.43 1.48 42.15 39.10 44.28 46.44
3.84 7.81 2.28 1.43 42.29 39.21 44.55 46.59
3.49 7.27 1.99 1.22 42.70 39.52 45.14 47.26
3.10 6.40 1.85 1.04 43.22 40.07 45.46 47.94
3.11 6.38 1.92 1.03 43.21 40.09 45.31 48.00
3.35 6.88 2.05 1.13 42.88 39.76 45.01 47.62
3.29 6.74 2.04 1.09 42.97 39.86 45.04 47.77
3.27 6.66 1.97 1.18 42.99 39.90 45.18 47.42
3.58 7.20 2.15 1.38 42.60 39.56 44.80 46.74
3.85 7.74 2.37 1.45 42.27 39.24 44.39 46.51
3.56 7.26 2.09 1.32 42.63 39.53 44.93 46.91
3.50 7.30 2.08 1.12 42.70 39.51 44.97 47.63
3.81 8.20 2.15 1.06 42.33 39.00 44.81 47.88
3.46 7.40 1.96 1.01 42.75 39.45 45.21 48.09
3.28 7.09 1.92 0.84 42.98 39.63 45.31 48.91
3.11 6.67 1.82 0.85 43.21 39.90 45.53 48.85
3.22 6.86 1.81 0.97 43.06 39.77 45.55 48.27
3.22 6.64 1.89 1.14 43.06 39.92 45.37 47.58
3.30 6.81 1.93 1.16 42.95 39.81 45.28 47.48
3.21 6.62 1.91 1.11 43.07 39.93 45.34 47.66
3.13 6.52 1.80 1.08 43.18 40.00 45.59 47.79
3.09 6.33 1.88 1.07 43.23 40.13 45.39 47.85
2.97 6.00 1.88 1.02 43.42 40.36 45.39 48.06
3.18 6.50 1.91 1.10 43.12 40.01 45.32 47.71
2.85 5.75 1.78 1.03 43.59 40.54 45.64 48.02
2.96 5.94 1.83 1.12 43.43 40.40 45.51 47.66
2.66 5.31 1.63 1.04 43.88 40.89 46.01 47.95
2.60 5.09 1.63 1.06 44.00 41.07 46.01 47.88
2.69 5.23 1.67 1.17 43.85 40.96 45.92 47.48
2.56 4.90 1.64 1.13 44.08 41.25 46.02 47.62
2.44 4.61 1.59 1.11 44.26 41.49 46.13 47.66
2.39 4.52 1.58 1.08 44.35 41.59 46.16 47.80
2.63 4.98 1.66 1.25 43.94 41.16 45.94 47.19
2.45 4.59 1.58 1.19 44.25 41.53 46.16 47.40
2.54 4.74 1.66 1.22 44.08 41.37 45.92 47.27
2.41 4.59 1.55 1.11 44.31 41.52 46.25 47.70
2.77 5.33 1.72 1.26 43.71 40.87 45.78 47.14
2.56 4.84 1.67 1.16 44.07 41.30 45.91 47.53
2.55 4.75 1.68 1.21 44.07 41.36 45.88 47.32
2.66 4.99 1.72 1.26 43.89 41.15 45.78 47.14
2.94 5.50 1.86 1.46 43.45 40.73 45.45 46.51
2.82 5.29 1.80 1.37 43.64 40.90 45.59 46.78
2.78 5.18 1.78 1.36 43.70 40.99 45.62 46.79
3.16 5.90 2.00 1.57 43.14 40.42 45.12 46.17
2.97 5.58 1.90 1.42 43.42 40.67 45.35 46.63
3.20 6.17 1.97 1.46 43.08 40.23 45.18 46.50
3.00 5.83 1.88 1.29 43.36 40.48 45.40 47.02
3.00 5.93 1.88 1.19 43.36 40.40 45.40 47.38
3.33 6.59 2.03 1.36 42.91 39.94 45.06 46.81
3.31 6.61 2.04 1.27 42.94 39.93 45.04 47.09
3.20 6.42 2.03 1.16 43.08 40.06 45.06 47.48
3.30 6.61 2.04 1.26 42.94 39.93 45.04 47.14
3.59 7.13 2.29 1.36 42.58 39.61 44.54 46.80
3.83 7.65 2.37 1.49 42.30 39.30 44.39 46.41
3.77 7.45 2.43 1.42 42.38 39.41 44.28 46.61
3.40 6.74 2.13 1.32 42.83 39.85 44.85 46.93
3.72 7.38 2.31 1.47 42.43 39.45 44.49 46.46
3.29 6.43 2.06 1.37 42.97 40.06 45.01 46.78
3.17 6.17 1.98 1.36 43.12 40.23 45.15 46.80
2.91 5.69 1.84 1.20 43.50 40.59 45.50 47.35
3.18 6.15 2.01 1.39 43.10 40.25 45.09 46.69
2.96 5.83 1.83 1.23 43.43 40.49 45.51 47.24
3.08 6.11 1.85 1.29 43.25 40.28 45.46 47.05
2.89 5.79 1.72 1.16 43.52 40.50 45.78 47.49
3.38 6.79 1.98 1.38 42.84 39.81 45.17 46.74
3.15 6.36 1.86 1.23 43.16 40.11 45.46 47.23
3.13 6.30 1.87 1.22 43.18 40.15 45.40 47.26
2.92 5.92 1.71 1.14 43.48 40.41 45.80 47.56
3.20 6.33 1.90 1.38 43.08 40.12 45.35 46.74
3.07 6.07 1.85 1.29 43.27 40.32 45.48 47.02
3.45 7.08 1.99 1.29 42.75 39.63 45.14 47.02
