3.92 8.48 2.12 1.15 42.20 38.85 44.87 47.51
3.61 7.65 2.04 1.16 42.55 39.30 45.04 47.48
3.64 7.75 2.05 1.12 42.52 39.24 45.02 47.62
3.81 8.37 2.02 1.03 42.33 38.90 45.07 48.01
3.48 7.59 1.89 0.97 42.71 39.33 45.36 48.25
3.80 8.32 1.99 1.08 42.34 38.93 45.15 47.78
3.66 8.10 1.89 0.98 42.50 39.04 45.36 48.20
4.15 9.17 2.18 1.09 41.95 38.51 44.74 47.76
3.56 7.89 1.89 0.89 42.62 39.16 45.38 48.61
3.79 8.57 1.99 0.83 42.34 38.80 45.15 48.96
3.63 8.26 1.92 0.71 42.53 38.96 45.30 49.65
3.94 8.85 2.10 0.86 42.18 38.66 44.91 48.78
3.80 8.46 1.96 0.97 42.33 38.85 45.21 48.25
4.50 9.93 2.36 1.21 41.60 38.16 44.41 47.32
4.30 9.38 2.25 1.28 41.79 38.41 44.61 47.05
5.11 11.06 2.70 1.57 41.05 37.70 43.82 46.17
5.15 11.18 2.76 1.51 41.01 37.65 43.72 46.34
4.96 10.67 2.80 1.41 41.17 37.85 43.66 46.63
5.17 11.33 2.77 1.40 41.00 37.59 43.70 46.65
5.22 11.39 2.88 1.40 40.95 37.57 43.54 46.67
4.95 10.88 2.61 1.37 41.19 37.77 43.96 46.78
4.73 10.44 2.54 1.20 41.38 37.94 44.08 47.32
4.95 10.89 2.63 1.33 41.19 37.76 43.94 46.90
4.25 9.40 2.26 1.09 41.85 38.40 44.60 47.75
4.58 10.09 2.31 1.33 41.53 38.09 44.49 46.87
4.39 9.60 2.27 1.29 41.71 38.31 44.56 47.03
4.50 9.77 2.32 1.42 41.60 38.23 44.48 46.60
4.71 10.08 2.54 1.52 41.40 38.09 44.10 46.31
4.30 9.17 2.33 1.39 41.80 38.51 44.46 46.69
4.65 9.78 2.57 1.58 41.46 38.23 44.05 46.13
4.06 8.35 2.28 1.56 42.05 38.92 44.57 46.22
4.30 8.86 2.39 1.67 41.79 38.66 44.34 45.91
4.06 8.22 2.32 1.65 42.05 38.99 44.48 45.97
4.32 8.85 2.47 1.64 41.78 38.67 44.22 45.98
4.10 8.27 2.38 1.65 42.01 38.96 44.37 45.96
4.25 8.58 2.46 1.73 41.84 38.80 44.22 45.76
3.78 7.56 2.20 1.59 42.35 39.35 44.71 46.12
3.90 7.82 2.23 1.65 42.22 39.20 44.65 45.96
3.76 7.58 2.12 1.58 42.39 39.35 44.89 46.15
3.85 7.90 2.21 1.44 42.28 39.15 44.69 46.55
3.11 6.39 1.83 1.12 43.20 40.07 45.51 47.63
3.16 6.59 1.82 1.05 43.14 39.94 45.52 47.92
2.93 6.12 1.71 0.98 43.46 40.27 45.81 48.27
3.15 6.55 1.84 1.06 43.14 39.97 45.48 47.89
2.96 6.20 1.74 0.93 43.42 40.21 45.72 48.45
3.29 6.70 2.07 1.09 42.96 39.88 44.98 47.74
3.33 6.75 2.14 1.11 42.90 39.84 44.83 47.69
3.73 7.54 2.31 1.32 42.42 39.36 44.48 46.93
3.69 7.45 2.34 1.28 42.46 39.41 44.43 47.07
3.51 7.04 2.25 1.24 42.68 39.65 44.60 47.20
4.12 8.35 2.55 1.45 41.99 38.92 44.06 46.53
3.59 7.28 2.32 1.18 42.58 39.51 44.47 47.43
3.88 7.85 2.43 1.37 42.24 39.18 44.28 46.78
3.47 7.12 2.15 1.13 42.73 39.61 44.81 47.59
3.65 7.53 2.25 1.17 42.51 39.37 44.61 47.46
3.73 7.70 2.28 1.22 42.41 39.27 44.55 47.28
3.51 7.29 2.07 1.18 42.68 39.50 44.98 47.43
3.09 6.61 1.81 0.84 43.23 39.93 45.55 48.86
3.46 7.33 2.10 0.94 42.74 39.48 44.90 48.40
3.33 6.98 2.07 0.93 42.91 39.69 44.98 48.42
3.52 7.32 2.08 1.15 42.68 39.49 44.96 47.54
3.76 7.77 2.28 1.25 42.37 39.23 44.56 47.17
3.43 7.15 2.05 1.09 42.78 39.59 45.01 47.74
3.40 7.09 1.96 1.15 42.82 39.62 45.22 47.53
3.00 6.20 1.79 1.00 43.36 40.20 45.59 48.12
3.00 6.19 1.80 1.01 43.36 40.21 45.57 48.07
3.05 6.29 1.81 1.06 43.29 40.15 45.56 47.88
2.92 5.97 1.72 1.05 43.48 40.37 45.76 47.91
2.60 5.32 1.54 0.95 43.97 40.87 46.25 48.36
2.96 5.99 1.75 1.14 43.42 40.36 45.70 47.59
3.14 6.42 1.83 1.18 43.16 40.05 45.51 47.43
3.35 6.87 1.96 1.21 42.88 39.76 45.20 47.29
3.38 7.01 1.96 1.16 42.85 39.67 45.22 47.49
3.84 7.95 2.31 1.26 42.29 39.13 44.50 47.13
3.78 7.98 2.18 1.19 42.35 39.11 44.75 47.39
3.42 7.22 2.03 1.02 42.79 39.55 45.06 48.04
3.24 6.88 1.95 0.90 43.02 39.75 45.24 48.58
3.41 7.22 2.07 0.92 42.81 39.54 44.98 48.49
3.24 6.88 1.98 0.86 43.04 39.76 45.18 48.80
3.54 7.59 2.08 0.93 42.65 39.33 44.95 48.45
3.41 7.29 2.05 0.90 42.81 39.51 45.02 48.61
3.63 7.72 2.18 0.98 42.54 39.26 44.77 48.22
3.73 7.83 2.22 1.15 42.41 39.19 44.67 47.53
3.56 7.47 2.16 1.05 42.62 39.40 44.80 47.91
3.72 7.69 2.28 1.19 42.43 39.27 44.55 47.37
3.57 7.29 2.22 1.22 42.61 39.51 44.69 47.30
3.68 7.52 2.24 1.27 42.48 39.37 44.63 47.09
3.38 6.86 2.10 1.19 42.84 39.77 44.91 47.40
3.52 7.17 2.11 1.29 42.67 39.58 44.90 47.03
3.70 7.59 2.30 1.22 42.46 39.34 44.54 47.29
3.84 7.93 2.24 1.34 42.29 39.14 44.64 46.87
3.31 6.85 1.99 1.09 42.93 39.78 45.14 47.75
3.23 6.68 1.94 1.06 43.04 39.88 45.26 47.87
2.96 6.08 1.80 0.99 43.43 40.30 45.59 48.21
2.81 5.86 1.61 0.96 43.65 40.46 46.07 48.33
2.48 5.13 1.47 0.83 44.20 41.03 46.48 48.95
2.42 4.93 1.45 0.87 44.30 41.20 46.52 48.75
2.31 4.67 1.46 0.81 44.50 41.45 46.49 49.07
2.35 4.82 1.41 0.83 44.42 41.30 46.66 48.97
2.13 4.41 1.29 0.70 44.85 41.69 47.04 49.72
2.28 4.73 1.35 0.75 44.56 41.38 46.83 49.37
2.38 4.97 1.43 0.76 44.37 41.18 46.59 49.37
2.58 5.30 1.54 0.90 44.02 40.89 46.26 48.57
2.45 4.91 1.55 0.89 44.24 41.22 46.25 48.63
2.49 4.89 1.57 1.01 44.17 41.24 46.17 48.11
2.72 5.36 1.68 1.13 43.78 40.84 45.88 47.61
2.96 5.60 1.83 1.45 43.42 40.65 45.51 46.53
2.97 5.31 1.86 1.73 43.41 40.88 45.43 45.75
3.48 6.14 2.13 2.17 42.72 40.25 44.84 44.76
3.48 5.97 2.17 2.32 42.71 40.37 44.77 44.48
4.09 6.90 2.80 2.55 42.03 39.75 43.66 44.07
4.49 7.62 3.06 2.78 41.61 39.32 43.27 43.69
4.47 7.54 3.10 2.75 41.63 39.36 43.22 43.74
4.14 7.05 2.66 2.70 41.97 39.65 43.89 43.82
4.31 7.42 2.78 2.73 41.78 39.43 43.69 43.76
4.13 7.11 2.65 2.61 41.98 39.61 43.89 43.96
3.86 6.65 2.50 2.42 42.27 39.90 44.15 44.29
3.49 6.09 2.15 2.21 42.71 40.29 44.81 44.68
3.55 6.31 2.21 2.13 42.63 40.13 44.69 44.84
3.50 6.29 2.16 2.05 42.69 40.14 44.79 45.01
3.88 7.03 2.38 2.23 42.24 39.66 44.36 44.66
3.58 6.35 2.25 2.14 42.59 40.10 44.61 44.82
3.88 6.68 2.63 2.32 42.24 39.88 43.93 44.47
4.32 7.42 2.94 2.59 41.78 39.43 43.45 44.00
4.28 7.27 2.88 2.68 41.82 39.52 43.54 43.85
4.94 8.54 3.30 2.99 41.19 38.82 42.94 43.38
4.91 8.36 3.35 3.00 41.22 38.91 42.87 43.36
4.11 6.88 2.83 2.60 42.00 39.75 43.61 43.98
4.34 7.42 2.98 2.62 41.76 39.43 43.39 43.95
4.47 7.56 3.08 2.78 41.62 39.35 43.25 43.69
4.17 7.13 2.78 2.58 41.93 39.60 43.68 44.01
4.52 7.70 2.99 2.87 41.58 39.27 43.37 43.56
4.54 7.65 3.13 2.85 41.56 39.29 43.18 43.58
4.04 6.72 2.64 2.76 42.07 39.86 43.92 43.71
4.10 6.99 2.63 2.69 42.00 39.69 43.93 43.83
3.63 6.00 2.32 2.58 42.53 40.35 44.48 44.01
3.80 6.33 2.36 2.71 42.33 40.12 44.40 43.80
3.54 5.81 2.24 2.56 42.65 40.49 44.63 44.04
3.33 5.71 2.13 2.17 42.90 40.56 44.85 44.76
3.57 6.16 2.29 2.25 42.61 40.24 44.53 44.60
3.01 5.13 2.05 1.86 43.34 41.03 45.01 45.43
3.03 5.19 2.18 1.73 43.32 40.98 44.75 45.76
2.72 4.85 1.97 1.36 43.78 41.28 45.20 46.80
2.72 5.11 1.90 1.17 43.78 41.05 45.35 47.46
2.07 4.00 1.32 0.89 44.98 42.11 46.93 48.64
2.23 4.31 1.41 0.97 44.65 41.78 46.66 48.27
1.99 3.85 1.27 0.84 45.15 42.27 47.10 48.86
2.19 4.17 1.44 0.95 44.74 41.93 46.55 48.34
2.04 3.92 1.37 0.85 45.03 42.20 46.78 48.84
2.21 4.23 1.44 0.97 44.68 41.87 46.56 48.24
1.93 3.68 1.27 0.84 45.27 42.47 47.07 48.91
2.12 3.98 1.44 0.94 44.88 42.14 46.56 48.41
1.96 3.71 1.35 0.83 45.20 42.44 46.82 48.93
2.06 3.86 1.34 0.99 44.99 42.27 46.86 48.18
1.82 3.42 1.15 0.90 45.52 42.78 47.52 48.59
1.85 3.40 1.19 0.96 45.47 42.82 47.38 48.32
1.75 3.19 1.14 0.91 45.71 43.10 47.55 48.56
2.07 3.85 1.35 1.02 44.97 42.28 46.84 48.08
2.44 4.49 1.61 1.22 44.26 41.61 46.06 47.27
2.97 5.63 1.82 1.46 43.41 40.63 45.53 46.51
3.79 7.18 2.38 1.81 42.35 39.58 44.37 45.56
4.32 8.20 2.72 2.04 41.78 38.99 43.79 45.05
4.33 8.26 2.68 2.05 41.77 38.96 43.85 45.02
5.60 10.95 3.40 2.45 40.65 37.74 42.81 44.25
5.07 9.91 3.03 2.27 41.08 38.17 43.32 44.58
5.97 11.85 3.49 2.57 40.37 37.40 42.70 44.05
5.40 10.62 3.26 2.30 40.81 37.87 42.99 44.51
6.27 12.41 3.69 2.72 40.16 37.19 42.47 43.78
5.99 12.10 3.54 2.33 40.36 37.30 42.64 44.45
6.31 12.55 3.80 2.59 40.13 37.15 42.33 44.00
5.85 11.82 3.43 2.29 40.46 37.41 42.78 44.53
5.70 11.27 3.35 2.47 40.57 37.61 42.88 44.21
4.98 9.98 2.99 1.99 41.15 38.14 43.37 45.15
5.08 9.97 3.08 2.18 41.07 38.14 43.24 44.75
3.96 7.50 2.48 1.92 42.15 39.38 44.19 45.31
4.59 8.58 2.95 2.24 41.51 38.80 43.44 44.62
4.61 8.72 2.76 2.33 41.50 38.72 43.72 44.45
4.54 8.76 2.67 2.19 41.56 38.70 43.86 44.73
4.95 9.64 2.99 2.20 41.19 38.29 43.37 44.71
4.62 9.11 2.70 2.05 41.49 38.54 43.82 45.02
4.57 9.00 2.66 2.04 41.53 38.59 43.88 45.02
4.89 9.83 2.74 2.11 41.23 38.20 43.75 44.90
5.00 9.56 2.88 2.57 41.14 38.33 43.54 44.03
4.69 8.95 2.64 2.48 41.42 38.62 43.92 44.18
5.04 9.50 2.88 2.74 41.11 38.35 43.53 43.76
5.21 9.77 3.17 2.68 40.96 38.23 43.12 43.85
5.12 9.74 2.97 2.64 41.04 38.25 43.40 43.92
5.49 10.40 3.23 2.84 40.74 37.96 43.04 43.60
5.39 10.16 3.27 2.74 40.82 38.07 42.99 43.77
4.94 9.28 3.00 2.54 41.20 38.46 43.37 44.09
5.32 10.18 3.10 2.67 40.87 38.05 43.22 43.87
4.61 8.76 2.76 2.32 41.50 38.71 43.73 44.48
4.37 8.32 2.70 2.09 41.73 38.93 43.82 44.93
3.82 7.36 2.35 1.75 42.31 39.47 44.42 45.71
3.62 6.87 2.27 1.70 42.55 39.76 44.57 45.82
3.00 5.73 1.89 1.37 43.38 40.56 45.38 46.78
2.69 5.09 1.75 1.22 43.84 41.07 45.72 47.26
2.33 4.36 1.52 1.11 44.46 41.74 46.32 47.70
2.31 4.31 1.44 1.16 44.50 41.79 46.54 47.48
2.09 3.92 1.34 1.01 44.94 42.21 46.86 48.08
1.92 3.57 1.25 0.93 45.31 42.61 47.16 48.44
2.16 4.09 1.36 1.04 44.78 42.01 46.80 47.96
2.03 3.89 1.31 0.90 45.05 42.24 46.96 48.59
2.20 4.18 1.43 0.99 44.71 41.93 46.59 48.16
2.05 3.95 1.33 0.88 45.02 42.17 46.91 48.69
2.39 4.64 1.50 1.04 44.34 41.47 46.37 47.95
2.49 4.87 1.56 1.04 44.17 41.26 46.21 47.97
2.80 5.40 1.74 1.28 43.65 40.81 45.73 47.07
2.97 5.69 1.90 1.32 43.40 40.58 45.34 46.93
3.17 6.15 1.98 1.40 43.11 40.24 45.16 46.68
3.36 6.53 2.12 1.44 42.86 39.98 44.87 46.55
3.61 7.07 2.21 1.54 42.56 39.64 44.68 46.25
3.78 7.48 2.32 1.56 42.35 39.39 44.48 46.21
4.04 8.08 2.45 1.61 42.06 39.06 44.24 46.05
4.02 8.10 2.45 1.52 42.08 39.05 44.24 46.31
4.00 8.12 2.43 1.45 42.11 39.03 44.28 46.51
4.19 8.53 2.52 1.52 41.91 38.82 44.11 46.32
4.35 8.72 2.77 1.56 41.74 38.72 43.71 46.18
4.32 8.64 2.66 1.66 41.78 38.77 43.88 45.94
4.42 8.80 2.74 1.73 41.67 38.69 43.76 45.75
4.29 8.60 2.63 1.65 41.80 38.79 43.93 45.95
4.59 9.22 2.81 1.73 41.52 38.48 43.65 45.75
4.43 8.98 2.70 1.63 41.66 38.60 43.82 46.01
4.42 8.97 2.66 1.64 41.67 38.60 43.89 45.98
4.52 9.23 2.80 1.55 41.58 38.48 43.66 46.24
4.28 8.84 2.57 1.42 41.82 38.66 44.03 46.62
4.13 8.54 2.47 1.37 41.97 38.82 44.20 46.76
4.36 8.87 2.71 1.51 41.73 38.65 43.81 46.34
4.44 9.00 2.66 1.68 41.65 38.59 43.88 45.88
4.40 8.99 2.65 1.55 41.70 38.59 43.89 46.22
4.18 8.65 2.39 1.51 41.92 38.76 44.34 46.34
3.85 8.13 2.12 1.30 42.28 39.03 44.87 47.01
3.50 7.44 1.97 1.09 42.69 39.42 45.19 47.75
3.30 6.93 1.95 1.02 42.95 39.73 45.22 48.06
3.68 7.69 2.14 1.21 42.48 39.28 44.83 47.32
3.68 7.69 2.19 1.17 42.47 39.27 44.73 47.44
3.70 7.57 2.19 1.33 42.46 39.35 44.73 46.91
3.87 7.94 2.26 1.40 42.26 39.13 44.59 46.65
4.12 8.53 2.42 1.41 41.98 38.82 44.30 46.62
3.98 8.32 2.24 1.37 42.14 38.93 44.63 46.76
3.84 8.12 2.21 1.21 42.29 39.04 44.70 47.32
4.15 9.06 2.29 1.12 41.95 38.56 44.53 47.64
3.82 8.28 2.12 1.07 42.31 38.95 44.88 47.83
3.57 7.77 2.05 0.89 42.61 39.22 45.02 48.64
3.42 7.42 1.95 0.90 42.79 39.42 45.23 48.60
3.50 7.58 1.91 1.01 42.69 39.34 45.32 48.08
3.43 7.18 1.95 1.17 42.77 39.57 45.23 47.44
3.55 7.42 2.01 1.23 42.63 39.43 45.10 47.25
3.46 7.25 1.99 1.15 42.74 39.53 45.14 47.53
3.49 7.38 1.95 1.14 42.70 39.45 45.22 47.57
3.45 7.17 2.06 1.14 42.74 39.58 44.99 47.57
3.25 6.65 2.05 1.08 43.00 39.91 45.02 47.81
3.51 7.16 2.14 1.22 42.68 39.58 44.82 47.28
3.12 6.41 1.91 1.05 43.18 40.06 45.32 47.90
3.34 6.78 2.04 1.21 42.89 39.82 45.04 47.31
2.89 5.82 1.74 1.10 43.53 40.48 45.71 47.71
2.86 5.62 1.78 1.18 43.57 40.63 45.63 47.42
3.00 5.83 1.85 1.31 43.37 40.47 45.45 46.98
3.00 5.80 1.90 1.30 43.36 40.50 45.35 47.00
2.70 5.14 1.76 1.21 43.82 41.03 45.67 47.32
2.69 5.10 1.76 1.21 43.83 41.06 45.68 47.30
2.92 5.49 1.85 1.43 43.47 40.73 45.45 46.60
2.79 5.23 1.82 1.32 43.67 40.95 45.54 46.91
2.74 5.13 1.78 1.32 43.75 41.03 45.63 46.94
2.69 5.09 1.77 1.22 43.83 41.07 45.66 47.26
3.11 5.98 1.95 1.38 43.21 40.36 45.22 46.73
2.99 5.67 1.97 1.34 43.37 40.60 45.19 46.86
2.79 5.18 1.86 1.34 43.67 40.99 45.43 46.87
2.94 5.50 1.92 1.39 43.45 40.73 45.29 46.71
3.26 6.08 2.10 1.59 43.00 40.29 44.91 46.12
3.20 6.03 2.06 1.50 43.09 40.33 45.00 46.36
2.79 5.22 1.79 1.35 43.68 40.95 45.60 46.84
3.34 6.32 2.10 1.61 42.89 40.12 44.91 46.07
2.89 5.50 1.83 1.35 43.52 40.73 45.51 46.84
3.38 6.54 2.07 1.52 42.84 39.98 44.97 46.31
3.06 6.04 1.87 1.28 43.28 40.32 45.43 47.07
3.04 6.06 1.88 1.19 43.30 40.31 45.38 47.39
3.52 7.12 2.10 1.34 42.66 39.61 44.91 46.86
3.48 7.07 2.10 1.28 42.71 39.64 44.91 47.07
3.40 6.87 2.12 1.20 42.82 39.76 44.87 47.34
3.50 7.15 2.09 1.27 42.69 39.59 44.93 47.09
3.85 7.74 2.43 1.40 42.27 39.24 44.28 46.68
4.12 8.31 2.52 1.54 41.98 38.94 44.12 46.26
4.04 8.12 2.55 1.46 42.06 39.04 44.06 46.49
3.70 7.42 2.30 1.39 42.45 39.43 44.51 46.71
3.98 7.95 2.43 1.56 42.13 39.13 44.27 46.21
3.61 7.12 2.25 1.45 42.56 39.61 44.61 46.52
3.28 6.47 2.02 1.34 42.97 40.02 45.07 46.87
3.13 6.21 1.94 1.24 43.18 40.20 45.26 47.21
3.41 6.73 2.10 1.39 42.81 39.85 44.92 46.69
3.29 6.57 1.98 1.31 42.96 39.96 45.17 46.96
3.16 6.40 1.83 1.26 43.13 40.07 45.52 47.14
3.16 6.39 1.87 1.23 43.13 40.08 45.41 47.23
3.57 7.27 2.06 1.39 42.60 39.52 45.00 46.69
3.56 7.32 2.07 1.31 42.61 39.49 44.98 46.97
3.27 6.68 1.91 1.20 42.99 39.88 45.31 47.33
3.17 6.47 1.83 1.19 43.13 40.02 45.51 47.36
3.48 6.98 2.00 1.44 42.72 39.69 45.11 46.55
3.49 7.07 2.05 1.36 42.70 39.64 45.02 46.78
3.65 7.55 2.08 1.31 42.52 39.35 44.96 46.96
