3.92 8.48 2.12 1.15 42.20 38.85 44.87 47.51
3.61 7.65 2.04 1.16 42.55 39.30 45.04 47.48
3.64 7.75 2.05 1.12 42.52 39.24 45.02 47.62
3.81 8.37 2.02 1.03 42.33 38.90 45.07 48.01
3.48 7.59 1.89 0.97 42.71 39.33 45.36 48.25
3.80 8.32 1.99 1.08 42.34 38.93 45.16 47.78
3.66 8.10 1.89 0.98 42.50 39.04 45.36 48.20
4.15 9.17 2.18 1.09 41.95 38.51 44.74 47.76
3.55 7.88 1.88 0.89 42.63 39.17 45.39 48.64
3.78 8.55 1.98 0.83 42.35 38.81 45.16 48.97
3.61 8.23 1.90 0.69 42.56 38.98 45.35 49.72
3.93 8.84 2.09 0.86 42.19 38.67 44.93 48.77
3.79 8.47 1.94 0.97 42.34 38.85 45.26 48.25
4.48 9.88 2.34 1.20 41.62 38.18 44.43 47.33
4.28 9.34 2.22 1.29 41.81 38.43 44.67 47.03
5.10 11.01 2.71 1.58 41.06 37.72 43.79 46.15
5.16 11.22 2.74 1.52 41.00 37.63 43.76 46.31
4.97 10.69 2.80 1.41 41.17 37.84 43.66 46.63
5.19 11.39 2.77 1.40 40.98 37.57 43.70 46.66
5.21 11.38 2.87 1.40 40.96 37.57 43.55 46.67
4.96 10.87 2.63 1.38 41.18 37.77 43.94 46.75
4.72 10.42 2.54 1.19 41.39 37.95 44.09 47.39
4.94 10.91 2.61 1.31 41.19 37.75 43.97 46.96
4.27 9.47 2.26 1.08 41.83 38.37 44.59 47.82
4.60 10.11 2.35 1.34 41.50 38.08 44.43 46.86
4.39 9.57 2.30 1.31 41.70 38.32 44.52 46.96
4.50 9.74 2.30 1.44 41.60 38.24 44.51 46.54
4.68 10.05 2.49 1.49 41.43 38.11 44.16 46.40
4.33 9.19 2.36 1.43 41.77 38.50 44.41 46.57
4.47 9.42 2.44 1.54 41.63 38.39 44.26 46.24
4.35 9.05 2.39 1.61 41.74 38.57 44.34 46.06
4.46 9.20 2.43 1.75 41.64 38.49 44.27 45.69
4.25 8.63 2.43 1.69 41.85 38.77 44.28 45.85
4.34 8.93 2.42 1.68 41.76 38.62 44.31 45.89
4.48 9.09 2.58 1.76 41.62 38.55 44.01 45.67
4.42 8.97 2.52 1.76 41.68 38.61 44.12 45.67
4.00 7.99 2.34 1.66 42.11 39.11 44.44 45.93
3.92 7.88 2.22 1.66 42.20 39.17 44.67 45.93
4.14 8.48 2.26 1.69 41.96 38.85 44.58 45.86
4.06 8.35 2.31 1.51 42.05 38.92 44.50 46.33
3.33 6.88 1.93 1.18 42.91 39.76 45.29 47.42
3.16 6.65 1.80 1.04 43.13 39.90 45.59 47.96
3.21 6.75 1.83 1.04 43.07 39.84 45.51 47.94
3.27 6.81 1.89 1.12 42.98 39.80 45.37 47.63
3.11 6.52 1.81 1.00 43.20 39.99 45.56 48.13
3.30 6.78 2.00 1.09 42.96 39.82 45.11 47.76
3.60 7.36 2.26 1.19 42.57 39.46 44.59 47.38
3.81 7.74 2.36 1.33 42.32 39.24 44.40 46.91
3.66 7.42 2.29 1.25 42.50 39.42 44.53 47.16
3.58 7.22 2.28 1.25 42.59 39.55 44.55 47.17
4.18 8.50 2.60 1.44 41.92 38.84 43.99 46.55
3.71 7.58 2.37 1.20 42.43 39.34 44.39 47.36
3.95 8.08 2.42 1.36 42.16 39.06 44.28 46.81
3.56 7.33 2.19 1.16 42.61 39.48 44.72 47.49
3.85 7.95 2.35 1.23 42.28 39.13 44.41 47.22
3.84 7.97 2.33 1.23 42.28 39.12 44.45 47.22
3.48 7.24 2.07 1.14 42.72 39.54 44.98 47.56
3.17 6.83 1.84 0.83 43.13 39.79 45.49 48.92
3.58 7.65 2.16 0.94 42.59 39.30 44.79 48.39
3.36 7.06 2.08 0.93 42.87 39.64 44.95 48.46
3.46 7.19 2.07 1.12 42.74 39.57 44.98 47.65
3.85 8.01 2.31 1.24 42.27 39.09 44.49 47.21
3.61 7.55 2.17 1.12 42.56 39.36 44.78 47.64
3.53 7.38 2.03 1.17 42.66 39.45 45.06 47.46
3.14 6.53 1.87 1.02 43.16 39.98 45.42 48.04
3.14 6.51 1.87 1.04 43.17 40.00 45.42 47.98
3.18 6.59 1.85 1.09 43.11 39.95 45.45 47.75
3.03 6.25 1.77 1.06 43.32 40.17 45.65 47.87
2.71 5.61 1.57 0.95 43.81 40.65 46.17 48.37
3.06 6.25 1.77 1.15 43.28 40.17 45.66 47.53
3.20 6.59 1.83 1.19 43.08 39.94 45.50 47.38
3.38 6.97 1.98 1.19 42.84 39.70 45.16 47.37
3.47 7.23 2.02 1.16 42.73 39.54 45.09 47.51
3.90 8.11 2.33 1.26 42.22 39.04 44.45 47.12
3.86 8.18 2.21 1.20 42.26 39.01 44.69 47.36
3.59 7.61 2.11 1.06 42.58 39.32 44.89 47.88
3.33 7.11 1.97 0.92 42.90 39.61 45.19 48.48
3.41 7.29 2.06 0.89 42.80 39.50 45.00 48.63
3.18 6.78 1.93 0.82 43.11 39.82 45.27 48.98
3.61 7.83 2.09 0.91 42.55 39.19 44.93 48.53
3.48 7.49 2.07 0.87 42.72 39.39 44.98 48.75
3.54 7.60 2.09 0.91 42.65 39.33 44.93 48.52
3.77 8.00 2.21 1.10 42.37 39.10 44.70 47.73
3.56 7.52 2.16 1.01 42.61 39.37 44.79 48.07
3.76 7.83 2.28 1.16 42.38 39.19 44.54 47.48
3.48 7.17 2.13 1.14 42.73 39.58 44.87 47.56
3.72 7.67 2.24 1.24 42.43 39.29 44.63 47.21
3.37 6.90 2.06 1.14 42.86 39.74 45.00 47.55
3.60 7.38 2.13 1.28 42.57 39.45 44.85 47.05
3.67 7.57 2.26 1.17 42.49 39.34 44.59 47.46
4.03 8.47 2.28 1.34 42.08 38.85 44.55 46.86
3.45 7.22 2.05 1.08 42.76 39.55 45.02 47.81
3.39 7.11 2.00 1.07 42.83 39.61 45.13 47.83
3.01 6.29 1.79 0.96 43.35 40.15 45.62 48.31
3.00 6.36 1.68 0.97 43.35 40.09 45.89 48.25
2.55 5.35 1.47 0.83 44.07 40.85 46.46 48.92
2.60 5.45 1.47 0.89 43.98 40.77 46.46 48.65
2.40 4.94 1.46 0.80 44.33 41.20 46.50 49.11
2.54 5.34 1.44 0.85 44.08 40.85 46.56 48.84
2.26 4.74 1.34 0.69 44.60 41.38 46.87 49.74
2.49 5.24 1.45 0.78 44.17 40.93 46.52 49.23
2.51 5.32 1.46 0.73 44.15 40.88 46.48 49.48
2.78 5.86 1.59 0.90 43.69 40.45 46.12 48.60
2.66 5.45 1.62 0.91 43.88 40.77 46.03 48.54
2.76 5.50 1.71 1.07 43.72 40.73 45.79 47.85
2.88 5.70 1.74 1.20 43.54 40.58 45.72 47.33
3.17 6.07 1.96 1.46 43.12 40.30 45.19 46.49
3.16 5.71 1.96 1.81 43.14 40.57 45.21 45.55
3.63 6.43 2.17 2.27 42.54 40.05 44.76 44.57
3.65 6.29 2.27 2.39 42.51 40.15 44.58 44.34
4.43 7.58 3.02 2.70 41.67 39.34 43.33 43.82
4.74 8.10 3.19 2.93 41.37 39.05 43.08 43.46
4.74 8.14 3.25 2.84 41.37 39.03 43.01 43.60
4.34 7.54 2.75 2.72 41.76 39.36 43.74 43.79
4.34 7.51 2.76 2.74 41.76 39.37 43.72 43.76
4.36 7.61 2.76 2.72 41.73 39.32 43.73 43.78
4.26 7.34 2.76 2.69 41.84 39.48 43.73 43.83
3.72 6.56 2.26 2.33 42.43 39.96 44.58 44.46
3.68 6.57 2.28 2.18 42.48 39.96 44.56 44.74
3.62 6.52 2.22 2.13 42.54 39.99 44.67 44.86
4.09 7.50 2.49 2.26 42.02 39.38 44.16 44.59
3.72 6.70 2.30 2.17 42.42 39.87 44.52 44.77
4.00 6.92 2.69 2.37 42.12 39.73 43.84 44.38
4.50 7.80 3.03 2.66 41.60 39.21 43.31 43.88
4.41 7.54 2.92 2.76 41.69 39.36 43.48 43.73
5.13 8.92 3.39 3.08 41.03 38.63 42.83 43.24
5.12 8.81 3.49 3.06 41.04 38.68 42.71 43.27
4.26 7.21 2.92 2.64 41.84 39.55 43.48 43.91
4.48 7.72 3.04 2.67 41.62 39.26 43.31 43.86
4.59 7.81 3.15 2.81 41.51 39.20 43.15 43.65
4.28 7.35 2.84 2.64 41.82 39.47 43.59 43.91
4.62 7.92 3.04 2.90 41.49 39.15 43.30 43.51
4.65 7.89 3.18 2.88 41.46 39.16 43.11 43.54
4.10 6.84 2.66 2.79 42.00 39.78 43.88 43.67
4.17 7.11 2.67 2.74 41.93 39.61 43.87 43.75
3.75 6.27 2.33 2.63 42.40 40.16 44.45 43.93
3.94 6.63 2.41 2.76 42.18 39.92 44.30 43.71
3.64 6.06 2.26 2.62 42.51 40.31 44.60 43.95
3.50 6.07 2.18 2.24 42.69 40.30 44.75 44.63
3.69 6.44 2.34 2.30 42.46 40.04 44.44 44.51
3.11 5.34 2.10 1.89 43.20 40.86 44.91 45.36
3.19 5.55 2.26 1.75 43.10 40.69 44.59 45.68
2.82 5.07 2.00 1.38 43.64 41.08 45.13 46.75
2.86 5.36 1.97 1.26 43.56 40.84 45.18 47.12
2.18 4.21 1.37 0.94 44.75 41.89 46.75 48.41
2.35 4.55 1.48 1.01 44.43 41.55 46.44 48.11
2.10 4.06 1.34 0.90 44.91 42.05 46.85 48.60
2.26 4.32 1.48 0.99 44.58 41.78 46.43 48.18
2.12 4.08 1.42 0.87 44.86 42.03 46.61 48.71
2.31 4.46 1.48 1.00 44.49 41.64 46.44 48.14
2.01 3.86 1.30 0.86 45.10 42.26 46.98 48.79
2.16 4.14 1.43 0.92 44.78 41.96 46.58 48.49
2.07 3.98 1.38 0.85 44.98 42.13 46.74 48.86
2.17 4.14 1.39 0.98 44.77 41.97 46.72 48.20
1.90 3.61 1.18 0.90 45.36 42.55 47.42 48.60
1.89 3.54 1.18 0.94 45.38 42.65 47.42 48.38
1.86 3.48 1.19 0.91 45.44 42.72 47.39 48.52
2.17 4.15 1.37 0.98 44.78 41.95 46.77 48.23
2.53 4.74 1.62 1.23 44.10 41.37 46.03 47.23
3.05 5.82 1.86 1.46 43.29 40.48 45.44 46.48
3.91 7.43 2.44 1.87 42.20 39.42 44.26 45.41
4.50 8.55 2.82 2.14 41.60 38.81 43.63 44.84
4.42 8.45 2.73 2.10 41.67 38.86 43.77 44.92
5.77 11.24 3.50 2.55 40.52 37.62 42.69 44.06
5.24 10.25 3.15 2.33 40.94 38.02 43.15 44.47
6.30 12.45 3.70 2.74 40.14 37.18 42.45 43.76
5.56 10.94 3.40 2.35 40.68 37.74 42.82 44.43
6.53 12.88 3.85 2.87 39.98 37.03 42.28 43.56
6.07 12.27 3.59 2.34 40.30 37.24 42.58 44.43
6.55 12.99 3.97 2.68 39.97 36.99 42.14 43.85
5.68 11.54 3.33 2.17 40.59 37.51 42.90 44.76
5.72 11.30 3.37 2.48 40.56 37.60 42.86 44.19
5.03 10.07 3.00 2.02 41.12 38.10 43.36 45.07
5.11 10.02 3.12 2.20 41.04 38.12 43.19 44.70
3.99 7.59 2.47 1.91 42.12 39.33 44.20 45.32
4.67 8.81 2.97 2.23 41.44 38.68 43.40 44.65
4.68 8.89 2.82 2.34 41.42 38.64 43.63 44.44
4.63 8.95 2.74 2.21 41.47 38.61 43.76 44.69
5.05 9.87 3.05 2.24 41.09 38.19 43.28 44.63
4.68 9.28 2.73 2.04 41.43 38.46 43.78 45.02
4.71 9.37 2.71 2.06 41.40 38.42 43.81 45.00
5.02 10.11 2.79 2.14 41.13 38.09 43.68 44.82
5.20 10.01 2.98 2.60 40.98 38.14 43.39 43.98
4.90 9.37 2.75 2.57 41.24 38.42 43.75 44.04
5.35 10.10 3.03 2.93 40.85 38.10 43.33 43.47
5.46 10.31 3.30 2.77 40.77 38.01 42.95 43.71
5.64 10.80 3.22 2.92 40.63 37.81 43.07 43.49
5.80 10.96 3.41 3.03 40.51 37.74 42.81 43.32
5.63 10.68 3.38 2.83 40.63 37.85 42.85 43.62
5.38 10.16 3.21 2.78 40.82 38.07 43.07 43.69
5.66 10.85 3.30 2.84 40.61 37.79 42.95 43.60
4.79 9.16 2.85 2.37 41.33 38.52 43.58 44.39
4.66 8.96 2.84 2.18 41.45 38.61 43.61 44.75
4.01 7.77 2.44 1.81 42.11 39.23 44.25 45.55
3.84 7.35 2.40 1.78 42.29 39.47 44.34 45.62
3.14 6.06 1.98 1.40 43.16 40.31 45.18 46.66
2.92 5.59 1.86 1.31 43.48 40.66 45.43 46.97
2.54 4.84 1.63 1.16 44.08 41.29 46.00 47.51
2.50 4.74 1.54 1.23 44.15 41.38 46.26 47.23
2.29 4.33 1.45 1.08 44.54 41.76 46.52 47.80
1.96 3.69 1.28 0.92 45.20 42.46 47.06 48.49
2.22 4.21 1.39 1.05 44.68 41.89 46.69 47.93
2.06 3.99 1.30 0.88 45.00 42.12 47.00 48.69
2.34 4.50 1.49 1.05 44.43 41.60 46.41 47.93
2.12 4.13 1.35 0.89 44.86 41.97 46.83 48.66
2.52 4.97 1.55 1.05 44.11 41.17 46.23 47.92
2.54 5.05 1.56 1.01 44.09 41.10 46.19 48.11
2.89 5.59 1.76 1.31 43.53 40.66 45.67 46.97
3.06 5.92 1.92 1.33 43.28 40.41 45.31 46.90
3.25 6.34 2.00 1.43 43.01 40.11 45.13 46.59
3.45 6.73 2.18 1.44 42.75 39.85 44.75 46.54
3.67 7.24 2.25 1.54 42.48 39.53 44.60 46.26
3.88 7.70 2.37 1.56 42.25 39.26 44.39 46.19
4.15 8.31 2.51 1.63 41.95 38.93 44.14 46.02
4.09 8.26 2.47 1.53 42.02 38.96 44.21 46.28
4.09 8.33 2.47 1.47 42.01 38.92 44.20 46.47
4.24 8.67 2.54 1.52 41.86 38.75 44.09 46.32
4.42 8.88 2.81 1.56 41.68 38.65 43.65 46.19
4.37 8.75 2.71 1.66 41.72 38.71 43.81 45.92
4.45 8.87 2.76 1.73 41.64 38.65 43.72 45.76
4.36 8.75 2.67 1.65 41.74 38.71 43.87 45.96
4.69 9.45 2.87 1.74 41.42 38.38 43.55 45.73
4.53 9.18 2.77 1.64 41.57 38.50 43.71 45.99
4.51 9.15 2.72 1.64 41.59 38.52 43.78 45.99
4.62 9.45 2.86 1.54 41.49 38.38 43.56 46.25
4.41 9.18 2.63 1.43 41.68 38.50 43.93 46.57
4.24 8.77 2.53 1.41 41.86 38.70 44.09 46.64
4.46 9.12 2.77 1.51 41.63 38.53 43.71 46.34
4.55 9.24 2.73 1.68 41.55 38.48 43.77 45.86
4.48 9.20 2.69 1.55 41.62 38.49 43.83 46.23
4.26 8.84 2.42 1.52 41.84 38.67 44.30 46.33
3.91 8.29 2.14 1.30 42.21 38.94 44.82 47.00
3.58 7.64 1.99 1.10 42.60 39.30 45.15 47.71
3.39 7.16 2.00 1.00 42.83 39.58 45.12 48.12
3.76 7.89 2.17 1.21 42.38 39.16 44.78 47.29
3.73 7.78 2.22 1.19 42.42 39.22 44.67 47.39
3.91 7.99 2.35 1.39 42.21 39.10 44.42 46.71
3.97 8.17 2.32 1.42 42.14 39.01 44.48 46.61
4.24 8.82 2.48 1.42 41.85 38.68 44.18 46.60
4.06 8.51 2.30 1.38 42.04 38.83 44.52 46.74
4.04 8.62 2.29 1.21 42.08 38.79 44.55 47.32
4.38 9.64 2.39 1.11 41.72 38.30 44.34 47.68
3.99 8.73 2.17 1.08 42.13 38.73 44.77 47.81
3.77 8.28 2.14 0.89 42.37 38.96 44.84 48.62
3.69 8.08 2.08 0.91 42.47 39.07 44.96 48.51
3.76 8.21 2.04 1.02 42.39 38.99 45.03 48.04
3.64 7.69 2.06 1.18 42.52 39.28 45.00 47.42
3.77 7.94 2.12 1.24 42.38 39.14 44.88 47.19
3.81 8.06 2.15 1.22 42.33 39.07 44.81 47.27
3.85 8.22 2.12 1.20 42.29 38.99 44.87 47.35
3.80 7.96 2.22 1.22 42.34 39.13 44.67 47.27
3.49 7.19 2.14 1.13 42.71 39.57 44.84 47.60
3.75 7.73 2.23 1.27 42.40 39.26 44.65 47.07
3.31 6.81 2.01 1.09 42.95 39.81 45.11 47.74
3.53 7.25 2.10 1.22 42.67 39.53 44.89 47.27
3.05 6.23 1.82 1.09 43.30 40.19 45.53 47.77
3.02 6.00 1.90 1.17 43.32 40.35 45.34 47.45
3.13 6.17 1.91 1.32 43.17 40.23 45.33 46.93
3.10 6.08 1.94 1.28 43.21 40.29 45.24 47.04
2.79 5.37 1.79 1.21 43.68 40.83 45.62 47.30
2.76 5.25 1.81 1.23 43.72 40.93 45.56 47.25
3.03 5.73 1.92 1.44 43.32 40.55 45.31 46.56
2.89 5.50 1.84 1.33 43.52 40.73 45.48 46.88
2.82 5.31 1.81 1.34 43.63 40.88 45.55 46.87
2.80 5.36 1.81 1.24 43.65 40.84 45.55 47.20
3.21 6.17 2.02 1.43 43.07 40.23 45.07 46.58
3.10 5.91 2.04 1.35 43.22 40.42 45.03 46.83
2.90 5.44 1.89 1.36 43.51 40.77 45.36 46.81
3.02 5.71 1.93 1.42 43.33 40.57 45.28 46.60
3.40 6.46 2.10 1.63 42.82 40.03 44.90 45.99
3.35 6.37 2.13 1.55 42.88 40.09 44.84 46.23
2.93 5.55 1.86 1.38 43.47 40.69 45.45 46.74
3.48 6.63 2.13 1.66 42.72 39.91 44.84 45.94
3.00 5.79 1.85 1.38 43.35 40.50 45.46 46.73
3.55 6.97 2.13 1.56 42.62 39.70 44.84 46.19
3.17 6.32 1.91 1.28 43.12 40.12 45.32 47.06
3.27 6.54 2.02 1.24 42.99 39.97 45.07 47.21
3.74 7.65 2.18 1.39 42.40 39.29 44.74 46.70
3.68 7.53 2.19 1.32 42.47 39.37 44.74 46.91
3.55 7.25 2.18 1.21 42.63 39.53 44.74 47.28
3.66 7.52 2.14 1.32 42.49 39.37 44.81 46.93
4.08 8.29 2.53 1.43 42.02 38.94 44.11 46.58
4.29 8.73 2.54 1.58 41.81 38.72 44.07 46.13
4.29 8.75 2.64 1.48 41.81 38.71 43.92 46.44
3.91 7.91 2.40 1.43 42.21 39.15 44.33 46.59
4.19 8.46 2.51 1.60 41.91 38.85 44.13 46.10
3.77 7.47 2.36 1.48 42.37 39.40 44.40 46.45
3.40 6.75 2.09 1.37 42.81 39.84 44.93 46.75
3.21 6.36 2.00 1.27 43.07 40.10 45.12 47.11
3.54 7.04 2.18 1.41 42.64 39.66 44.75 46.64
3.36 6.68 2.04 1.35 42.87 39.88 45.03 46.84
3.32 6.77 1.92 1.27 42.92 39.82 45.31 47.10
3.31 6.74 1.94 1.24 42.94 39.84 45.26 47.20
3.67 7.49 2.10 1.41 42.49 39.38 44.90 46.64
3.71 7.67 2.11 1.33 42.44 39.28 44.90 46.88
3.38 6.94 1.96 1.22 42.85 39.72 45.20 47.26
3.28 6.70 1.91 1.22 42.98 39.87 45.31 47.27
3.59 7.21 2.09 1.47 42.58 39.55 44.92 46.46
3.57 7.22 2.10 1.39 42.60 39.54 44.91 46.70
3.73 7.74 2.12 1.33 42.41 39.24 44.86 46.90
