3.92 8.48 2.12 1.15 42.20 38.85 44.87 47.51
3.61 7.65 2.04 1.16 42.55 39.30 45.04 47.48
3.64 7.75 2.05 1.12 42.52 39.24 45.02 47.62
3.81 8.37 2.02 1.03 42.33 38.90 45.07 48.01
3.48 7.59 1.89 0.97 42.71 39.33 45.36 48.25
3.80 8.32 1.99 1.08 42.34 38.93 45.15 47.78
3.66 8.10 1.89 0.98 42.50 39.04 45.36 48.20
4.15 9.17 2.18 1.09 41.95 38.51 44.74 47.76
3.56 7.89 1.89 0.89 42.62 39.16 45.38 48.61
3.79 8.57 1.99 0.83 42.34 38.80 45.15 48.96
3.63 8.26 1.92 0.71 42.53 38.96 45.29 49.64
3.94 8.85 2.10 0.86 42.18 38.66 44.91 48.78
3.81 8.47 1.97 0.97 42.32 38.85 45.17 48.25
4.51 9.95 2.37 1.21 41.59 38.15 44.39 47.31
4.31 9.39 2.27 1.28 41.78 38.40 44.58 47.06
5.11 11.08 2.69 1.57 41.05 37.69 43.83 46.18
5.16 11.21 2.76 1.50 41.00 37.63 43.71 46.37
4.95 10.64 2.79 1.40 41.19 37.87 43.67 46.67
5.16 11.30 2.79 1.40 41.00 37.60 43.68 46.66
5.22 11.39 2.89 1.38 40.95 37.57 43.53 46.71
4.95 10.87 2.60 1.38 41.19 37.77 43.98 46.75
4.73 10.42 2.54 1.21 41.39 37.95 44.08 47.30
4.96 10.90 2.64 1.32 41.18 37.76 43.91 46.91
4.24 9.38 2.26 1.08 41.86 38.41 44.59 47.79
4.57 10.06 2.33 1.33 41.53 38.10 44.47 46.90
4.40 9.62 2.27 1.30 41.70 38.30 44.57 47.01
4.50 9.77 2.32 1.42 41.60 38.23 44.48 46.62
4.74 10.16 2.56 1.49 41.38 38.06 44.05 46.40
4.28 9.17 2.31 1.35 41.82 38.51 44.50 46.84
4.74 9.97 2.65 1.59 41.38 38.14 43.90 46.11
3.88 7.99 2.19 1.47 42.24 39.11 44.73 46.46
4.23 8.67 2.40 1.63 41.86 38.75 44.33 46.01
3.92 7.94 2.26 1.57 42.20 39.14 44.58 46.19
4.31 8.79 2.51 1.63 41.79 38.69 44.13 46.00
3.90 7.85 2.27 1.58 42.23 39.19 44.58 46.15
4.18 8.43 2.42 1.71 41.92 38.87 44.30 45.81
3.64 7.32 2.12 1.50 42.52 39.49 44.87 46.39
3.90 7.83 2.24 1.65 42.22 39.19 44.64 45.97
3.56 7.16 2.01 1.52 42.61 39.58 45.11 46.30
3.76 7.70 2.19 1.40 42.38 39.27 44.72 46.69
3.07 6.30 1.82 1.09 43.26 40.14 45.53 47.77
3.17 6.56 1.88 1.07 43.12 39.96 45.39 47.84
2.76 5.71 1.64 0.93 43.73 40.57 45.98 48.47
3.12 6.43 1.86 1.08 43.18 40.05 45.43 47.80
2.89 6.02 1.72 0.93 43.52 40.34 45.78 48.44
3.31 6.74 2.08 1.13 42.93 39.85 44.95 47.60
3.23 6.50 2.08 1.10 43.04 40.00 44.95 47.71
3.72 7.52 2.30 1.34 42.42 39.36 44.51 46.87
3.71 7.44 2.36 1.33 42.44 39.42 44.40 46.89
3.51 7.01 2.25 1.26 42.68 39.68 44.60 47.11
4.09 8.25 2.57 1.46 42.01 38.97 44.03 46.49
3.54 7.15 2.30 1.18 42.64 39.59 44.52 47.43
3.83 7.73 2.39 1.37 42.30 39.25 44.34 46.76
3.38 6.92 2.11 1.12 42.84 39.74 44.90 47.64
3.48 7.18 2.15 1.12 42.71 39.57 44.81 47.63
3.63 7.47 2.22 1.20 42.53 39.40 44.67 47.33
3.51 7.26 2.07 1.19 42.68 39.52 44.97 47.38
3.09 6.63 1.81 0.85 43.23 39.92 45.56 48.86
3.42 7.24 2.07 0.94 42.80 39.53 44.98 48.39
3.39 7.08 2.13 0.96 42.83 39.63 44.86 48.33
3.53 7.31 2.11 1.17 42.66 39.49 44.89 47.46
3.76 7.70 2.30 1.28 42.38 39.27 44.51 47.06
3.47 7.20 2.08 1.12 42.74 39.56 44.95 47.64
3.41 7.04 2.00 1.18 42.81 39.65 45.12 47.41
3.00 6.17 1.82 1.02 43.36 40.23 45.53 48.04
3.01 6.15 1.82 1.06 43.35 40.25 45.54 47.88
3.02 6.19 1.79 1.08 43.33 40.21 45.60 47.82
2.87 5.84 1.71 1.06 43.55 40.47 45.79 47.88
2.57 5.22 1.53 0.96 44.03 40.95 46.28 48.31
2.89 5.84 1.70 1.13 43.52 40.47 45.82 47.59
3.02 6.14 1.76 1.16 43.33 40.25 45.67 47.50
3.23 6.60 1.89 1.19 43.05 39.93 45.38 47.37
3.34 6.89 1.96 1.17 42.89 39.75 45.21 47.45
3.76 7.77 2.27 1.25 42.38 39.23 44.57 47.16
3.72 7.81 2.17 1.18 42.43 39.20 44.77 47.39
3.40 7.14 2.03 1.04 42.82 39.59 45.07 47.98
3.16 6.66 1.91 0.90 43.14 39.90 45.33 48.60
3.27 6.95 1.99 0.89 42.98 39.71 45.14 48.67
3.34 7.09 2.05 0.89 42.89 39.63 45.01 48.65
3.48 7.47 2.06 0.91 42.71 39.40 44.99 48.53
3.34 7.10 2.05 0.88 42.90 39.62 45.03 48.71
3.33 7.14 1.97 0.89 42.90 39.60 45.18 48.63
3.60 7.55 2.14 1.10 42.57 39.35 44.83 47.72
3.36 7.05 2.02 0.99 42.88 39.65 45.07 48.18
3.58 7.42 2.20 1.13 42.59 39.43 44.71 47.59
3.27 6.72 2.00 1.09 42.98 39.86 45.11 47.75
3.49 7.16 2.10 1.21 42.70 39.58 44.91 47.30
3.18 6.48 1.98 1.09 43.10 40.01 45.18 47.76
3.38 6.87 2.03 1.22 42.85 39.76 45.06 47.26
3.37 6.89 2.10 1.12 42.86 39.75 44.92 47.66
3.65 7.58 2.10 1.27 42.51 39.33 44.90 47.10
3.11 6.43 1.87 1.03 43.21 40.05 45.42 48.01
3.03 6.24 1.84 1.02 43.31 40.18 45.48 48.05
2.65 5.45 1.62 0.88 43.90 40.77 46.02 48.68
2.67 5.56 1.55 0.89 43.87 40.68 46.22 48.62
2.32 4.82 1.37 0.78 44.47 41.30 46.77 49.18
2.31 4.70 1.38 0.86 44.49 41.41 46.74 48.77
2.10 4.23 1.32 0.73 44.92 41.87 46.93 49.47
2.21 4.51 1.32 0.80 44.69 41.59 46.93 49.13
2.00 4.16 1.20 0.64 45.12 41.94 47.34 50.08
2.16 4.46 1.29 0.74 44.78 41.63 47.03 49.46
2.14 4.45 1.30 0.69 44.82 41.65 47.00 49.76
2.41 4.97 1.42 0.85 44.31 41.17 46.61 48.86
2.30 4.60 1.47 0.84 44.51 41.51 46.46 48.91
2.37 4.65 1.52 0.96 44.38 41.46 46.32 48.32
2.59 5.09 1.60 1.08 44.00 41.06 46.11 47.82
2.85 5.37 1.78 1.41 43.58 40.83 45.64 46.65
2.85 5.06 1.78 1.71 43.58 41.09 45.62 45.81
3.36 5.90 2.06 2.12 42.86 40.42 44.98 44.86
3.41 5.78 2.14 2.30 42.81 40.51 44.84 44.51
3.91 6.59 2.67 2.48 42.21 39.95 43.87 44.20
4.36 7.39 2.99 2.71 41.74 39.45 43.38 43.80
4.34 7.29 3.01 2.73 41.75 39.50 43.35 43.77
4.02 6.82 2.61 2.64 42.09 39.80 43.96 43.91
4.21 7.20 2.72 2.71 41.89 39.56 43.79 43.80
4.00 6.84 2.59 2.59 42.10 39.78 44.00 44.00
3.78 6.48 2.45 2.40 42.36 40.01 44.23 44.32
3.37 5.83 2.09 2.19 42.86 40.48 44.94 44.72
3.42 6.04 2.13 2.09 42.80 40.32 44.85 44.93
3.45 6.18 2.12 2.05 42.76 40.22 44.87 45.03
3.78 6.79 2.33 2.21 42.36 39.81 44.46 44.69
3.51 6.21 2.21 2.13 42.67 40.20 44.69 44.85
3.82 6.54 2.60 2.30 42.32 39.97 43.98 44.51
4.21 7.20 2.87 2.56 41.89 39.56 43.55 44.06
4.22 7.14 2.84 2.70 41.88 39.60 43.61 43.82
4.87 8.36 3.27 2.99 41.26 38.91 42.99 43.38
4.81 8.15 3.31 2.99 41.31 39.02 42.94 43.37
4.05 6.77 2.80 2.58 42.06 39.83 43.67 44.01
4.26 7.24 2.94 2.61 41.84 39.53 43.45 43.97
4.37 7.35 3.05 2.73 41.72 39.47 43.29 43.78
4.10 6.99 2.74 2.56 42.01 39.69 43.75 44.06
4.45 7.58 2.98 2.81 41.65 39.34 43.39 43.66
4.45 7.49 3.05 2.81 41.65 39.39 43.29 43.64
3.94 6.53 2.57 2.72 42.18 39.99 44.03 43.79
4.01 6.78 2.60 2.65 42.11 39.83 43.99 43.91
3.55 5.78 2.27 2.60 42.63 40.52 44.58 43.99
3.68 6.09 2.28 2.67 42.48 40.29 44.55 43.87
3.43 5.62 2.15 2.52 42.78 40.63 44.81 44.12
3.26 5.52 2.10 2.15 43.00 40.71 44.91 44.80
3.45 5.91 2.22 2.23 42.75 40.42 44.66 44.66
2.94 4.96 2.00 1.84 43.45 41.17 45.12 45.48
2.91 4.93 2.10 1.69 43.50 41.21 44.92 45.85
2.62 4.66 1.88 1.33 43.94 41.45 45.38 46.90
2.56 4.78 1.79 1.10 44.05 41.34 45.61 47.70
1.99 3.83 1.27 0.86 45.15 42.30 47.08 48.78
2.18 4.21 1.37 0.97 44.74 41.89 46.77 48.26
1.97 3.79 1.27 0.86 45.18 42.35 47.08 48.79
2.23 4.19 1.49 1.01 44.65 41.91 46.39 48.09
2.06 3.91 1.39 0.87 45.00 42.21 46.71 48.75
2.21 4.12 1.48 1.03 44.69 41.98 46.44 48.00
1.94 3.65 1.29 0.87 45.26 42.50 47.04 48.74
2.19 4.07 1.49 1.00 44.73 42.04 46.40 48.12
1.94 3.62 1.35 0.84 45.26 42.54 46.84 48.88
2.09 3.87 1.37 1.03 44.93 42.25 46.76 48.01
1.83 3.41 1.17 0.92 45.50 42.80 47.44 48.51
1.93 3.53 1.26 1.00 45.27 42.65 47.11 48.12
1.75 3.16 1.17 0.91 45.71 43.14 47.46 48.52
2.11 3.86 1.40 1.08 44.88 42.26 46.67 47.79
2.44 4.40 1.64 1.27 44.26 41.69 45.97 47.11
3.07 5.79 1.88 1.53 43.26 40.51 45.39 46.28
3.79 7.12 2.38 1.86 42.35 39.61 44.36 45.44
4.23 8.02 2.64 2.01 41.87 39.09 43.91 45.09
4.27 8.10 2.67 2.04 41.83 39.05 43.87 45.03
5.51 10.79 3.33 2.41 40.72 37.80 42.90 44.32
4.96 9.70 2.96 2.22 41.18 38.26 43.41 44.67
5.72 11.38 3.33 2.45 40.56 37.57 42.91 44.25
5.33 10.53 3.22 2.25 40.86 37.91 43.05 44.60
6.13 12.13 3.61 2.65 40.26 37.29 42.56 43.90
6.00 12.10 3.55 2.35 40.35 37.30 42.63 44.42
6.17 12.31 3.69 2.52 40.22 37.23 42.46 44.11
6.06 12.21 3.54 2.41 40.31 37.26 42.64 44.31
5.67 11.23 3.33 2.46 40.59 37.63 42.91 44.22
4.95 9.91 2.97 1.98 41.18 38.17 43.41 45.17
5.03 9.85 3.04 2.19 41.12 38.19 43.30 44.73
3.94 7.43 2.46 1.92 42.18 39.42 44.22 45.29
4.56 8.50 2.91 2.26 41.54 38.83 43.48 44.59
4.55 8.56 2.75 2.33 41.55 38.81 43.74 44.45
4.52 8.67 2.71 2.20 41.58 38.75 43.80 44.71
4.93 9.59 2.97 2.24 41.20 38.31 43.41 44.64
4.59 9.07 2.65 2.04 41.51 38.56 43.89 45.03
4.55 8.96 2.64 2.03 41.55 38.61 43.91 45.04
4.87 9.80 2.70 2.11 41.25 38.22 43.81 44.88
4.96 9.50 2.83 2.56 41.17 38.35 43.61 44.06
4.64 8.86 2.59 2.46 41.47 38.66 44.00 44.22
4.99 9.40 2.84 2.71 41.15 38.40 43.60 43.79
5.13 9.63 3.12 2.65 41.03 38.30 43.19 43.91
4.91 9.37 2.84 2.50 41.22 38.41 43.59 44.15
5.34 10.15 3.13 2.74 40.86 38.07 43.18 43.76
5.14 9.77 3.08 2.55 41.03 38.23 43.25 44.07
4.73 8.92 2.85 2.42 41.38 38.62 43.59 44.30
5.13 9.91 2.93 2.55 41.03 38.17 43.46 44.07
4.35 8.30 2.58 2.18 41.74 38.94 44.02 44.75
4.21 8.03 2.59 2.01 41.89 39.08 44.01 45.09
3.66 7.08 2.25 1.64 42.50 39.63 44.62 45.97
3.45 6.59 2.16 1.59 42.76 39.94 44.79 46.13
2.80 5.35 1.77 1.27 43.67 40.85 45.65 47.10
2.56 4.85 1.65 1.17 44.06 41.28 45.96 47.44
2.19 4.13 1.41 1.04 44.73 41.98 46.64 47.97
2.16 4.01 1.36 1.09 44.80 42.10 46.78 47.78
1.93 3.61 1.25 0.93 45.28 42.56 47.16 48.46
1.88 3.50 1.22 0.93 45.38 42.70 47.26 48.44
2.09 3.93 1.30 1.05 44.92 42.19 46.99 47.93
2.08 3.97 1.34 0.94 44.94 42.14 46.87 48.41
2.08 3.91 1.33 0.99 44.96 42.21 46.90 48.19
2.03 3.84 1.32 0.93 45.06 42.29 46.93 48.47
2.35 4.54 1.47 1.05 44.41 41.56 46.46 47.90
2.52 4.91 1.59 1.07 44.12 41.22 46.13 47.86
2.75 5.26 1.73 1.25 43.74 40.92 45.75 47.15
2.91 5.56 1.87 1.30 43.50 40.68 45.42 46.98
3.10 5.99 1.94 1.38 43.21 40.36 45.24 46.74
3.28 6.35 2.07 1.43 42.97 40.11 44.98 46.57
3.49 6.82 2.15 1.51 42.70 39.80 44.79 46.35
3.66 7.19 2.26 1.52 42.50 39.56 44.59 46.32
3.91 7.74 2.40 1.58 42.21 39.24 44.33 46.14
3.92 7.86 2.41 1.47 42.20 39.17 44.31 46.45
3.83 7.74 2.33 1.42 42.30 39.24 44.44 46.61
4.06 8.25 2.45 1.48 42.05 38.97 44.24 46.42
4.23 8.43 2.72 1.54 41.87 38.87 43.79 46.26
4.23 8.44 2.62 1.64 41.87 38.87 43.94 45.99
4.30 8.52 2.69 1.69 41.79 38.83 43.83 45.84
4.19 8.37 2.57 1.62 41.91 38.90 44.03 46.04
4.47 8.92 2.77 1.71 41.63 38.63 43.71 45.79
4.33 8.74 2.65 1.59 41.77 38.72 43.90 46.11
4.32 8.71 2.65 1.61 41.78 38.73 43.90 46.06
4.44 9.02 2.78 1.52 41.65 38.58 43.69 46.30
4.18 8.62 2.53 1.38 41.92 38.78 44.10 46.74
4.05 8.38 2.43 1.35 42.05 38.90 44.27 46.83
4.30 8.75 2.67 1.49 41.80 38.71 43.87 46.40
4.36 8.81 2.62 1.64 41.74 38.68 43.95 45.97
4.30 8.80 2.59 1.51 41.80 38.69 43.99 46.34
4.11 8.46 2.38 1.47 42.00 38.85 44.37 46.44
3.77 7.95 2.10 1.26 42.37 39.13 44.91 47.13
3.43 7.28 1.94 1.06 42.78 39.51 45.25 47.88
3.30 6.90 1.98 1.00 42.95 39.74 45.16 48.12
3.62 7.58 2.12 1.17 42.54 39.33 44.87 47.45
3.65 7.62 2.18 1.13 42.51 39.31 44.75 47.58
3.36 6.93 1.99 1.15 42.87 39.73 45.14 47.52
3.73 7.67 2.20 1.31 42.42 39.29 44.71 46.96
4.02 8.27 2.38 1.41 42.09 38.96 44.36 46.64
3.89 8.07 2.22 1.37 42.23 39.06 44.66 46.77
4.00 8.40 2.34 1.24 42.12 38.89 44.44 47.19
4.07 8.85 2.29 1.07 42.03 38.66 44.53 47.83
3.72 8.06 2.06 1.03 42.43 39.07 45.00 47.99
3.51 7.64 2.03 0.86 42.68 39.30 45.05 48.79
3.31 7.17 1.91 0.85 42.93 39.58 45.32 48.82
3.42 7.41 1.90 0.96 42.79 39.44 45.34 48.29
3.33 6.94 1.92 1.14 42.90 39.72 45.29 47.57
3.47 7.26 1.97 1.18 42.73 39.52 45.19 47.43
3.37 7.06 1.95 1.11 42.85 39.64 45.22 47.67
3.38 7.16 1.89 1.09 42.84 39.58 45.36 47.76
3.30 6.86 1.96 1.09 42.93 39.77 45.20 47.76
3.12 6.41 1.96 1.01 43.18 40.06 45.21 48.09
3.41 7.00 2.07 1.16 42.80 39.68 44.97 47.49
3.04 6.19 1.88 1.04 43.31 40.22 45.39 47.96
3.22 6.49 2.00 1.17 43.06 40.01 45.13 47.44
2.81 5.65 1.71 1.07 43.64 40.61 45.79 47.82
2.78 5.46 1.74 1.14 43.69 40.76 45.74 47.55
2.87 5.56 1.80 1.25 43.55 40.68 45.60 47.16
2.84 5.45 1.81 1.28 43.59 40.77 45.55 47.07
2.57 4.83 1.70 1.16 44.04 41.29 45.82 47.48
2.54 4.76 1.69 1.16 44.09 41.35 45.85 47.48
2.77 5.18 1.76 1.37 43.71 40.99 45.67 46.79
2.64 4.91 1.71 1.31 43.92 41.23 45.82 46.98
2.65 4.95 1.72 1.29 43.89 41.18 45.77 47.03
2.55 4.83 1.65 1.18 44.06 41.29 45.97 47.42
2.90 5.54 1.84 1.34 43.50 40.70 45.49 46.86
2.83 5.34 1.86 1.31 43.61 40.87 45.44 46.97
2.67 4.94 1.77 1.28 43.87 41.19 45.64 47.06
2.80 5.23 1.82 1.36 43.66 40.95 45.52 46.80
3.12 5.83 1.98 1.57 43.18 40.48 45.17 46.17
3.03 5.68 1.94 1.47 43.32 40.59 45.27 46.47
2.73 5.14 1.74 1.31 43.77 41.02 45.73 46.95
3.23 6.10 2.02 1.58 43.03 40.28 45.08 46.15
2.86 5.45 1.81 1.35 43.57 40.78 45.57 46.85
3.29 6.37 2.01 1.49 42.96 40.09 45.09 46.40
3.01 5.87 1.86 1.28 43.35 40.44 45.43 47.06
2.99 5.94 1.85 1.19 43.37 40.40 45.47 47.38
3.40 6.83 2.04 1.33 42.82 39.79 45.04 46.90
3.38 6.85 2.04 1.26 42.84 39.77 45.03 47.14
3.34 6.73 2.09 1.19 42.90 39.85 44.93 47.39
3.44 6.97 2.08 1.27 42.76 39.70 44.95 47.09
3.79 7.56 2.42 1.40 42.34 39.35 44.30 46.67
4.02 8.10 2.46 1.51 42.09 39.04 44.23 46.34
4.00 8.01 2.54 1.45 42.11 39.10 44.08 46.50
3.64 7.31 2.24 1.37 42.52 39.49 44.62 46.75
3.93 7.84 2.40 1.54 42.19 39.19 44.32 46.26
3.56 7.02 2.23 1.44 42.62 39.67 44.66 46.56
3.24 6.36 2.01 1.34 43.02 40.09 45.09 46.84
3.07 6.06 1.92 1.23 43.26 40.31 45.30 47.22
3.32 6.51 2.06 1.39 42.92 39.99 44.99 46.71
3.22 6.41 1.97 1.29 43.05 40.06 45.19 47.03
3.06 6.16 1.81 1.22 43.27 40.24 45.55 47.28
3.07 6.17 1.82 1.22 43.26 40.23 45.53 47.28
3.50 7.11 2.02 1.38 42.68 39.61 45.07 46.72
3.48 7.11 2.03 1.31 42.71 39.61 45.06 46.96
3.15 6.41 1.86 1.18 43.15 40.06 45.44 47.41
3.12 6.39 1.79 1.19 43.18 40.08 45.60 47.38
3.32 6.65 1.93 1.41 42.91 39.91 45.28 46.64
3.40 6.84 1.99 1.37 42.82 39.78 45.14 46.77
3.57 7.37 2.02 1.30 42.61 39.45 45.07 46.99
