3.92 8.48 2.12 1.15 42.20 38.85 44.87 47.51
3.61 7.65 2.04 1.16 42.55 39.30 45.04 47.48
3.64 7.75 2.05 1.12 42.52 39.24 45.02 47.62
3.81 8.37 2.02 1.03 42.33 38.90 45.07 48.01
3.47 7.56 1.87 0.97 42.73 39.35 45.40 48.24
3.80 8.33 1.96 1.09 42.34 38.92 45.20 47.74
3.66 8.11 1.90 0.99 42.49 39.04 45.35 48.17
4.15 9.16 2.20 1.09 41.95 38.51 44.71 47.75
3.56 7.88 1.92 0.89 42.61 39.16 45.31 48.64
3.77 8.50 1.99 0.82 42.37 38.84 45.15 49.01
3.59 8.21 1.89 0.68 42.58 38.99 45.36 49.79
3.91 8.82 2.06 0.86 42.21 38.68 45.00 48.80
3.77 8.42 1.93 0.96 42.37 38.88 45.27 48.31
4.50 9.90 2.35 1.23 41.60 38.17 44.41 47.23
4.28 9.26 2.28 1.32 41.81 38.47 44.55 46.94
5.09 10.98 2.72 1.57 41.07 37.73 43.78 46.18
5.21 11.37 2.77 1.49 40.96 37.57 43.71 46.41
4.98 10.76 2.80 1.39 41.16 37.81 43.66 46.70
5.21 11.43 2.80 1.40 40.96 37.55 43.66 46.67
5.23 11.39 2.89 1.41 40.95 37.56 43.52 46.65
4.99 10.97 2.64 1.37 41.15 37.73 43.91 46.78
4.70 10.38 2.55 1.17 41.41 37.97 44.06 47.44
4.93 10.88 2.64 1.29 41.20 37.77 43.92 47.03
4.23 9.38 2.26 1.04 41.87 38.41 44.59 47.94
4.59 10.11 2.34 1.32 41.51 38.08 44.43 46.94
4.39 9.59 2.28 1.29 41.71 38.31 44.55 47.03
4.48 9.70 2.33 1.43 41.61 38.26 44.47 46.58
4.72 10.15 2.52 1.49 41.39 38.07 44.11 46.40
4.41 9.42 2.38 1.42 41.69 38.39 44.37 46.62
4.61 9.78 2.49 1.54 41.50 38.23 44.16 46.25
4.72 9.98 2.55 1.61 41.39 38.14 44.07 46.05
4.82 10.17 2.55 1.74 41.30 38.06 44.06 45.71
4.58 9.53 2.53 1.67 41.53 38.34 44.10 45.91
4.61 9.65 2.52 1.67 41.49 38.28 44.13 45.92
4.79 9.96 2.65 1.75 41.33 38.15 43.90 45.69
4.70 9.78 2.56 1.77 41.41 38.22 44.04 45.66
4.23 8.62 2.40 1.66 41.87 38.77 44.32 45.95
4.22 8.71 2.30 1.66 41.88 38.73 44.51 45.94
4.42 9.26 2.32 1.69 41.68 38.47 44.48 45.87
4.32 9.11 2.37 1.49 41.77 38.53 44.39 46.39
3.55 7.51 1.96 1.18 42.63 39.38 45.20 47.41
3.40 7.30 1.89 1.02 42.81 39.50 45.35 48.05
3.41 7.35 1.87 1.01 42.80 39.47 45.41 48.06
3.54 7.56 1.96 1.11 42.64 39.35 45.20 47.67
3.32 7.09 1.88 0.98 42.92 39.63 45.40 48.20
3.58 7.52 2.13 1.08 42.59 39.37 44.85 47.79
3.86 8.04 2.36 1.18 42.27 39.08 44.41 47.41
4.03 8.30 2.47 1.33 42.08 38.95 44.20 46.91
3.88 8.00 2.38 1.25 42.25 39.10 44.37 47.15
3.76 7.71 2.32 1.24 42.38 39.26 44.47 47.18
4.48 9.27 2.71 1.44 41.62 38.46 43.80 46.54
3.95 8.20 2.46 1.20 42.16 38.99 44.22 47.36
4.24 8.86 2.51 1.36 41.86 38.66 44.13 46.80
3.80 7.94 2.29 1.16 42.33 39.14 44.52 47.48
4.07 8.56 2.45 1.21 42.03 38.81 44.23 47.29
4.12 8.68 2.45 1.23 41.99 38.75 44.23 47.25
3.70 7.82 2.15 1.14 42.45 39.20 44.81 47.58
3.44 7.53 1.95 0.84 42.77 39.37 45.23 48.92
3.83 8.29 2.26 0.94 42.30 38.95 44.60 48.39
3.60 7.67 2.18 0.95 42.57 39.29 44.74 48.37
4.09 8.67 2.41 1.19 42.01 38.75 44.32 47.38
4.37 9.20 2.62 1.30 41.72 38.49 43.95 47.00
4.16 8.77 2.47 1.25 41.94 38.70 44.21 47.15
4.03 8.53 2.33 1.24 42.07 38.82 44.46 47.18
3.61 7.59 2.16 1.09 42.55 39.33 44.78 47.75
3.32 7.09 1.90 0.98 42.92 39.63 45.35 48.21
3.52 7.44 2.01 1.12 42.67 39.41 45.11 47.65
3.32 7.01 1.86 1.10 42.92 39.67 45.43 47.74
3.16 6.67 1.75 1.05 43.14 39.89 45.68 47.93
3.36 7.03 1.84 1.18 42.87 39.66 45.47 47.40
3.53 7.42 1.99 1.17 42.65 39.43 45.14 47.46
3.48 7.38 1.94 1.13 42.71 39.45 45.25 47.59
3.92 8.30 2.25 1.21 42.20 38.94 44.60 47.29
4.29 9.17 2.43 1.28 41.80 38.51 44.29 47.05
4.34 9.39 2.39 1.25 41.75 38.40 44.35 47.16
3.93 8.63 2.14 1.03 42.19 38.77 44.82 48.01
3.85 8.43 2.16 0.95 42.28 38.88 44.78 48.36
3.72 8.11 2.14 0.91 42.43 39.04 44.83 48.56
4.07 8.92 2.35 0.94 42.04 38.63 44.43 48.37
4.06 8.97 2.27 0.94 42.05 38.60 44.58 48.41
3.99 8.82 2.23 0.90 42.12 38.68 44.64 48.57
3.82 8.35 2.19 0.92 42.31 38.92 44.72 48.49
4.26 9.22 2.42 1.15 41.83 38.48 44.30 47.51
3.89 8.35 2.29 1.03 42.23 38.92 44.53 47.98
4.22 9.04 2.45 1.17 41.88 38.57 44.24 47.44
3.82 8.05 2.26 1.13 42.31 39.07 44.58 47.58
4.15 8.81 2.39 1.24 41.96 38.68 44.34 47.19
3.67 7.71 2.15 1.15 42.48 39.26 44.81 47.52
3.90 8.16 2.24 1.29 42.22 39.01 44.63 47.00
3.80 7.94 2.31 1.15 42.33 39.13 44.49 47.52
4.19 8.95 2.32 1.31 41.91 38.62 44.49 46.96
3.51 7.40 2.07 1.06 42.67 39.44 44.97 47.87
3.49 7.40 2.02 1.06 42.70 39.44 45.06 47.88
3.08 6.47 1.83 0.93 43.25 40.02 45.49 48.45
3.06 6.52 1.69 0.95 43.28 39.99 45.84 48.34
2.61 5.52 1.49 0.82 43.96 40.71 46.39 48.96
2.66 5.59 1.52 0.89 43.88 40.66 46.32 48.65
2.39 4.94 1.46 0.79 44.34 41.20 46.49 49.16
2.59 5.44 1.47 0.85 44.01 40.78 46.46 48.83
2.28 4.81 1.35 0.69 44.54 41.31 46.83 49.74
2.54 5.39 1.47 0.78 44.08 40.81 46.47 49.23
2.51 5.33 1.47 0.72 44.13 40.86 46.44 49.55
2.83 5.98 1.60 0.90 43.61 40.36 46.08 48.59
2.70 5.54 1.64 0.91 43.82 40.69 45.98 48.56
2.85 5.67 1.77 1.13 43.57 40.60 45.65 47.62
3.11 6.16 1.88 1.28 43.21 40.23 45.40 47.07
3.48 6.70 2.12 1.62 42.72 39.87 44.86 46.03
3.58 6.50 2.23 1.99 42.60 40.00 44.64 45.14
4.22 7.41 2.58 2.68 41.88 39.44 44.03 43.85
4.16 7.11 2.59 2.77 41.94 39.61 44.00 43.71
5.24 9.00 3.60 3.13 40.93 38.59 42.56 43.18
5.42 9.11 3.64 3.51 40.79 38.54 42.52 42.68
5.30 9.02 3.62 3.27 40.89 38.58 42.54 42.98
5.12 8.90 3.25 3.23 41.03 38.64 43.02 43.04
4.65 7.99 2.99 2.95 41.46 39.10 43.37 43.43
4.98 8.69 3.17 3.08 41.16 38.74 43.12 43.24
4.77 8.19 3.10 3.00 41.35 39.00 43.22 43.36
4.70 8.28 2.87 2.97 41.41 38.95 43.56 43.40
4.40 7.84 2.66 2.69 41.70 39.19 43.88 43.83
4.35 7.72 2.64 2.68 41.75 39.25 43.92 43.85
4.74 8.58 2.92 2.72 41.38 38.80 43.47 43.79
4.51 8.08 2.76 2.68 41.60 39.06 43.73 43.86
4.58 7.86 3.05 2.82 41.53 39.18 43.29 43.64
5.25 9.12 3.53 3.10 40.93 38.53 42.66 43.22
4.96 8.49 3.26 3.14 41.18 38.85 43.00 43.16
5.63 9.76 3.69 3.45 40.63 38.24 42.46 42.76
5.69 9.80 3.77 3.51 40.58 38.22 42.36 42.69
4.81 8.08 3.27 3.07 41.32 39.06 42.99 43.26
5.38 9.33 3.62 3.17 40.84 38.44 42.55 43.12
5.33 9.23 3.47 3.29 40.87 38.49 42.73 42.96
5.04 8.73 3.29 3.10 41.11 38.73 42.96 43.23
5.55 9.67 3.61 3.37 40.69 38.28 42.56 42.86
5.29 8.95 3.60 3.32 40.90 38.62 42.58 42.93
4.87 8.27 3.14 3.20 41.27 38.97 43.18 43.09
4.68 7.91 3.04 3.07 41.44 39.15 43.31 43.26
4.35 7.38 2.68 3.00 41.75 39.46 43.86 43.37
4.38 7.38 2.62 3.13 41.72 39.45 43.95 43.17
4.06 6.81 2.47 2.89 42.05 39.80 44.20 43.52
4.00 6.97 2.48 2.56 42.11 39.70 44.20 44.06
4.13 7.17 2.58 2.63 41.98 39.58 44.02 43.93
3.39 5.80 2.29 2.08 42.83 40.50 44.53 44.96
3.38 5.85 2.34 1.96 42.84 40.46 44.45 45.21
3.00 5.38 2.14 1.48 43.36 40.83 44.83 46.44
2.93 5.47 2.04 1.28 43.46 40.75 45.05 47.06
2.21 4.30 1.39 0.93 44.70 41.80 46.72 48.44
2.39 4.69 1.50 0.99 44.34 41.42 46.38 48.17
2.11 4.10 1.34 0.89 44.89 42.01 46.86 48.64
2.30 4.40 1.49 1.00 44.52 41.69 46.39 48.14
2.16 4.17 1.41 0.90 44.79 41.93 46.63 48.60
2.37 4.61 1.51 0.99 44.38 41.49 46.36 48.16
2.07 4.01 1.33 0.87 44.97 42.10 46.89 48.75
2.25 4.32 1.47 0.96 44.61 41.77 46.46 48.33
2.20 4.21 1.48 0.90 44.71 41.88 46.42 48.62
2.26 4.35 1.43 1.02 44.58 41.75 46.58 48.07
2.00 3.76 1.27 0.98 45.11 42.38 47.08 48.21
2.00 3.74 1.28 0.98 45.12 42.40 47.08 48.21
1.96 3.66 1.26 0.97 45.21 42.50 47.15 48.27
2.35 4.48 1.47 1.09 44.42 41.62 46.46 47.75
2.74 5.17 1.77 1.29 43.75 41.00 45.66 47.02
3.39 6.60 2.06 1.51 42.83 39.94 44.99 46.33
4.43 8.56 2.78 1.95 41.67 38.81 43.69 45.22
5.22 10.14 3.20 2.31 40.96 38.07 43.08 44.50
5.22 10.16 3.17 2.31 40.96 38.07 43.13 44.49
6.60 13.05 3.93 2.83 39.94 36.98 42.19 43.62
6.16 12.39 3.53 2.57 40.24 37.21 42.65 44.03
7.27 14.70 4.13 2.98 39.52 36.47 41.97 43.39
6.53 13.11 3.87 2.61 39.99 36.96 42.26 43.96
7.46 15.05 4.22 3.11 39.41 36.36 41.88 43.20
7.23 14.99 4.17 2.55 39.55 36.38 41.94 44.07
7.84 16.00 4.64 2.89 39.19 36.10 41.47 43.52
6.87 14.14 4.01 2.45 39.77 36.63 42.10 44.25
6.68 13.52 3.83 2.70 39.89 36.83 42.30 43.82
6.55 13.33 3.83 2.50 39.98 36.90 42.31 44.16
6.21 12.56 3.67 2.40 40.21 37.15 42.49 44.32
4.76 9.29 2.84 2.16 41.36 38.46 43.61 44.79
5.73 11.25 3.45 2.50 40.56 37.63 42.76 44.14
5.52 10.76 3.20 2.58 40.72 37.82 43.08 44.02
5.65 11.11 3.27 2.56 40.62 37.68 43.00 44.05
6.13 12.21 3.58 2.59 40.27 37.27 42.60 44.00
5.80 11.67 3.27 2.46 40.50 37.47 42.99 44.23
5.33 10.73 2.97 2.28 40.87 37.82 43.41 44.56
5.62 11.42 3.03 2.40 40.63 37.55 43.32 44.34
6.06 11.95 3.36 2.87 40.30 37.36 42.86 43.55
5.67 11.11 3.06 2.85 40.59 37.67 43.28 43.58
6.30 12.12 3.47 3.31 40.14 37.30 42.72 42.93
6.45 12.54 3.76 3.05 40.04 37.15 42.39 43.29
6.68 13.04 3.73 3.27 39.88 36.98 42.41 42.99
6.85 13.35 3.89 3.32 39.77 36.88 42.24 42.91
6.42 12.55 3.68 3.04 40.05 37.14 42.48 43.30
5.82 11.31 3.35 2.81 40.48 37.60 42.88 43.65
6.43 12.69 3.60 3.00 40.05 37.10 42.56 43.36
5.36 10.48 3.10 2.51 40.84 37.93 43.22 44.13
5.11 10.04 2.99 2.28 41.05 38.11 43.38 44.55
4.32 8.51 2.62 1.84 41.78 38.83 43.95 45.50
4.25 8.38 2.57 1.81 41.84 38.90 44.02 45.55
3.39 6.69 2.09 1.40 42.83 39.88 44.94 46.67
3.04 5.96 1.92 1.26 43.29 40.38 45.30 47.12
2.79 5.59 1.68 1.10 43.68 40.66 45.89 47.72
2.51 4.84 1.55 1.16 44.12 41.29 46.22 47.50
2.16 4.20 1.33 0.95 44.79 41.90 46.88 48.37
2.04 3.82 1.31 0.98 45.04 42.31 46.95 48.23
2.24 4.29 1.39 1.06 44.62 41.81 46.71 47.88
2.33 4.55 1.47 0.98 44.45 41.56 46.46 48.22
2.27 4.37 1.42 1.00 44.58 41.73 46.59 48.11
2.27 4.42 1.43 0.96 44.57 41.68 46.56 48.34
2.64 5.18 1.61 1.12 43.92 40.99 46.07 47.62
2.86 5.74 1.75 1.10 43.56 40.54 45.70 47.72
3.10 6.17 1.83 1.30 43.22 40.23 45.49 47.00
3.24 6.38 2.03 1.33 43.02 40.09 45.06 46.91
3.50 6.92 2.15 1.42 42.69 39.73 44.81 46.60
3.47 6.98 2.11 1.32 42.72 39.69 44.89 46.91
4.10 8.32 2.40 1.56 42.01 38.93 44.33 46.19
4.38 9.06 2.49 1.59 41.72 38.56 44.16 46.12
4.53 9.38 2.56 1.65 41.57 38.41 44.05 45.96
4.62 9.62 2.63 1.60 41.49 38.30 43.94 46.08
4.75 9.92 2.72 1.59 41.37 38.17 43.78 46.12
4.63 9.74 2.61 1.53 41.48 38.25 43.96 46.29
4.59 9.59 2.73 1.46 41.51 38.31 43.78 46.48
4.98 10.41 2.85 1.68 41.16 37.96 43.59 45.88
5.11 10.63 2.98 1.72 41.04 37.87 43.39 45.77
4.87 10.16 2.78 1.67 41.26 38.06 43.69 45.89
4.99 10.46 2.84 1.66 41.15 37.94 43.59 45.93
5.01 10.61 2.81 1.60 41.14 37.87 43.65 46.10
5.17 11.03 2.86 1.60 41.00 37.71 43.57 46.07
5.13 10.92 2.90 1.58 41.03 37.75 43.51 46.16
5.21 11.17 2.89 1.55 40.97 37.65 43.52 46.21
4.92 10.59 2.70 1.47 41.21 37.88 43.82 46.45
5.02 10.59 2.92 1.55 41.13 37.88 43.48 46.24
5.20 11.05 2.86 1.70 40.97 37.70 43.57 45.83
4.97 10.60 2.76 1.56 41.17 37.88 43.72 46.21
4.85 10.43 2.58 1.53 41.27 37.95 44.01 46.29
4.60 10.16 2.33 1.29 41.51 38.06 44.46 47.02
4.29 9.57 2.15 1.13 41.81 38.32 44.81 47.60
4.24 9.26 2.33 1.15 41.85 38.46 44.46 47.54
4.38 9.55 2.36 1.24 41.71 38.33 44.40 47.19
4.58 10.01 2.52 1.21 41.52 38.13 44.12 47.29
4.14 8.92 2.27 1.24 41.96 38.63 44.57 47.21
4.64 9.87 2.55 1.51 41.46 38.19 44.07 46.34
4.97 10.62 2.73 1.56 41.17 37.87 43.77 46.21
5.11 10.96 2.76 1.62 41.04 37.73 43.73 46.04
4.61 10.03 2.52 1.28 41.49 38.12 44.11 47.05
5.09 11.33 2.74 1.19 41.06 37.59 43.75 47.37
4.82 10.75 2.54 1.16 41.31 37.82 44.08 47.50
4.36 9.83 2.32 0.94 41.73 38.20 44.48 48.41
4.44 9.93 2.38 0.99 41.66 38.16 44.35 48.18
4.39 9.75 2.31 1.11 41.71 38.24 44.50 47.67
4.32 9.36 2.33 1.26 41.78 38.42 44.45 47.14
4.48 9.62 2.46 1.35 41.62 38.30 44.23 46.82
4.49 9.67 2.45 1.33 41.61 38.27 44.24 46.90
4.41 9.54 2.39 1.28 41.69 38.34 44.34 47.05
4.49 9.71 2.48 1.28 41.61 38.26 44.18 47.06
4.04 8.58 2.36 1.19 42.06 38.79 44.41 47.38
4.32 9.17 2.42 1.38 41.77 38.51 44.29 46.74
3.75 7.90 2.17 1.17 42.39 39.15 44.76 47.43
3.92 8.31 2.21 1.24 42.20 38.94 44.70 47.20
3.36 7.00 1.93 1.15 42.87 39.68 45.29 47.53
3.29 6.66 1.98 1.23 42.96 39.90 45.17 47.24
3.44 6.88 2.06 1.38 42.77 39.76 44.99 46.74
3.32 6.60 2.05 1.32 42.92 39.93 45.02 46.93
2.97 5.78 1.85 1.29 43.40 40.51 45.46 47.05
2.89 5.61 1.83 1.23 43.52 40.64 45.51 47.23
3.10 5.90 1.95 1.44 43.22 40.42 45.24 46.54
2.96 5.67 1.84 1.37 43.41 40.59 45.46 46.76
2.83 5.39 1.79 1.34 43.61 40.82 45.62 46.88
2.82 5.47 1.78 1.23 43.61 40.75 45.63 47.24
3.28 6.33 2.06 1.45 42.98 40.12 44.99 46.54
3.11 5.98 2.00 1.35 43.20 40.36 45.12 46.83
3.00 5.67 1.93 1.39 43.37 40.59 45.27 46.70
3.07 5.81 1.95 1.45 43.26 40.50 45.22 46.52
3.48 6.62 2.18 1.65 42.72 39.92 44.74 45.97
3.44 6.62 2.15 1.55 42.76 39.92 44.80 46.24
3.03 5.81 1.91 1.36 43.32 40.49 45.32 46.78
3.62 7.07 2.13 1.65 42.55 39.63 44.85 45.96
3.19 6.29 1.90 1.37 43.09 40.14 45.32 46.78
3.83 7.68 2.23 1.57 42.30 39.27 44.64 46.16
3.40 6.89 2.01 1.28 42.82 39.75 45.10 47.04
3.69 7.50 2.25 1.33 42.46 39.38 44.60 46.91
4.04 8.38 2.29 1.45 42.07 38.90 44.54 46.51
4.22 8.78 2.44 1.43 41.88 38.69 44.26 46.58
3.75 7.91 2.18 1.17 42.39 39.15 44.75 47.46
3.84 8.04 2.21 1.26 42.29 39.08 44.70 47.12
3.99 8.38 2.36 1.25 42.12 38.90 44.41 47.18
4.56 9.60 2.60 1.49 41.54 38.30 43.99 46.41
4.45 9.36 2.61 1.40 41.65 38.42 43.97 46.67
4.33 8.95 2.58 1.47 41.76 38.61 44.02 46.44
4.52 9.36 2.60 1.59 41.58 38.42 43.99 46.12
4.14 8.47 2.45 1.53 41.96 38.86 44.25 46.29
3.74 7.61 2.19 1.41 42.41 39.32 44.72 46.65
3.48 7.09 2.06 1.29 42.71 39.62 45.00 47.02
3.77 7.62 2.26 1.43 42.37 39.31 44.59 46.58
3.63 7.42 2.12 1.36 42.53 39.43 44.86 46.81
3.59 7.49 1.99 1.29 42.58 39.39 45.14 47.02
3.62 7.57 2.01 1.29 42.55 39.35 45.10 47.05
3.96 8.23 2.21 1.45 42.15 38.98 44.68 46.52
4.08 8.67 2.22 1.35 42.03 38.75 44.66 46.82
3.62 7.58 2.04 1.26 42.54 39.34 45.02 47.14
3.56 7.46 2.00 1.22 42.63 39.41 45.14 47.27
3.89 8.01 2.19 1.47 42.23 39.10 44.74 46.47
3.92 8.06 2.23 1.47 42.20 39.07 44.65 46.47
4.14 8.77 2.28 1.38 41.96 38.70 44.55 46.71
