4.48 10.11 2.14 1.18 41.62 38.08 44.82 47.41
4.32 9.53 2.17 1.26 41.78 38.34 44.77 47.14
4.36 9.69 2.17 1.21 41.74 38.27 44.77 47.31
4.53 10.26 2.18 1.16 41.57 38.02 44.74 47.48
4.37 9.88 2.14 1.08 41.73 38.19 44.82 47.79
4.73 10.79 2.17 1.23 41.38 37.80 44.76 47.23
4.74 10.88 2.21 1.14 41.37 37.77 44.69 47.57
5.09 11.72 2.40 1.16 41.06 37.44 44.33 47.48
4.80 11.05 2.33 1.03 41.32 37.70 44.46 48.00
4.89 11.46 2.28 0.94 41.23 37.54 44.55 48.41
4.60 10.73 2.16 0.92 41.50 37.83 44.79 48.50
4.75 11.04 2.19 1.03 41.36 37.70 44.73 48.02
4.81 11.02 2.29 1.11 41.31 37.71 44.52 47.69
5.35 12.26 2.41 1.38 40.85 37.24 44.31 46.74
5.26 11.82 2.43 1.52 40.92 37.40 44.27 46.32
6.20 13.72 3.01 1.85 40.21 36.76 43.35 45.45
6.10 13.70 2.96 1.64 40.28 36.76 43.41 45.99
5.65 12.85 2.65 1.43 40.61 37.04 43.89 46.56
5.98 13.71 2.73 1.49 40.37 36.76 43.76 46.40
5.50 12.55 2.60 1.35 40.73 37.14 43.98 46.84
5.93 13.45 2.80 1.54 40.40 36.84 43.66 46.25
5.56 12.73 2.60 1.36 40.68 37.08 43.99 46.81
5.83 13.23 2.73 1.53 40.47 36.92 43.76 46.27
5.01 11.51 2.35 1.19 41.13 37.52 44.43 47.39
5.32 12.09 2.44 1.45 40.87 37.31 44.25 46.52
5.06 11.49 2.34 1.35 41.09 37.52 44.44 46.83
5.40 12.28 2.42 1.49 40.81 37.24 44.29 46.39
5.52 12.37 2.57 1.63 40.71 37.20 44.03 46.02
4.93 10.88 2.42 1.48 41.20 37.77 44.30 46.43
5.25 11.54 2.53 1.69 40.93 37.51 44.10 45.86
3.90 7.83 2.30 1.58 42.21 39.19 44.52 46.12
4.06 8.16 2.33 1.69 42.04 39.01 44.46 45.85
3.59 7.11 2.14 1.51 42.59 39.61 44.83 46.35
3.97 7.92 2.36 1.63 42.14 39.14 44.40 46.02
3.57 7.02 2.15 1.55 42.60 39.67 44.81 46.23
3.95 7.80 2.35 1.71 42.16 39.21 44.42 45.80
3.47 6.87 2.06 1.47 42.74 39.76 44.99 46.46
3.68 7.23 2.20 1.61 42.47 39.54 44.70 46.06
3.37 6.68 1.93 1.49 42.86 39.88 45.27 46.40
3.55 7.17 2.10 1.39 42.63 39.58 44.91 46.70
2.88 5.85 1.71 1.07 43.55 40.46 45.81 47.85
3.11 6.45 1.79 1.08 43.21 40.04 45.62 47.79
2.56 5.28 1.52 0.88 44.05 40.91 46.32 48.69
3.09 6.43 1.79 1.06 43.23 40.05 45.61 47.89
2.77 5.73 1.67 0.91 43.70 40.55 45.89 48.51
3.27 6.64 2.10 1.10 42.98 39.91 44.92 47.74
3.02 6.04 1.98 1.04 43.33 40.32 45.17 47.94
3.54 7.08 2.23 1.31 42.64 39.63 44.66 46.97
3.49 6.89 2.28 1.30 42.70 39.75 44.55 46.98
3.26 6.49 2.09 1.21 43.00 40.01 44.94 47.31
3.60 7.15 2.29 1.35 42.57 39.59 44.52 46.83
3.34 6.80 2.10 1.12 42.89 39.80 44.91 47.66
3.56 7.22 2.17 1.30 42.61 39.55 44.77 46.97
3.23 6.55 2.03 1.11 43.04 39.97 45.06 47.69
3.36 6.78 2.15 1.15 42.87 39.82 44.81 47.53
3.36 6.78 2.13 1.18 42.86 39.82 44.85 47.41
3.07 6.28 1.87 1.06 43.26 40.15 45.42 47.87
2.77 5.91 1.62 0.77 43.71 40.41 46.04 49.28
3.11 6.54 1.92 0.86 43.21 39.98 45.31 48.78
2.93 6.05 1.89 0.86 43.46 40.32 45.37 48.79
2.98 6.11 1.83 1.01 43.38 40.27 45.49 48.09
3.34 6.85 2.05 1.12 42.89 39.78 45.01 47.63
3.11 6.41 1.92 1.01 43.20 40.07 45.29 48.09
3.09 6.34 1.86 1.08 43.23 40.11 45.45 47.82
2.67 5.41 1.67 0.92 43.87 40.80 45.91 48.48
2.56 5.21 1.57 0.88 44.06 40.96 46.18 48.66
2.63 5.36 1.57 0.96 43.93 40.84 46.18 48.33
2.41 4.87 1.47 0.89 44.31 41.26 46.47 48.62
2.29 4.60 1.37 0.89 44.54 41.50 46.75 48.65
2.65 5.31 1.56 1.06 43.90 40.88 46.20 47.86
2.83 5.73 1.65 1.10 43.62 40.55 45.96 47.69
3.01 6.11 1.78 1.13 43.35 40.27 45.62 47.60
3.11 6.36 1.84 1.14 43.20 40.10 45.48 47.57
3.57 7.28 2.19 1.24 42.61 39.51 44.72 47.20
3.35 6.86 2.02 1.16 42.88 39.76 45.08 47.49
2.88 5.95 1.76 0.93 43.53 40.39 45.67 48.42
2.87 5.98 1.74 0.88 43.56 40.36 45.73 48.69
2.96 6.17 1.85 0.88 43.41 40.23 45.47 48.69
2.87 6.01 1.78 0.82 43.55 40.35 45.63 48.98
3.18 6.62 1.97 0.95 43.11 39.92 45.20 48.36
3.18 6.62 1.97 0.94 43.11 39.92 45.18 48.43
3.46 7.21 2.16 1.02 42.73 39.55 44.79 48.03
3.61 7.41 2.22 1.22 42.55 39.44 44.67 47.27
3.50 7.19 2.17 1.13 42.69 39.56 44.76 47.60
3.54 7.12 2.23 1.26 42.65 39.61 44.64 47.14
3.55 7.08 2.25 1.31 42.64 39.64 44.61 46.96
3.56 7.09 2.20 1.39 42.61 39.62 44.72 46.70
3.25 6.45 2.04 1.27 43.01 40.04 45.04 47.10
3.40 6.79 2.08 1.33 42.81 39.81 44.95 46.88
3.61 7.21 2.32 1.31 42.56 39.55 44.48 46.97
3.59 7.15 2.21 1.41 42.58 39.59 44.70 46.64
3.23 6.42 2.04 1.23 43.04 40.06 45.03 47.24
2.97 5.93 1.87 1.09 43.41 40.40 45.40 47.76
2.96 5.95 1.84 1.10 43.42 40.39 45.49 47.73
2.70 5.50 1.59 1.02 43.82 40.74 46.12 48.07
2.39 4.86 1.43 0.90 44.34 41.27 46.59 48.61
2.27 4.53 1.41 0.89 44.56 41.57 46.65 48.64
2.26 4.47 1.44 0.87 44.60 41.64 46.56 48.72
2.16 4.30 1.32 0.86 44.79 41.80 46.92 48.80
2.02 4.07 1.27 0.72 45.08 42.04 47.10 49.56
2.09 4.22 1.30 0.76 44.92 41.88 46.99 49.33
2.26 4.53 1.44 0.81 44.60 41.58 46.55 49.06
2.35 4.67 1.47 0.92 44.42 41.44 46.48 48.51
2.24 4.37 1.48 0.88 44.62 41.73 46.43 48.70
2.19 4.18 1.46 0.93 44.72 41.91 46.49 48.44
2.30 4.42 1.48 1.00 44.51 41.68 46.42 48.11
2.47 4.57 1.61 1.24 44.20 41.53 46.06 47.20
2.50 4.37 1.61 1.52 44.15 41.73 46.07 46.30
2.85 4.88 1.82 1.85 43.58 41.25 45.53 45.46
2.88 4.81 1.84 1.98 43.55 41.32 45.48 45.17
3.18 5.25 2.18 2.11 43.11 40.93 44.76 44.89
3.57 5.98 2.42 2.33 42.60 40.37 44.29 44.47
3.52 5.89 2.44 2.21 42.67 40.43 44.26 44.68
3.44 5.74 2.25 2.34 42.76 40.54 44.61 44.45
3.24 5.44 2.10 2.18 43.03 40.78 44.91 44.75
3.42 5.82 2.23 2.21 42.79 40.48 44.64 44.68
3.16 5.40 2.00 2.06 43.14 40.80 45.11 44.99
2.93 5.11 1.78 1.88 43.47 41.05 45.63 45.38
2.75 4.90 1.67 1.67 43.74 41.23 45.91 45.90
2.81 4.99 1.72 1.72 43.64 41.15 45.79 45.76
2.99 5.39 1.85 1.72 43.38 40.82 45.46 45.76
2.81 5.01 1.77 1.65 43.64 41.13 45.65 45.96
3.14 5.28 2.22 1.92 43.17 40.91 44.68 45.29
3.38 5.72 2.29 2.14 42.84 40.56 44.54 44.84
3.67 6.28 2.48 2.27 42.48 40.15 44.20 44.57
4.09 7.03 2.74 2.50 42.01 39.66 43.75 44.15
3.97 6.68 2.75 2.47 42.14 39.88 43.74 44.20
3.40 5.59 2.40 2.21 42.82 40.66 44.34 44.69
3.47 5.82 2.40 2.19 42.73 40.48 44.33 44.73
3.68 6.08 2.57 2.40 42.47 40.29 44.03 44.34
3.47 5.71 2.36 2.33 42.73 40.56 44.41 44.45
4.00 6.60 2.71 2.69 42.11 39.94 43.80 43.84
3.80 6.19 2.65 2.56 42.34 40.22 43.89 44.06
3.45 5.60 2.21 2.56 42.75 40.65 44.70 44.06
3.49 5.69 2.30 2.47 42.71 40.58 44.52 44.20
3.40 5.53 2.20 2.48 42.82 40.71 44.71 44.19
3.29 5.37 2.00 2.49 42.97 40.83 45.11 44.18
3.11 5.10 1.95 2.30 43.19 41.06 45.23 44.51
3.10 5.20 1.95 2.15 43.22 40.98 45.23 44.81
3.21 5.44 2.03 2.17 43.06 40.77 45.06 44.77
2.80 4.70 1.92 1.78 43.66 41.41 45.31 45.62
2.68 4.51 1.89 1.64 43.85 41.59 45.36 46.00
2.66 4.70 1.87 1.40 43.90 41.41 45.43 46.70
2.53 4.67 1.75 1.17 44.10 41.44 45.70 47.46
2.04 3.87 1.31 0.94 45.04 42.26 46.98 48.40
2.14 4.09 1.37 0.97 44.83 42.02 46.79 48.30
2.04 3.89 1.32 0.90 45.05 42.24 46.93 48.63
2.03 3.77 1.39 0.94 45.05 42.36 46.70 48.40
2.02 3.80 1.37 0.90 45.08 42.34 46.78 48.60
2.16 4.07 1.43 0.99 44.78 42.04 46.58 48.17
2.04 3.87 1.33 0.91 45.06 42.27 46.91 48.56
2.01 3.80 1.34 0.89 45.10 42.33 46.88 48.63
1.97 3.72 1.33 0.85 45.19 42.43 46.89 48.83
2.04 3.82 1.33 0.98 45.03 42.32 46.90 48.21
1.89 3.52 1.21 0.94 45.38 42.68 47.31 48.43
1.79 3.30 1.12 0.94 45.61 42.94 47.63 48.40
1.81 3.29 1.17 0.95 45.57 42.96 47.45 48.38
2.11 3.95 1.35 1.05 44.89 42.17 46.85 47.93
2.33 4.24 1.55 1.20 44.46 41.87 46.23 47.34
2.71 5.01 1.73 1.38 43.80 41.13 45.74 46.74
3.34 6.18 2.13 1.73 42.89 40.23 44.86 45.75
3.87 7.16 2.50 1.95 42.25 39.58 44.15 45.23
3.82 7.07 2.44 1.95 42.31 39.64 44.27 45.23
4.69 8.85 2.91 2.30 41.42 38.66 43.49 44.51
4.36 8.31 2.71 2.06 41.74 38.93 43.81 44.99
4.80 9.20 2.98 2.23 41.32 38.50 43.39 44.65
4.72 9.18 2.90 2.07 41.39 38.50 43.51 44.96
5.36 10.45 3.21 2.41 40.84 37.94 43.07 44.32
5.07 10.11 3.04 2.06 41.08 38.08 43.29 45.00
5.22 10.20 3.17 2.27 40.96 38.05 43.11 44.58
4.66 9.20 2.85 1.94 41.45 38.49 43.59 45.25
4.75 9.29 2.82 2.14 41.36 38.45 43.63 44.82
4.05 7.91 2.49 1.76 42.05 39.15 44.17 45.68
3.94 7.48 2.46 1.87 42.18 39.39 44.22 45.40
3.25 5.96 2.09 1.69 43.02 40.38 44.93 45.86
3.62 6.58 2.33 1.93 42.55 39.94 44.45 45.27
3.93 7.31 2.41 2.08 42.19 39.49 44.32 44.95
3.95 7.43 2.40 2.03 42.16 39.43 44.33 45.05
3.97 7.57 2.42 1.93 42.14 39.34 44.30 45.28
3.91 7.63 2.29 1.81 42.21 39.31 44.52 45.55
3.77 7.27 2.15 1.88 42.37 39.52 44.81 45.38
3.97 7.56 2.35 1.99 42.15 39.35 44.43 45.13
3.88 7.26 2.26 2.13 42.24 39.52 44.59 44.85
3.96 7.46 2.22 2.19 42.16 39.40 44.67 44.73
4.00 7.37 2.32 2.32 42.11 39.46 44.47 44.47
4.34 7.99 2.66 2.37 41.75 39.11 43.87 44.38
4.15 7.69 2.45 2.31 41.95 39.27 44.23 44.49
4.50 8.39 2.64 2.47 41.60 38.89 43.91 44.20
4.24 7.88 2.57 2.25 41.86 39.17 44.03 44.61
3.93 7.30 2.37 2.12 42.19 39.50 44.38 44.86
4.21 7.87 2.50 2.26 41.89 39.17 44.15 44.59
3.84 7.03 2.39 2.09 42.29 39.66 44.35 44.94
3.72 6.92 2.32 1.92 42.43 39.73 44.49 45.29
3.53 6.62 2.20 1.76 42.66 39.92 44.71 45.68
3.26 6.03 2.08 1.67 43.00 40.33 44.96 45.90
2.63 4.84 1.76 1.29 43.94 41.29 45.69 47.04
2.48 4.57 1.62 1.24 44.19 41.53 46.03 47.22
2.24 4.17 1.46 1.08 44.64 41.93 46.49 47.80
2.26 4.15 1.41 1.22 44.59 41.95 46.63 47.28
2.05 3.77 1.33 1.04 45.02 42.36 46.89 47.98
1.79 3.31 1.18 0.87 45.61 42.94 47.43 48.71
2.04 3.77 1.32 1.03 45.04 42.37 46.93 48.01
1.81 3.42 1.17 0.85 45.55 42.80 47.46 48.83
2.16 3.97 1.48 1.04 44.78 42.15 46.42 47.96
1.86 3.55 1.19 0.85 45.43 42.63 47.38 48.86
2.18 4.17 1.38 0.99 44.75 41.93 46.75 48.18
2.04 3.94 1.28 0.91 45.03 42.17 47.06 48.55
2.42 4.66 1.48 1.12 44.30 41.45 46.43 47.66
2.37 4.54 1.53 1.05 44.38 41.56 46.29 47.94
2.71 5.13 1.76 1.23 43.80 41.03 45.67 47.22
2.81 5.33 1.84 1.27 43.63 40.86 45.48 47.08
3.02 5.80 1.92 1.35 43.33 40.50 45.29 46.82
3.32 6.44 2.08 1.43 42.93 40.05 44.95 46.58
3.29 6.37 2.06 1.44 42.96 40.09 44.99 46.54
3.26 6.32 2.10 1.36 43.00 40.13 44.91 46.81
3.32 6.51 2.11 1.34 42.92 39.99 44.88 46.87
3.50 6.88 2.21 1.40 42.69 39.76 44.69 46.67
3.59 7.00 2.34 1.42 42.58 39.68 44.43 46.62
3.78 7.36 2.41 1.58 42.35 39.46 44.31 46.13
3.75 7.17 2.43 1.65 42.39 39.58 44.28 45.96
3.70 7.18 2.37 1.56 42.44 39.57 44.37 46.20
3.87 7.51 2.50 1.62 42.25 39.38 44.16 46.05
3.56 6.99 2.28 1.42 42.62 39.69 44.56 46.62
3.60 7.02 2.34 1.45 42.57 39.67 44.45 46.52
3.47 6.80 2.28 1.32 42.73 39.81 44.55 46.93
3.42 6.78 2.16 1.31 42.80 39.82 44.78 46.97
3.38 6.70 2.18 1.26 42.84 39.87 44.75 47.13
3.24 6.42 2.11 1.19 43.03 40.06 44.89 47.40
3.59 7.17 2.21 1.40 42.58 39.58 44.69 46.66
3.26 6.53 2.02 1.22 43.00 39.98 45.08 47.27
3.22 6.43 1.94 1.27 43.06 40.05 45.24 47.11
3.10 6.38 1.81 1.11 43.21 40.08 45.54 47.67
2.86 5.80 1.74 1.03 43.57 40.50 45.72 48.00
2.75 5.61 1.71 0.95 43.73 40.65 45.81 48.37
2.96 6.03 1.81 1.05 43.42 40.33 45.56 47.94
2.93 6.00 1.81 0.99 43.46 40.35 45.56 48.19
2.86 5.74 1.76 1.08 43.57 40.54 45.69 47.78
3.17 6.34 1.92 1.25 43.12 40.11 45.31 47.15
3.52 7.08 2.11 1.36 42.67 39.63 44.88 46.80
3.36 6.73 2.01 1.32 42.88 39.85 45.10 46.93
3.05 6.21 1.87 1.06 43.29 40.20 45.42 47.87
3.26 6.81 1.93 1.02 43.01 39.80 45.28 48.04
3.03 6.36 1.77 0.96 43.32 40.10 45.65 48.33
2.79 5.88 1.69 0.79 43.68 40.44 45.85 49.17
2.78 5.87 1.67 0.81 43.69 40.44 45.91 49.07
2.81 5.85 1.65 0.92 43.65 40.46 45.96 48.49
3.05 6.17 1.83 1.16 43.28 40.23 45.50 47.49
2.97 5.87 1.85 1.20 43.40 40.45 45.46 47.34
2.81 5.56 1.75 1.10 43.65 40.68 45.69 47.70
2.91 5.91 1.74 1.09 43.49 40.42 45.74 47.75
2.62 5.16 1.67 1.02 43.95 41.01 45.90 48.06
2.58 5.13 1.66 0.94 44.03 41.03 45.94 48.39
2.67 5.32 1.68 0.99 43.87 40.87 45.88 48.17
2.51 4.99 1.61 0.94 44.13 41.15 46.07 48.41
2.56 5.05 1.60 1.02 44.06 41.10 46.08 48.06
2.31 4.52 1.44 0.96 44.50 41.58 46.54 48.32
2.23 4.30 1.41 0.97 44.66 41.80 46.62 48.29
2.33 4.45 1.47 1.07 44.46 41.64 46.45 47.85
2.15 4.10 1.39 0.98 44.80 42.01 46.73 48.21
2.14 3.97 1.41 1.06 44.82 42.15 46.64 47.88
2.06 3.83 1.38 0.98 44.99 42.30 46.74 48.21
2.32 4.34 1.47 1.15 44.47 41.75 46.47 47.53
2.09 3.85 1.36 1.06 44.93 42.28 46.79 47.89
2.27 4.16 1.49 1.14 44.58 41.94 46.40 47.55
2.13 4.04 1.36 1.01 44.84 42.07 46.80 48.10
2.42 4.61 1.53 1.14 44.29 41.50 46.27 47.58
2.18 4.03 1.46 1.05 44.75 42.08 46.49 47.92
2.38 4.35 1.58 1.19 44.37 41.74 46.14 47.39
2.38 4.41 1.55 1.18 44.37 41.69 46.21 47.43
2.66 4.89 1.70 1.37 43.89 41.24 45.82 46.76
2.54 4.71 1.63 1.28 44.08 41.40 46.00 47.06
2.66 4.92 1.69 1.36 43.88 41.21 45.84 46.80
3.01 5.54 1.90 1.58 43.35 40.70 45.35 46.13
2.99 5.50 1.94 1.51 43.38 40.72 45.26 46.33
3.05 5.78 1.91 1.45 43.29 40.51 45.32 46.53
2.79 5.31 1.76 1.29 43.68 40.89 45.67 47.02
2.74 5.30 1.74 1.16 43.76 40.89 45.74 47.46
3.03 5.89 1.89 1.31 43.32 40.43 45.37 46.95
3.09 6.14 1.90 1.22 43.23 40.25 45.33 47.27
3.03 5.95 1.95 1.18 43.32 40.38 45.22 47.43
3.12 6.06 2.02 1.27 43.20 40.30 45.08 47.09
3.45 6.68 2.29 1.38 42.76 39.89 44.54 46.74
3.49 6.75 2.27 1.45 42.71 39.84 44.57 46.52
3.33 6.50 2.16 1.33 42.91 40.00 44.79 46.89
3.31 6.44 2.09 1.40 42.93 40.04 44.92 46.68
3.53 6.86 2.22 1.51 42.65 39.77 44.67 46.33
3.26 6.28 2.07 1.43 43.00 40.15 44.98 46.59
3.02 5.72 1.95 1.39 43.33 40.56 45.23 46.71
2.65 5.08 1.71 1.16 43.89 41.07 45.79 47.47
2.89 5.53 1.86 1.29 43.52 40.71 45.44 47.02
2.49 4.79 1.58 1.07 44.18 41.32 46.13 47.85
2.71 5.29 1.67 1.17 43.81 40.90 45.92 47.45
2.56 5.07 1.55 1.05 44.06 41.08 46.23 47.91
2.97 5.91 1.79 1.22 43.40 40.41 45.61 47.28
2.65 5.29 1.59 1.08 43.89 40.90 46.12 47.79
2.64 5.21 1.62 1.10 43.91 40.97 46.03 47.71
2.53 5.01 1.53 1.06 44.10 41.13 46.29 47.88
2.86 5.61 1.71 1.24 43.57 40.64 45.79 47.20
2.61 5.08 1.62 1.13 43.97 41.08 46.04 47.60
2.93 5.92 1.70 1.15 43.47 40.41 45.82 47.51
