4.48 10.11 2.14 1.18 41.62 38.08 44.82 47.41
4.32 9.53 2.17 1.26 41.78 38.34 44.77 47.14
4.36 9.69 2.17 1.21 41.74 38.27 44.77 47.31
4.53 10.26 2.18 1.16 41.57 38.02 44.74 47.48
4.37 9.88 2.14 1.08 41.73 38.19 44.82 47.79
4.73 10.78 2.17 1.23 41.38 37.80 44.76 47.23
4.74 10.88 2.21 1.14 41.37 37.77 44.69 47.57
5.09 11.72 2.40 1.16 41.06 37.44 44.32 47.48
4.80 11.05 2.33 1.03 41.32 37.70 44.46 48.00
4.90 11.47 2.27 0.94 41.23 37.53 44.57 48.39
4.59 10.70 2.15 0.92 41.51 37.84 44.80 48.51
4.76 11.06 2.20 1.03 41.35 37.69 44.71 48.02
4.81 11.02 2.29 1.11 41.31 37.71 44.52 47.69
5.40 12.37 2.45 1.39 40.81 37.21 44.25 46.70
5.26 11.81 2.46 1.53 40.92 37.41 44.23 46.28
6.21 13.76 3.04 1.85 40.20 36.74 43.30 45.46
6.10 13.67 2.98 1.65 40.28 36.77 43.39 45.96
5.64 12.84 2.65 1.44 40.62 37.04 43.89 46.56
5.98 13.72 2.75 1.48 40.36 36.76 43.74 46.43
5.52 12.57 2.60 1.38 40.71 37.14 43.98 46.74
5.91 13.40 2.79 1.53 40.42 36.86 43.67 46.27
5.57 12.75 2.59 1.36 40.67 37.08 43.99 46.78
5.83 13.24 2.71 1.53 40.48 36.91 43.80 46.27
5.04 11.58 2.37 1.16 41.11 37.49 44.39 47.48
5.29 12.06 2.43 1.40 40.89 37.32 44.28 46.68
5.06 11.54 2.33 1.32 41.09 37.51 44.46 46.93
5.35 12.18 2.41 1.45 40.85 37.28 44.31 46.52
5.51 12.34 2.55 1.63 40.72 37.22 44.06 46.01
4.91 10.88 2.40 1.45 41.22 37.76 44.33 46.51
5.29 11.65 2.53 1.69 40.90 37.47 44.10 45.85
4.36 9.00 2.44 1.62 41.74 38.59 44.25 46.04
4.57 9.47 2.46 1.78 41.54 38.37 44.22 45.62
4.33 8.84 2.46 1.70 41.77 38.68 44.23 45.83
4.38 8.94 2.45 1.75 41.72 38.62 44.25 45.71
4.39 8.89 2.54 1.75 41.71 38.64 44.09 45.71
4.63 9.42 2.61 1.87 41.48 38.40 43.97 45.41
4.22 8.60 2.40 1.66 41.88 38.79 44.34 45.94
4.09 8.25 2.28 1.75 42.01 38.97 44.56 45.69
4.15 8.43 2.33 1.69 41.95 38.87 44.45 45.84
4.15 8.54 2.30 1.60 41.96 38.82 44.51 46.10
3.43 7.20 1.93 1.16 42.78 39.56 45.27 47.47
3.24 6.86 1.80 1.07 43.03 39.77 45.58 47.82
3.28 6.91 1.90 1.04 42.97 39.74 45.35 47.97
3.56 7.58 1.94 1.18 42.61 39.34 45.25 47.41
3.18 6.68 1.84 1.02 43.11 39.89 45.49 48.04
3.50 7.29 2.07 1.13 42.70 39.51 44.98 47.59
3.70 7.65 2.26 1.17 42.46 39.30 44.60 47.44
4.07 8.36 2.44 1.40 42.04 38.91 44.25 46.67
3.90 8.07 2.31 1.31 42.23 39.06 44.50 46.97
3.74 7.61 2.29 1.32 42.40 39.32 44.53 46.94
4.25 8.71 2.53 1.53 41.85 38.74 44.10 46.30
3.80 7.86 2.29 1.24 42.34 39.18 44.52 47.21
4.01 8.36 2.26 1.39 42.11 38.92 44.59 46.69
3.63 7.60 2.15 1.14 42.53 39.33 44.80 47.55
3.48 7.19 2.13 1.13 42.71 39.57 44.86 47.60
3.76 7.78 2.25 1.25 42.38 39.22 44.60 47.16
3.56 7.49 2.02 1.18 42.62 39.39 45.08 47.41
3.25 7.04 1.83 0.87 43.02 39.66 45.51 48.73
3.65 7.88 2.08 1.01 42.50 39.17 44.95 48.09
3.70 7.89 2.18 1.03 42.45 39.16 44.74 47.98
3.50 7.34 1.98 1.17 42.69 39.48 45.17 47.43
4.04 8.50 2.32 1.30 42.07 38.83 44.47 47.00
3.68 7.77 2.11 1.17 42.47 39.23 44.89 47.44
3.73 7.88 2.06 1.24 42.42 39.17 44.99 47.22
3.14 6.53 1.84 1.05 43.16 39.98 45.50 47.90
3.01 6.29 1.72 1.01 43.35 40.15 45.79 48.08
3.05 6.41 1.67 1.09 43.28 40.07 45.91 47.78
2.96 6.13 1.66 1.09 43.42 40.26 45.94 47.74
2.72 5.58 1.58 1.00 43.79 40.67 46.14 48.13
3.11 6.40 1.73 1.21 43.20 40.07 45.76 47.31
3.26 6.78 1.81 1.19 42.99 39.82 45.54 47.38
3.23 6.71 1.83 1.14 43.04 39.86 45.50 47.56
3.46 7.26 1.94 1.18 42.74 39.52 45.25 47.43
3.91 8.15 2.27 1.31 42.21 39.02 44.56 46.97
3.76 7.90 2.13 1.25 42.38 39.16 44.85 47.16
3.44 7.28 1.97 1.08 42.77 39.51 45.20 47.82
3.03 6.46 1.74 0.90 43.31 40.03 45.73 48.60
3.07 6.49 1.85 0.87 43.26 40.01 45.47 48.71
2.98 6.31 1.80 0.83 43.39 40.13 45.57 48.97
3.33 7.13 1.91 0.96 42.90 39.60 45.33 48.30
3.34 7.13 1.98 0.91 42.90 39.60 45.17 48.53
3.41 7.30 1.97 0.95 42.81 39.50 45.18 48.36
3.99 8.37 2.23 1.36 42.12 38.90 44.65 46.81
3.76 7.90 2.17 1.23 42.37 39.16 44.78 47.24
3.85 7.95 2.29 1.30 42.28 39.13 44.53 46.98
3.68 7.50 2.16 1.37 42.48 39.38 44.78 46.76
3.88 7.95 2.24 1.45 42.24 39.13 44.62 46.52
3.71 7.65 2.13 1.35 42.44 39.30 44.85 46.81
3.80 7.83 2.15 1.44 42.33 39.19 44.81 46.55
3.78 7.85 2.22 1.29 42.35 39.18 44.68 47.03
4.05 8.47 2.24 1.43 42.06 38.86 44.64 46.58
3.57 7.46 2.03 1.23 42.60 39.41 45.06 47.23
3.57 7.48 2.00 1.22 42.61 39.39 45.12 47.28
3.20 6.70 1.83 1.07 43.08 39.87 45.52 47.86
3.16 6.70 1.69 1.08 43.14 39.87 45.86 47.80
2.75 5.87 1.47 0.91 43.74 40.44 46.47 48.56
2.66 5.55 1.44 0.98 43.89 40.69 46.55 48.22
2.47 5.14 1.40 0.85 44.22 41.03 46.66 48.82
2.43 5.10 1.36 0.84 44.27 41.06 46.81 48.89
2.17 4.58 1.25 0.69 44.76 41.52 47.17 49.75
2.36 5.01 1.29 0.78 44.40 41.13 47.03 49.21
2.33 4.88 1.35 0.77 44.45 41.25 46.82 49.29
2.74 5.75 1.52 0.94 43.76 40.53 46.33 48.38
2.61 5.38 1.54 0.92 43.96 40.83 46.25 48.52
2.57 5.20 1.53 0.97 44.04 40.97 46.27 48.28
2.64 5.34 1.54 1.03 43.92 40.86 46.25 47.99
2.76 5.36 1.65 1.28 43.71 40.84 45.95 47.05
2.81 5.09 1.75 1.57 43.65 41.06 45.69 46.18
3.20 5.75 1.92 1.92 43.09 40.54 45.30 45.30
3.21 5.62 1.94 2.08 43.06 40.64 45.24 44.96
3.53 6.08 2.33 2.17 42.66 40.30 44.45 44.78
4.04 7.06 2.61 2.44 42.07 39.65 43.96 44.26
3.91 6.82 2.56 2.36 42.21 39.80 44.04 44.41
3.88 6.75 2.41 2.48 42.24 39.84 44.30 44.18
3.56 6.26 2.20 2.23 42.61 40.17 44.70 44.66
3.90 7.02 2.38 2.32 42.21 39.67 44.37 44.48
3.71 6.72 2.21 2.20 42.44 39.86 44.68 44.71
3.40 6.27 1.95 2.00 42.81 40.16 45.24 45.12
3.22 5.98 1.86 1.80 43.06 40.37 45.43 45.59
3.20 5.92 1.87 1.82 43.08 40.42 45.43 45.55
3.38 6.35 2.00 1.77 42.85 40.10 45.13 45.64
3.13 5.78 1.93 1.68 43.17 40.51 45.28 45.89
3.39 5.86 2.30 1.99 42.84 40.45 44.51 45.14
3.79 6.64 2.45 2.27 42.35 39.91 44.24 44.57
4.02 7.05 2.66 2.35 42.09 39.65 43.87 44.42
4.52 7.99 2.96 2.60 41.58 39.11 43.42 43.98
4.51 7.80 2.95 2.78 41.59 39.21 43.44 43.68
4.00 6.79 2.67 2.54 42.11 39.81 43.86 44.08
4.06 6.95 2.59 2.63 42.05 39.71 44.00 43.93
4.05 6.82 2.77 2.57 42.06 39.80 43.71 44.03
3.84 6.47 2.55 2.49 42.29 40.02 44.07 44.17
4.29 7.12 2.83 2.94 41.80 39.61 43.61 43.45
4.16 6.92 2.85 2.72 41.94 39.73 43.58 43.78
3.81 6.28 2.39 2.77 42.32 40.15 44.35 43.70
3.83 6.39 2.42 2.67 42.30 40.07 44.29 43.86
3.94 6.70 2.41 2.71 42.18 39.87 44.31 43.81
3.72 6.22 2.22 2.71 42.43 40.19 44.66 43.81
3.42 5.73 2.09 2.46 42.78 40.55 44.92 44.23
3.55 6.12 2.19 2.36 42.62 40.26 44.73 44.41
3.65 6.34 2.23 2.37 42.51 40.11 44.64 44.38
3.21 5.56 2.14 1.93 43.07 40.68 44.83 45.29
3.13 5.52 2.10 1.78 43.17 40.71 44.91 45.62
3.07 5.61 2.08 1.52 43.26 40.64 44.96 46.30
2.98 5.63 1.95 1.35 43.39 40.62 45.23 46.82
2.41 4.73 1.46 1.04 44.31 41.39 46.49 47.97
2.62 5.13 1.58 1.14 43.95 41.03 46.15 47.54
2.47 4.81 1.57 1.02 44.21 41.31 46.17 48.06
2.40 4.60 1.55 1.04 44.33 41.51 46.22 47.95
2.38 4.60 1.55 0.99 44.37 41.51 46.22 48.20
2.62 5.09 1.65 1.13 43.94 41.07 45.96 47.59
2.43 4.68 1.54 1.05 44.28 41.42 46.25 47.91
2.34 4.52 1.49 1.00 44.44 41.58 46.40 48.14
2.32 4.48 1.50 0.97 44.48 41.62 46.36 48.27
2.50 4.83 1.53 1.14 44.14 41.29 46.26 47.55
2.26 4.32 1.39 1.07 44.59 41.78 46.70 47.85
2.15 4.06 1.27 1.12 44.80 42.05 47.08 47.63
2.17 4.08 1.34 1.08 44.77 42.02 46.86 47.80
2.57 4.88 1.57 1.26 44.04 41.25 46.18 47.14
2.68 4.99 1.72 1.33 43.85 41.15 45.78 46.91
3.31 6.38 1.98 1.58 42.93 40.09 45.17 46.15
4.30 8.34 2.60 1.96 41.80 38.93 43.98 45.20
4.66 9.05 2.81 2.10 41.47 38.59 43.66 44.91
5.27 10.28 3.17 2.37 40.92 38.02 43.12 44.38
6.28 12.38 3.61 2.84 40.16 37.22 42.56 43.60
6.02 12.02 3.49 2.54 40.36 37.36 42.71 44.08
6.64 13.41 3.79 2.72 39.92 36.87 42.34 43.79
6.13 12.35 3.55 2.50 40.26 37.22 42.63 44.16
7.28 14.73 4.07 3.06 39.52 36.47 42.04 43.27
6.75 13.84 3.91 2.49 39.86 36.75 42.22 44.17
7.12 14.60 3.99 2.78 39.62 36.51 42.13 43.69
6.26 12.81 3.55 2.43 40.19 37.09 42.64 44.28
6.32 12.73 3.51 2.71 40.15 37.12 42.68 43.81
5.26 10.60 3.01 2.18 40.95 37.93 43.35 44.76
5.39 10.69 3.11 2.36 40.83 37.86 43.21 44.40
4.46 8.66 2.60 2.13 41.66 38.78 43.99 44.87
5.48 10.62 3.24 2.58 40.77 37.90 43.02 44.02
5.47 10.70 3.09 2.63 40.79 37.89 43.25 43.95
5.68 11.46 3.03 2.55 40.65 37.61 43.35 44.09
6.07 12.26 3.42 2.55 40.34 37.30 42.82 44.10
5.76 11.83 3.06 2.40 40.58 37.47 43.30 44.37
6.16 12.87 3.23 2.38 40.24 37.04 43.04 44.38
7.07 14.92 3.52 2.78 39.64 36.39 42.66 43.69
7.50 15.59 3.78 3.11 39.38 36.20 42.35 43.20
7.63 16.01 3.57 3.29 39.31 36.09 42.60 42.97
7.70 15.70 3.84 3.57 39.27 36.17 42.29 42.61
8.02 16.41 4.15 3.50 39.09 35.98 41.95 42.70
7.39 14.71 4.01 3.44 39.45 36.45 42.10 42.76
7.74 15.58 4.07 3.57 39.24 36.21 42.04 42.61
6.86 13.74 3.74 3.12 39.76 36.75 42.41 43.19
6.83 13.65 3.74 3.10 39.79 36.78 42.41 43.23
6.83 13.81 3.53 3.17 39.78 36.73 42.66 43.12
6.02 12.09 3.27 2.71 40.33 37.30 42.99 43.80
5.31 10.52 3.00 2.42 40.87 37.91 43.36 44.29
4.89 9.79 2.79 2.07 41.24 38.22 43.67 44.97
4.42 8.65 2.59 2.01 41.68 38.76 44.01 45.11
3.75 7.51 2.19 1.56 42.39 39.37 44.73 46.20
3.18 6.26 1.92 1.36 43.11 40.16 45.30 46.80
2.82 5.49 1.74 1.24 43.63 40.74 45.73 47.22
2.71 5.22 1.56 1.34 43.80 40.96 46.19 46.86
2.33 4.55 1.37 1.09 44.45 41.56 46.78 47.78
2.08 3.96 1.29 0.98 44.95 42.15 47.04 48.21
2.34 4.54 1.38 1.11 44.44 41.56 46.74 47.69
2.19 4.39 1.28 0.91 44.72 41.71 47.07 48.55
2.39 4.74 1.37 1.04 44.35 41.37 46.75 47.96
2.12 4.18 1.27 0.91 44.87 41.92 47.09 48.53
2.63 5.30 1.49 1.10 43.93 40.89 46.40 47.70
2.61 5.22 1.52 1.09 43.97 40.96 46.32 47.77
3.12 6.21 1.77 1.39 43.18 40.20 45.65 46.71
3.28 6.48 2.03 1.32 42.98 40.02 45.05 46.92
3.47 6.81 2.09 1.53 42.72 39.80 44.92 46.30
3.27 6.31 2.08 1.41 42.99 40.13 44.95 46.65
3.56 6.94 2.18 1.55 42.62 39.72 44.75 46.22
3.68 7.28 2.22 1.54 42.48 39.51 44.67 46.28
3.75 7.45 2.26 1.52 42.40 39.41 44.58 46.31
3.64 7.26 2.23 1.44 42.52 39.52 44.65 46.56
3.67 7.36 2.24 1.41 42.48 39.46 44.63 46.62
3.97 8.08 2.35 1.49 42.14 39.06 44.42 46.39
3.92 7.82 2.46 1.48 42.20 39.20 44.21 46.44
4.22 8.32 2.63 1.70 41.88 38.93 43.93 45.83
4.17 8.18 2.60 1.74 41.93 39.00 43.97 45.72
4.22 8.34 2.61 1.72 41.88 38.92 43.97 45.77
4.33 8.56 2.68 1.75 41.76 38.81 43.85 45.69
4.08 8.17 2.56 1.53 42.02 39.01 44.05 46.29
4.16 8.22 2.62 1.64 41.94 38.98 43.94 45.99
4.15 8.30 2.55 1.60 41.95 38.94 44.07 46.10
4.06 8.19 2.46 1.52 42.05 39.00 44.23 46.31
3.89 7.85 2.39 1.42 42.24 39.18 44.36 46.60
4.01 7.99 2.53 1.50 42.10 39.11 44.10 46.36
4.46 8.92 2.68 1.78 41.64 38.63 43.84 45.63
4.08 8.24 2.48 1.54 42.02 38.97 44.19 46.27
3.90 7.94 2.28 1.49 42.22 39.14 44.55 46.40
3.50 7.25 1.97 1.28 42.69 39.53 45.19 47.06
3.11 6.40 1.83 1.11 43.20 40.07 45.51 47.69
3.15 6.49 1.91 1.04 43.15 40.01 45.32 47.95
3.22 6.58 1.94 1.12 43.06 39.95 45.25 47.63
3.26 6.74 1.97 1.09 42.99 39.84 45.19 47.77
3.25 6.60 1.92 1.23 43.02 39.94 45.30 47.24
3.61 7.32 2.09 1.43 42.55 39.49 44.93 46.58
3.96 8.00 2.34 1.55 42.15 39.10 44.45 46.24
3.89 7.90 2.25 1.53 42.23 39.15 44.61 46.29
3.40 6.94 2.05 1.21 42.81 39.72 45.01 47.30
3.68 7.74 2.13 1.18 42.47 39.25 44.85 47.40
3.41 7.16 1.97 1.10 42.80 39.58 45.19 47.73
3.18 6.78 1.86 0.90 43.11 39.82 45.44 48.61
3.15 6.70 1.82 0.94 43.14 39.87 45.52 48.40
3.25 6.88 1.83 1.05 43.01 39.76 45.52 47.91
3.34 6.78 1.98 1.25 42.90 39.82 45.17 47.16
3.39 6.81 2.03 1.34 42.82 39.80 45.05 46.86
3.24 6.51 1.92 1.29 43.03 40.00 45.30 47.03
3.34 6.89 1.90 1.23 42.89 39.75 45.34 47.22
3.21 6.45 1.97 1.21 43.07 40.03 45.20 47.30
3.03 6.11 1.90 1.09 43.32 40.27 45.34 47.77
3.19 6.37 1.96 1.25 43.09 40.09 45.20 47.17
2.88 5.80 1.77 1.06 43.55 40.50 45.65 47.87
3.02 6.08 1.82 1.13 43.34 40.29 45.53 47.58
2.74 5.46 1.67 1.10 43.75 40.76 45.89 47.75
2.64 5.19 1.64 1.07 43.92 40.98 45.97 47.82
2.88 5.63 1.77 1.23 43.54 40.63 45.64 47.22
2.61 5.07 1.63 1.13 43.97 41.09 46.01 47.60
2.62 4.98 1.68 1.18 43.96 41.16 45.89 47.41
2.49 4.74 1.62 1.10 44.18 41.38 46.03 47.71
2.89 5.54 1.75 1.38 43.52 40.70 45.71 46.74
2.59 4.93 1.60 1.26 44.00 41.21 46.10 47.13
2.79 5.33 1.72 1.32 43.67 40.87 45.77 46.92
2.62 5.10 1.62 1.15 43.94 41.05 46.04 47.53
3.10 6.11 1.88 1.31 43.22 40.27 45.41 46.95
2.75 5.34 1.73 1.19 43.74 40.86 45.75 47.37
3.01 5.81 1.87 1.36 43.34 40.49 45.40 46.81
2.87 5.49 1.77 1.34 43.56 40.74 45.65 46.85
3.50 6.79 2.08 1.63 42.70 39.82 44.96 46.00
3.06 5.82 1.92 1.43 43.28 40.48 45.31 46.58
3.10 5.92 1.92 1.45 43.22 40.41 45.29 46.51
3.53 6.80 2.10 1.68 42.66 39.80 44.91 45.87
3.27 6.29 2.05 1.49 42.99 40.16 45.04 46.41
3.57 7.06 2.09 1.57 42.61 39.65 44.94 46.18
3.35 6.71 1.97 1.38 42.87 39.87 45.18 46.72
3.45 6.95 2.05 1.36 42.75 39.71 45.01 46.81
3.99 8.13 2.29 1.56 42.12 39.03 44.54 46.20
3.77 7.64 2.20 1.48 42.36 39.30 44.70 46.42
3.59 7.34 2.13 1.31 42.58 39.47 44.86 46.96
3.77 7.62 2.20 1.50 42.37 39.31 44.72 46.38
3.94 7.97 2.38 1.47 42.18 39.12 44.38 46.45
4.16 8.36 2.50 1.61 41.95 38.91 44.15 46.07
3.95 7.97 2.37 1.49 42.17 39.11 44.38 46.39
3.91 7.90 2.34 1.49 42.21 39.15 44.45 46.39
4.14 8.28 2.47 1.67 41.96 38.95 44.21 45.89
3.78 7.53 2.32 1.48 42.36 39.36 44.47 46.44
3.56 7.13 2.09 1.46 42.62 39.60 44.93 46.48
3.32 6.68 1.97 1.31 42.92 39.89 45.20 46.95
3.63 7.18 2.20 1.52 42.53 39.57 44.70 46.33
3.36 6.69 2.07 1.33 42.86 39.88 44.97 46.89
3.22 6.47 1.87 1.32 43.05 40.02 45.42 46.91
3.10 6.29 1.78 1.22 43.22 40.14 45.63 47.27
3.69 7.56 2.08 1.42 42.47 39.35 44.95 46.61
3.19 6.53 1.85 1.19 43.10 39.99 45.45 47.37
3.20 6.47 1.87 1.25 43.08 40.02 45.42 47.15
2.98 6.05 1.70 1.20 43.39 40.32 45.82 47.36
3.42 6.87 1.98 1.43 42.79 39.77 45.17 46.57
3.17 6.29 1.91 1.30 43.13 40.15 45.32 46.99
3.41 6.96 1.94 1.34 42.80 39.70 45.25 46.86
