0.00 0.00 0.00 0.00 0.00 0.00 0.00 0.00
0.00 0.00 0.00 0.00 0.00 0.00 0.00 0.00
0.00 0.00 0.00 0.00 0.00 0.00 0.00 0.00
0.00 0.00 0.00 0.00 0.00 0.00 0.00 0.00
0.00 0.00 0.00 0.00 0.00 0.00 0.00 0.00
0.00 0.02 0.00 0.00 0.00 0.01 0.01 0.00
0.00 0.00 0.00 0.00 0.00 0.00 0.00 0.00
0.01 0.01 0.01 0.00 0.01 0.00 0.02 0.00
0.00 0.00 0.00 0.00 0.00 0.00 0.00 0.00
0.01 0.03 0.01 0.00 0.01 0.01 0.01 0.02
0.02 0.03 0.00 0.01 0.01 0.02 0.00 0.03
0.00 0.00 0.00 0.00 0.00 0.00 0.00 0.01
0.00 0.00 0.00 0.00 0.00 0.00 0.01 0.01
0.04 0.08 0.03 0.01 0.03 0.03 0.05 0.03
0.00 0.02 0.00 0.01 0.00 0.01 0.00 0.03
0.00 0.01 0.01 0.01 0.00 0.00 0.01 0.02
0.00 0.02 0.01 0.01 0.00 0.00 0.02 0.03
0.02 0.05 0.01 0.01 0.02 0.01 0.02 0.04
0.01 0.02 0.01 0.00 0.00 0.01 0.01 0.01
0.03 0.05 0.02 0.02 0.02 0.02 0.04 0.07
0.01 0.02 0.01 0.01 0.01 0.01 0.01 0.02
0.01 0.03 0.02 0.02 0.00 0.01 0.03 0.05
0.01 0.04 0.02 0.01 0.01 0.01 0.04 0.03
0.02 0.03 0.05 0.01 0.02 0.01 0.09 0.03
0.02 0.06 0.03 0.02 0.02 0.02 0.06 0.05
0.02 0.07 0.02 0.01 0.02 0.03 0.03 0.03
0.02 0.02 0.03 0.01 0.01 0.01 0.06 0.03
0.02 0.05 0.02 0.02 0.01 0.02 0.02 0.07
0.02 0.05 0.03 0.03 0.02 0.02 0.06 0.08
0.03 0.08 0.03 0.01 0.03 0.03 0.05 0.03
0.20 0.55 0.04 0.01 0.19 0.25 0.08 0.03
0.23 0.58 0.06 0.04 0.20 0.25 0.10 0.11
0.24 0.61 0.08 0.03 0.23 0.28 0.14 0.09
0.27 0.66 0.10 0.05 0.25 0.30 0.16 0.12
0.18 0.45 0.06 0.03 0.17 0.21 0.10 0.07
0.26 0.64 0.08 0.07 0.23 0.27 0.12 0.15
0.23 0.55 0.08 0.05 0.22 0.26 0.14 0.13
0.18 0.48 0.05 0.04 0.19 0.24 0.09 0.09
0.11 0.30 0.03 0.01 0.11 0.15 0.06 0.03
0.16 0.42 0.04 0.03 0.16 0.20 0.08 0.09
0.17 0.42 0.06 0.03 0.20 0.24 0.13 0.12
0.18 0.45 0.05 0.04 0.22 0.27 0.11 0.17
0.13 0.35 0.04 0.03 0.17 0.21 0.09 0.14
0.11 0.28 0.03 0.04 0.13 0.16 0.07 0.15
0.14 0.38 0.05 0.01 0.19 0.23 0.11 0.05
0.15 0.41 0.04 0.01 0.18 0.23 0.09 0.05
0.12 0.29 0.06 0.02 0.13 0.16 0.10 0.06
0.16 0.37 0.07 0.05 0.16 0.18 0.12 0.13
0.11 0.26 0.05 0.03 0.12 0.13 0.10 0.09
0.12 0.29 0.04 0.02 0.13 0.16 0.08 0.08
0.15 0.38 0.04 0.02 0.14 0.18 0.07 0.05
0.17 0.43 0.05 0.04 0.19 0.23 0.08 0.12
0.21 0.50 0.08 0.05 0.21 0.24 0.15 0.14
0.15 0.36 0.05 0.04 0.17 0.19 0.11 0.15
0.09 0.23 0.04 0.02 0.11 0.14 0.08 0.09
0.12 0.35 0.02 0.03 0.13 0.18 0.04 0.09
0.12 0.29 0.04 0.03 0.14 0.16 0.08 0.12
0.13 0.33 0.05 0.02 0.17 0.20 0.12 0.09
0.12 0.31 0.04 0.03 0.14 0.16 0.09 0.13
0.13 0.35 0.04 0.02 0.15 0.18 0.08 0.08
0.07 0.17 0.05 0.03 0.09 0.10 0.10 0.11
0.11 0.25 0.04 0.05 0.11 0.13 0.07 0.16
0.13 0.30 0.06 0.05 0.15 0.16 0.13 0.18
0.10 0.22 0.04 0.04 0.11 0.12 0.09 0.14
0.09 0.22 0.05 0.04 0.14 0.14 0.11 0.14
0.15 0.29 0.11 0.05 0.21 0.20 0.26 0.21
0.08 0.17 0.05 0.03 0.12 0.12 0.12 0.11
0.11 0.23 0.07 0.05 0.18 0.17 0.18 0.23
0.09 0.17 0.06 0.03 0.14 0.14 0.19 0.15
0.08 0.14 0.04 0.06 0.11 0.10 0.10 0.21
0.04 0.11 0.02 0.01 0.06 0.07 0.04 0.05
0.03 0.06 0.03 0.02 0.04 0.04 0.08 0.07
0.07 0.17 0.04 0.03 0.09 0.10 0.09 0.10
0.06 0.12 0.05 0.04 0.07 0.07 0.09 0.12
0.08 0.17 0.04 0.04 0.09 0.10 0.07 0.13
0.09 0.19 0.07 0.04 0.12 0.11 0.16 0.17
0.05 0.12 0.04 0.02 0.07 0.08 0.09 0.11
0.04 0.10 0.03 0.02 0.06 0.07 0.07 0.11
0.03 0.07 0.02 0.02 0.04 0.05 0.06 0.09
0.03 0.08 0.03 0.02 0.04 0.05 0.06 0.11
0.05 0.11 0.04 0.03 0.07 0.07 0.08 0.15
0.07 0.13 0.08 0.04 0.09 0.07 0.17 0.17
0.02 0.08 0.05 0.02 0.02 0.04 0.09 0.05
0.02 0.04 0.05 0.02 0.03 0.02 0.10 0.05
0.02 0.09 0.03 0.02 0.02 0.05 0.05 0.07
0.08 0.11 0.09 0.04 0.09 0.06 0.18 0.11
0.02 0.04 0.06 0.03 0.02 0.02 0.10 0.10
0.04 0.13 0.03 0.01 0.04 0.07 0.05 0.03
0.04 0.11 0.02 0.03 0.05 0.06 0.04 0.08
0.09 0.14 0.09 0.04 0.10 0.07 0.17 0.14
0.05 0.05 0.07 0.03 0.05 0.02 0.13 0.10
0.09 0.17 0.06 0.05 0.11 0.10 0.12 0.16
0.05 0.08 0.05 0.04 0.07 0.05 0.11 0.13
0.12 0.22 0.09 0.06 0.15 0.14 0.20 0.23
0.05 0.07 0.04 0.04 0.07 0.04 0.11 0.18
0.06 0.09 0.06 0.04 0.09 0.07 0.16 0.20
0.04 0.05 0.05 0.03 0.06 0.04 0.13 0.12
0.09 0.15 0.07 0.05 0.15 0.12 0.22 0.25
0.05 0.07 0.05 0.03 0.08 0.06 0.14 0.17
0.07 0.13 0.04 0.05 0.13 0.12 0.13 0.27
0.04 0.08 0.04 0.02 0.08 0.07 0.13 0.11
0.09 0.18 0.07 0.03 0.16 0.15 0.22 0.19
0.04 0.07 0.03 0.02 0.06 0.05 0.10 0.11
0.04 0.07 0.04 0.01 0.06 0.05 0.11 0.06
0.04 0.09 0.03 0.02 0.07 0.07 0.09 0.10
0.05 0.08 0.05 0.02 0.08 0.07 0.13 0.10
0.06 0.09 0.05 0.05 0.09 0.07 0.13 0.15
0.06 0.09 0.03 0.06 0.09 0.08 0.08 0.16
0.10 0.17 0.06 0.09 0.13 0.12 0.12 0.19
0.11 0.17 0.07 0.11 0.15 0.12 0.14 0.22
0.13 0.20 0.11 0.10 0.16 0.14 0.19 0.20
0.12 0.19 0.06 0.13 0.13 0.11 0.10 0.21
0.11 0.18 0.06 0.10 0.12 0.11 0.09 0.17
0.07 0.14 0.05 0.04 0.08 0.09 0.09 0.06
0.08 0.14 0.05 0.07 0.10 0.09 0.09 0.14
0.07 0.11 0.02 0.08 0.07 0.07 0.04 0.15
0.12 0.20 0.07 0.09 0.13 0.12 0.13 0.17
0.10 0.18 0.05 0.09 0.13 0.12 0.11 0.19
0.16 0.26 0.06 0.15 0.20 0.18 0.14 0.34
0.21 0.36 0.12 0.16 0.27 0.25 0.26 0.34
0.06 0.08 0.05 0.07 0.07 0.06 0.10 0.16
0.03 0.03 0.04 0.04 0.04 0.02 0.09 0.11
0.01 0.05 0.02 0.03 0.02 0.04 0.05 0.06
0.03 0.06 0.04 0.03 0.04 0.04 0.06 0.06
0.01 0.02 0.03 0.03 0.02 0.02 0.05 0.04
0.02 0.03 0.03 0.02 0.02 0.01 0.05 0.04
0.02 0.03 0.02 0.02 0.02 0.02 0.02 0.02
0.02 0.04 0.03 0.02 0.03 0.03 0.04 0.03
0.01 0.01 0.02 0.03 0.02 0.01 0.03 0.05
0.02 0.03 0.04 0.01 0.02 0.02 0.07 0.02
0.01 0.04 0.03 0.02 0.01 0.03 0.05 0.03
0.02 0.07 0.03 0.04 0.02 0.04 0.04 0.05
0.03 0.05 0.03 0.01 0.03 0.03 0.04 0.02
0.01 0.03 0.03 0.02 0.02 0.02 0.05 0.03
0.02 0.05 0.05 0.02 0.03 0.03 0.09 0.04
0.02 0.06 0.02 0.02 0.02 0.04 0.04 0.03
0.01 0.03 0.02 0.02 0.02 0.02 0.03 0.04
0.02 0.05 0.02 0.04 0.03 0.04 0.04 0.06
0.01 0.02 0.03 0.02 0.02 0.01 0.05 0.04
0.03 0.04 0.04 0.03 0.03 0.02 0.07 0.05
0.02 0.03 0.02 0.02 0.02 0.03 0.05 0.04
0.01 0.02 0.03 0.02 0.02 0.02 0.05 0.06
0.02 0.02 0.03 0.02 0.03 0.02 0.07 0.07
0.01 0.03 0.02 0.01 0.01 0.02 0.04 0.04
0.03 0.06 0.01 0.02 0.05 0.06 0.05 0.08
0.02 0.03 0.03 0.01 0.03 0.03 0.09 0.04
0.01 0.01 0.01 0.02 0.01 0.01 0.03 0.07
0.02 0.04 0.02 0.02 0.03 0.04 0.06 0.09
0.01 0.02 0.03 0.01 0.02 0.02 0.08 0.05
0.02 0.05 0.02 0.02 0.03 0.04 0.05 0.08
0.01 0.03 0.01 0.01 0.02 0.03 0.03 0.05
0.02 0.03 0.03 0.02 0.04 0.03 0.09 0.07
0.02 0.05 0.02 0.01 0.04 0.05 0.05 0.05
0.02 0.03 0.01 0.01 0.02 0.03 0.03 0.05
0.01 0.02 0.01 0.02 0.02 0.02 0.04 0.06
0.01 0.04 0.02 0.01 0.02 0.04 0.08 0.04
0.01 0.03 0.02 0.03 0.02 0.03 0.06 0.10
0.01 0.04 0.02 0.01 0.03 0.04 0.05 0.04
0.07 0.17 0.02 0.01 0.11 0.15 0.06 0.05
0.05 0.15 0.01 0.02 0.06 0.10 0.03 0.06
0.27 0.64 0.14 0.04 0.26 0.32 0.22 0.10
0.45 1.04 0.22 0.09 0.40 0.47 0.32 0.18
0.23 0.56 0.07 0.05 0.18 0.23 0.10 0.09
0.43 1.00 0.17 0.13 0.29 0.33 0.20 0.19
0.61 1.47 0.24 0.14 0.42 0.49 0.28 0.23
0.42 1.00 0.14 0.14 0.26 0.31 0.15 0.21
0.42 0.98 0.16 0.12 0.28 0.33 0.19 0.19
0.64 1.64 0.18 0.11 0.36 0.45 0.18 0.16
0.72 1.75 0.25 0.17 0.44 0.51 0.26 0.28
0.62 1.52 0.18 0.14 0.36 0.43 0.20 0.22
0.65 1.61 0.21 0.15 0.43 0.51 0.25 0.25
0.65 1.70 0.16 0.09 0.42 0.54 0.20 0.14
0.65 1.63 0.18 0.13 0.50 0.61 0.25 0.25
0.46 1.08 0.18 0.14 0.36 0.41 0.24 0.24
0.43 0.95 0.15 0.18 0.39 0.44 0.25 0.36
0.61 1.43 0.19 0.21 0.45 0.54 0.25 0.33
0.73 1.74 0.22 0.22 0.53 0.64 0.30 0.35
0.98 2.30 0.37 0.26 0.68 0.78 0.50 0.42
0.94 2.07 0.40 0.35 0.61 0.67 0.47 0.55
0.95 2.28 0.27 0.30 0.65 0.75 0.37 0.50
0.07 0.15 0.03 0.06 0.05 0.05 0.04 0.11
0.07 0.11 0.05 0.07 0.04 0.03 0.06 0.11
0.09 0.19 0.05 0.07 0.05 0.05 0.06 0.09
0.15 0.27 0.11 0.09 0.08 0.07 0.13 0.12
0.08 0.12 0.06 0.09 0.05 0.03 0.07 0.12
0.06 0.08 0.04 0.07 0.03 0.02 0.04 0.09
0.10 0.15 0.09 0.08 0.06 0.04 0.09 0.11
0.03 0.07 0.05 0.04 0.02 0.02 0.05 0.06
0.02 0.06 0.04 0.04 0.01 0.02 0.05 0.06
0.03 0.05 0.02 0.03 0.02 0.02 0.02 0.04
0.02 0.05 0.03 0.02 0.01 0.01 0.04 0.03
0.04 0.06 0.05 0.03 0.03 0.02 0.06 0.04
0.03 0.06 0.03 0.05 0.02 0.03 0.04 0.09
0.10 0.18 0.06 0.07 0.09 0.08 0.10 0.16
0.04 0.04 0.06 0.07 0.04 0.02 0.09 0.16
0.07 0.10 0.04 0.07 0.08 0.06 0.08 0.20
0.03 0.04 0.05 0.03 0.05 0.03 0.10 0.10
0.09 0.14 0.07 0.06 0.14 0.12 0.17 0.22
0.02 0.04 0.04 0.05 0.04 0.03 0.10 0.15
0.02 0.03 0.03 0.02 0.04 0.03 0.08 0.08
0.05 0.11 0.05 0.03 0.11 0.12 0.16 0.13
0.04 0.09 0.03 0.03 0.08 0.09 0.09 0.13
0.10 0.18 0.09 0.05 0.20 0.17 0.29 0.23
0.04 0.05 0.04 0.04 0.07 0.05 0.12 0.15
0.08 0.12 0.07 0.03 0.15 0.13 0.22 0.15
0.06 0.08 0.03 0.05 0.09 0.07 0.10 0.18
0.10 0.19 0.08 0.05 0.17 0.15 0.21 0.20
0.03 0.07 0.03 0.02 0.04 0.05 0.08 0.06
0.01 0.02 0.03 0.01 0.02 0.02 0.06 0.04
0.02 0.06 0.02 0.02 0.03 0.04 0.05 0.05
0.01 0.03 0.02 0.02 0.02 0.02 0.04 0.05
0.02 0.03 0.02 0.03 0.02 0.02 0.04 0.08
0.05 0.10 0.02 0.06 0.06 0.06 0.05 0.16
0.07 0.12 0.04 0.05 0.08 0.07 0.07 0.15
0.04 0.08 0.03 0.03 0.05 0.04 0.06 0.10
0.02 0.05 0.03 0.03 0.02 0.03 0.06 0.09
0.02 0.04 0.02 0.03 0.03 0.02 0.03 0.09
0.03 0.05 0.02 0.03 0.03 0.02 0.03 0.09
0.03 0.07 0.04 0.04 0.03 0.04 0.06 0.10
0.04 0.08 0.04 0.05 0.04 0.04 0.06 0.12
0.03 0.04 0.03 0.04 0.03 0.02 0.04 0.11
0.02 0.05 0.03 0.03 0.03 0.03 0.05 0.08
0.03 0.06 0.01 0.03 0.03 0.03 0.03 0.10
0.03 0.06 0.01 0.03 0.03 0.03 0.02 0.08
0.03 0.05 0.02 0.04 0.03 0.02 0.04 0.10
0.03 0.05 0.02 0.03 0.03 0.03 0.04 0.08
0.03 0.06 0.02 0.02 0.03 0.03 0.04 0.07
0.02 0.04 0.02 0.01 0.02 0.02 0.04 0.04
0.02 0.03 0.02 0.02 0.01 0.01 0.04 0.05
0.02 0.04 0.04 0.02 0.02 0.02 0.07 0.06
0.02 0.05 0.03 0.02 0.02 0.02 0.05 0.06
0.03 0.07 0.03 0.02 0.04 0.04 0.07 0.08
0.01 0.04 0.02 0.02 0.02 0.03 0.05 0.08
0.06 0.12 0.06 0.02 0.09 0.08 0.13 0.09
0.02 0.06 0.02 0.02 0.03 0.04 0.05 0.07
0.00 0.02 0.02 0.01 0.01 0.02 0.04 0.06
0.02 0.04 0.04 0.02 0.03 0.03 0.08 0.06
0.02 0.03 0.02 0.03 0.03 0.02 0.04 0.07
0.02 0.06 0.02 0.02 0.03 0.03 0.04 0.06
0.01 0.03 0.02 0.02 0.01 0.02 0.03 0.05
0.03 0.08 0.02 0.02 0.04 0.05 0.04 0.08
0.03 0.10 0.02 0.02 0.04 0.06 0.05 0.09
0.04 0.12 0.02 0.02 0.06 0.07 0.05 0.06
0.06 0.13 0.05 0.01 0.08 0.08 0.12 0.07
0.06 0.13 0.04 0.02 0.08 0.08 0.08 0.09
0.09 0.17 0.05 0.04 0.11 0.11 0.12 0.15
0.05 0.10 0.04 0.03 0.07 0.07 0.08 0.12
0.06 0.13 0.03 0.02 0.07 0.08 0.07 0.08
0.07 0.18 0.02 0.03 0.10 0.12 0.05 0.09
0.06 0.14 0.05 0.02 0.08 0.09 0.11 0.08
0.11 0.23 0.04 0.04 0.15 0.16 0.10 0.16
0.05 0.11 0.03 0.02 0.07 0.08 0.07 0.06
0.09 0.19 0.05 0.03 0.13 0.13 0.10 0.12
0.09 0.20 0.03 0.03 0.14 0.15 0.08 0.14
0.08 0.20 0.01 0.03 0.12 0.14 0.03 0.12
0.06 0.15 0.02 0.02 0.10 0.11 0.05 0.08
0.08 0.18 0.02 0.04 0.13 0.15 0.05 0.18
0.11 0.25 0.05 0.04 0.17 0.20 0.11 0.13
0.08 0.17 0.03 0.04 0.14 0.15 0.09 0.17
0.06 0.12 0.03 0.04 0.10 0.10 0.07 0.12
0.08 0.16 0.03 0.05 0.13 0.14 0.09 0.19
0.10 0.19 0.05 0.05 0.15 0.15 0.12 0.14
0.11 0.24 0.05 0.04 0.18 0.21 0.14 0.13
0.09 0.21 0.04 0.03 0.15 0.17 0.11 0.09
0.08 0.18 0.04 0.03 0.13 0.15 0.09 0.10
0.10 0.22 0.08 0.02 0.15 0.16 0.18 0.06
0.12 0.27 0.06 0.03 0.19 0.22 0.16 0.11
0.13 0.32 0.06 0.03 0.19 0.24 0.13 0.10
0.14 0.33 0.06 0.04 0.21 0.26 0.15 0.12
0.17 0.41 0.06 0.06 0.22 0.26 0.12 0.15
0.06 0.10 0.04 0.04 0.09 0.08 0.09 0.12
0.11 0.20 0.07 0.06 0.15 0.15 0.15 0.19
0.10 0.16 0.09 0.06 0.13 0.11 0.17 0.16
0.22 0.40 0.17 0.08 0.29 0.28 0.36 0.24
0.13 0.25 0.10 0.05 0.16 0.15 0.21 0.14
0.06 0.10 0.04 0.04 0.07 0.07 0.10 0.11
0.06 0.10 0.04 0.04 0.07 0.06 0.08 0.13
0.03 0.06 0.03 0.04 0.03 0.03 0.05 0.12
0.02 0.08 0.03 0.01 0.03 0.04 0.05 0.04
0.10 0.18 0.09 0.04 0.12 0.11 0.18 0.13
0.07 0.15 0.06 0.02 0.08 0.08 0.13 0.06
0.22 0.41 0.18 0.08 0.25 0.23 0.34 0.24
0.06 0.11 0.07 0.03 0.07 0.06 0.12 0.07
0.04 0.08 0.04 0.02 0.05 0.05 0.09 0.05
0.02 0.05 0.03 0.03 0.03 0.03 0.06 0.08
0.03 0.08 0.02 0.01 0.03 0.04 0.03 0.03
0.02 0.05 0.03 0.03 0.02 0.03 0.06 0.08
0.02 0.05 0.02 0.02 0.02 0.03 0.04 0.07
0.02 0.02 0.03 0.01 0.02 0.01 0.07 0.05
0.01 0.04 0.03 0.02 0.02 0.03 0.06 0.05
0.01 0.04 0.01 0.03 0.01 0.03 0.03 0.09
0.02 0.03 0.03 0.01 0.03 0.02 0.08 0.05
0.09 0.17 0.06 0.04 0.12 0.12 0.14 0.14
0.06 0.12 0.04 0.04 0.07 0.07 0.08 0.12
0.18 0.38 0.12 0.06 0.24 0.24 0.28 0.22
0.08 0.17 0.04 0.02 0.10 0.11 0.11 0.07
0.10 0.18 0.07 0.04 0.14 0.13 0.19 0.15
0.11 0.21 0.08 0.06 0.14 0.13 0.17 0.17
0.18 0.37 0.11 0.06 0.23 0.25 0.24 0.19
0.10 0.21 0.08 0.03 0.13 0.13 0.18 0.08
