4.48 10.11 2.14 1.18 41.62 38.08 44.82 47.41
4.32 9.53 2.17 1.26 41.78 38.34 44.77 47.14
4.36 9.69 2.17 1.21 41.74 38.27 44.77 47.31
4.53 10.26 2.18 1.16 41.57 38.02 44.74 47.48
4.37 9.88 2.14 1.08 41.73 38.19 44.82 47.79
4.73 10.79 2.17 1.23 41.38 37.80 44.76 47.23
4.74 10.88 2.21 1.14 41.37 37.77 44.69 47.57
5.09 11.72 2.40 1.16 41.06 37.44 44.33 47.48
4.80 11.05 2.33 1.03 41.32 37.70 44.46 48.00
4.89 11.46 2.28 0.94 41.23 37.54 44.55 48.41
4.60 10.73 2.16 0.92 41.50 37.83 44.79 48.50
4.75 11.04 2.19 1.03 41.36 37.70 44.73 48.02
4.81 11.02 2.29 1.11 41.31 37.71 44.52 47.69
5.35 12.26 2.41 1.38 40.85 37.24 44.31 46.74
5.26 11.82 2.43 1.52 40.92 37.40 44.27 46.32
6.20 13.72 3.01 1.85 40.21 36.76 43.35 45.45
6.10 13.70 2.96 1.64 40.28 36.76 43.41 45.99
5.65 12.85 2.65 1.43 40.61 37.04 43.89 46.56
5.98 13.71 2.73 1.49 40.37 36.76 43.76 46.40
5.50 12.55 2.60 1.35 40.73 37.14 43.98 46.84
5.93 13.45 2.80 1.54 40.40 36.84 43.66 46.25
5.56 12.73 2.60 1.36 40.68 37.08 43.99 46.81
5.83 13.23 2.73 1.53 40.47 36.92 43.76 46.27
5.00 11.49 2.35 1.19 41.14 37.53 44.43 47.39
5.32 12.08 2.44 1.45 40.87 37.31 44.25 46.53
5.06 11.49 2.34 1.35 41.09 37.53 44.44 46.83
5.40 12.29 2.42 1.50 40.81 37.23 44.29 46.37
5.52 12.38 2.57 1.63 40.71 37.20 44.04 46.01
4.93 10.88 2.42 1.48 41.20 37.77 44.29 46.44
5.26 11.55 2.54 1.68 40.92 37.50 44.09 45.88
3.92 7.87 2.32 1.59 42.19 39.17 44.48 46.11
4.08 8.20 2.34 1.70 42.02 38.99 44.43 45.82
3.60 7.12 2.15 1.51 42.57 39.60 44.80 46.33
3.98 7.95 2.37 1.64 42.13 39.13 44.39 46.00
3.58 7.03 2.16 1.55 42.59 39.66 44.78 46.22
3.97 7.83 2.37 1.71 42.14 39.19 44.40 45.79
3.48 6.89 2.07 1.47 42.72 39.75 44.96 46.45
3.70 7.26 2.22 1.61 42.45 39.52 44.67 46.06
3.38 6.73 1.94 1.48 42.84 39.85 45.26 46.43
3.58 7.23 2.11 1.39 42.60 39.54 44.89 46.70
2.89 5.89 1.71 1.06 43.53 40.43 45.81 47.90
3.12 6.49 1.79 1.08 43.19 40.00 45.60 47.80
2.57 5.31 1.53 0.88 44.02 40.88 46.28 48.69
3.11 6.46 1.81 1.05 43.20 40.02 45.55 47.92
2.77 5.72 1.67 0.91 43.71 40.56 45.91 48.53
3.29 6.68 2.10 1.09 42.96 39.89 44.92 47.75
3.05 6.12 2.00 1.03 43.29 40.26 45.13 48.00
3.56 7.15 2.24 1.30 42.61 39.58 44.62 47.00
3.49 6.91 2.27 1.30 42.70 39.74 44.57 46.99
3.27 6.55 2.10 1.17 42.98 39.97 44.91 47.42
3.62 7.21 2.31 1.33 42.55 39.55 44.49 46.89
3.34 6.81 2.12 1.09 42.89 39.80 44.87 47.75
3.58 7.28 2.18 1.28 42.59 39.51 44.75 47.04
3.22 6.53 2.04 1.10 43.05 39.98 45.04 47.70
3.36 6.79 2.14 1.14 42.87 39.81 44.82 47.56
3.38 6.83 2.14 1.15 42.85 39.79 44.82 47.52
3.08 6.33 1.86 1.05 43.24 40.12 45.42 47.91
2.78 5.95 1.64 0.76 43.69 40.39 45.99 49.31
3.12 6.59 1.92 0.86 43.19 39.95 45.29 48.80
2.95 6.12 1.87 0.86 43.43 40.26 45.42 48.78
3.12 6.46 1.87 1.04 43.19 40.03 45.41 47.96
3.54 7.34 2.12 1.16 42.64 39.48 44.87 47.48
3.32 6.87 2.04 1.07 42.91 39.77 45.03 47.85
3.39 7.07 1.98 1.14 42.83 39.65 45.17 47.56
2.84 5.83 1.72 0.98 43.59 40.47 45.76 48.22
2.79 5.74 1.69 0.94 43.67 40.54 45.86 48.40
2.89 5.95 1.68 1.04 43.53 40.39 45.89 47.98
2.69 5.46 1.61 1.00 43.84 40.76 46.07 48.14
2.40 4.87 1.43 0.91 44.32 41.26 46.59 48.51
2.65 5.38 1.52 1.04 43.91 40.82 46.32 47.97
2.78 5.70 1.58 1.05 43.71 40.58 46.17 47.93
2.94 6.00 1.71 1.10 43.46 40.36 45.80 47.73
3.16 6.49 1.87 1.13 43.13 40.01 45.42 47.59
3.67 7.48 2.24 1.28 42.49 39.40 44.63 47.07
3.44 7.08 2.06 1.19 42.77 39.64 45.00 47.39
2.97 6.16 1.78 0.97 43.41 40.24 45.64 48.27
2.90 6.08 1.74 0.88 43.51 40.29 45.73 48.68
2.98 6.25 1.83 0.87 43.38 40.17 45.50 48.74
3.07 6.43 1.91 0.87 43.26 40.05 45.31 48.71
3.29 6.91 1.98 0.97 42.96 39.74 45.16 48.29
3.27 6.80 2.05 0.95 42.99 39.81 45.03 48.33
3.32 6.94 2.04 0.99 42.92 39.72 45.04 48.19
3.68 7.58 2.21 1.24 42.48 39.34 44.68 47.20
3.46 7.13 2.12 1.12 42.75 39.61 44.87 47.64
3.57 7.21 2.25 1.27 42.60 39.56 44.62 47.08
3.45 6.87 2.22 1.27 42.77 39.78 44.69 47.11
3.62 7.25 2.21 1.41 42.55 39.53 44.70 46.65
3.26 6.51 2.04 1.23 43.01 40.01 45.04 47.23
3.41 6.82 2.08 1.33 42.80 39.80 44.95 46.90
3.50 7.06 2.23 1.24 42.70 39.66 44.68 47.23
3.66 7.42 2.19 1.38 42.49 39.43 44.74 46.73
3.24 6.59 1.97 1.16 43.03 39.94 45.20 47.49
3.03 6.16 1.86 1.07 43.31 40.23 45.43 47.85
2.85 5.82 1.74 0.99 43.59 40.49 45.75 48.18
2.79 5.78 1.57 1.02 43.68 40.52 46.18 48.05
2.47 5.10 1.43 0.88 44.21 41.06 46.60 48.71
2.33 4.72 1.40 0.88 44.46 41.39 46.67 48.71
2.25 4.52 1.39 0.84 44.62 41.59 46.71 48.90
2.22 4.52 1.32 0.83 44.67 41.59 46.93 48.95
2.01 4.09 1.22 0.70 45.12 42.02 47.27 49.68
2.13 4.36 1.30 0.75 44.84 41.74 47.01 49.37
2.26 4.67 1.36 0.75 44.60 41.45 46.82 49.38
2.37 4.83 1.42 0.88 44.38 41.29 46.62 48.71
2.35 4.69 1.50 0.85 44.42 41.42 46.36 48.83
2.30 4.53 1.47 0.89 44.52 41.57 46.46 48.63
2.40 4.72 1.51 0.97 44.32 41.39 46.34 48.25
2.54 4.80 1.59 1.23 44.08 41.32 46.13 47.23
2.54 4.53 1.61 1.48 44.08 41.57 46.06 46.42
2.92 5.10 1.83 1.83 43.48 41.05 45.51 45.51
2.95 5.00 1.87 1.98 43.43 41.14 45.41 45.15
3.27 5.52 2.20 2.09 42.98 40.71 44.70 44.92
3.70 6.33 2.48 2.30 42.44 40.12 44.18 44.50
3.61 6.10 2.49 2.23 42.56 40.27 44.17 44.64
3.52 5.94 2.30 2.31 42.67 40.39 44.52 44.49
3.30 5.65 2.10 2.17 42.94 40.62 44.90 44.78
3.53 6.08 2.28 2.24 42.65 40.29 44.55 44.63
3.31 5.81 2.05 2.07 42.93 40.49 45.01 44.97
3.10 5.53 1.85 1.91 43.22 40.70 45.45 45.32
2.89 5.27 1.73 1.68 43.51 40.91 45.74 45.88
2.90 5.25 1.76 1.70 43.50 40.93 45.67 45.84
3.05 5.57 1.88 1.70 43.28 40.67 45.40 45.81
2.85 5.13 1.77 1.64 43.59 41.03 45.65 45.98
3.20 5.41 2.24 1.96 43.07 40.80 44.62 45.22
3.47 5.93 2.34 2.15 42.73 40.40 44.45 44.81
3.73 6.41 2.51 2.27 42.41 40.06 44.13 44.57
4.20 7.32 2.76 2.52 41.90 39.49 43.72 44.13
4.09 6.99 2.78 2.48 42.01 39.68 43.68 44.18
3.49 5.82 2.43 2.22 42.70 40.48 44.28 44.66
3.56 6.01 2.43 2.25 42.62 40.34 44.28 44.62
3.71 6.15 2.58 2.39 42.44 40.24 44.00 44.34
3.42 5.64 2.36 2.24 42.80 40.62 44.40 44.62
3.90 6.52 2.64 2.53 42.23 39.99 43.92 44.11
3.72 6.11 2.59 2.45 42.43 40.27 44.00 44.24
3.40 5.58 2.18 2.43 42.82 40.66 44.74 44.28
3.44 5.64 2.25 2.43 42.76 40.62 44.60 44.28
3.28 5.37 2.12 2.34 42.97 40.83 44.87 44.43
3.17 5.27 1.96 2.30 43.11 40.92 45.22 44.51
3.06 5.04 1.91 2.21 43.28 41.10 45.31 44.68
2.96 5.02 1.86 2.00 43.42 41.13 45.44 45.13
3.14 5.41 1.97 2.03 43.17 40.80 45.18 45.06
2.74 4.67 1.86 1.69 43.75 41.43 45.42 45.85
2.66 4.53 1.88 1.57 43.88 41.57 45.38 46.19
2.51 4.50 1.77 1.27 44.12 41.60 45.65 47.09
2.43 4.55 1.67 1.07 44.28 41.55 45.91 47.85
1.95 3.76 1.25 0.86 45.22 42.38 47.18 48.80
2.10 4.10 1.32 0.89 44.91 42.00 46.94 48.67
1.96 3.81 1.27 0.80 45.21 42.32 47.10 49.09
2.02 3.81 1.35 0.91 45.07 42.33 46.82 48.54
1.99 3.83 1.28 0.84 45.15 42.30 47.05 48.86
2.15 4.13 1.36 0.95 44.81 41.97 46.80 48.34
1.96 3.81 1.26 0.82 45.20 42.33 47.12 49.02
2.06 3.93 1.36 0.90 44.99 42.20 46.80 48.60
1.98 3.77 1.33 0.83 45.17 42.36 46.91 48.93
2.10 4.01 1.32 0.98 44.90 42.09 46.92 48.23
1.86 3.57 1.15 0.88 45.43 42.61 47.53 48.69
1.86 3.51 1.13 0.95 45.43 42.68 47.58 48.37
1.85 3.41 1.20 0.95 45.45 42.81 47.36 48.33
2.17 4.13 1.36 1.03 44.76 41.97 46.79 47.99
2.31 4.30 1.48 1.15 44.50 41.80 46.43 47.52
2.74 5.14 1.71 1.38 43.75 41.02 45.81 46.74
3.45 6.40 2.18 1.77 42.75 40.07 44.75 45.64
3.94 7.26 2.54 1.99 42.18 39.52 44.07 45.13
3.91 7.28 2.46 2.00 42.21 39.51 44.22 45.13
4.82 9.16 2.94 2.34 41.30 38.51 43.44 44.44
4.47 8.56 2.76 2.10 41.63 38.81 43.72 44.91
4.98 9.62 3.04 2.28 41.16 38.30 43.30 44.56
4.85 9.50 2.93 2.11 41.28 38.36 43.46 44.88
5.58 10.87 3.35 2.52 40.67 37.77 42.89 44.12
5.23 10.36 3.18 2.14 40.95 37.98 43.11 44.83
5.39 10.61 3.27 2.30 40.81 37.87 42.98 44.51
4.81 9.51 2.95 1.97 41.31 38.35 43.43 45.19
4.91 9.69 2.86 2.19 41.22 38.26 43.57 44.73
4.16 8.09 2.56 1.81 41.95 39.05 44.04 45.57
4.05 7.70 2.58 1.88 42.05 39.26 44.02 45.38
3.33 6.12 2.15 1.71 42.91 40.26 44.80 45.79
3.74 6.80 2.43 1.99 42.40 39.81 44.28 45.14
4.05 7.53 2.49 2.13 42.06 39.36 44.18 44.85
4.12 7.87 2.45 2.05 41.98 39.17 44.23 45.02
4.13 7.94 2.47 1.99 41.97 39.14 44.20 45.15
4.03 7.87 2.37 1.85 42.08 39.17 44.38 45.45
4.39 8.68 2.51 1.98 41.71 38.75 44.13 45.17
4.97 9.89 2.80 2.21 41.17 38.18 43.66 44.69
5.06 9.91 2.83 2.43 41.09 38.17 43.62 44.26
5.18 10.29 2.76 2.49 40.99 38.00 43.73 44.16
5.01 9.57 2.78 2.69 41.13 38.32 43.69 43.84
5.55 10.70 3.26 2.70 40.68 37.84 43.00 43.81
4.99 9.51 2.86 2.61 41.15 38.35 43.57 43.97
5.70 11.17 3.13 2.81 40.57 37.65 43.17 43.64
5.30 10.13 3.14 2.61 40.89 38.08 43.16 43.97
5.27 10.06 3.08 2.68 40.91 38.10 43.25 43.84
5.32 10.24 3.00 2.72 40.87 38.03 43.36 43.78
4.71 8.93 2.76 2.44 41.40 38.62 43.73 44.25
4.32 8.22 2.63 2.10 41.78 38.98 43.93 44.91
3.76 7.16 2.32 1.79 42.38 39.58 44.48 45.59
3.66 6.90 2.28 1.79 42.50 39.74 44.56 45.60
3.15 5.99 1.99 1.47 43.14 40.35 45.14 46.45
2.65 4.97 1.74 1.25 43.89 41.17 45.73 47.15
2.42 4.53 1.57 1.16 44.30 41.57 46.17 47.50
2.40 4.46 1.48 1.26 44.33 41.63 46.44 47.14
2.13 3.95 1.37 1.06 44.85 42.17 46.77 47.85
1.88 3.51 1.22 0.92 45.38 42.68 47.27 48.48
2.09 3.91 1.34 1.05 44.92 42.22 46.86 47.94
1.87 3.57 1.19 0.85 45.42 42.61 47.37 48.84
2.26 4.23 1.51 1.05 44.58 41.87 46.34 47.91
1.94 3.71 1.23 0.86 45.26 42.43 47.23 48.76
2.35 4.54 1.46 1.06 44.42 41.57 46.50 47.88
2.21 4.30 1.37 0.95 44.70 41.80 46.77 48.37
2.63 5.10 1.61 1.18 43.94 41.06 46.08 47.40
2.54 4.91 1.65 1.07 44.08 41.22 45.96 47.84
2.84 5.41 1.85 1.27 43.59 40.80 45.46 47.11
2.94 5.64 1.89 1.30 43.44 40.62 45.36 47.00
3.17 6.15 2.00 1.37 43.12 40.24 45.12 46.75
3.52 6.92 2.16 1.46 42.67 39.73 44.79 46.48
3.49 6.87 2.15 1.46 42.70 39.76 44.80 46.48
3.39 6.65 2.15 1.38 42.83 39.90 44.81 46.74
3.41 6.75 2.13 1.34 42.81 39.83 44.85 46.86
3.59 7.16 2.20 1.43 42.57 39.58 44.71 46.58
3.65 7.16 2.36 1.43 42.51 39.58 44.40 46.58
3.89 7.63 2.45 1.60 42.23 39.30 44.25 46.09
3.87 7.49 2.46 1.67 42.25 39.38 44.23 45.90
3.90 7.66 2.46 1.59 42.22 39.29 44.23 46.13
4.01 7.89 2.52 1.64 42.10 39.16 44.11 45.99
3.69 7.31 2.35 1.43 42.45 39.49 44.42 46.59
3.82 7.49 2.47 1.50 42.31 39.39 44.21 46.38
3.56 7.05 2.29 1.34 42.62 39.65 44.54 46.86
3.58 7.13 2.24 1.36 42.60 39.60 44.62 46.81
3.54 7.04 2.23 1.34 42.65 39.65 44.65 46.87
3.36 6.69 2.18 1.23 42.86 39.88 44.75 47.25
3.75 7.49 2.29 1.45 42.39 39.38 44.53 46.52
3.38 6.80 2.08 1.24 42.85 39.80 44.95 47.18
3.34 6.73 1.99 1.29 42.90 39.85 45.15 47.02
3.22 6.65 1.85 1.14 43.06 39.90 45.45 47.55
2.93 5.98 1.78 1.05 43.45 40.37 45.62 47.94
3.02 6.14 1.90 1.01 43.33 40.24 45.34 48.06
3.05 6.19 1.89 1.07 43.29 40.21 45.36 47.83
3.03 6.20 1.89 1.00 43.32 40.21 45.37 48.12
2.95 5.95 1.81 1.09 43.43 40.38 45.55 47.77
3.29 6.63 1.96 1.28 42.96 39.92 45.21 47.05
3.64 7.34 2.19 1.40 42.52 39.47 44.73 46.69
3.50 7.07 2.09 1.34 42.69 39.64 44.93 46.86
3.14 6.40 1.93 1.09 43.17 40.07 45.28 47.78
3.33 6.95 1.98 1.05 42.91 39.71 45.17 47.90
3.13 6.57 1.83 0.98 43.18 39.95 45.51 48.21
2.89 6.13 1.73 0.81 43.53 40.26 45.75 49.06
2.90 6.17 1.72 0.82 43.50 40.23 45.76 48.99
2.91 6.07 1.70 0.95 43.50 40.30 45.82 48.33
3.13 6.32 1.87 1.19 43.18 40.12 45.41 47.40
3.09 6.13 1.90 1.24 43.23 40.26 45.36 47.20
2.91 5.81 1.81 1.12 43.49 40.49 45.56 47.63
3.06 6.25 1.81 1.13 43.27 40.17 45.56 47.60
2.79 5.52 1.78 1.09 43.67 40.71 45.64 47.77
2.68 5.36 1.72 0.98 43.84 40.84 45.79 48.21
2.81 5.62 1.77 1.04 43.64 40.64 45.66 47.96
2.62 5.21 1.67 0.97 43.95 40.96 45.90 48.25
2.69 5.34 1.68 1.05 43.83 40.86 45.88 47.91
2.44 4.78 1.51 1.01 44.27 41.34 46.33 48.08
2.33 4.51 1.50 0.98 44.45 41.59 46.38 48.20
2.49 4.79 1.56 1.12 44.17 41.33 46.21 47.62
2.25 4.30 1.43 1.02 44.61 41.80 46.58 48.05
2.27 4.22 1.48 1.10 44.57 41.88 46.43 47.72
2.18 4.09 1.44 1.02 44.74 42.02 46.55 48.03
2.44 4.61 1.52 1.20 44.25 41.49 46.30 47.34
2.23 4.15 1.42 1.12 44.65 41.95 46.61 47.67
2.40 4.48 1.53 1.19 44.33 41.62 46.28 47.37
2.27 4.33 1.43 1.05 44.58 41.77 46.59 47.93
2.65 5.10 1.62 1.21 43.90 41.06 46.02 47.29
2.35 4.45 1.51 1.09 44.42 41.65 46.34 47.74
2.50 4.68 1.61 1.22 44.14 41.43 46.06 47.26
2.51 4.69 1.61 1.25 44.13 41.43 46.06 47.18
2.88 5.41 1.79 1.45 43.54 40.81 45.60 46.51
2.73 5.14 1.72 1.35 43.76 41.03 45.77 46.84
2.86 5.38 1.81 1.40 43.57 40.82 45.57 46.68
3.23 6.06 2.02 1.63 43.03 40.31 45.09 46.02
3.14 5.85 2.04 1.52 43.17 40.46 45.04 46.31
3.30 6.37 2.01 1.51 42.95 40.09 45.10 46.33
3.05 5.94 1.86 1.34 43.29 40.40 45.43 46.85
3.02 5.94 1.87 1.24 43.34 40.40 45.41 47.19
3.48 6.98 2.06 1.41 42.72 39.70 45.00 46.65
3.41 6.83 2.04 1.36 42.80 39.79 45.03 46.81
3.26 6.51 2.05 1.24 43.00 40.00 45.03 47.21
3.38 6.75 2.06 1.34 42.84 39.84 45.00 46.86
3.64 7.18 2.33 1.42 42.52 39.58 44.46 46.60
3.78 7.45 2.37 1.52 42.36 39.41 44.39 46.32
3.55 6.95 2.28 1.42 42.63 39.71 44.55 46.60
3.54 6.97 2.22 1.42 42.65 39.70 44.67 46.62
3.81 7.50 2.34 1.57 42.33 39.38 44.43 46.17
3.45 6.75 2.17 1.44 42.75 39.85 44.77 46.53
3.30 6.44 2.05 1.42 42.95 40.05 45.02 46.61
2.87 5.58 1.81 1.22 43.55 40.67 45.56 47.25
3.17 6.16 1.97 1.38 43.12 40.23 45.19 46.75
2.71 5.31 1.68 1.14 43.81 40.90 45.88 47.56
2.90 5.75 1.75 1.21 43.50 40.53 45.71 47.29
2.75 5.51 1.65 1.09 43.74 40.73 45.96 47.76
3.25 6.56 1.92 1.29 43.01 39.97 45.31 47.03
2.85 5.73 1.69 1.13 43.58 40.55 45.85 47.60
2.89 5.76 1.72 1.18 43.52 40.53 45.78 47.41
2.68 5.33 1.60 1.12 43.85 40.87 46.10 47.65
3.01 5.96 1.78 1.29 43.35 40.38 45.64 47.04
2.78 5.44 1.70 1.20 43.69 40.78 45.82 47.34
3.06 6.22 1.76 1.21 43.27 40.19 45.69 47.32
