4.48 10.11 2.14 1.18 41.62 38.08 44.82 47.41
4.32 9.53 2.17 1.26 41.78 38.34 44.77 47.14
4.36 9.69 2.17 1.21 41.74 38.27 44.77 47.31
4.53 10.26 2.18 1.16 41.57 38.02 44.74 47.48
4.37 9.88 2.14 1.08 41.73 38.19 44.82 47.79
4.73 10.79 2.17 1.23 41.38 37.80 44.76 47.23
4.74 10.88 2.21 1.14 41.37 37.77 44.69 47.57
5.09 11.72 2.40 1.16 41.06 37.44 44.33 47.48
4.80 11.05 2.33 1.03 41.32 37.70 44.46 48.00
4.90 11.47 2.27 0.94 41.23 37.53 44.56 48.40
4.60 10.72 2.15 0.92 41.51 37.83 44.80 48.50
4.76 11.05 2.20 1.03 41.35 37.69 44.72 48.02
4.81 11.02 2.29 1.11 41.31 37.71 44.52 47.69
5.38 12.35 2.40 1.39 40.82 37.21 44.32 46.72
5.27 11.85 2.42 1.53 40.91 37.39 44.30 46.28
6.22 13.79 3.00 1.85 40.19 36.74 43.36 45.45
6.09 13.66 2.98 1.64 40.29 36.78 43.39 45.98
5.66 12.84 2.67 1.45 40.60 37.04 43.87 46.52
5.98 13.69 2.76 1.49 40.36 36.77 43.72 46.39
5.48 12.49 2.58 1.37 40.75 37.16 44.01 46.78
5.94 13.46 2.80 1.56 40.39 36.84 43.66 46.19
5.57 12.74 2.60 1.36 40.67 37.08 43.99 46.79
5.84 13.22 2.76 1.55 40.47 36.92 43.72 46.22
4.99 11.46 2.33 1.18 41.15 37.54 44.46 47.39
5.30 12.08 2.42 1.43 40.88 37.31 44.30 46.58
5.06 11.50 2.31 1.37 41.09 37.52 44.48 46.76
5.35 12.17 2.41 1.46 40.85 37.28 44.32 46.48
5.52 12.37 2.58 1.61 40.71 37.21 44.02 46.05
4.91 10.85 2.40 1.48 41.22 37.78 44.32 46.44
5.24 11.53 2.52 1.67 40.94 37.52 44.12 45.89
3.83 7.66 2.26 1.56 42.30 39.29 44.60 46.20
3.94 7.85 2.29 1.68 42.18 39.19 44.54 45.87
3.60 7.03 2.18 1.59 42.57 39.67 44.74 46.13
3.84 7.60 2.30 1.62 42.28 39.32 44.52 46.02
3.75 7.32 2.29 1.63 42.41 39.49 44.54 46.03
3.85 7.55 2.33 1.66 42.28 39.35 44.45 45.92
3.45 6.68 2.11 1.57 42.76 39.89 44.90 46.19
3.54 6.89 2.09 1.61 42.65 39.76 44.92 46.04
3.49 6.89 2.02 1.55 42.71 39.75 45.09 46.23
3.46 6.87 2.06 1.45 42.74 39.76 44.98 46.51
2.84 5.71 1.70 1.12 43.60 40.56 45.82 47.66
2.88 5.89 1.71 1.03 43.55 40.44 45.81 48.00
2.69 5.47 1.63 0.97 43.84 40.76 46.02 48.27
2.99 6.15 1.76 1.07 43.38 40.25 45.68 47.83
2.78 5.70 1.69 0.96 43.69 40.57 45.86 48.34
3.04 6.13 1.94 1.06 43.31 40.27 45.27 47.87
3.16 6.30 2.07 1.11 43.14 40.14 44.97 47.66
3.44 6.82 2.20 1.30 42.77 39.79 44.70 46.99
3.32 6.54 2.17 1.27 42.92 39.98 44.77 47.12
3.13 6.15 2.06 1.17 43.18 40.25 44.99 47.45
3.47 6.82 2.26 1.34 42.73 39.80 44.58 46.87
3.18 6.41 2.06 1.08 43.10 40.07 44.99 47.81
3.32 6.66 2.08 1.22 42.93 39.91 44.96 47.26
3.07 6.21 1.95 1.06 43.26 40.21 45.23 47.87
3.20 6.47 2.01 1.09 43.09 40.02 45.09 47.73
3.21 6.46 2.03 1.14 43.07 40.03 45.05 47.56
2.91 5.92 1.78 1.04 43.50 40.41 45.65 47.97
2.64 5.60 1.56 0.77 43.91 40.65 46.19 49.29
2.96 6.18 1.84 0.87 43.41 40.22 45.48 48.74
2.81 5.79 1.80 0.85 43.64 40.51 45.58 48.83
2.83 5.77 1.73 1.01 43.60 40.52 45.76 48.09
3.17 6.42 1.98 1.11 43.12 40.05 45.17 47.67
2.85 5.78 1.79 0.97 43.59 40.52 45.59 48.27
2.85 5.78 1.73 1.05 43.59 40.52 45.76 47.92
2.60 5.26 1.63 0.93 43.97 40.92 46.02 48.46
2.59 5.21 1.63 0.92 44.00 40.96 46.01 48.51
2.67 5.42 1.60 0.99 43.87 40.80 46.09 48.17
2.44 4.82 1.52 0.96 44.26 41.30 46.31 48.31
2.24 4.47 1.36 0.89 44.62 41.62 46.78 48.65
2.60 5.18 1.57 1.06 43.98 40.98 46.18 47.88
2.78 5.54 1.66 1.14 43.69 40.69 45.92 47.57
2.98 5.97 1.79 1.19 43.38 40.37 45.60 47.37
3.04 6.16 1.80 1.15 43.30 40.24 45.57 47.51
3.51 7.12 2.15 1.24 42.68 39.60 44.80 47.19
3.22 6.53 1.96 1.17 43.05 39.98 45.20 47.46
2.77 5.69 1.71 0.93 43.70 40.58 45.80 48.47
2.79 5.79 1.70 0.86 43.69 40.51 45.82 48.76
2.85 5.88 1.82 0.85 43.58 40.43 45.55 48.82
2.69 5.63 1.68 0.77 43.83 40.63 45.88 49.27
3.06 6.39 1.89 0.92 43.27 40.07 45.37 48.51
3.06 6.37 1.93 0.90 43.26 40.09 45.27 48.60
3.37 6.94 2.15 1.02 42.85 39.72 44.80 48.02
3.47 7.08 2.15 1.17 42.73 39.63 44.80 47.45
3.38 6.91 2.12 1.12 42.84 39.74 44.87 47.64
3.43 6.88 2.17 1.24 42.78 39.76 44.77 47.21
3.54 7.02 2.26 1.34 42.64 39.67 44.60 46.87
3.43 6.76 2.18 1.35 42.78 39.83 44.74 46.83
3.21 6.37 2.02 1.25 43.06 40.09 45.08 47.17
3.31 6.59 2.05 1.29 42.93 39.94 45.00 47.01
3.64 7.24 2.35 1.32 42.52 39.53 44.42 46.92
3.56 7.10 2.20 1.40 42.61 39.62 44.71 46.67
3.23 6.44 2.03 1.23 43.03 40.04 45.05 47.21
2.95 5.89 1.88 1.09 43.43 40.43 45.39 47.77
2.99 5.98 1.87 1.11 43.37 40.36 45.41 47.66
2.69 5.45 1.60 1.02 43.83 40.77 46.09 48.07
2.40 4.86 1.44 0.90 44.33 41.27 46.54 48.60
2.28 4.52 1.43 0.90 44.55 41.58 46.58 48.60
2.29 4.51 1.47 0.88 44.54 41.59 46.47 48.66
2.18 4.34 1.34 0.87 44.74 41.76 46.88 48.74
2.04 4.09 1.28 0.74 45.04 42.01 47.07 49.44
2.09 4.20 1.30 0.76 44.94 41.90 47.00 49.31
2.28 4.57 1.44 0.82 44.56 41.54 46.55 49.00
2.36 4.67 1.49 0.92 44.41 41.44 46.42 48.51
2.23 4.35 1.47 0.87 44.65 41.75 46.46 48.73
2.15 4.14 1.43 0.89 44.80 41.96 46.57 48.64
2.27 4.34 1.47 0.98 44.58 41.75 46.45 48.20
2.45 4.52 1.59 1.24 44.24 41.58 46.13 47.20
2.47 4.28 1.60 1.52 44.21 41.81 46.09 46.32
2.80 4.78 1.80 1.82 43.65 41.33 45.58 45.52
2.84 4.74 1.82 1.96 43.60 41.37 45.54 45.20
3.15 5.17 2.18 2.10 43.15 40.99 44.75 44.91
3.50 5.82 2.39 2.28 42.69 40.48 44.34 44.55
3.47 5.82 2.40 2.19 42.73 40.49 44.34 44.72
3.43 5.72 2.23 2.33 42.78 40.56 44.66 44.45
3.31 5.55 2.14 2.24 42.93 40.69 44.82 44.64
3.39 5.75 2.21 2.21 42.83 40.54 44.69 44.69
3.12 5.32 2.00 2.06 43.19 40.88 45.12 45.00
2.88 5.00 1.76 1.87 43.55 41.14 45.69 45.41
2.71 4.78 1.67 1.66 43.81 41.34 45.90 45.92
2.78 4.92 1.71 1.71 43.69 41.21 45.79 45.81
2.91 5.20 1.82 1.71 43.49 40.98 45.52 45.79
2.72 4.78 1.74 1.64 43.78 41.33 45.72 45.98
3.10 5.16 2.21 1.91 43.23 41.00 44.69 45.32
3.31 5.54 2.29 2.12 42.93 40.70 44.54 44.87
3.62 6.13 2.45 2.28 42.54 40.26 44.23 44.56
3.99 6.75 2.74 2.48 42.12 39.84 43.75 44.18
3.87 6.45 2.72 2.45 42.25 40.04 43.78 44.25
3.33 5.44 2.35 2.19 42.91 40.78 44.42 44.72
3.39 5.62 2.37 2.17 42.83 40.63 44.38 44.77
3.57 5.82 2.54 2.35 42.61 40.48 44.09 44.42
3.35 5.49 2.32 2.26 42.87 40.73 44.48 44.59
3.82 6.32 2.63 2.50 42.32 40.13 43.93 44.15
3.63 5.87 2.62 2.41 42.53 40.44 43.95 44.31
3.32 5.37 2.18 2.42 42.92 40.83 44.76 44.29
3.36 5.43 2.26 2.38 42.87 40.79 44.59 44.37
3.15 5.05 2.08 2.33 43.15 41.10 44.97 44.47
3.08 5.02 1.93 2.30 43.24 41.13 45.28 44.51
2.94 4.74 1.87 2.20 43.45 41.37 45.42 44.70
2.83 4.69 1.84 1.97 43.61 41.43 45.49 45.19
2.95 4.94 1.90 2.01 43.43 41.20 45.34 45.09
2.60 4.31 1.81 1.68 43.99 41.79 45.55 45.89
2.51 4.17 1.82 1.54 44.14 41.93 45.54 46.27
2.40 4.22 1.72 1.25 44.34 41.88 45.78 47.15
2.27 4.16 1.59 1.07 44.58 41.95 46.13 47.84
1.83 3.46 1.18 0.84 45.52 42.74 47.41 48.90
1.89 3.56 1.21 0.88 45.38 42.62 47.30 48.69
1.79 3.38 1.19 0.81 45.60 42.85 47.37 49.08
1.85 3.41 1.27 0.89 45.45 42.81 47.09 48.65
1.82 3.41 1.23 0.80 45.55 42.80 47.23 49.11
1.93 3.62 1.28 0.91 45.27 42.55 47.07 48.57
1.78 3.33 1.19 0.80 45.64 42.91 47.37 49.10
1.90 3.56 1.26 0.86 45.35 42.62 47.11 48.79
1.78 3.31 1.23 0.79 45.64 42.93 47.23 49.15
1.85 3.43 1.21 0.91 45.46 42.78 47.30 48.55
1.69 3.11 1.09 0.86 45.87 43.21 47.77 48.78
1.65 3.03 1.05 0.88 45.95 43.31 47.92 48.71
1.60 2.89 1.06 0.86 46.08 43.52 47.90 48.78
1.90 3.52 1.22 0.96 45.35 42.67 47.27 48.31
2.16 3.88 1.46 1.14 44.79 42.25 46.48 47.56
2.64 4.82 1.71 1.37 43.92 41.30 45.79 46.76
3.23 5.95 2.05 1.68 43.04 40.39 45.01 45.86
3.76 6.92 2.43 1.94 42.38 39.73 44.28 45.25
3.74 6.87 2.42 1.94 42.40 39.76 44.30 45.25
4.57 8.59 2.86 2.26 41.53 38.79 43.57 44.59
4.23 7.99 2.66 2.04 41.87 39.10 43.88 45.04
4.73 9.03 2.95 2.21 41.38 38.57 43.43 44.68
4.61 8.94 2.83 2.06 41.50 38.62 43.62 44.99
5.22 10.12 3.15 2.38 40.96 38.08 43.15 44.36
4.98 9.85 3.02 2.06 41.16 38.20 43.33 44.99
5.05 9.83 3.11 2.23 41.09 38.21 43.20 44.65
4.56 8.93 2.82 1.93 41.54 38.62 43.63 45.28
4.68 9.13 2.81 2.12 41.43 38.53 43.65 44.87
3.99 7.77 2.47 1.74 42.12 39.23 44.21 45.73
3.93 7.41 2.50 1.88 42.19 39.43 44.15 45.38
3.21 5.89 2.08 1.67 43.06 40.43 44.95 45.89
3.53 6.39 2.30 1.90 42.65 40.08 44.51 45.36
3.83 7.04 2.39 2.06 42.30 39.65 44.34 45.00
3.86 7.18 2.37 2.01 42.27 39.57 44.38 45.10
3.85 7.30 2.38 1.89 42.27 39.49 44.37 45.37
3.84 7.43 2.30 1.79 42.29 39.42 44.52 45.61
3.73 7.18 2.15 1.86 42.42 39.57 44.81 45.44
3.92 7.43 2.33 2.00 42.20 39.42 44.46 45.13
3.80 7.08 2.24 2.10 42.33 39.63 44.63 44.91
3.88 7.31 2.19 2.14 42.25 39.49 44.74 44.84
3.93 7.20 2.30 2.29 42.19 39.56 44.52 44.53
4.26 7.80 2.63 2.35 41.84 39.21 43.93 44.43
4.06 7.48 2.41 2.29 42.05 39.39 44.32 44.53
4.35 8.07 2.57 2.41 41.74 39.06 44.03 44.30
4.14 7.66 2.53 2.23 41.96 39.29 44.11 44.64
3.86 7.13 2.33 2.11 42.27 39.60 44.45 44.89
4.12 7.68 2.45 2.22 41.99 39.28 44.24 44.66
3.79 6.90 2.38 2.08 42.35 39.74 44.37 44.94
3.68 6.81 2.30 1.94 42.47 39.80 44.52 45.26
3.47 6.47 2.18 1.76 42.73 40.02 44.75 45.69
3.17 5.81 2.04 1.65 43.13 40.49 45.03 45.97
2.50 4.60 1.66 1.25 44.14 41.50 45.92 47.16
2.44 4.46 1.60 1.25 44.26 41.64 46.08 47.16
2.13 3.94 1.38 1.08 44.84 42.18 46.75 47.79
2.17 3.95 1.38 1.18 44.77 42.17 46.74 47.41
1.96 3.58 1.28 1.03 45.21 42.60 47.07 48.01
1.72 3.14 1.15 0.88 45.77 43.16 47.52 48.72
1.94 3.55 1.28 1.00 45.24 42.62 47.06 48.13
1.73 3.21 1.14 0.82 45.77 43.07 47.56 49.00
1.98 3.61 1.34 0.99 45.16 42.55 46.85 48.19
1.77 3.35 1.15 0.82 45.64 42.89 47.52 48.99
2.07 3.87 1.35 0.98 44.98 42.26 46.83 48.23
1.95 3.73 1.25 0.89 45.22 42.42 47.16 48.65
2.29 4.39 1.42 1.06 44.53 41.71 46.60 47.86
2.25 4.27 1.46 1.01 44.62 41.83 46.47 48.10
2.55 4.78 1.67 1.19 44.07 41.34 45.91 47.37
2.76 5.20 1.80 1.27 43.72 40.97 45.57 47.08
2.93 5.57 1.88 1.34 43.46 40.67 45.39 46.86
3.25 6.27 2.05 1.41 43.02 40.16 45.01 46.64
3.21 6.18 2.04 1.41 43.06 40.22 45.03 46.64
3.17 6.10 2.08 1.33 43.12 40.27 44.95 46.88
3.27 6.40 2.07 1.34 42.98 40.07 44.96 46.86
3.42 6.72 2.17 1.38 42.78 39.86 44.76 46.73
3.54 6.89 2.31 1.41 42.64 39.75 44.50 46.64
3.72 7.23 2.37 1.57 42.42 39.54 44.39 46.17
3.67 7.00 2.40 1.62 42.48 39.68 44.33 46.03
3.63 7.00 2.35 1.54 42.53 39.68 44.42 46.27
3.78 7.30 2.45 1.61 42.35 39.50 44.25 46.07
3.50 6.82 2.28 1.42 42.68 39.80 44.55 46.61
3.54 6.84 2.33 1.45 42.64 39.78 44.45 46.52
3.43 6.71 2.27 1.32 42.78 39.87 44.56 46.94
3.39 6.71 2.16 1.30 42.83 39.87 44.79 47.01
3.34 6.60 2.16 1.26 42.90 39.93 44.79 47.14
3.21 6.35 2.09 1.20 43.06 40.10 44.94 47.36
3.51 6.97 2.17 1.40 42.68 39.70 44.77 46.68
3.23 6.44 2.00 1.25 43.05 40.05 45.12 47.19
3.16 6.28 1.93 1.27 43.13 40.15 45.28 47.08
3.04 6.21 1.79 1.12 43.31 40.21 45.61 47.66
2.74 5.52 1.69 1.01 43.75 40.71 45.84 48.11
2.66 5.41 1.66 0.91 43.89 40.80 45.93 48.56
2.86 5.79 1.74 1.04 43.57 40.50 45.73 47.98
2.82 5.73 1.75 0.98 43.63 40.55 45.70 48.21
2.76 5.52 1.71 1.07 43.72 40.72 45.80 47.83
3.06 6.09 1.85 1.23 43.27 40.28 45.45 47.23
3.40 6.80 2.07 1.35 42.81 39.81 44.97 46.84
3.26 6.50 1.96 1.32 43.00 40.00 45.21 46.93
3.02 6.15 1.86 1.06 43.33 40.24 45.44 47.90
3.21 6.72 1.91 1.01 43.06 39.86 45.33 48.09
2.93 6.11 1.74 0.93 43.47 40.27 45.74 48.45
2.70 5.68 1.66 0.76 43.82 40.58 45.93 49.34
2.67 5.60 1.63 0.78 43.87 40.65 46.01 49.23
2.73 5.68 1.64 0.89 43.76 40.59 45.99 48.65
3.00 6.05 1.82 1.14 43.36 40.31 45.54 47.57
2.88 5.67 1.81 1.17 43.54 40.60 45.55 47.47
2.72 5.37 1.73 1.06 43.79 40.83 45.74 47.89
2.80 5.66 1.69 1.06 43.65 40.61 45.84 47.87
2.45 4.84 1.57 0.95 44.23 41.29 46.18 48.33
2.46 4.88 1.57 0.90 44.23 41.24 46.15 48.56
2.50 4.98 1.59 0.95 44.14 41.17 46.13 48.34
2.38 4.73 1.51 0.90 44.36 41.38 46.35 48.59
2.40 4.75 1.50 0.97 44.32 41.37 46.36 48.27
2.23 4.37 1.40 0.93 44.64 41.72 46.67 48.43
2.15 4.16 1.35 0.93 44.81 41.94 46.81 48.43
2.25 4.31 1.40 1.04 44.62 41.79 46.68 47.98
2.08 3.96 1.33 0.95 44.95 42.16 46.88 48.38
2.04 3.78 1.34 1.00 45.03 42.35 46.85 48.12
2.03 3.75 1.37 0.95 45.07 42.39 46.76 48.34
2.22 4.15 1.39 1.10 44.68 41.95 46.69 47.73
2.02 3.72 1.29 1.04 45.08 42.42 47.03 47.97
2.18 3.99 1.45 1.12 44.74 42.13 46.53 47.64
2.05 3.85 1.32 0.97 45.03 42.28 46.92 48.27
2.31 4.32 1.50 1.12 44.49 41.78 46.37 47.67
2.10 3.89 1.40 1.01 44.91 42.23 46.67 48.10
2.24 4.09 1.51 1.13 44.63 42.02 46.35 47.58
2.26 4.13 1.50 1.15 44.59 41.97 46.38 47.53
2.48 4.52 1.62 1.32 44.18 41.58 46.04 46.92
2.47 4.57 1.62 1.23 44.20 41.54 46.04 47.21
2.57 4.73 1.68 1.32 44.02 41.38 45.88 46.94
2.95 5.43 1.90 1.51 43.44 40.78 45.35 46.35
2.94 5.43 1.92 1.48 43.44 40.78 45.29 46.42
3.01 5.69 1.90 1.43 43.35 40.58 45.34 46.56
2.74 5.20 1.75 1.29 43.75 40.97 45.70 47.04
2.69 5.18 1.73 1.16 43.84 40.99 45.76 47.50
2.95 5.69 1.85 1.31 43.43 40.58 45.45 46.97
3.02 5.95 1.89 1.22 43.33 40.39 45.37 47.26
2.99 5.84 1.94 1.18 43.38 40.47 45.24 47.42
3.06 5.96 1.99 1.25 43.26 40.38 45.15 47.16
3.43 6.63 2.27 1.39 42.78 39.92 44.58 46.70
3.45 6.64 2.26 1.43 42.76 39.91 44.59 46.57
3.30 6.41 2.15 1.33 42.95 40.06 44.80 46.88
3.29 6.36 2.10 1.40 42.97 40.10 44.91 46.69
3.47 6.69 2.21 1.51 42.72 39.88 44.67 46.34
3.23 6.19 2.07 1.44 43.03 40.21 44.97 46.55
2.96 5.58 1.91 1.37 43.42 40.66 45.31 46.76
2.58 4.92 1.68 1.13 44.02 41.22 45.86 47.58
2.82 5.36 1.83 1.29 43.62 40.84 45.52 47.01
2.44 4.68 1.55 1.07 44.27 41.43 46.23 47.84
2.66 5.21 1.61 1.14 43.89 40.96 46.07 47.55
2.51 4.95 1.52 1.04 44.14 41.18 46.30 47.96
2.90 5.75 1.75 1.20 43.51 40.54 45.71 47.33
2.58 5.12 1.55 1.06 44.02 41.04 46.22 47.86
2.57 5.06 1.57 1.09 44.03 41.09 46.19 47.74
2.46 4.86 1.50 1.03 44.22 41.27 46.37 48.01
2.79 5.49 1.66 1.23 43.67 40.73 45.92 47.25
2.58 5.01 1.57 1.14 44.02 41.13 46.16 47.58
2.88 5.84 1.67 1.14 43.53 40.46 45.91 47.58
