4.48 10.11 2.14 1.18 41.62 38.08 44.82 47.41
4.32 9.53 2.17 1.26 41.78 38.34 44.77 47.14
4.36 9.69 2.17 1.21 41.74 38.27 44.77 47.31
4.53 10.26 2.18 1.16 41.57 38.02 44.74 47.48
4.37 9.88 2.14 1.08 41.73 38.19 44.82 47.79
4.73 10.79 2.17 1.23 41.38 37.80 44.76 47.23
4.74 10.88 2.21 1.14 41.37 37.77 44.69 47.57
5.09 11.72 2.40 1.16 41.06 37.44 44.33 47.48
4.80 11.05 2.33 1.03 41.32 37.70 44.46 48.00
4.90 11.48 2.27 0.94 41.23 37.53 44.57 48.40
4.60 10.71 2.15 0.92 41.51 37.83 44.80 48.50
4.76 11.06 2.20 1.03 41.35 37.69 44.71 48.02
4.81 11.02 2.29 1.11 41.31 37.71 44.52 47.69
5.43 12.44 2.47 1.40 40.78 37.19 44.20 46.67
5.26 11.79 2.46 1.55 40.92 37.42 44.23 46.25
6.22 13.76 3.04 1.85 40.19 36.74 43.31 45.47
6.10 13.66 2.99 1.66 40.28 36.78 43.37 45.94
5.67 12.92 2.64 1.43 40.60 37.02 43.91 46.58
5.99 13.73 2.76 1.49 40.36 36.75 43.73 46.41
5.50 12.51 2.59 1.40 40.73 37.16 44.00 46.68
5.92 13.43 2.82 1.53 40.41 36.85 43.64 46.27
5.59 12.83 2.59 1.34 40.66 37.05 44.00 46.88
5.83 13.24 2.71 1.52 40.48 36.91 43.79 46.32
5.02 11.54 2.34 1.18 41.12 37.51 44.44 47.44
5.29 12.02 2.43 1.42 40.90 37.33 44.27 46.62
5.07 11.51 2.34 1.37 41.08 37.52 44.45 46.77
5.35 12.18 2.41 1.46 40.85 37.27 44.32 46.50
5.52 12.37 2.57 1.62 40.71 37.20 44.03 46.04
4.92 10.88 2.43 1.46 41.21 37.77 44.28 46.51
5.26 11.54 2.55 1.68 40.92 37.51 44.06 45.88
4.04 8.14 2.38 1.60 42.07 39.03 44.37 46.10
4.27 8.64 2.42 1.74 41.83 38.77 44.29 45.72
4.05 8.10 2.39 1.65 42.07 39.05 44.35 45.95
4.14 8.30 2.42 1.70 41.96 38.94 44.30 45.83
4.12 8.19 2.45 1.71 41.99 39.00 44.23 45.79
4.28 8.52 2.49 1.83 41.82 38.83 44.18 45.50
3.87 7.69 2.30 1.62 42.26 39.27 44.52 46.05
3.84 7.60 2.23 1.69 42.29 39.32 44.65 45.86
3.95 7.96 2.25 1.65 42.17 39.13 44.62 45.97
3.91 7.97 2.23 1.52 42.22 39.12 44.65 46.31
3.17 6.53 1.85 1.13 43.13 39.99 45.48 47.61
3.06 6.43 1.74 1.01 43.27 40.05 45.73 48.08
3.01 6.29 1.78 0.98 43.35 40.15 45.64 48.25
3.39 7.16 1.90 1.11 42.83 39.58 45.33 47.69
3.01 6.29 1.77 0.96 43.35 40.14 45.66 48.32
3.36 6.97 2.04 1.08 42.86 39.70 45.03 47.79
3.49 7.16 2.19 1.11 42.71 39.59 44.73 47.68
3.84 7.82 2.36 1.34 42.29 39.20 44.41 46.87
3.68 7.54 2.24 1.26 42.47 39.36 44.62 47.12
3.55 7.16 2.24 1.26 42.63 39.59 44.64 47.14
3.99 8.07 2.44 1.46 42.13 39.07 44.26 46.50
3.58 7.36 2.22 1.17 42.59 39.46 44.67 47.45
3.78 7.81 2.20 1.31 42.36 39.20 44.70 46.95
3.49 7.22 2.14 1.11 42.71 39.55 44.82 47.69
3.44 7.07 2.14 1.10 42.77 39.63 44.82 47.73
3.55 7.30 2.15 1.20 42.63 39.50 44.80 47.33
3.29 6.88 1.91 1.08 42.97 39.76 45.32 47.79
2.94 6.35 1.69 0.78 43.45 40.11 45.86 49.19
3.37 7.22 1.98 0.89 42.87 39.55 45.16 48.62
3.23 6.82 1.96 0.91 43.04 39.80 45.22 48.55
3.29 6.89 1.89 1.07 42.97 39.75 45.36 47.83
3.77 7.88 2.22 1.21 42.37 39.17 44.67 47.29
3.48 7.26 2.08 1.11 42.71 39.52 44.94 47.66
3.59 7.58 2.01 1.18 42.58 39.33 45.09 47.41
2.95 6.07 1.75 1.01 43.44 40.30 45.69 48.08
2.89 5.96 1.72 0.99 43.53 40.38 45.78 48.19
2.98 6.22 1.68 1.05 43.38 40.19 45.89 47.90
2.77 5.69 1.60 1.02 43.70 40.58 46.08 48.05
2.56 5.20 1.52 0.97 44.05 40.97 46.33 48.28
2.94 5.98 1.68 1.16 43.45 40.37 45.87 47.49
3.08 6.30 1.77 1.16 43.26 40.15 45.65 47.50
3.05 6.25 1.78 1.12 43.30 40.19 45.65 47.65
3.18 6.57 1.84 1.13 43.11 39.96 45.49 47.61
3.61 7.45 2.15 1.23 42.57 39.42 44.82 47.24
3.49 7.28 2.01 1.16 42.71 39.51 45.10 47.51
3.25 6.85 1.88 1.01 43.01 39.77 45.39 48.08
3.00 6.30 1.81 0.89 43.36 40.13 45.56 48.62
2.95 6.20 1.80 0.85 43.43 40.20 45.59 48.85
2.90 6.11 1.78 0.81 43.50 40.27 45.62 49.06
3.20 6.76 1.90 0.94 43.08 39.84 45.35 48.40
3.25 6.87 1.96 0.93 43.01 39.77 45.21 48.44
3.36 7.10 1.99 0.97 42.88 39.62 45.14 48.26
3.80 7.93 2.19 1.27 42.34 39.14 44.73 47.11
3.57 7.41 2.13 1.17 42.61 39.44 44.85 47.47
3.67 7.48 2.25 1.29 42.49 39.40 44.62 47.03
3.54 7.15 2.17 1.31 42.65 39.60 44.79 46.98
3.69 7.46 2.19 1.43 42.46 39.41 44.74 46.57
3.45 6.98 2.07 1.29 42.77 39.71 44.97 47.04
3.59 7.29 2.11 1.38 42.58 39.51 44.89 46.76
3.66 7.47 2.24 1.27 42.51 39.41 44.64 47.12
3.93 8.12 2.26 1.41 42.19 39.04 44.60 46.65
3.48 7.21 2.03 1.20 42.72 39.56 45.05 47.36
3.34 6.92 1.95 1.15 42.91 39.74 45.24 47.53
3.08 6.39 1.81 1.05 43.26 40.09 45.57 47.95
3.03 6.36 1.67 1.06 43.32 40.10 45.91 47.88
2.66 5.60 1.48 0.91 43.89 40.66 46.43 48.57
2.57 5.30 1.46 0.94 44.05 40.90 46.49 48.40
2.40 4.94 1.42 0.85 44.34 41.21 46.62 48.87
2.39 4.97 1.37 0.85 44.35 41.18 46.77 48.87
2.16 4.52 1.27 0.71 44.79 41.60 47.09 49.67
2.31 4.83 1.32 0.78 44.50 41.30 46.92 49.20
2.35 4.90 1.39 0.77 44.43 41.24 46.70 49.30
2.59 5.39 1.48 0.91 44.00 40.83 46.44 48.54
2.52 5.13 1.54 0.89 44.12 41.04 46.26 48.64
2.48 4.98 1.52 0.94 44.19 41.16 46.31 48.42
2.55 5.13 1.52 1.01 44.07 41.03 46.33 48.11
2.68 5.17 1.61 1.26 43.85 41.00 46.06 47.12
2.70 4.89 1.68 1.55 43.81 41.25 45.88 46.23
3.08 5.50 1.86 1.87 43.25 40.73 45.43 45.40
3.13 5.42 1.91 2.05 43.18 40.79 45.31 45.02
3.44 5.91 2.27 2.15 42.76 40.42 44.56 44.81
3.88 6.76 2.52 2.37 42.24 39.84 44.12 44.39
3.77 6.52 2.49 2.29 42.37 39.99 44.18 44.53
3.73 6.42 2.36 2.40 42.42 40.06 44.41 44.32
3.50 6.09 2.18 2.22 42.70 40.29 44.75 44.67
3.75 6.63 2.33 2.28 42.40 39.92 44.45 44.55
3.53 6.31 2.13 2.13 42.66 40.13 44.84 44.84
3.27 5.96 1.90 1.94 42.99 40.39 45.33 45.25
3.07 5.68 1.81 1.72 43.26 40.59 45.55 45.78
3.06 5.61 1.82 1.75 43.28 40.64 45.54 45.71
3.25 6.05 1.96 1.76 43.01 40.31 45.22 45.68
3.03 5.54 1.87 1.69 43.31 40.70 45.42 45.85
3.35 5.73 2.31 2.00 42.89 40.55 44.49 45.12
3.67 6.38 2.42 2.22 42.48 40.09 44.30 44.68
3.91 6.81 2.59 2.30 42.21 39.80 43.99 44.50
4.36 7.64 2.86 2.56 41.74 39.30 43.56 44.05
4.32 7.46 2.88 2.63 41.78 39.40 43.55 43.93
3.73 6.25 2.55 2.38 42.42 40.18 44.08 44.37
3.78 6.36 2.52 2.44 42.36 40.10 44.11 44.27
3.89 6.51 2.68 2.49 42.23 40.00 43.85 44.16
3.63 6.07 2.45 2.36 42.54 40.30 44.24 44.40
4.06 6.73 2.73 2.71 42.05 39.85 43.77 43.82
3.79 6.28 2.63 2.47 42.34 40.15 43.93 44.21
3.54 5.87 2.25 2.50 42.64 40.45 44.61 44.16
3.56 5.93 2.31 2.45 42.61 40.40 44.50 44.24
3.39 5.69 2.13 2.34 42.83 40.58 44.84 44.44
3.38 5.75 2.03 2.37 42.84 40.53 45.06 44.39
3.21 5.41 1.96 2.27 43.06 40.80 45.20 44.58
3.09 5.34 1.93 2.03 43.22 40.86 45.28 45.07
3.30 5.79 2.04 2.07 42.95 40.50 45.03 44.97
2.94 5.14 1.96 1.73 43.44 41.02 45.21 45.75
2.89 5.10 1.96 1.63 43.52 41.06 45.20 46.02
2.73 4.97 1.88 1.36 43.77 41.18 45.40 46.79
2.69 5.10 1.77 1.21 43.83 41.06 45.65 47.32
2.20 4.31 1.34 0.95 44.72 41.80 46.87 48.38
2.37 4.65 1.44 1.01 44.39 41.46 46.56 48.10
2.17 4.21 1.38 0.91 44.78 41.89 46.74 48.57
2.21 4.19 1.45 0.99 44.69 41.91 46.53 48.19
2.16 4.14 1.42 0.93 44.78 41.96 46.63 48.45
2.36 4.55 1.48 1.04 44.41 41.55 46.44 47.98
2.14 4.09 1.38 0.94 44.84 42.02 46.75 48.43
2.16 4.13 1.41 0.94 44.78 41.97 46.63 48.42
2.10 4.02 1.40 0.88 44.91 42.10 46.68 48.67
2.22 4.23 1.40 1.03 44.67 41.87 46.66 48.01
2.00 3.82 1.25 0.95 45.11 42.32 47.18 48.36
1.93 3.62 1.19 0.99 45.27 42.55 47.37 48.18
1.93 3.56 1.25 0.99 45.27 42.61 47.18 48.17
2.31 4.37 1.45 1.12 44.49 41.73 46.51 47.66
2.54 4.74 1.63 1.24 44.09 41.37 46.03 47.20
2.96 5.62 1.84 1.43 43.41 40.63 45.48 46.59
3.95 7.51 2.44 1.89 42.17 39.37 44.27 45.38
4.32 8.12 2.73 2.10 41.78 39.03 43.76 44.90
4.59 8.84 2.80 2.14 41.51 38.67 43.66 44.84
5.64 11.08 3.24 2.60 40.62 37.68 43.02 43.98
5.41 10.70 3.19 2.35 40.80 37.84 43.09 44.43
5.91 11.86 3.40 2.47 40.42 37.39 42.82 44.21
5.65 11.33 3.30 2.32 40.61 37.59 42.95 44.47
6.50 13.06 3.74 2.71 40.00 36.97 42.40 43.81
5.94 12.01 3.49 2.33 40.39 37.34 42.71 44.45
6.25 12.66 3.58 2.50 40.17 37.11 42.59 44.15
5.60 11.31 3.28 2.22 40.65 37.60 42.98 44.67
5.67 11.36 3.20 2.44 40.60 37.58 43.08 44.26
4.80 9.50 2.85 2.07 41.31 38.35 43.59 44.98
4.96 9.76 2.90 2.21 41.17 38.24 43.50 44.68
4.08 7.81 2.45 1.97 42.03 39.20 44.24 45.19
4.92 9.29 3.08 2.38 41.21 38.45 43.25 44.36
4.84 9.24 2.88 2.38 41.29 38.47 43.53 44.36
4.92 9.71 2.74 2.32 41.21 38.26 43.76 44.47
5.31 10.47 3.13 2.32 40.88 37.93 43.17 44.48
5.02 10.11 2.81 2.13 41.12 38.08 43.64 44.84
4.56 9.04 2.57 2.09 41.54 38.57 44.03 44.94
5.01 9.99 2.82 2.21 41.14 38.14 43.64 44.67
5.10 10.00 2.84 2.45 41.06 38.13 43.60 44.24
5.24 10.42 2.75 2.54 40.94 37.95 43.74 44.08
5.09 9.74 2.80 2.75 41.06 38.24 43.66 43.75
5.63 10.84 3.30 2.75 40.62 37.78 42.94 43.73
5.07 9.63 2.89 2.69 41.08 38.30 43.53 43.83
5.78 11.28 3.14 2.90 40.51 37.60 43.16 43.51
5.28 10.09 3.13 2.61 40.91 38.09 43.18 43.97
5.03 9.65 2.94 2.51 41.11 38.29 43.44 44.13
5.21 10.06 2.93 2.65 40.96 38.11 43.47 43.90
4.42 8.42 2.57 2.25 41.68 38.88 44.03 44.60
4.22 8.06 2.57 2.04 41.87 39.07 44.02 45.04
3.67 7.07 2.22 1.71 42.49 39.64 44.66 45.79
3.62 6.92 2.25 1.70 42.54 39.73 44.61 45.83
2.97 5.65 1.90 1.38 43.40 40.61 45.35 46.75
2.63 4.96 1.70 1.22 43.94 41.18 45.83 47.26
2.34 4.44 1.51 1.08 44.43 41.66 46.34 47.80
2.40 4.54 1.46 1.20 44.33 41.57 46.49 47.33
2.08 3.95 1.27 1.01 44.96 42.16 47.11 48.08
2.00 3.74 1.28 0.97 45.13 42.40 47.05 48.26
2.16 4.06 1.33 1.10 44.79 42.05 46.88 47.74
2.11 4.03 1.35 0.94 44.90 42.08 46.84 48.39
2.17 4.14 1.35 1.01 44.77 41.96 46.83 48.08
2.07 3.97 1.33 0.92 44.97 42.14 46.90 48.51
2.47 4.75 1.52 1.14 44.21 41.36 46.32 47.56
2.57 5.00 1.61 1.08 44.04 41.14 46.07 47.78
2.86 5.54 1.72 1.31 43.57 40.70 45.76 46.94
2.90 5.56 1.90 1.26 43.50 40.68 45.35 47.13
3.06 5.80 1.97 1.41 43.27 40.50 45.19 46.63
3.12 5.97 2.02 1.37 43.19 40.37 45.08 46.77
3.29 6.35 2.06 1.45 42.96 40.10 44.99 46.53
3.55 6.99 2.17 1.48 42.63 39.69 44.76 46.42
3.52 6.92 2.18 1.46 42.67 39.73 44.75 46.49
3.42 6.71 2.17 1.38 42.79 39.87 44.77 46.73
3.46 6.88 2.16 1.35 42.73 39.75 44.78 46.82
3.65 7.27 2.23 1.44 42.51 39.52 44.65 46.55
3.68 7.23 2.39 1.42 42.47 39.54 44.34 46.61
3.94 7.76 2.47 1.60 42.17 39.23 44.20 46.08
3.90 7.57 2.47 1.66 42.22 39.34 44.21 45.93
3.95 7.77 2.49 1.59 42.17 39.23 44.17 46.11
4.06 7.99 2.56 1.64 42.05 39.11 44.05 45.99
3.75 7.43 2.38 1.45 42.39 39.42 44.37 46.53
3.86 7.60 2.48 1.50 42.26 39.32 44.19 46.37
3.61 7.17 2.30 1.35 42.56 39.58 44.52 46.81
3.61 7.27 2.23 1.35 42.55 39.52 44.65 46.84
3.58 7.15 2.25 1.35 42.59 39.59 44.62 46.84
3.39 6.74 2.19 1.25 42.82 39.84 44.73 47.17
3.83 7.67 2.32 1.49 42.30 39.28 44.47 46.39
3.43 6.91 2.09 1.27 42.78 39.73 44.92 47.10
3.41 6.90 2.03 1.32 42.80 39.75 45.06 46.93
3.28 6.79 1.88 1.16 42.97 39.81 45.38 47.48
3.00 6.13 1.81 1.06 43.36 40.26 45.56 47.89
3.07 6.29 1.91 1.01 43.26 40.14 45.32 48.08
3.10 6.31 1.90 1.08 43.22 40.13 45.35 47.80
3.13 6.44 1.92 1.02 43.18 40.04 45.29 48.05
3.05 6.18 1.84 1.12 43.30 40.23 45.48 47.64
3.37 6.81 1.99 1.30 42.86 39.80 45.14 46.99
3.68 7.41 2.21 1.41 42.47 39.43 44.69 46.63
3.58 7.26 2.10 1.37 42.60 39.52 44.91 46.76
3.23 6.63 1.94 1.12 43.04 39.92 45.25 47.65
3.52 7.42 2.03 1.09 42.67 39.43 45.05 47.76
3.30 6.96 1.90 1.03 42.95 39.71 45.35 48.00
3.08 6.57 1.81 0.84 43.26 39.96 45.56 48.88
3.08 6.55 1.82 0.88 43.24 39.97 45.52 48.68
3.14 6.63 1.80 1.00 43.16 39.92 45.59 48.12
3.24 6.58 1.95 1.21 43.02 39.95 45.24 47.30
3.27 6.53 1.99 1.29 42.99 39.98 45.15 47.04
3.10 6.23 1.88 1.20 43.22 40.19 45.41 47.35
3.23 6.64 1.88 1.17 43.04 39.91 45.39 47.44
3.04 6.06 1.88 1.18 43.30 40.31 45.38 47.44
2.91 5.82 1.85 1.05 43.50 40.49 45.46 47.92
3.05 6.11 1.90 1.15 43.29 40.27 45.35 47.55
2.74 5.48 1.70 1.03 43.75 40.74 45.82 47.98
2.86 5.73 1.75 1.10 43.57 40.56 45.72 47.71
2.66 5.26 1.66 1.07 43.88 40.92 45.93 47.85
2.65 5.10 1.71 1.14 43.90 41.05 45.81 47.56
2.87 5.54 1.80 1.28 43.55 40.70 45.58 47.07
2.74 5.25 1.75 1.21 43.75 40.93 45.69 47.29
2.59 4.89 1.68 1.19 44.00 41.24 45.87 47.37
2.56 4.82 1.68 1.18 44.05 41.30 45.89 47.40
2.89 5.41 1.83 1.44 43.52 40.80 45.51 46.56
2.72 5.09 1.71 1.35 43.79 41.06 45.81 46.82
2.74 5.12 1.76 1.34 43.76 41.04 45.69 46.87
2.65 5.02 1.71 1.21 43.90 41.13 45.80 47.30
3.09 5.91 1.95 1.42 43.23 40.41 45.24 46.61
2.86 5.39 1.86 1.34 43.56 40.82 45.43 46.86
2.89 5.42 1.87 1.39 43.52 40.80 45.41 46.72
2.87 5.33 1.84 1.45 43.55 40.87 45.49 46.52
3.40 6.38 2.12 1.70 42.82 40.09 44.87 45.82
3.15 5.92 2.02 1.51 43.15 40.41 45.07 46.35
3.01 5.71 1.91 1.41 43.35 40.57 45.33 46.63
3.49 6.60 2.14 1.71 42.71 39.94 44.82 45.80
3.12 5.94 1.98 1.45 43.19 40.40 45.17 46.52
3.55 6.93 2.12 1.60 42.63 39.73 44.86 46.10
3.23 6.39 1.93 1.38 43.04 40.08 45.28 46.74
3.39 6.75 2.07 1.36 42.83 39.84 44.97 46.81
3.89 7.88 2.25 1.55 42.23 39.17 44.62 46.24
3.69 7.47 2.16 1.45 42.46 39.40 44.79 46.51
3.42 6.98 2.04 1.25 42.79 39.70 45.03 47.17
3.63 7.32 2.13 1.44 42.54 39.49 44.85 46.56
3.70 7.49 2.24 1.38 42.46 39.40 44.65 46.73
4.03 8.10 2.42 1.57 42.08 39.05 44.29 46.19
3.84 7.75 2.32 1.44 42.29 39.24 44.48 46.54
3.79 7.61 2.27 1.48 42.35 39.32 44.57 46.42
4.04 8.06 2.41 1.64 42.07 39.07 44.32 45.98
3.69 7.32 2.27 1.47 42.46 39.49 44.57 46.45
3.51 7.01 2.07 1.46 42.67 39.67 44.97 46.49
3.23 6.44 1.95 1.30 43.04 40.04 45.24 47.00
3.52 6.91 2.17 1.49 42.67 39.74 44.77 46.41
3.27 6.47 2.02 1.32 42.99 40.03 45.08 46.92
3.15 6.28 1.86 1.31 43.15 40.16 45.44 46.96
2.97 6.01 1.74 1.17 43.40 40.34 45.73 47.47
3.55 7.25 2.04 1.38 42.62 39.53 45.04 46.73
3.02 6.16 1.75 1.13 43.34 40.24 45.70 47.58
3.09 6.26 1.80 1.21 43.23 40.16 45.58 47.32
2.87 5.83 1.64 1.15 43.55 40.47 45.98 47.53
3.25 6.54 1.86 1.34 43.02 39.98 45.43 46.87
2.96 5.86 1.79 1.24 43.42 40.46 45.61 47.20
3.25 6.63 1.84 1.26 43.02 39.92 45.47 47.13
