0.00 0.00 0.00 0.00 0.00 0.00 0.00 0.00
0.00 0.00 0.00 0.00 0.00 0.00 0.00 0.00
0.00 0.00 0.00 0.00 0.00 0.00 0.00 0.00
0.00 0.00 0.00 0.00 0.00 0.00 0.00 0.00
0.00 0.00 0.00 0.00 0.00 0.00 0.00 0.00
0.00 0.00 0.00 0.00 0.00 0.00 0.00 0.00
0.00 0.00 0.00 0.00 0.00 0.00 0.00 0.00
0.00 0.00 0.00 0.00 0.00 0.00 0.00 0.00
0.00 0.00 0.00 0.00 0.00 0.00 0.00 0.00
0.00 0.00 0.00 0.00 0.00 0.00 0.00 0.00
0.00 0.00 0.00 0.00 0.00 0.00 0.00 0.00
0.00 0.00 0.00 0.00 0.00 0.00 0.00 0.00
0.00 0.00 0.00 0.00 0.00 0.00 0.00 0.00
0.00 0.01 0.00 0.00 0.00 0.00 0.00 0.00
0.00 0.00 0.00 0.00 0.00 0.00 0.00 0.00
0.00 0.00 0.00 0.00 0.00 0.00 0.00 0.00
0.00 0.00 0.00 0.00 0.00 0.00 0.00 0.00
0.00 0.00 0.00 0.00 0.00 0.00 0.00 0.00
0.00 0.00 0.00 0.00 0.00 0.00 0.00 0.00
0.00 0.00 0.00 0.00 0.00 0.00 0.00 0.00
0.00 0.00 0.00 0.00 0.00 0.00 0.00 0.00
0.00 0.00 0.00 0.00 0.00 0.00 0.00 0.00
0.00 0.00 0.00 0.00 0.00 0.00 0.00 0.00
0.00 0.00 0.00 0.00 0.00 0.00 0.01 0.00
0.00 0.00 0.00 0.00 0.00 0.00 0.00 0.00
0.00 0.00 0.00 0.00 0.00 0.00 0.00 0.00
0.00 0.00 0.00 0.00 0.00 0.00 0.00 0.00
0.00 0.00 0.00 0.00 0.00 0.00 0.00 0.00
0.00 0.00 0.00 0.00 0.00 0.00 0.00 0.01
0.00 0.01 0.00 0.00 0.00 0.00 0.00 0.00
0.04 0.30 0.00 0.00 0.03 0.06 0.01 0.00
0.05 0.34 0.00 0.00 0.04 0.06 0.01 0.01
0.06 0.37 0.01 0.00 0.05 0.08 0.02 0.01
0.07 0.44 0.01 0.00 0.06 0.09 0.03 0.01
0.03 0.20 0.00 0.00 0.03 0.04 0.01 0.00
0.07 0.41 0.01 0.00 0.05 0.07 0.02 0.02
0.05 0.30 0.01 0.00 0.05 0.07 0.02 0.02
0.03 0.23 0.00 0.00 0.04 0.06 0.01 0.01
0.01 0.09 0.00 0.00 0.01 0.02 0.00 0.00
0.03 0.17 0.00 0.00 0.03 0.04 0.01 0.01
0.03 0.17 0.00 0.00 0.04 0.06 0.02 0.01
0.03 0.20 0.00 0.00 0.05 0.07 0.01 0.03
0.02 0.13 0.00 0.00 0.03 0.04 0.01 0.02
0.01 0.08 0.00 0.00 0.02 0.02 0.00 0.02
0.02 0.14 0.00 0.00 0.04 0.05 0.01 0.00
0.02 0.17 0.00 0.00 0.03 0.05 0.01 0.00
0.01 0.08 0.00 0.00 0.02 0.02 0.01 0.00
0.03 0.14 0.00 0.00 0.03 0.03 0.01 0.02
0.01 0.07 0.00 0.00 0.01 0.02 0.01 0.01
0.01 0.09 0.00 0.00 0.02 0.03 0.01 0.01
0.02 0.15 0.00 0.00 0.02 0.03 0.00 0.00
0.03 0.19 0.00 0.00 0.04 0.05 0.01 0.02
0.04 0.25 0.01 0.00 0.04 0.06 0.02 0.02
0.02 0.13 0.00 0.00 0.03 0.04 0.01 0.02
0.01 0.05 0.00 0.00 0.01 0.02 0.01 0.01
0.01 0.12 0.00 0.00 0.02 0.03 0.00 0.01
0.01 0.09 0.00 0.00 0.02 0.03 0.01 0.01
0.02 0.11 0.00 0.00 0.03 0.04 0.01 0.01
0.01 0.10 0.00 0.00 0.02 0.03 0.01 0.02
0.02 0.12 0.00 0.00 0.02 0.03 0.01 0.01
0.01 0.03 0.00 0.00 0.01 0.01 0.01 0.01
0.01 0.06 0.00 0.00 0.01 0.02 0.00 0.03
0.02 0.09 0.00 0.00 0.02 0.03 0.02 0.03
0.01 0.05 0.00 0.00 0.01 0.01 0.01 0.02
0.01 0.05 0.00 0.00 0.02 0.02 0.01 0.02
0.02 0.09 0.01 0.00 0.04 0.04 0.07 0.04
0.01 0.03 0.00 0.00 0.01 0.01 0.01 0.01
0.01 0.05 0.00 0.00 0.03 0.03 0.03 0.05
0.01 0.03 0.00 0.00 0.02 0.02 0.04 0.02
0.01 0.02 0.00 0.00 0.01 0.01 0.01 0.04
0.00 0.01 0.00 0.00 0.00 0.01 0.00 0.00
0.00 0.00 0.00 0.00 0.00 0.00 0.01 0.00
0.01 0.03 0.00 0.00 0.01 0.01 0.01 0.01
0.00 0.02 0.00 0.00 0.01 0.00 0.01 0.01
0.01 0.03 0.00 0.00 0.01 0.01 0.01 0.02
0.01 0.03 0.01 0.00 0.01 0.01 0.03 0.03
0.00 0.01 0.00 0.00 0.00 0.01 0.01 0.01
0.00 0.01 0.00 0.00 0.00 0.00 0.01 0.01
0.00 0.00 0.00 0.00 0.00 0.00 0.00 0.01
0.00 0.01 0.00 0.00 0.00 0.00 0.00 0.01
0.00 0.01 0.00 0.00 0.00 0.00 0.01 0.02
0.01 0.02 0.01 0.00 0.01 0.01 0.03 0.03
0.00 0.01 0.00 0.00 0.00 0.00 0.01 0.00
0.00 0.00 0.00 0.00 0.00 0.00 0.01 0.00
0.00 0.01 0.00 0.00 0.00 0.00 0.00 0.00
0.01 0.01 0.01 0.00 0.01 0.00 0.03 0.01
0.00 0.00 0.00 0.00 0.00 0.00 0.01 0.01
0.00 0.02 0.00 0.00 0.00 0.01 0.00 0.00
0.00 0.01 0.00 0.00 0.00 0.00 0.00 0.01
0.01 0.02 0.01 0.00 0.01 0.01 0.03 0.02
0.00 0.00 0.00 0.00 0.00 0.00 0.02 0.01
0.01 0.03 0.00 0.00 0.01 0.01 0.01 0.03
0.00 0.01 0.00 0.00 0.00 0.00 0.01 0.02
0.01 0.05 0.01 0.00 0.02 0.02 0.04 0.05
0.00 0.01 0.00 0.00 0.00 0.00 0.01 0.03
0.00 0.01 0.00 0.00 0.01 0.00 0.03 0.04
0.00 0.00 0.00 0.00 0.00 0.00 0.02 0.02
0.01 0.02 0.01 0.00 0.02 0.02 0.05 0.06
0.00 0.00 0.00 0.00 0.01 0.00 0.02 0.03
0.00 0.02 0.00 0.00 0.02 0.02 0.02 0.07
0.00 0.01 0.00 0.00 0.01 0.00 0.02 0.01
0.01 0.03 0.01 0.00 0.03 0.02 0.05 0.03
0.00 0.00 0.00 0.00 0.00 0.00 0.01 0.01
0.00 0.00 0.00 0.00 0.00 0.00 0.01 0.00
0.00 0.01 0.00 0.00 0.01 0.00 0.01 0.01
0.00 0.01 0.00 0.00 0.01 0.00 0.02 0.01
0.00 0.01 0.00 0.00 0.01 0.01 0.02 0.02
0.00 0.01 0.00 0.00 0.01 0.01 0.01 0.02
0.01 0.03 0.00 0.01 0.02 0.02 0.02 0.04
0.01 0.03 0.00 0.01 0.02 0.02 0.02 0.05
0.02 0.04 0.01 0.01 0.03 0.02 0.04 0.04
0.02 0.04 0.00 0.02 0.02 0.01 0.01 0.04
0.01 0.03 0.00 0.01 0.01 0.01 0.01 0.03
0.01 0.02 0.00 0.00 0.01 0.01 0.01 0.00
0.01 0.02 0.00 0.01 0.01 0.01 0.01 0.02
0.00 0.01 0.00 0.01 0.01 0.00 0.00 0.02
0.01 0.04 0.00 0.01 0.02 0.02 0.02 0.03
0.01 0.03 0.00 0.01 0.02 0.01 0.01 0.03
0.02 0.07 0.00 0.02 0.04 0.03 0.02 0.11
0.04 0.13 0.01 0.02 0.07 0.06 0.07 0.11
0.00 0.01 0.00 0.00 0.01 0.00 0.01 0.03
0.00 0.00 0.00 0.00 0.00 0.00 0.01 0.01
0.00 0.00 0.00 0.00 0.00 0.00 0.00 0.00
0.00 0.00 0.00 0.00 0.00 0.00 0.00 0.00
0.00 0.00 0.00 0.00 0.00 0.00 0.00 0.00
0.00 0.00 0.00 0.00 0.00 0.00 0.00 0.00
0.00 0.00 0.00 0.00 0.00 0.00 0.00 0.00
0.00 0.00 0.00 0.00 0.00 0.00 0.00 0.00
0.00 0.00 0.00 0.00 0.00 0.00 0.00 0.00
0.00 0.00 0.00 0.00 0.00 0.00 0.00 0.00
0.00 0.00 0.00 0.00 0.00 0.00 0.00 0.00
0.00 0.00 0.00 0.00 0.00 0.00 0.00 0.00
0.00 0.00 0.00 0.00 0.00 0.00 0.00 0.00
0.00 0.00 0.00 0.00 0.00 0.00 0.00 0.00
0.00 0.00 0.00 0.00 0.00 0.00 0.01 0.00
0.00 0.00 0.00 0.00 0.00 0.00 0.00 0.00
0.00 0.00 0.00 0.00 0.00 0.00 0.00 0.00
0.00 0.00 0.00 0.00 0.00 0.00 0.00 0.00
0.00 0.00 0.00 0.00 0.00 0.00 0.00 0.00
0.00 0.00 0.00 0.00 0.00 0.00 0.00 0.00
0.00 0.00 0.00 0.00 0.00 0.00 0.00 0.00
0.00 0.00 0.00 0.00 0.00 0.00 0.00 0.00
0.00 0.00 0.00 0.00 0.00 0.00 0.00 0.00
0.00 0.00 0.00 0.00 0.00 0.00 0.00 0.00
0.00 0.00 0.00 0.00 0.00 0.00 0.00 0.01
0.00 0.00 0.00 0.00 0.00 0.00 0.01 0.00
0.00 0.00 0.00 0.00 0.00 0.00 0.00 0.01
0.00 0.00 0.00 0.00 0.00 0.00 0.00 0.01
0.00 0.00 0.00 0.00 0.00 0.00 0.01 0.00
0.00 0.00 0.00 0.00 0.00 0.00 0.00 0.01
0.00 0.00 0.00 0.00 0.00 0.00 0.00 0.00
0.00 0.00 0.00 0.00 0.00 0.00 0.01 0.01
0.00 0.00 0.00 0.00 0.00 0.00 0.00 0.00
0.00 0.00 0.00 0.00 0.00 0.00 0.00 0.00
0.00 0.00 0.00 0.00 0.00 0.00 0.00 0.00
0.00 0.00 0.00 0.00 0.00 0.00 0.01 0.00
0.00 0.00 0.00 0.00 0.00 0.00 0.00 0.01
0.00 0.00 0.00 0.00 0.00 0.00 0.00 0.00
0.00 0.03 0.00 0.00 0.01 0.02 0.00 0.00
0.00 0.02 0.00 0.00 0.00 0.01 0.00 0.00
0.07 0.41 0.02 0.00 0.07 0.10 0.05 0.01
0.20 1.09 0.05 0.01 0.16 0.22 0.10 0.03
0.05 0.32 0.01 0.00 0.03 0.05 0.01 0.01
0.19 0.99 0.03 0.02 0.08 0.11 0.04 0.04
0.38 2.15 0.06 0.02 0.17 0.24 0.08 0.05
0.18 1.00 0.02 0.02 0.07 0.10 0.02 0.05
0.17 0.95 0.03 0.01 0.08 0.11 0.04 0.04
0.41 2.68 0.03 0.01 0.13 0.20 0.03 0.03
0.52 3.06 0.06 0.03 0.19 0.26 0.07 0.08
0.38 2.32 0.03 0.02 0.13 0.18 0.04 0.05
0.43 2.59 0.04 0.02 0.18 0.26 0.06 0.06
0.42 2.89 0.03 0.01 0.18 0.29 0.04 0.02
0.42 2.65 0.03 0.02 0.25 0.38 0.06 0.06
0.22 1.16 0.03 0.02 0.13 0.17 0.06 0.06
0.18 0.89 0.02 0.03 0.15 0.20 0.06 0.13
0.37 2.05 0.04 0.04 0.21 0.29 0.06 0.11
0.53 3.04 0.05 0.05 0.29 0.41 0.09 0.13
0.96 5.29 0.14 0.07 0.46 0.61 0.25 0.18
0.88 4.29 0.16 0.12 0.38 0.45 0.22 0.30
0.90 5.20 0.07 0.09 0.42 0.57 0.13 0.25
0.01 0.02 0.00 0.00 0.00 0.00 0.00 0.01
0.00 0.01 0.00 0.01 0.00 0.00 0.00 0.01
0.01 0.04 0.00 0.00 0.00 0.00 0.00 0.01
0.02 0.07 0.01 0.01 0.01 0.01 0.02 0.01
0.01 0.01 0.00 0.01 0.00 0.00 0.01 0.01
0.00 0.01 0.00 0.00 0.00 0.00 0.00 0.01
0.01 0.02 0.01 0.01 0.00 0.00 0.01 0.01
0.00 0.00 0.00 0.00 0.00 0.00 0.00 0.00
0.00 0.00 0.00 0.00 0.00 0.00 0.00 0.00
0.00 0.00 0.00 0.00 0.00 0.00 0.00 0.00
0.00 0.00 0.00 0.00 0.00 0.00 0.00 0.00
0.00 0.00 0.00 0.00 0.00 0.00 0.00 0.00
0.00 0.00 0.00 0.00 0.00 0.00 0.00 0.01
0.01 0.03 0.00 0.01 0.01 0.01 0.01 0.02
0.00 0.00 0.00 0.01 0.00 0.00 0.01 0.03
0.00 0.01 0.00 0.00 0.01 0.00 0.01 0.04
0.00 0.00 0.00 0.00 0.00 0.00 0.01 0.01
0.01 0.02 0.00 0.00 0.02 0.01 0.03 0.05
0.00 0.00 0.00 0.00 0.00 0.00 0.01 0.02
0.00 0.00 0.00 0.00 0.00 0.00 0.01 0.01
0.00 0.01 0.00 0.00 0.01 0.02 0.03 0.02
0.00 0.01 0.00 0.00 0.01 0.01 0.01 0.02
0.01 0.03 0.01 0.00 0.04 0.03 0.08 0.05
0.00 0.00 0.00 0.00 0.00 0.00 0.01 0.02
0.01 0.02 0.00 0.00 0.02 0.02 0.05 0.02
0.00 0.01 0.00 0.00 0.01 0.00 0.01 0.03
0.01 0.04 0.01 0.00 0.03 0.02 0.04 0.04
0.00 0.01 0.00 0.00 0.00 0.00 0.01 0.00
0.00 0.00 0.00 0.00 0.00 0.00 0.00 0.00
0.00 0.00 0.00 0.00 0.00 0.00 0.00 0.00
0.00 0.00 0.00 0.00 0.00 0.00 0.00 0.00
0.00 0.00 0.00 0.00 0.00 0.00 0.00 0.01
0.00 0.01 0.00 0.00 0.00 0.00 0.00 0.03
0.00 0.01 0.00 0.00 0.01 0.00 0.01 0.02
0.00 0.01 0.00 0.00 0.00 0.00 0.00 0.01
0.00 0.00 0.00 0.00 0.00 0.00 0.00 0.01
0.00 0.00 0.00 0.00 0.00 0.00 0.00 0.01
0.00 0.00 0.00 0.00 0.00 0.00 0.00 0.01
0.00 0.00 0.00 0.00 0.00 0.00 0.00 0.01
0.00 0.01 0.00 0.00 0.00 0.00 0.00 0.01
0.00 0.00 0.00 0.00 0.00 0.00 0.00 0.01
0.00 0.00 0.00 0.00 0.00 0.00 0.00 0.01
0.00 0.00 0.00 0.00 0.00 0.00 0.00 0.01
0.00 0.00 0.00 0.00 0.00 0.00 0.00 0.01
0.00 0.00 0.00 0.00 0.00 0.00 0.00 0.01
0.00 0.00 0.00 0.00 0.00 0.00 0.00 0.01
0.00 0.00 0.00 0.00 0.00 0.00 0.00 0.01
0.00 0.00 0.00 0.00 0.00 0.00 0.00 0.00
0.00 0.00 0.00 0.00 0.00 0.00 0.00 0.00
0.00 0.00 0.00 0.00 0.00 0.00 0.00 0.00
0.00 0.00 0.00 0.00 0.00 0.00 0.00 0.00
0.00 0.00 0.00 0.00 0.00 0.00 0.00 0.01
0.00 0.00 0.00 0.00 0.00 0.00 0.00 0.01
0.00 0.02 0.00 0.00 0.01 0.01 0.02 0.01
0.00 0.00 0.00 0.00 0.00 0.00 0.00 0.00
0.00 0.00 0.00 0.00 0.00 0.00 0.00 0.00
0.00 0.00 0.00 0.00 0.00 0.00 0.01 0.00
0.00 0.00 0.00 0.00 0.00 0.00 0.00 0.01
0.00 0.00 0.00 0.00 0.00 0.00 0.00 0.00
0.00 0.00 0.00 0.00 0.00 0.00 0.00 0.00
0.00 0.01 0.00 0.00 0.00 0.00 0.00 0.01
0.00 0.01 0.00 0.00 0.00 0.00 0.00 0.01
0.00 0.01 0.00 0.00 0.00 0.01 0.00 0.00
0.00 0.02 0.00 0.00 0.01 0.01 0.01 0.01
0.00 0.02 0.00 0.00 0.01 0.01 0.01 0.01
0.01 0.03 0.00 0.00 0.01 0.01 0.01 0.02
0.00 0.01 0.00 0.00 0.00 0.00 0.01 0.01
0.00 0.02 0.00 0.00 0.01 0.01 0.00 0.01
0.01 0.03 0.00 0.00 0.01 0.01 0.00 0.01
0.00 0.02 0.00 0.00 0.01 0.01 0.01 0.01
0.01 0.05 0.00 0.00 0.02 0.02 0.01 0.02
0.00 0.01 0.00 0.00 0.01 0.01 0.00 0.00
0.01 0.04 0.00 0.00 0.02 0.02 0.01 0.01
0.01 0.04 0.00 0.00 0.02 0.02 0.01 0.02
0.01 0.04 0.00 0.00 0.01 0.02 0.00 0.01
0.00 0.02 0.00 0.00 0.01 0.01 0.00 0.01
0.01 0.03 0.00 0.00 0.02 0.02 0.00 0.03
0.01 0.06 0.00 0.00 0.03 0.04 0.01 0.02
0.01 0.03 0.00 0.00 0.02 0.02 0.01 0.03
0.00 0.01 0.00 0.00 0.01 0.01 0.01 0.02
0.01 0.02 0.00 0.00 0.02 0.02 0.01 0.04
0.01 0.04 0.00 0.00 0.02 0.02 0.01 0.02
0.01 0.06 0.00 0.00 0.03 0.04 0.02 0.02
0.01 0.04 0.00 0.00 0.02 0.03 0.01 0.01
0.01 0.03 0.00 0.00 0.02 0.02 0.01 0.01
0.01 0.05 0.01 0.00 0.02 0.03 0.03 0.00
0.01 0.07 0.00 0.00 0.03 0.05 0.02 0.01
0.02 0.10 0.00 0.00 0.04 0.06 0.02 0.01
0.02 0.11 0.00 0.00 0.05 0.07 0.02 0.01
0.03 0.17 0.00 0.00 0.05 0.07 0.02 0.02
0.00 0.01 0.00 0.00 0.01 0.01 0.01 0.01
0.01 0.04 0.00 0.00 0.02 0.02 0.02 0.04
0.01 0.03 0.01 0.00 0.02 0.01 0.03 0.03
0.05 0.16 0.03 0.01 0.08 0.08 0.13 0.06
0.02 0.06 0.01 0.00 0.03 0.02 0.04 0.02
0.00 0.01 0.00 0.00 0.01 0.00 0.01 0.01
0.00 0.01 0.00 0.00 0.01 0.00 0.01 0.02
0.00 0.00 0.00 0.00 0.00 0.00 0.00 0.01
0.00 0.01 0.00 0.00 0.00 0.00 0.00 0.00
0.01 0.03 0.01 0.00 0.02 0.01 0.03 0.02
0.01 0.02 0.00 0.00 0.01 0.01 0.02 0.00
0.05 0.17 0.03 0.01 0.06 0.05 0.11 0.06
0.00 0.01 0.01 0.00 0.00 0.00 0.02 0.01
0.00 0.01 0.00 0.00 0.00 0.00 0.01 0.00
0.00 0.00 0.00 0.00 0.00 0.00 0.00 0.01
0.00 0.01 0.00 0.00 0.00 0.00 0.00 0.00
0.00 0.00 0.00 0.00 0.00 0.00 0.00 0.01
0.00 0.00 0.00 0.00 0.00 0.00 0.00 0.00
0.00 0.00 0.00 0.00 0.00 0.00 0.01 0.00
0.00 0.00 0.00 0.00 0.00 0.00 0.00 0.00
0.00 0.00 0.00 0.00 0.00 0.00 0.00 0.01
0.00 0.00 0.00 0.00 0.00 0.00 0.01 0.00
0.01 0.03 0.00 0.00 0.01 0.01 0.02 0.02
0.00 0.01 0.00 0.00 0.01 0.00 0.01 0.01
0.03 0.14 0.02 0.00 0.06 0.06 0.08 0.05
0.01 0.03 0.00 0.00 0.01 0.01 0.01 0.00
0.01 0.03 0.01 0.00 0.02 0.02 0.04 0.02
0.01 0.04 0.01 0.00 0.02 0.02 0.03 0.03
0.03 0.14 0.01 0.00 0.06 0.06 0.06 0.03
0.01 0.05 0.01 0.00 0.02 0.02 0.03 0.01
