5.99 12.66 3.14 2.17 40.36 37.11 43.17 44.77
6.34 13.68 3.03 2.31 40.11 36.77 43.32 44.50
6.43 14.04 3.05 2.19 40.05 36.66 43.29 44.72
6.44 14.14 3.04 2.15 40.04 36.63 43.30 44.80
6.49 14.09 3.18 2.19 40.01 36.64 43.10 44.73
6.86 15.00 3.21 2.37 39.77 36.37 43.07 44.39
7.01 15.25 3.38 2.40 39.67 36.30 42.85 44.33
7.51 16.47 3.56 2.51 39.37 35.96 42.62 44.14
6.43 13.99 3.14 2.15 40.05 36.67 43.16 44.81
7.17 15.57 3.35 2.60 39.57 36.21 42.88 43.98
7.25 15.82 3.30 2.64 39.53 36.14 42.95 43.91
6.88 15.36 3.03 2.25 39.75 36.27 43.32 44.60
6.74 14.97 3.04 2.20 39.85 36.38 43.30 44.70
7.87 17.56 3.68 2.38 39.17 35.69 42.47 44.37
7.58 17.24 3.18 2.32 39.33 35.77 43.10 44.48
8.00 18.16 3.44 2.39 39.10 35.54 42.77 44.35
7.34 16.60 3.27 2.16 39.47 35.93 42.99 44.79
7.27 16.67 3.19 1.96 39.51 35.91 43.10 45.22
6.43 14.74 2.82 1.72 40.05 36.45 43.63 45.77
6.42 14.79 2.75 1.73 40.05 36.43 43.73 45.76
6.33 14.34 2.86 1.78 40.12 36.57 43.57 45.62
6.02 13.56 2.62 1.86 40.34 36.81 43.94 45.43
6.20 13.77 2.88 1.94 40.20 36.74 43.53 45.25
5.85 12.88 2.84 1.83 40.46 37.03 43.61 45.49
5.00 11.00 2.41 1.58 41.14 37.71 44.31 46.14
4.73 10.51 2.26 1.45 41.38 37.91 44.59 46.53
4.21 9.36 1.95 1.34 41.88 38.42 45.24 46.87
4.04 9.06 1.88 1.17 42.07 38.56 45.39 47.42
3.83 8.49 1.88 1.13 42.29 38.84 45.39 47.59
3.96 8.62 2.03 1.25 42.15 38.77 45.06 47.17
2.66 5.11 1.73 1.13 43.88 41.05 45.75 47.60
2.52 4.78 1.59 1.20 44.11 41.34 46.12 47.33
2.94 5.60 1.81 1.42 43.44 40.65 45.55 46.60
2.88 5.45 1.84 1.36 43.53 40.76 45.49 46.81
2.57 4.82 1.66 1.23 44.04 41.30 45.93 47.24
2.34 4.38 1.50 1.15 44.44 41.72 46.38 47.53
2.49 4.70 1.61 1.16 44.18 41.42 46.07 47.51
2.36 4.42 1.55 1.11 44.40 41.68 46.22 47.68
2.33 4.39 1.51 1.09 44.46 41.70 46.35 47.77
2.58 4.84 1.65 1.24 44.02 41.28 45.97 47.18
2.92 5.55 1.83 1.40 43.47 40.69 45.52 46.68
2.83 5.41 1.77 1.32 43.61 40.80 45.65 46.93
2.73 5.38 1.66 1.14 43.78 40.82 45.93 47.57
2.49 5.02 1.53 0.92 44.17 41.12 46.28 48.50
2.43 4.92 1.50 0.87 44.27 41.21 46.38 48.72
2.32 4.75 1.45 0.77 44.47 41.36 46.53 49.28
2.22 4.56 1.39 0.71 44.67 41.54 46.70 49.66
2.16 4.48 1.34 0.65 44.80 41.63 46.85 50.01
2.09 4.34 1.28 0.63 44.94 41.75 47.05 50.16
1.82 3.86 1.11 0.50 45.53 42.26 47.68 51.19
1.69 3.59 1.08 0.39 45.86 42.58 47.82 52.19
1.78 3.76 1.12 0.45 45.63 42.38 47.62 51.61
2.01 4.27 1.24 0.50 45.11 41.82 47.19 51.15
2.00 4.29 1.23 0.47 45.13 41.81 47.22 51.46
2.06 4.43 1.23 0.52 44.99 41.67 47.23 50.96
1.90 4.12 1.12 0.45 45.34 41.98 47.62 51.56
1.90 4.12 1.08 0.48 45.36 41.98 47.80 51.29
1.72 3.72 0.99 0.45 45.78 42.43 48.20 51.59
1.50 3.19 0.87 0.44 46.36 43.09 48.72 51.66
1.56 3.25 0.96 0.48 46.20 43.02 48.32 51.34
1.68 3.55 1.06 0.44 45.87 42.63 47.88 51.65
1.63 3.39 1.07 0.43 46.01 42.83 47.85 51.76
1.44 2.96 0.95 0.41 46.55 43.42 48.36 52.00
1.36 2.92 0.87 0.30 46.79 43.48 48.72 53.37
1.29 2.71 0.85 0.30 47.04 43.81 48.83 53.33
1.38 2.94 0.87 0.32 46.74 43.44 48.72 53.13
1.57 3.31 0.99 0.43 46.16 42.94 48.19 51.84
1.57 3.28 1.01 0.43 46.16 42.97 48.08 51.77
1.53 3.17 1.00 0.43 46.28 43.13 48.15 51.80
1.51 3.18 0.98 0.36 46.35 43.10 48.22 52.59
1.46 3.06 0.96 0.34 46.50 43.27 48.29 52.79
1.40 2.95 0.92 0.32 46.68 43.43 48.51 53.06
1.47 3.02 0.97 0.43 46.45 43.34 48.25 51.83
1.40 2.87 0.93 0.41 46.67 43.55 48.46 52.05
1.54 3.19 0.99 0.43 46.27 43.10 48.19 51.78
1.83 3.69 1.27 0.54 45.50 42.47 47.11 50.78
2.13 4.13 1.49 0.77 44.85 41.97 46.40 49.28
2.38 4.36 1.70 1.07 44.37 41.74 45.82 47.85
2.52 4.53 1.69 1.34 44.12 41.57 45.86 46.87
2.84 4.99 1.87 1.64 43.60 41.15 45.40 45.98
3.05 5.28 2.10 1.76 43.29 40.91 44.90 45.68
2.94 5.06 1.97 1.78 43.45 41.09 45.19 45.61
2.81 4.72 1.98 1.73 43.64 41.39 45.17 45.75
2.55 4.19 1.73 1.73 44.07 41.91 45.75 45.75
2.72 4.39 1.94 1.84 43.78 41.70 45.25 45.50
2.50 3.97 1.78 1.75 44.16 42.15 45.63 45.71
2.55 4.06 1.79 1.80 44.06 42.04 45.60 45.58
2.32 3.67 1.70 1.59 44.48 42.49 45.83 46.13
2.11 3.35 1.48 1.48 44.89 42.88 46.42 46.42
2.04 3.24 1.42 1.46 45.04 43.02 46.62 46.50
2.25 3.74 1.44 1.57 44.61 42.41 46.54 46.17
2.37 3.86 1.62 1.63 44.39 42.26 46.05 46.00
2.28 3.61 1.59 1.65 44.54 42.55 46.12 45.95
2.11 3.36 1.46 1.52 44.89 42.87 46.50 46.32
1.84 2.91 1.21 1.39 45.49 43.49 47.31 46.70
1.81 2.85 1.19 1.40 45.55 43.59 47.39 46.66
1.91 3.05 1.25 1.43 45.32 43.29 47.15 46.58
2.15 3.45 1.57 1.44 44.80 42.76 46.17 46.54
2.33 3.94 1.60 1.43 44.47 42.17 46.08 46.57
2.53 4.33 1.74 1.50 44.11 41.77 45.72 46.36
2.80 4.74 1.96 1.71 43.66 41.37 45.22 45.81
3.06 5.16 2.08 1.93 43.28 41.00 44.95 45.28
3.31 5.73 2.21 2.00 42.93 40.55 44.68 45.12
3.30 5.65 2.26 1.98 42.95 40.61 44.60 45.16
3.15 5.55 2.15 1.75 43.15 40.69 44.81 45.70
3.54 6.35 2.46 1.82 42.64 40.10 44.23 45.53
3.47 6.19 2.40 1.83 42.72 40.21 44.32 45.50
3.38 6.02 2.39 1.73 42.84 40.33 44.34 45.75
2.89 5.20 2.00 1.48 43.52 40.97 45.12 46.43
2.56 4.74 1.75 1.18 44.05 41.37 45.69 47.43
2.39 4.34 1.65 1.17 44.35 41.75 45.96 47.46
2.40 4.42 1.57 1.19 44.33 41.67 46.16 47.36
2.07 3.76 1.44 1.01 44.97 42.38 46.54 48.08
2.11 3.80 1.44 1.09 44.88 42.33 46.53 47.76
2.20 4.07 1.48 1.06 44.70 42.04 46.43 47.89
2.44 4.44 1.61 1.26 44.26 41.66 46.05 47.12
2.37 4.41 1.52 1.19 44.38 41.69 46.33 47.38
2.51 4.64 1.60 1.30 44.13 41.47 46.08 46.98
2.65 4.96 1.60 1.39 43.90 41.17 46.09 46.71
2.59 4.76 1.63 1.40 43.99 41.36 46.02 46.66
2.45 4.48 1.53 1.36 44.23 41.62 46.28 46.81
2.56 4.62 1.58 1.48 44.04 41.48 46.14 46.43
2.74 5.08 1.55 1.57 43.76 41.07 46.23 46.17
2.92 5.49 1.68 1.60 43.48 40.74 45.88 46.10
2.78 5.18 1.59 1.57 43.69 40.98 46.12 46.17
2.86 5.27 1.66 1.66 43.56 40.91 45.92 45.92
2.86 5.37 1.67 1.53 43.58 40.83 45.92 46.29
2.64 4.99 1.58 1.35 43.92 41.15 46.16 46.83
2.35 4.60 1.37 1.07 44.42 41.50 46.76 47.84
2.28 4.62 1.29 0.93 44.55 41.49 47.02 48.42
2.21 4.56 1.23 0.83 44.69 41.54 47.23 48.94
2.34 4.94 1.29 0.79 44.44 41.20 47.02 49.17
2.57 5.43 1.41 0.87 44.04 40.78 46.65 48.75
2.94 6.14 1.57 1.11 43.44 40.25 46.17 47.67
3.07 6.37 1.62 1.20 43.27 40.09 46.02 47.32
3.22 6.72 1.71 1.24 43.05 39.86 45.80 47.21
3.40 7.15 1.83 1.21 42.82 39.59 45.51 47.29
3.53 7.42 1.94 1.23 42.65 39.42 45.26 47.21
3.53 7.52 1.92 1.15 42.66 39.37 45.30 47.52
3.82 8.28 2.05 1.14 42.31 38.95 45.03 47.56
3.82 8.30 2.06 1.10 42.31 38.94 44.99 47.72
3.67 8.00 1.94 1.05 42.49 39.10 45.25 47.91
3.63 7.96 1.87 1.06 42.53 39.12 45.42 47.88
3.21 7.03 1.59 1.02 43.06 39.66 46.13 48.05
3.02 6.61 1.55 0.89 43.34 39.93 46.24 48.65
2.55 5.69 1.28 0.69 44.06 40.58 47.07 49.74
2.26 5.06 1.16 0.55 44.59 41.09 47.48 50.71
2.14 4.82 1.11 0.49 44.83 41.30 47.68 51.21
2.14 4.78 1.16 0.47 44.83 41.33 47.50 51.38
2.18 4.89 1.17 0.47 44.75 41.23 47.46 51.41
2.25 5.04 1.25 0.47 44.60 41.11 47.15 51.38
2.32 5.20 1.26 0.48 44.48 40.97 47.11 51.31
2.08 4.60 1.17 0.46 44.95 41.50 47.44 51.54
1.89 4.22 1.09 0.37 45.35 41.87 47.76 52.41
1.92 4.31 1.07 0.37 45.30 41.78 47.82 52.39
2.04 4.63 1.12 0.37 45.03 41.47 47.64 52.44
2.03 4.50 1.15 0.44 45.06 41.60 47.53 51.72
2.01 4.43 1.13 0.47 45.10 41.67 47.62 51.41
1.99 4.44 1.10 0.44 45.13 41.66 47.70 51.67
1.92 4.25 1.06 0.45 45.30 41.84 47.88 51.66
1.83 4.10 1.01 0.40 45.49 42.00 48.08 52.15
1.70 3.79 0.97 0.36 45.81 42.35 48.27 52.56
1.82 4.00 1.09 0.37 45.53 42.11 47.76 52.41
1.90 4.19 1.16 0.36 45.33 41.90 47.49 52.55
2.23 4.86 1.37 0.47 44.65 41.27 46.76 51.45
2.37 5.15 1.44 0.52 44.38 41.01 46.55 50.99
2.34 5.14 1.38 0.48 44.45 41.02 46.74 51.29
2.22 4.93 1.26 0.47 44.67 41.21 47.14 51.42
2.22 5.01 1.20 0.44 44.68 41.13 47.35 51.73
2.16 4.87 1.19 0.41 44.80 41.25 47.39 52.02
2.05 4.54 1.16 0.45 45.02 41.56 47.50 51.63
2.06 4.47 1.21 0.50 44.99 41.63 47.30 51.12
2.15 4.59 1.28 0.58 44.81 41.51 47.07 50.49
2.12 4.47 1.30 0.59 44.87 41.62 47.02 50.40
2.00 4.18 1.25 0.56 45.12 41.91 47.17 50.63
1.96 4.14 1.21 0.52 45.22 41.97 47.30 50.94
1.80 3.79 1.15 0.47 45.57 42.34 47.53 51.43
1.77 3.74 1.10 0.47 45.66 42.41 47.72 51.43
1.82 3.78 1.13 0.56 45.52 42.35 47.59 50.63
1.94 3.94 1.19 0.68 45.26 42.17 47.39 49.82
1.86 3.74 1.15 0.70 45.43 42.40 47.53 49.69
2.02 3.99 1.28 0.80 45.07 42.12 47.06 49.10
2.11 4.12 1.33 0.89 44.88 41.98 46.88 48.65
2.33 4.53 1.48 0.97 44.46 41.57 46.43 48.24
2.37 4.50 1.55 1.05 44.39 41.60 46.23 47.90
2.59 4.81 1.70 1.25 44.00 41.31 45.83 47.15
2.71 4.97 1.78 1.40 43.79 41.17 45.62 46.68
2.61 4.76 1.72 1.35 43.96 41.35 45.78 46.81
2.82 5.15 1.83 1.49 43.62 41.01 45.50 46.41
2.76 5.02 1.84 1.44 43.71 41.13 45.48 46.56
2.50 4.56 1.65 1.31 44.14 41.54 45.96 46.96
2.42 4.49 1.54 1.21 44.31 41.61 46.26 47.30
2.38 4.44 1.54 1.16 44.37 41.65 46.27 47.49
2.31 4.31 1.56 1.07 44.49 41.79 46.21 47.83
2.34 4.35 1.58 1.10 44.43 41.74 46.14 47.71
2.53 4.65 1.77 1.16 44.11 41.46 45.65 47.51
2.52 4.57 1.72 1.26 44.12 41.53 45.78 47.13
2.50 4.44 1.70 1.35 44.16 41.65 45.82 46.84
2.32 4.09 1.59 1.27 44.48 42.02 46.12 47.10
2.31 4.14 1.59 1.20 44.49 41.96 46.11 47.35
2.34 4.25 1.56 1.19 44.45 41.85 46.19 47.36
2.38 4.24 1.61 1.29 44.37 41.86 46.07 47.01
2.40 4.21 1.64 1.36 44.32 41.89 45.97 46.78
2.34 4.04 1.60 1.38 44.44 42.06 46.10 46.74
2.45 4.13 1.67 1.55 44.24 41.97 45.90 46.23
2.35 3.94 1.66 1.46 44.41 42.18 45.93 46.49
2.07 3.44 1.40 1.38 44.96 42.77 46.66 46.72
1.83 2.92 1.25 1.31 45.51 43.47 47.15 46.97
2.11 3.28 1.64 1.39 44.89 42.97 45.98 46.69
2.42 3.82 1.94 1.50 44.29 42.31 45.26 46.36
2.42 3.85 1.87 1.55 44.29 42.27 45.41 46.24
2.57 4.12 2.01 1.60 44.02 41.98 45.11 46.10
2.62 4.20 1.98 1.67 43.95 41.90 45.17 45.89
2.50 4.04 1.81 1.66 44.14 42.06 45.56 45.92
2.79 4.59 2.09 1.68 43.67 41.51 44.93 45.87
2.78 4.50 2.08 1.75 43.70 41.60 44.95 45.71
2.87 4.66 2.18 1.76 43.56 41.45 44.74 45.68
3.21 5.34 2.36 1.91 43.07 40.85 44.39 45.31
3.27 5.33 2.53 1.95 42.99 40.87 44.11 45.24
3.16 5.08 2.46 1.94 43.13 41.07 44.22 45.25
2.97 4.87 2.22 1.82 43.40 41.26 44.66 45.53
3.28 5.44 2.50 1.89 42.97 40.77 44.15 45.37
3.03 4.92 2.32 1.84 43.32 41.21 44.47 45.48
3.69 6.28 2.71 2.09 42.46 40.15 43.79 44.92
3.66 6.00 2.73 2.25 42.50 40.35 43.77 44.62
4.25 7.13 3.18 2.45 41.84 39.60 43.11 44.25
4.05 6.95 2.83 2.37 42.06 39.72 43.62 44.38
4.21 7.07 3.08 2.48 41.89 39.64 43.25 44.18
4.73 8.21 3.32 2.67 41.38 38.99 42.92 43.87
5.26 9.40 3.55 2.82 40.92 38.40 42.62 43.63
5.20 9.11 3.52 2.98 40.97 38.54 42.66 43.40
5.11 8.89 3.40 3.04 41.04 38.64 42.81 43.30
4.91 8.43 3.30 2.99 41.22 38.87 42.95 43.37
4.55 7.97 2.86 2.82 41.55 39.12 43.57 43.63
4.30 7.67 2.69 2.54 41.80 39.28 43.83 44.08
4.31 7.78 2.71 2.43 41.79 39.22 43.80 44.27
3.85 6.81 2.54 2.19 42.28 39.80 44.08 44.72
3.39 6.21 2.14 1.82 42.83 40.20 44.83 45.52
3.22 5.97 2.06 1.62 43.06 40.37 45.00 46.03
2.89 5.36 1.88 1.44 43.52 40.83 45.40 46.54
2.84 5.45 1.82 1.24 43.60 40.77 45.53 47.20
3.02 5.86 1.91 1.29 43.33 40.45 45.33 47.04
2.78 5.36 1.80 1.17 43.69 40.84 45.58 47.44
2.58 5.12 1.66 0.96 44.01 41.04 45.92 48.31
2.46 4.90 1.58 0.90 44.23 41.23 46.15 48.60
2.54 5.13 1.59 0.91 44.08 41.03 46.13 48.54
2.49 4.92 1.56 0.98 44.18 41.21 46.20 48.22
2.51 5.02 1.54 0.97 44.13 41.12 46.26 48.27
2.46 4.90 1.56 0.91 44.22 41.24 46.19 48.52
2.48 5.04 1.52 0.88 44.19 41.11 46.32 48.68
2.49 5.07 1.56 0.84 44.16 41.08 46.20 48.87
2.49 5.03 1.58 0.85 44.18 41.12 46.13 48.84
2.65 5.30 1.66 0.99 43.90 40.89 45.94 48.17
2.81 5.56 1.80 1.06 43.65 40.68 45.58 47.89
2.75 5.54 1.71 1.01 43.73 40.69 45.80 48.11
2.69 5.49 1.59 0.98 43.84 40.73 46.10 48.21
2.55 5.18 1.49 0.97 44.07 40.99 46.39 48.26
2.57 5.12 1.55 1.03 44.04 41.04 46.23 48.00
2.60 5.11 1.58 1.10 43.99 41.05 46.15 47.71
2.56 4.98 1.57 1.12 44.05 41.16 46.17 47.62
2.50 4.86 1.54 1.09 44.16 41.27 46.25 47.74
2.34 4.52 1.45 1.04 44.44 41.58 46.51 47.94
2.18 4.21 1.37 0.98 44.74 41.89 46.78 48.23
2.13 4.11 1.33 0.95 44.85 41.99 46.91 48.35
2.39 4.69 1.47 1.01 44.35 41.42 46.46 48.09
2.36 4.59 1.50 1.00 44.40 41.52 46.39 48.15
2.61 5.13 1.57 1.14 43.96 41.03 46.18 47.56
2.68 5.25 1.62 1.17 43.84 40.93 46.04 47.43
2.99 5.89 1.77 1.29 43.38 40.43 45.65 47.00
2.87 5.52 1.75 1.33 43.55 40.71 45.71 46.88
2.62 5.14 1.56 1.15 43.96 41.02 46.21 47.52
2.65 5.27 1.61 1.07 43.90 40.91 46.06 47.84
2.51 5.05 1.52 0.94 44.14 41.09 46.31 48.39
2.21 4.49 1.34 0.78 44.70 41.61 46.88 49.21
2.02 4.08 1.33 0.65 45.08 42.02 46.90 50.04
1.99 4.14 1.23 0.62 45.13 41.96 47.24 50.22
1.96 4.05 1.17 0.66 45.21 42.06 47.44 49.96
2.03 4.24 1.20 0.65 45.06 41.86 47.33 50.00
2.03 4.21 1.22 0.69 45.04 41.89 47.25 49.80
2.23 4.61 1.28 0.81 44.63 41.50 47.05 49.00
2.14 4.36 1.24 0.81 44.83 41.74 47.20 49.02
2.25 4.62 1.29 0.85 44.60 41.49 47.04 48.84
2.36 4.80 1.38 0.91 44.40 41.32 46.74 48.57
2.87 5.85 1.72 1.06 43.54 40.46 45.76 47.88
3.13 6.37 1.85 1.19 43.16 40.09 45.46 47.35
3.36 6.74 2.07 1.29 42.86 39.84 44.98 47.04
3.28 6.70 1.89 1.24 42.97 39.87 45.37 47.18
3.36 6.88 1.96 1.24 42.87 39.75 45.21 47.21
3.82 7.87 2.23 1.35 42.31 39.17 44.64 46.82
3.87 7.99 2.27 1.34 42.26 39.11 44.57 46.86
3.69 7.52 2.18 1.36 42.46 39.37 44.75 46.79
3.96 8.31 2.29 1.26 42.16 38.93 44.52 47.13
3.68 7.69 2.09 1.26 42.47 39.27 44.93 47.12
3.43 7.10 2.01 1.20 42.77 39.62 45.11 47.33
3.46 6.89 2.02 1.46 42.75 39.75 45.08 46.49
3.23 6.35 1.89 1.44 43.04 40.10 45.35 46.56
2.92 5.59 1.83 1.33 43.48 40.65 45.49 46.89
2.87 5.32 1.85 1.46 43.55 40.88 45.48 46.48
2.54 4.66 1.62 1.35 44.08 41.45 46.04 46.82
2.58 4.61 1.63 1.48 44.02 41.49 46.01 46.41
