5.99 12.66 3.14 2.17 40.36 37.11 43.17 44.77
6.34 13.68 3.03 2.31 40.11 36.77 43.32 44.50
6.43 14.04 3.05 2.19 40.05 36.66 43.29 44.72
6.44 14.14 3.04 2.15 40.04 36.63 43.30 44.80
6.49 14.09 3.18 2.19 40.01 36.64 43.10 44.73
6.86 15.00 3.21 2.37 39.77 36.37 43.07 44.39
7.01 15.25 3.38 2.40 39.67 36.30 42.85 44.33
7.51 16.47 3.56 2.51 39.37 35.96 42.62 44.14
6.43 13.99 3.14 2.15 40.05 36.67 43.16 44.81
7.17 15.57 3.35 2.60 39.57 36.21 42.88 43.98
7.25 15.82 3.30 2.64 39.53 36.14 42.95 43.91
6.88 15.36 3.03 2.25 39.75 36.27 43.32 44.60
6.74 14.97 3.04 2.20 39.85 36.38 43.30 44.70
7.87 17.56 3.68 2.38 39.17 35.69 42.47 44.37
7.58 17.24 3.18 2.32 39.33 35.77 43.10 44.48
8.00 18.16 3.44 2.39 39.10 35.54 42.77 44.35
7.34 16.60 3.27 2.16 39.47 35.93 42.99 44.79
7.27 16.67 3.19 1.96 39.51 35.91 43.10 45.22
6.43 14.74 2.82 1.72 40.05 36.45 43.63 45.77
6.42 14.79 2.75 1.73 40.05 36.43 43.73 45.76
6.33 14.34 2.86 1.78 40.12 36.57 43.57 45.62
6.02 13.57 2.62 1.86 40.34 36.81 43.94 45.43
6.20 13.77 2.89 1.94 40.20 36.74 43.52 45.25
5.85 12.88 2.84 1.83 40.46 37.03 43.60 45.50
4.99 10.98 2.41 1.58 41.15 37.72 44.31 46.15
4.73 10.50 2.27 1.44 41.38 37.92 44.58 46.55
4.21 9.33 1.95 1.34 41.89 38.43 45.24 46.87
4.02 9.03 1.87 1.17 42.08 38.57 45.40 47.43
3.82 8.45 1.88 1.13 42.31 38.86 45.39 47.59
3.97 8.62 2.04 1.24 42.15 38.77 45.04 47.19
2.68 5.14 1.75 1.14 43.85 41.02 45.70 47.58
2.53 4.78 1.60 1.22 44.10 41.34 46.09 47.27
2.95 5.63 1.81 1.42 43.42 40.62 45.55 46.62
2.89 5.47 1.83 1.36 43.53 40.75 45.51 46.79
2.57 4.85 1.66 1.22 44.03 41.28 45.94 47.26
2.34 4.41 1.50 1.12 44.44 41.68 46.38 47.66
2.48 4.70 1.59 1.15 44.19 41.41 46.12 47.53
2.33 4.39 1.52 1.09 44.45 41.71 46.31 47.76
2.34 4.41 1.50 1.11 44.44 41.68 46.36 47.70
2.58 4.85 1.64 1.24 44.02 41.27 45.97 47.20
2.93 5.57 1.82 1.41 43.46 40.68 45.53 46.62
2.85 5.44 1.77 1.32 43.59 40.77 45.63 46.93
2.72 5.38 1.65 1.14 43.79 40.82 45.96 47.58
2.50 5.02 1.54 0.94 44.16 41.13 46.25 48.42
2.45 4.96 1.51 0.88 44.24 41.17 46.36 48.70
2.34 4.78 1.45 0.79 44.44 41.34 46.52 49.16
2.24 4.61 1.40 0.71 44.62 41.49 46.65 49.63
2.19 4.54 1.36 0.66 44.73 41.56 46.79 49.91
2.10 4.37 1.30 0.64 44.90 41.73 46.98 50.07
1.85 3.90 1.14 0.51 45.46 42.22 47.58 51.05
1.69 3.60 1.08 0.40 45.85 42.57 47.82 52.08
1.80 3.80 1.13 0.47 45.58 42.33 47.60 51.42
2.09 4.46 1.28 0.52 44.94 41.64 47.07 50.98
2.10 4.49 1.30 0.50 44.92 41.61 46.99 51.19
2.13 4.60 1.27 0.54 44.84 41.51 47.09 50.80
1.98 4.30 1.16 0.47 45.17 41.80 47.49 51.35
1.96 4.28 1.11 0.49 45.20 41.81 47.68 51.22
1.80 3.90 1.02 0.47 45.59 42.23 48.05 51.39
1.56 3.32 0.90 0.45 46.20 42.92 48.60 51.55
1.62 3.38 0.98 0.49 46.04 42.84 48.20 51.27
1.73 3.65 1.08 0.46 45.75 42.51 47.78 51.51
1.69 3.53 1.11 0.45 45.84 42.66 47.67 51.62
1.48 3.05 0.98 0.41 46.42 43.29 48.21 51.94
1.42 3.05 0.91 0.31 46.60 43.29 48.56 53.16
1.34 2.83 0.88 0.32 46.85 43.62 48.67 53.13
1.43 3.07 0.90 0.33 46.58 43.27 48.59 52.96
1.62 3.43 1.01 0.44 46.03 42.78 48.10 51.70
1.61 3.36 1.04 0.44 46.06 42.87 47.97 51.73
1.48 3.05 0.97 0.42 46.43 43.29 48.26 51.92
1.45 3.05 0.94 0.35 46.53 43.29 48.38 52.73
1.43 3.01 0.95 0.33 46.58 43.34 48.37 52.90
1.39 2.94 0.92 0.32 46.69 43.45 48.47 53.06
1.54 3.17 1.02 0.45 46.24 43.13 48.05 51.62
1.48 3.05 0.97 0.42 46.43 43.29 48.26 51.94
1.56 3.24 1.02 0.43 46.19 43.02 48.07 51.73
1.89 3.80 1.30 0.56 45.37 42.33 47.01 50.63
2.17 4.21 1.52 0.78 44.76 41.89 46.31 49.20
2.41 4.47 1.71 1.07 44.30 41.63 45.81 47.85
2.57 4.67 1.70 1.33 44.04 41.44 45.82 46.88
2.88 5.12 1.89 1.65 43.53 41.04 45.36 45.97
3.10 5.43 2.11 1.76 43.21 40.78 44.88 45.67
3.00 5.23 1.99 1.79 43.36 40.95 45.14 45.61
2.89 4.92 2.02 1.73 43.52 41.22 45.08 45.75
2.66 4.45 1.78 1.75 43.88 41.65 45.63 45.70
2.82 4.63 1.97 1.85 43.63 41.48 45.19 45.46
2.58 4.19 1.82 1.74 44.01 41.91 45.54 45.71
2.64 4.29 1.84 1.79 43.92 41.81 45.49 45.61
2.39 3.84 1.74 1.60 44.34 42.28 45.73 46.08
2.18 3.51 1.52 1.51 44.74 42.67 46.31 46.34
2.12 3.42 1.47 1.47 44.87 42.79 46.47 46.46
2.29 3.81 1.49 1.57 44.54 42.33 46.41 46.17
2.42 3.95 1.66 1.64 44.30 42.17 45.93 45.98
2.34 3.72 1.64 1.66 44.44 42.43 46.00 45.92
2.18 3.51 1.49 1.53 44.76 42.68 46.42 46.29
1.88 2.98 1.24 1.40 45.40 43.39 47.19 46.67
1.85 2.94 1.20 1.41 45.46 43.44 47.34 46.64
1.94 3.10 1.27 1.44 45.26 43.22 47.10 46.55
2.22 3.61 1.58 1.46 44.67 42.55 46.13 46.50
2.39 4.10 1.62 1.46 44.34 42.01 46.04 46.48
2.59 4.47 1.76 1.51 44.01 41.63 45.66 46.33
2.84 4.82 1.96 1.72 43.60 41.30 45.20 45.77
3.08 5.23 2.09 1.92 43.25 40.95 44.94 45.30
3.21 5.58 2.14 1.89 43.08 40.67 44.83 45.37
3.26 5.65 2.20 1.93 43.00 40.61 44.72 45.29
3.10 5.52 2.11 1.67 43.22 40.72 44.89 45.90
3.42 6.15 2.36 1.74 42.80 40.25 44.40 45.74
3.40 6.09 2.35 1.78 42.82 40.29 44.44 45.64
3.32 5.96 2.31 1.70 42.92 40.38 44.50 45.83
2.91 5.28 1.97 1.47 43.50 40.91 45.19 46.46
2.58 4.84 1.74 1.16 44.01 41.28 45.72 47.47
2.40 4.42 1.63 1.16 44.32 41.67 46.00 47.49
2.41 4.47 1.56 1.19 44.32 41.63 46.19 47.40
2.08 3.78 1.45 1.01 44.95 42.35 46.52 48.09
2.13 3.86 1.45 1.08 44.85 42.27 46.50 47.80
2.22 4.11 1.50 1.04 44.68 41.99 46.39 47.95
2.47 4.52 1.63 1.26 44.21 41.58 46.01 47.13
2.40 4.49 1.53 1.19 44.33 41.62 46.29 47.39
2.55 4.74 1.60 1.30 44.07 41.37 46.09 46.98
2.68 5.05 1.60 1.38 43.85 41.09 46.08 46.73
2.65 4.89 1.64 1.42 43.90 41.24 45.99 46.63
2.50 4.60 1.53 1.35 44.16 41.50 46.27 46.82
2.62 4.79 1.59 1.50 43.94 41.33 46.12 46.38
2.67 4.97 1.53 1.51 43.87 41.17 46.30 46.33
2.98 5.62 1.70 1.63 43.38 40.63 45.82 46.02
2.92 5.43 1.69 1.64 43.47 40.78 45.84 45.98
2.93 5.40 1.70 1.69 43.46 40.81 45.82 45.87
2.92 5.48 1.73 1.55 43.48 40.74 45.75 46.24
2.69 5.10 1.60 1.36 43.84 41.06 46.08 46.78
2.41 4.76 1.37 1.10 44.31 41.36 46.77 47.70
2.33 4.76 1.29 0.94 44.46 41.36 47.04 48.40
2.26 4.67 1.22 0.87 44.60 41.44 47.25 48.72
2.34 4.94 1.28 0.80 44.44 41.20 47.06 49.12
2.59 5.50 1.40 0.88 43.99 40.72 46.66 48.70
3.01 6.32 1.59 1.14 43.34 40.13 46.12 47.58
3.14 6.54 1.64 1.23 43.16 39.97 45.97 47.23
3.30 6.92 1.72 1.27 42.94 39.73 45.78 47.09
3.47 7.33 1.84 1.25 42.72 39.48 45.48 47.17
3.51 7.37 1.92 1.25 42.68 39.46 45.31 47.17
3.49 7.47 1.85 1.15 42.70 39.40 45.46 47.52
3.83 8.35 2.00 1.15 42.30 38.91 45.12 47.54
3.83 8.35 2.04 1.11 42.30 38.91 45.03 47.69
3.70 8.10 1.94 1.06 42.45 39.04 45.26 47.86
3.67 8.08 1.86 1.07 42.48 39.06 45.44 47.83
3.20 7.01 1.56 1.03 43.08 39.67 46.21 48.03
3.02 6.66 1.52 0.89 43.33 39.90 46.31 48.64
2.58 5.77 1.28 0.70 44.01 40.52 47.07 49.68
2.29 5.14 1.18 0.56 44.53 41.02 47.43 50.65
2.18 4.92 1.12 0.51 44.74 41.21 47.63 51.06
2.18 4.87 1.17 0.49 44.75 41.25 47.46 51.22
2.24 5.02 1.20 0.49 44.63 41.12 47.35 51.22
2.34 5.23 1.29 0.49 44.44 40.95 47.03 51.20
2.39 5.40 1.29 0.49 44.34 40.81 47.03 51.18
2.17 4.83 1.21 0.47 44.77 41.29 47.32 51.41
1.98 4.45 1.11 0.38 45.16 41.65 47.67 52.28
2.01 4.54 1.09 0.39 45.11 41.56 47.74 52.26
2.11 4.82 1.14 0.38 44.89 41.31 47.57 52.33
2.10 4.67 1.16 0.45 44.92 41.44 47.48 51.56
2.11 4.69 1.16 0.50 44.88 41.42 47.50 51.15
2.07 4.61 1.13 0.47 44.97 41.49 47.62 51.39
1.98 4.38 1.08 0.46 45.17 41.71 47.80 51.47
1.88 4.21 1.03 0.41 45.38 41.89 47.99 51.96
1.74 3.86 0.98 0.38 45.73 42.27 48.22 52.37
1.86 4.08 1.12 0.39 45.43 42.03 47.66 52.19
1.95 4.31 1.18 0.37 45.23 41.79 47.40 52.45
2.32 5.05 1.41 0.48 44.48 41.09 46.64 51.31
2.46 5.38 1.47 0.54 44.22 40.83 46.45 50.83
2.41 5.33 1.41 0.50 44.30 40.87 46.63 51.14
2.29 5.11 1.28 0.49 44.53 41.05 47.07 51.27
2.34 5.29 1.26 0.46 44.45 40.90 47.13 51.52
2.23 5.04 1.23 0.43 44.64 41.10 47.24 51.83
2.12 4.69 1.21 0.46 44.87 41.42 47.30 51.47
2.17 4.71 1.28 0.52 44.76 41.40 47.05 50.95
2.31 4.91 1.40 0.62 44.50 41.23 46.67 50.21
2.25 4.76 1.37 0.62 44.61 41.36 46.77 50.24
2.07 4.34 1.30 0.57 44.98 41.76 47.00 50.56
2.02 4.28 1.26 0.51 45.08 41.82 47.12 51.02
1.84 3.86 1.19 0.47 45.49 42.27 47.38 51.44
1.79 3.77 1.13 0.46 45.60 42.36 47.60 51.46
1.88 3.91 1.17 0.56 45.38 42.21 47.45 50.61
2.00 4.10 1.22 0.69 45.12 42.00 47.28 49.77
1.90 3.84 1.17 0.70 45.34 42.29 47.45 49.70
2.06 4.07 1.30 0.81 45.00 42.04 47.00 49.07
2.15 4.21 1.35 0.89 44.81 41.89 46.82 48.63
2.35 4.60 1.49 0.97 44.41 41.50 46.40 48.26
2.40 4.58 1.56 1.05 44.33 41.52 46.19 47.93
2.59 4.83 1.70 1.24 43.99 41.29 45.82 47.19
2.73 5.03 1.78 1.38 43.77 41.11 45.62 46.74
2.62 4.82 1.73 1.33 43.94 41.30 45.76 46.88
2.84 5.18 1.86 1.49 43.59 40.98 45.43 46.41
2.79 5.09 1.85 1.43 43.68 41.06 45.47 46.58
2.56 4.68 1.67 1.32 44.05 41.42 45.90 46.94
2.47 4.62 1.57 1.21 44.21 41.48 46.18 47.32
2.43 4.54 1.56 1.17 44.29 41.56 46.19 47.45
2.37 4.43 1.60 1.08 44.38 41.66 46.08 47.81
2.39 4.45 1.62 1.10 44.35 41.64 46.04 47.73
2.62 4.84 1.82 1.21 43.94 41.28 45.54 47.30
2.48 4.52 1.71 1.20 44.19 41.58 45.80 47.33
2.44 4.37 1.66 1.28 44.26 41.73 45.93 47.07
2.31 4.09 1.58 1.25 44.50 42.01 46.14 47.15
2.28 4.09 1.56 1.17 44.56 42.01 46.19 47.46
2.38 4.37 1.57 1.21 44.36 41.73 46.16 47.30
2.43 4.35 1.61 1.31 44.28 41.74 46.05 46.96
2.44 4.31 1.65 1.37 44.25 41.78 45.95 46.77
2.39 4.18 1.60 1.40 44.34 41.92 46.09 46.68
2.52 4.29 1.68 1.58 44.12 41.81 45.86 46.15
2.38 4.04 1.66 1.46 44.36 42.07 45.94 46.49
2.14 3.61 1.43 1.38 44.83 42.55 46.57 46.73
1.88 3.06 1.26 1.30 45.40 43.27 47.11 46.99
2.15 3.40 1.65 1.40 44.81 42.82 45.96 46.67
2.48 3.97 1.95 1.52 44.19 42.15 45.24 46.31
2.51 4.07 1.90 1.57 44.13 42.03 45.34 46.18
2.69 4.38 2.06 1.63 43.83 41.72 45.00 46.00
2.73 4.46 2.02 1.69 43.78 41.64 45.07 45.84
2.62 4.33 1.84 1.69 43.95 41.77 45.48 45.84
2.90 4.87 2.13 1.70 43.51 41.26 44.86 45.82
2.89 4.79 2.10 1.78 43.52 41.33 44.91 45.64
2.99 4.97 2.21 1.79 43.37 41.17 44.68 45.60
3.24 5.45 2.35 1.92 43.02 40.77 44.42 45.31
3.40 5.63 2.57 1.99 42.82 40.63 44.03 45.14
3.33 5.53 2.49 1.98 42.90 40.71 44.16 45.17
3.13 5.28 2.27 1.85 43.17 40.91 44.56 45.47
3.41 5.77 2.57 1.91 42.80 40.52 44.03 45.32
3.12 5.15 2.38 1.84 43.18 41.01 44.36 45.50
3.80 6.53 2.75 2.13 42.33 39.98 43.73 44.85
3.76 6.22 2.78 2.29 42.38 40.19 43.70 44.53
4.35 7.37 3.21 2.48 41.74 39.46 43.07 44.18
4.09 7.02 2.86 2.38 42.02 39.67 43.57 44.38
4.20 7.07 3.06 2.48 41.89 39.64 43.27 44.19
4.72 8.20 3.30 2.66 41.39 38.99 42.95 43.88
5.36 9.64 3.62 2.83 40.84 38.29 42.55 43.61
5.21 9.15 3.53 2.96 40.96 38.52 42.66 43.42
5.15 9.02 3.41 3.00 41.02 38.58 42.80 43.35
5.02 8.71 3.35 2.99 41.13 38.73 42.89 43.38
4.66 8.24 2.88 2.85 41.45 38.97 43.53 43.58
4.37 7.84 2.71 2.56 41.72 39.19 43.80 44.04
4.35 7.94 2.72 2.41 41.74 39.13 43.79 44.32
3.88 6.94 2.53 2.17 42.24 39.72 44.10 44.76
3.43 6.33 2.13 1.83 42.78 40.12 44.84 45.50
3.29 6.15 2.07 1.64 42.96 40.24 44.96 45.99
3.01 5.63 1.94 1.46 43.35 40.63 45.26 46.48
2.98 5.71 1.92 1.31 43.40 40.57 45.32 46.97
3.10 6.01 1.97 1.32 43.22 40.34 45.20 46.91
2.83 5.45 1.83 1.19 43.62 40.77 45.51 47.36
2.64 5.23 1.70 0.98 43.92 40.95 45.83 48.21
2.50 4.97 1.59 0.93 44.16 41.17 46.12 48.44
2.56 5.16 1.60 0.93 44.05 41.01 46.08 48.46
2.52 5.00 1.58 1.00 44.11 41.14 46.16 48.15
2.54 5.09 1.55 0.98 44.08 41.06 46.23 48.21
2.48 4.94 1.58 0.93 44.18 41.19 46.15 48.44
2.50 5.07 1.53 0.89 44.16 41.08 46.30 48.63
2.50 5.08 1.54 0.86 44.16 41.07 46.25 48.78
2.51 5.07 1.59 0.87 44.14 41.08 46.13 48.75
2.67 5.35 1.65 1.00 43.87 40.85 45.95 48.12
2.83 5.61 1.77 1.10 43.62 40.64 45.66 47.73
2.78 5.57 1.71 1.04 43.69 40.67 45.79 47.94
2.71 5.54 1.60 1.01 43.79 40.69 46.08 48.10
2.55 5.16 1.50 0.99 44.06 41.00 46.36 48.16
2.59 5.16 1.56 1.05 44.00 41.00 46.21 47.90
2.59 5.11 1.56 1.12 43.98 41.04 46.20 47.64
2.58 5.00 1.56 1.16 44.02 41.14 46.20 47.47
2.51 4.88 1.54 1.11 44.14 41.24 46.27 47.69
2.36 4.54 1.46 1.07 44.41 41.56 46.50 47.85
2.21 4.24 1.38 1.00 44.70 41.86 46.73 48.13
2.15 4.12 1.34 0.96 44.82 41.98 46.85 48.29
2.39 4.66 1.45 1.05 44.35 41.44 46.53 47.91
2.36 4.63 1.47 0.97 44.40 41.48 46.44 48.26
2.62 5.19 1.56 1.11 43.95 40.98 46.21 47.67
2.64 5.19 1.57 1.15 43.92 40.98 46.17 47.53
2.86 5.62 1.69 1.27 43.57 40.64 45.85 47.11
2.81 5.44 1.72 1.27 43.65 40.78 45.78 47.10
2.61 5.17 1.57 1.09 43.97 41.00 46.16 47.78
2.64 5.28 1.60 1.03 43.92 40.90 46.09 47.99
2.49 5.04 1.50 0.94 44.16 41.11 46.38 48.38
2.18 4.45 1.31 0.78 44.74 41.65 46.94 49.19
2.04 4.14 1.32 0.66 45.03 41.96 46.93 49.93
1.98 4.13 1.19 0.62 45.16 41.97 47.40 50.17
1.99 4.09 1.20 0.67 45.15 42.01 47.36 49.84
2.07 4.32 1.22 0.67 44.97 41.78 47.27 49.84
2.21 4.58 1.30 0.75 44.69 41.52 46.98 49.39
2.19 4.55 1.25 0.79 44.71 41.55 47.15 49.17
2.09 4.29 1.18 0.79 44.94 41.81 47.42 49.14
2.26 4.66 1.27 0.84 44.59 41.44 47.07 48.89
2.36 4.83 1.34 0.90 44.40 41.29 46.84 48.57
2.86 5.85 1.68 1.07 43.56 40.46 45.88 47.85
3.20 6.53 1.84 1.24 43.08 39.98 45.48 47.20
3.40 6.86 2.03 1.29 42.82 39.77 45.06 47.01
3.30 6.78 1.88 1.25 42.94 39.82 45.38 47.17
3.46 7.12 1.97 1.29 42.74 39.61 45.18 47.02
3.86 8.00 2.21 1.37 42.26 39.10 44.68 46.76
3.92 8.12 2.27 1.37 42.20 39.04 44.56 46.77
3.69 7.54 2.17 1.36 42.46 39.35 44.77 46.81
3.99 8.38 2.31 1.28 42.12 38.90 44.50 47.05
3.72 7.79 2.12 1.26 42.42 39.22 44.86 47.14
3.48 7.19 2.03 1.22 42.71 39.56 45.05 47.26
3.44 6.88 2.01 1.43 42.77 39.75 45.10 46.59
3.24 6.38 1.89 1.43 43.03 40.09 45.35 46.58
2.97 5.72 1.87 1.32 43.40 40.55 45.42 46.92
2.89 5.35 1.86 1.45 43.52 40.84 45.44 46.51
2.54 4.67 1.62 1.34 44.08 41.44 46.04 46.87
2.59 4.69 1.65 1.43 43.99 41.41 45.96 46.57
