0.00 0.00 0.00 0.00 0.00 0.00 0.00 0.00
0.00 0.00 0.00 0.00 0.00 0.00 0.00 0.00
0.00 0.00 0.00 0.00 0.00 0.00 0.00 0.00
0.00 0.00 0.00 0.00 0.00 0.00 0.00 0.00
0.00 0.00 0.00 0.00 0.00 0.00 0.00 0.00
0.00 0.00 0.00 0.00 0.00 0.00 0.00 0.00
0.00 0.00 0.00 0.00 0.00 0.00 0.00 0.00
0.00 0.00 0.00 0.00 0.00 0.00 0.00 0.00
0.00 0.00 0.00 0.00 0.00 0.00 0.00 0.00
0.00 0.00 0.00 0.00 0.00 0.00 0.00 0.00
0.00 0.00 0.00 0.00 0.00 0.00 0.00 0.00
0.00 0.00 0.00 0.00 0.00 0.00 0.00 0.00
0.00 0.00 0.00 0.00 0.00 0.00 0.00 0.00
0.00 0.00 0.00 0.00 0.00 0.00 0.00 0.00
0.00 0.00 0.00 0.00 0.00 0.00 0.00 0.00
0.00 0.00 0.00 0.00 0.00 0.00 0.00 0.00
0.00 0.00 0.00 0.00 0.00 0.00 0.00 0.00
0.00 0.00 0.00 0.00 0.00 0.00 0.00 0.00
0.00 0.00 0.00 0.00 0.00 0.00 0.00 0.00
0.00 0.00 0.00 0.00 0.00 0.00 0.00 0.00
0.00 0.00 0.00 0.00 0.00 0.00 0.00 0.00
0.00 0.00 0.00 0.00 0.00 0.00 0.00 0.00
0.00 0.00 0.00 0.00 0.00 0.00 0.00 0.00
0.00 0.00 0.00 0.00 0.00 0.00 0.00 0.00
0.00 0.00 0.00 0.00 0.00 0.00 0.00 0.00
0.00 0.00 0.00 0.00 0.00 0.00 0.00 0.00
0.00 0.00 0.00 0.00 0.00 0.00 0.00 0.00
0.00 0.00 0.00 0.00 0.00 0.00 0.00 0.00
0.00 0.00 0.00 0.00 0.00 0.00 0.00 0.00
0.00 0.00 0.00 0.00 0.00 0.00 0.00 0.00
0.00 0.02 0.00 0.00 0.01 0.01 0.00 0.00
0.01 0.05 0.00 0.00 0.02 0.02 0.01 0.01
0.00 0.02 0.00 0.00 0.00 0.01 0.00 0.00
0.00 0.02 0.00 0.00 0.00 0.01 0.00 0.00
0.00 0.00 0.00 0.00 0.00 0.00 0.01 0.01
0.00 0.00 0.00 0.00 0.00 0.00 0.02 0.01
0.00 0.01 0.00 0.00 0.00 0.00 0.02 0.02
0.00 0.00 0.00 0.00 0.00 0.00 0.01 0.00
0.01 0.01 0.01 0.00 0.02 0.01 0.05 0.03
0.00 0.00 0.00 0.00 0.00 0.00 0.02 0.01
0.00 0.02 0.00 0.00 0.01 0.01 0.00 0.00
0.02 0.09 0.01 0.00 0.04 0.05 0.06 0.02
0.00 0.02 0.00 0.00 0.01 0.01 0.01 0.01
0.01 0.03 0.00 0.00 0.02 0.02 0.02 0.03
0.00 0.00 0.00 0.00 0.00 0.00 0.01 0.01
0.00 0.00 0.00 0.00 0.00 0.00 0.00 0.01
0.00 0.00 0.00 0.00 0.00 0.00 0.00 0.00
0.00 0.00 0.00 0.00 0.00 0.00 0.00 0.01
0.00 0.00 0.00 0.00 0.00 0.00 0.01 0.02
0.00 0.00 0.00 0.00 0.00 0.00 0.00 0.01
0.00 0.00 0.00 0.00 0.00 0.00 0.01 0.03
0.00 0.00 0.00 0.00 0.00 0.00 0.00 0.01
0.00 0.01 0.00 0.00 0.00 0.00 0.00 0.01
0.00 0.00 0.00 0.00 0.00 0.00 0.00 0.01
0.00 0.01 0.00 0.00 0.00 0.01 0.01 0.01
0.00 0.01 0.00 0.00 0.00 0.01 0.01 0.02
0.00 0.01 0.00 0.00 0.00 0.01 0.01 0.01
0.00 0.01 0.00 0.00 0.01 0.01 0.01 0.02
0.00 0.01 0.00 0.00 0.01 0.01 0.01 0.00
0.00 0.01 0.00 0.00 0.01 0.01 0.00 0.01
0.00 0.00 0.00 0.00 0.00 0.00 0.00 0.00
0.00 0.00 0.00 0.00 0.00 0.00 0.00 0.02
0.00 0.00 0.00 0.00 0.00 0.00 0.00 0.02
0.00 0.00 0.00 0.00 0.00 0.00 0.00 0.02
0.00 0.00 0.00 0.00 0.00 0.00 0.01 0.01
0.00 0.00 0.00 0.00 0.00 0.00 0.01 0.01
0.00 0.00 0.00 0.00 0.00 0.00 0.01 0.01
0.00 0.00 0.00 0.00 0.00 0.00 0.01 0.01
0.00 0.00 0.00 0.00 0.00 0.00 0.00 0.01
0.00 0.00 0.00 0.00 0.01 0.01 0.01 0.01
0.00 0.00 0.00 0.00 0.00 0.00 0.00 0.01
0.00 0.00 0.00 0.00 0.00 0.00 0.00 0.01
0.00 0.00 0.00 0.00 0.00 0.00 0.01 0.01
0.00 0.00 0.00 0.00 0.00 0.00 0.01 0.01
0.00 0.00 0.00 0.00 0.00 0.00 0.01 0.01
0.00 0.00 0.00 0.00 0.00 0.00 0.00 0.01
0.00 0.00 0.00 0.00 0.00 0.00 0.00 0.00
0.00 0.00 0.00 0.00 0.00 0.00 0.00 0.00
0.00 0.00 0.00 0.00 0.00 0.00 0.00 0.00
0.00 0.00 0.00 0.00 0.00 0.00 0.00 0.00
0.00 0.00 0.00 0.00 0.00 0.00 0.00 0.00
0.00 0.00 0.00 0.00 0.00 0.00 0.01 0.00
0.00 0.00 0.00 0.00 0.00 0.00 0.00 0.00
0.00 0.00 0.00 0.00 0.00 0.00 0.00 0.00
0.00 0.00 0.00 0.00 0.00 0.00 0.00 0.00
0.00 0.00 0.00 0.00 0.00 0.00 0.01 0.01
0.00 0.00 0.00 0.00 0.00 0.00 0.01 0.00
0.00 0.00 0.00 0.00 0.00 0.00 0.00 0.00
0.00 0.00 0.00 0.00 0.00 0.00 0.00 0.00
0.00 0.00 0.00 0.00 0.00 0.01 0.00 0.00
0.00 0.00 0.00 0.00 0.00 0.00 0.01 0.00
0.00 0.00 0.00 0.00 0.00 0.00 0.01 0.00
0.00 0.00 0.00 0.00 0.00 0.00 0.00 0.00
0.00 0.00 0.00 0.00 0.00 0.00 0.00 0.01
0.00 0.00 0.00 0.00 0.00 0.00 0.01 0.00
0.00 0.00 0.00 0.00 0.00 0.00 0.00 0.00
0.00 0.00 0.00 0.00 0.00 0.00 0.01 0.01
0.00 0.00 0.00 0.00 0.00 0.00 0.01 0.00
0.00 0.00 0.00 0.00 0.00 0.00 0.01 0.00
0.00 0.00 0.00 0.00 0.00 0.00 0.00 0.00
0.00 0.00 0.00 0.00 0.00 0.00 0.00 0.00
0.00 0.00 0.00 0.00 0.00 0.00 0.00 0.00
0.01 0.03 0.00 0.01 0.02 0.01 0.02 0.04
0.00 0.01 0.00 0.00 0.00 0.01 0.00 0.02
0.00 0.02 0.00 0.00 0.00 0.01 0.00 0.00
0.00 0.02 0.00 0.00 0.00 0.01 0.00 0.01
0.01 0.04 0.00 0.00 0.01 0.02 0.00 0.00
0.00 0.01 0.00 0.00 0.00 0.01 0.00 0.00
0.01 0.08 0.00 0.00 0.02 0.04 0.01 0.01
0.02 0.12 0.00 0.00 0.04 0.07 0.01 0.01
0.02 0.10 0.00 0.00 0.04 0.07 0.02 0.01
0.02 0.13 0.01 0.00 0.06 0.09 0.04 0.02
0.03 0.14 0.01 0.00 0.09 0.13 0.05 0.06
0.01 0.08 0.00 0.00 0.04 0.07 0.01 0.02
0.03 0.16 0.01 0.01 0.08 0.12 0.05 0.08
0.03 0.14 0.01 0.00 0.06 0.09 0.03 0.05
0.02 0.11 0.00 0.00 0.04 0.07 0.02 0.01
0.03 0.19 0.00 0.00 0.06 0.11 0.02 0.02
0.02 0.12 0.00 0.00 0.04 0.07 0.02 0.00
0.05 0.30 0.01 0.00 0.09 0.16 0.03 0.02
0.01 0.05 0.00 0.00 0.03 0.03 0.02 0.03
0.02 0.09 0.00 0.00 0.03 0.04 0.02 0.03
0.02 0.10 0.00 0.01 0.04 0.05 0.03 0.04
0.03 0.13 0.01 0.00 0.04 0.05 0.03 0.03
0.04 0.21 0.01 0.00 0.07 0.09 0.05 0.04
0.04 0.23 0.00 0.01 0.06 0.08 0.02 0.03
0.04 0.20 0.01 0.00 0.06 0.08 0.06 0.02
0.05 0.25 0.01 0.00 0.06 0.08 0.04 0.03
0.05 0.32 0.01 0.00 0.08 0.11 0.05 0.03
0.06 0.31 0.01 0.01 0.08 0.09 0.05 0.07
0.06 0.35 0.01 0.01 0.09 0.11 0.04 0.09
0.05 0.25 0.01 0.01 0.07 0.06 0.06 0.13
0.15 0.71 0.03 0.02 0.17 0.17 0.16 0.20
0.11 0.54 0.01 0.02 0.10 0.11 0.07 0.12
0.14 0.74 0.02 0.02 0.11 0.12 0.06 0.13
0.14 0.65 0.03 0.03 0.10 0.09 0.08 0.16
0.14 0.72 0.02 0.02 0.10 0.11 0.07 0.10
0.13 0.63 0.03 0.02 0.09 0.09 0.08 0.12
0.15 0.75 0.02 0.02 0.10 0.10 0.06 0.16
0.18 0.88 0.03 0.03 0.11 0.11 0.07 0.19
0.15 0.84 0.01 0.03 0.09 0.10 0.03 0.19
0.48 2.32 0.09 0.07 0.28 0.27 0.22 0.43
0.10 0.46 0.02 0.02 0.07 0.07 0.06 0.17
0.06 0.30 0.01 0.02 0.06 0.06 0.03 0.15
0.03 0.15 0.00 0.01 0.04 0.04 0.03 0.11
0.01 0.07 0.00 0.00 0.02 0.02 0.01 0.11
0.00 0.01 0.00 0.00 0.01 0.00 0.01 0.08
0.00 0.00 0.00 0.00 0.00 0.00 0.01 0.07
0.00 0.00 0.00 0.00 0.00 0.00 0.00 0.06
0.00 0.00 0.00 0.00 0.00 0.00 0.01 0.08
0.00 0.00 0.00 0.00 0.00 0.00 0.00 0.05
0.00 0.00 0.00 0.00 0.00 0.00 0.00 0.05
0.00 0.00 0.00 0.00 0.00 0.00 0.01 0.04
0.00 0.00 0.00 0.00 0.00 0.00 0.01 0.05
0.00 0.00 0.00 0.00 0.00 0.00 0.01 0.04
0.00 0.00 0.00 0.00 0.00 0.00 0.01 0.05
0.00 0.00 0.00 0.00 0.00 0.00 0.00 0.03
0.00 0.00 0.00 0.00 0.00 0.00 0.01 0.03
0.00 0.00 0.00 0.00 0.00 0.00 0.00 0.02
0.00 0.00 0.00 0.00 0.00 0.00 0.01 0.01
0.00 0.00 0.00 0.00 0.00 0.00 0.00 0.02
0.00 0.00 0.00 0.00 0.00 0.00 0.00 0.02
0.00 0.00 0.00 0.00 0.00 0.00 0.01 0.03
0.00 0.00 0.00 0.00 0.00 0.00 0.01 0.04
0.00 0.00 0.00 0.00 0.00 0.00 0.00 0.02
0.00 0.00 0.00 0.00 0.00 0.00 0.00 0.03
0.00 0.00 0.00 0.00 0.00 0.00 0.00 0.01
0.00 0.00 0.00 0.00 0.00 0.00 0.00 0.02
0.00 0.00 0.00 0.00 0.00 0.00 0.00 0.01
0.00 0.00 0.00 0.00 0.00 0.00 0.01 0.02
0.00 0.00 0.00 0.00 0.00 0.00 0.00 0.01
0.00 0.00 0.00 0.00 0.00 0.00 0.02 0.00
0.00 0.00 0.00 0.00 0.00 0.00 0.00 0.00
0.00 0.00 0.00 0.00 0.00 0.00 0.01 0.01
0.00 0.00 0.00 0.00 0.00 0.00 0.01 0.01
0.00 0.00 0.00 0.00 0.00 0.00 0.00 0.01
0.00 0.00 0.00 0.00 0.00 0.00 0.00 0.00
0.00 0.00 0.00 0.00 0.00 0.00 0.01 0.00
0.00 0.00 0.00 0.00 0.00 0.00 0.01 0.01
0.00 0.01 0.00 0.00 0.01 0.01 0.02 0.06
0.00 0.01 0.00 0.00 0.01 0.01 0.02 0.01
0.00 0.00 0.00 0.00 0.00 0.00 0.01 0.01
0.00 0.01 0.00 0.00 0.01 0.01 0.01 0.01
0.00 0.02 0.00 0.00 0.01 0.01 0.01 0.01
0.00 0.03 0.00 0.00 0.01 0.02 0.01 0.01
0.01 0.03 0.00 0.00 0.02 0.02 0.01 0.03
0.00 0.02 0.00 0.00 0.01 0.01 0.01 0.01
0.00 0.01 0.00 0.00 0.01 0.01 0.01 0.01
0.00 0.01 0.00 0.00 0.01 0.01 0.01 0.01
0.01 0.02 0.00 0.00 0.01 0.02 0.01 0.01
0.01 0.03 0.00 0.00 0.01 0.02 0.00 0.01
0.00 0.01 0.00 0.00 0.01 0.01 0.01 0.01
0.00 0.01 0.00 0.00 0.00 0.00 0.00 0.01
0.00 0.00 0.00 0.00 0.00 0.00 0.00 0.01
0.00 0.01 0.00 0.00 0.01 0.01 0.01 0.01
0.00 0.00 0.00 0.00 0.00 0.00 0.00 0.01
0.00 0.00 0.00 0.00 0.00 0.00 0.00 0.00
0.00 0.00 0.00 0.00 0.00 0.00 0.00 0.00
0.00 0.00 0.00 0.00 0.00 0.00 0.00 0.01
0.00 0.00 0.00 0.00 0.00 0.00 0.01 0.00
0.00 0.00 0.00 0.00 0.00 0.00 0.01 0.01
0.00 0.00 0.00 0.00 0.00 0.00 0.00 0.00
0.00 0.00 0.00 0.00 0.00 0.00 0.01 0.00
0.00 0.00 0.00 0.00 0.00 0.00 0.00 0.00
0.00 0.00 0.00 0.00 0.00 0.00 0.00 0.01
0.00 0.00 0.00 0.00 0.00 0.00 0.00 0.00
0.00 0.00 0.00 0.00 0.00 0.00 0.00 0.00
0.00 0.00 0.00 0.00 0.00 0.00 0.00 0.01
0.00 0.00 0.00 0.00 0.00 0.00 0.00 0.00
0.00 0.00 0.00 0.00 0.00 0.00 0.00 0.00
0.00 0.00 0.00 0.00 0.00 0.00 0.00 0.00
0.00 0.00 0.00 0.00 0.00 0.00 0.00 0.00
0.00 0.00 0.00 0.00 0.00 0.00 0.00 0.00
0.00 0.00 0.00 0.00 0.00 0.00 0.00 0.00
0.00 0.01 0.00 0.00 0.00 0.00 0.00 0.00
0.00 0.00 0.00 0.00 0.00 0.00 0.00 0.00
0.00 0.00 0.00 0.00 0.00 0.00 0.00 0.00
0.00 0.00 0.00 0.00 0.00 0.00 0.00 0.00
0.01 0.02 0.00 0.00 0.01 0.01 0.00 0.02
0.01 0.02 0.00 0.00 0.01 0.01 0.00 0.01
0.00 0.01 0.00 0.00 0.00 0.00 0.00 0.00
0.01 0.03 0.00 0.00 0.01 0.01 0.00 0.01
0.02 0.10 0.01 0.00 0.03 0.05 0.02 0.01
0.08 0.42 0.02 0.01 0.08 0.12 0.03 0.03
0.18 0.89 0.04 0.02 0.14 0.22 0.07 0.06
0.15 0.65 0.02 0.05 0.08 0.10 0.03 0.09
0.17 0.81 0.04 0.02 0.08 0.12 0.05 0.04
0.56 2.46 0.06 0.20 0.22 0.28 0.06 0.28
1.68 7.55 0.36 0.29 0.50 0.62 0.30 0.34
0.88 3.99 0.13 0.21 0.21 0.26 0.10 0.22
0.72 3.35 0.14 0.12 0.19 0.23 0.11 0.13
1.23 6.31 0.20 0.14 0.31 0.43 0.15 0.16
0.77 3.75 0.12 0.12 0.18 0.24 0.09 0.13
1.44 7.45 0.17 0.21 0.43 0.56 0.19 0.26
1.23 5.91 0.19 0.21 0.41 0.49 0.22 0.32
1.28 6.29 0.24 0.15 0.46 0.54 0.32 0.32
1.36 6.48 0.23 0.23 0.50 0.57 0.30 0.46
1.33 6.22 0.21 0.25 0.62 0.69 0.37 0.63
1.44 6.84 0.27 0.21 0.71 0.78 0.48 0.66
1.42 6.83 0.31 0.16 0.79 0.90 0.56 0.59
0.03 0.08 0.02 0.01 0.04 0.03 0.06 0.06
0.01 0.02 0.01 0.00 0.01 0.01 0.02 0.02
0.01 0.03 0.01 0.00 0.01 0.01 0.02 0.03
0.00 0.01 0.00 0.00 0.00 0.00 0.01 0.01
0.00 0.00 0.00 0.00 0.00 0.00 0.00 0.01
0.00 0.00 0.00 0.00 0.00 0.00 0.01 0.00
0.00 0.00 0.00 0.00 0.00 0.00 0.00 0.01
0.00 0.00 0.00 0.00 0.00 0.00 0.01 0.00
0.00 0.00 0.00 0.00 0.00 0.00 0.00 0.00
0.00 0.00 0.00 0.00 0.00 0.00 0.01 0.00
0.00 0.00 0.00 0.00 0.00 0.00 0.00 0.00
0.00 0.00 0.00 0.00 0.00 0.00 0.00 0.00
0.00 0.00 0.00 0.00 0.00 0.00 0.00 0.00
0.00 0.00 0.00 0.00 0.00 0.00 0.01 0.01
0.00 0.00 0.00 0.00 0.00 0.00 0.00 0.01
0.00 0.00 0.00 0.00 0.00 0.00 0.00 0.02
0.00 0.00 0.00 0.00 0.00 0.00 0.00 0.02
0.00 0.00 0.00 0.00 0.00 0.00 0.00 0.01
0.00 0.01 0.00 0.00 0.00 0.00 0.00 0.01
0.00 0.01 0.00 0.00 0.00 0.00 0.01 0.01
0.00 0.00 0.00 0.00 0.00 0.00 0.00 0.01
0.00 0.00 0.00 0.00 0.00 0.00 0.00 0.01
0.00 0.01 0.00 0.00 0.00 0.00 0.00 0.01
0.00 0.00 0.00 0.00 0.00 0.00 0.01 0.01
0.00 0.00 0.00 0.00 0.00 0.00 0.01 0.00
0.00 0.00 0.00 0.00 0.00 0.00 0.00 0.01
0.00 0.00 0.00 0.00 0.00 0.00 0.00 0.01
0.00 0.01 0.00 0.00 0.00 0.00 0.00 0.01
0.00 0.00 0.00 0.00 0.00 0.00 0.00 0.00
0.00 0.00 0.00 0.00 0.00 0.00 0.00 0.00
0.00 0.02 0.00 0.00 0.00 0.01 0.00 0.00
0.00 0.01 0.00 0.00 0.00 0.00 0.01 0.00
0.00 0.01 0.00 0.00 0.00 0.00 0.01 0.00
0.00 0.01 0.00 0.00 0.00 0.00 0.01 0.01
0.00 0.00 0.00 0.00 0.00 0.00 0.01 0.01
0.00 0.01 0.00 0.00 0.01 0.01 0.01 0.02
0.00 0.02 0.00 0.00 0.02 0.02 0.01 0.02
0.01 0.04 0.00 0.00 0.02 0.03 0.01 0.01
0.00 0.02 0.00 0.00 0.01 0.02 0.01 0.01
0.01 0.06 0.00 0.00 0.03 0.04 0.01 0.02
0.01 0.07 0.00 0.00 0.05 0.06 0.03 0.05
0.02 0.07 0.00 0.00 0.05 0.05 0.03 0.09
0.02 0.08 0.00 0.00 0.05 0.05 0.04 0.07
0.01 0.04 0.00 0.00 0.02 0.02 0.02 0.02
0.00 0.01 0.00 0.00 0.00 0.01 0.01 0.00
0.02 0.10 0.00 0.00 0.03 0.03 0.01 0.03
0.03 0.15 0.01 0.00 0.05 0.05 0.04 0.03
0.04 0.17 0.01 0.00 0.05 0.05 0.06 0.02
0.05 0.22 0.01 0.01 0.05 0.06 0.04 0.04
0.06 0.34 0.01 0.00 0.06 0.08 0.04 0.02
0.03 0.15 0.01 0.00 0.03 0.04 0.03 0.00
0.05 0.33 0.00 0.00 0.05 0.07 0.01 0.01
0.01 0.10 0.00 0.00 0.01 0.03 0.00 0.00
0.03 0.18 0.01 0.00 0.05 0.06 0.03 0.03
0.04 0.20 0.01 0.00 0.07 0.08 0.06 0.02
0.07 0.38 0.01 0.01 0.10 0.13 0.06 0.05
0.07 0.34 0.02 0.01 0.11 0.15 0.07 0.06
0.05 0.32 0.01 0.00 0.09 0.15 0.04 0.01
0.06 0.33 0.02 0.00 0.14 0.21 0.09 0.02
0.07 0.32 0.02 0.01 0.13 0.19 0.08 0.04
