0.00 0.00 0.00 0.00 0.00 0.00 0.00 0.00
0.00 0.00 0.00 0.00 0.00 0.00 0.00 0.00
0.00 0.00 0.00 0.00 0.00 0.00 0.00 0.00
0.00 0.00 0.00 0.00 0.00 0.00 0.00 0.00
0.00 0.00 0.00 0.00 0.00 0.00 0.00 0.00
0.00 0.00 0.00 0.00 0.00 0.00 0.00 0.00
0.00 0.00 0.00 0.00 0.00 0.00 0.00 0.00
0.00 0.00 0.00 0.00 0.00 0.00 0.00 0.00
0.00 0.00 0.00 0.00 0.00 0.00 0.00 0.00
0.00 0.00 0.00 0.00 0.00 0.00 0.00 0.00
0.00 0.00 0.00 0.00 0.00 0.00 0.00 0.00
0.00 0.00 0.00 0.00 0.00 0.00 0.00 0.00
0.00 0.00 0.00 0.00 0.00 0.00 0.00 0.00
0.00 0.00 0.00 0.00 0.00 0.00 0.00 0.00
0.00 0.00 0.00 0.00 0.00 0.00 0.00 0.00
0.00 0.00 0.00 0.00 0.00 0.00 0.00 0.00
0.00 0.00 0.00 0.00 0.00 0.00 0.00 0.00
0.00 0.00 0.00 0.00 0.00 0.00 0.00 0.00
0.00 0.00 0.00 0.00 0.00 0.00 0.00 0.00
0.00 0.00 0.00 0.00 0.00 0.00 0.00 0.00
0.00 0.00 0.00 0.00 0.00 0.00 0.00 0.00
0.00 0.00 0.00 0.00 0.00 0.00 0.00 0.00
0.00 0.00 0.00 0.00 0.00 0.00 0.00 0.00
0.00 0.00 0.00 0.00 0.00 0.00 0.00 0.00
0.00 0.00 0.01 0.00 0.00 0.00 0.01 0.00
0.00 0.00 0.00 0.00 0.00 0.00 0.01 0.02
0.01 0.00 0.01 0.01 0.00 0.00 0.03 0.03
0.01 0.01 0.01 0.01 0.01 0.01 0.02 0.04
0.01 0.02 0.02 0.01 0.01 0.01 0.04 0.02
0.01 0.02 0.01 0.02 0.01 0.01 0.03 0.06
0.06 0.15 0.03 0.01 0.09 0.11 0.06 0.04
0.10 0.22 0.04 0.03 0.14 0.16 0.11 0.12
0.04 0.13 0.01 0.01 0.05 0.08 0.02 0.04
0.04 0.13 0.03 0.02 0.05 0.09 0.07 0.06
0.02 0.06 0.04 0.03 0.04 0.05 0.09 0.10
0.04 0.04 0.06 0.03 0.06 0.03 0.16 0.12
0.02 0.07 0.05 0.04 0.04 0.06 0.13 0.12
0.02 0.04 0.04 0.01 0.03 0.03 0.11 0.05
0.09 0.12 0.09 0.05 0.13 0.09 0.23 0.18
0.03 0.04 0.06 0.02 0.05 0.03 0.13 0.08
0.05 0.14 0.02 0.02 0.07 0.09 0.03 0.06
0.14 0.29 0.10 0.04 0.19 0.21 0.24 0.12
0.07 0.16 0.04 0.02 0.10 0.12 0.09 0.08
0.09 0.18 0.05 0.04 0.15 0.15 0.15 0.16
0.03 0.05 0.03 0.02 0.05 0.04 0.10 0.09
0.03 0.05 0.02 0.02 0.05 0.04 0.06 0.09
0.03 0.07 0.02 0.01 0.05 0.06 0.06 0.05
0.02 0.04 0.02 0.02 0.04 0.03 0.07 0.12
0.03 0.04 0.03 0.02 0.05 0.04 0.09 0.13
0.01 0.02 0.01 0.01 0.02 0.02 0.05 0.11
0.02 0.06 0.02 0.02 0.06 0.07 0.09 0.17
0.01 0.05 0.02 0.01 0.03 0.05 0.06 0.10
0.03 0.07 0.02 0.01 0.06 0.07 0.06 0.09
0.02 0.05 0.02 0.01 0.03 0.05 0.06 0.12
0.03 0.09 0.03 0.01 0.07 0.09 0.11 0.08
0.02 0.07 0.02 0.01 0.05 0.07 0.09 0.14
0.03 0.08 0.02 0.01 0.07 0.08 0.09 0.12
0.03 0.09 0.02 0.01 0.08 0.10 0.10 0.13
0.03 0.08 0.02 0.00 0.08 0.10 0.10 0.06
0.03 0.08 0.01 0.01 0.07 0.10 0.05 0.10
0.01 0.03 0.01 0.00 0.03 0.04 0.04 0.05
0.01 0.02 0.01 0.02 0.03 0.03 0.06 0.14
0.01 0.03 0.01 0.01 0.03 0.04 0.05 0.13
0.01 0.03 0.01 0.01 0.03 0.04 0.07 0.14
0.01 0.02 0.02 0.01 0.02 0.03 0.09 0.09
0.01 0.04 0.02 0.01 0.04 0.06 0.07 0.09
0.01 0.03 0.02 0.01 0.03 0.04 0.07 0.11
0.02 0.05 0.02 0.01 0.06 0.06 0.08 0.08
0.01 0.03 0.01 0.01 0.04 0.05 0.04 0.10
0.03 0.07 0.01 0.01 0.08 0.10 0.07 0.11
0.01 0.04 0.01 0.01 0.05 0.06 0.05 0.12
0.01 0.03 0.01 0.01 0.04 0.05 0.06 0.11
0.01 0.03 0.02 0.01 0.03 0.04 0.08 0.09
0.02 0.04 0.02 0.01 0.05 0.06 0.08 0.11
0.02 0.05 0.03 0.01 0.06 0.06 0.11 0.08
0.02 0.06 0.02 0.01 0.04 0.06 0.06 0.09
0.02 0.03 0.02 0.01 0.03 0.03 0.07 0.03
0.02 0.02 0.02 0.01 0.03 0.02 0.06 0.06
0.02 0.05 0.02 0.01 0.03 0.04 0.06 0.04
0.02 0.04 0.03 0.02 0.03 0.04 0.06 0.04
0.02 0.04 0.02 0.01 0.02 0.03 0.05 0.03
0.02 0.04 0.04 0.02 0.03 0.03 0.08 0.04
0.02 0.04 0.03 0.02 0.02 0.03 0.06 0.04
0.01 0.03 0.02 0.02 0.02 0.03 0.06 0.05
0.01 0.02 0.02 0.02 0.02 0.02 0.05 0.05
0.03 0.06 0.03 0.03 0.05 0.05 0.08 0.07
0.02 0.05 0.03 0.02 0.04 0.05 0.08 0.05
0.02 0.03 0.02 0.02 0.03 0.03 0.05 0.06
0.03 0.06 0.02 0.02 0.05 0.07 0.06 0.07
0.02 0.06 0.02 0.02 0.05 0.07 0.06 0.05
0.01 0.02 0.03 0.02 0.02 0.02 0.09 0.05
0.02 0.04 0.03 0.02 0.03 0.03 0.07 0.04
0.02 0.04 0.02 0.02 0.03 0.04 0.05 0.05
0.02 0.03 0.01 0.03 0.03 0.03 0.04 0.08
0.02 0.04 0.03 0.02 0.05 0.05 0.08 0.07
0.02 0.06 0.02 0.02 0.05 0.07 0.06 0.06
0.03 0.05 0.03 0.03 0.05 0.06 0.09 0.07
0.03 0.07 0.03 0.02 0.05 0.07 0.07 0.06
0.03 0.05 0.03 0.02 0.05 0.05 0.08 0.06
0.04 0.07 0.03 0.02 0.05 0.06 0.07 0.05
0.02 0.05 0.03 0.02 0.02 0.05 0.06 0.05
0.01 0.05 0.02 0.02 0.02 0.04 0.04 0.04
0.10 0.16 0.06 0.08 0.13 0.12 0.13 0.19
0.02 0.11 0.03 0.06 0.03 0.08 0.05 0.14
0.04 0.14 0.03 0.02 0.06 0.10 0.05 0.05
0.04 0.13 0.03 0.03 0.05 0.08 0.04 0.07
0.07 0.20 0.03 0.01 0.09 0.13 0.06 0.04
0.04 0.12 0.03 0.02 0.05 0.08 0.05 0.05
0.11 0.28 0.05 0.03 0.15 0.20 0.10 0.09
0.13 0.35 0.04 0.02 0.20 0.27 0.10 0.07
0.13 0.31 0.05 0.03 0.20 0.26 0.13 0.11
0.15 0.36 0.08 0.04 0.24 0.30 0.20 0.13
0.17 0.38 0.08 0.06 0.30 0.36 0.22 0.24
0.11 0.28 0.03 0.04 0.19 0.27 0.09 0.15
0.18 0.39 0.08 0.07 0.29 0.34 0.22 0.28
0.16 0.38 0.07 0.07 0.24 0.30 0.18 0.21
0.13 0.33 0.05 0.04 0.20 0.26 0.13 0.12
0.17 0.43 0.05 0.05 0.24 0.33 0.13 0.14
0.14 0.35 0.06 0.02 0.20 0.26 0.14 0.06
0.22 0.55 0.07 0.04 0.30 0.40 0.18 0.13
0.11 0.23 0.05 0.06 0.16 0.18 0.14 0.18
0.14 0.30 0.07 0.06 0.17 0.20 0.16 0.16
0.15 0.32 0.07 0.07 0.21 0.22 0.17 0.21
0.16 0.36 0.07 0.07 0.19 0.22 0.16 0.19
0.20 0.45 0.10 0.06 0.26 0.30 0.23 0.19
0.20 0.48 0.07 0.07 0.24 0.28 0.16 0.19
0.20 0.45 0.10 0.06 0.25 0.28 0.24 0.16
0.21 0.50 0.09 0.07 0.24 0.28 0.20 0.19
0.23 0.56 0.09 0.05 0.29 0.33 0.22 0.16
0.24 0.56 0.09 0.07 0.28 0.30 0.22 0.26
0.25 0.59 0.08 0.09 0.30 0.33 0.20 0.30
0.23 0.50 0.10 0.10 0.26 0.25 0.25 0.36
0.39 0.84 0.19 0.13 0.41 0.41 0.40 0.45
0.33 0.73 0.12 0.12 0.32 0.33 0.26 0.35
0.37 0.86 0.13 0.14 0.33 0.35 0.25 0.36
0.37 0.80 0.16 0.16 0.31 0.30 0.29 0.40
0.38 0.85 0.15 0.13 0.31 0.33 0.26 0.31
0.37 0.79 0.17 0.14 0.30 0.30 0.28 0.35
0.39 0.87 0.15 0.15 0.31 0.32 0.25 0.39
0.42 0.94 0.17 0.17 0.32 0.33 0.26 0.44
0.39 0.92 0.11 0.16 0.30 0.32 0.17 0.44
0.69 1.52 0.30 0.26 0.53 0.52 0.47 0.66
0.32 0.68 0.14 0.15 0.27 0.26 0.24 0.41
0.25 0.54 0.08 0.13 0.25 0.25 0.18 0.39
0.18 0.39 0.06 0.09 0.21 0.20 0.16 0.33
0.12 0.26 0.04 0.07 0.16 0.15 0.12 0.33
0.05 0.09 0.02 0.04 0.07 0.06 0.07 0.28
0.02 0.05 0.02 0.03 0.04 0.04 0.07 0.26
0.02 0.04 0.02 0.03 0.04 0.03 0.06 0.25
0.03 0.06 0.02 0.03 0.05 0.05 0.08 0.29
0.01 0.02 0.02 0.03 0.01 0.02 0.07 0.23
0.02 0.05 0.02 0.03 0.03 0.04 0.06 0.23
0.02 0.04 0.03 0.02 0.03 0.03 0.08 0.21
0.02 0.06 0.03 0.02 0.04 0.05 0.09 0.21
0.02 0.05 0.03 0.02 0.03 0.05 0.10 0.20
0.02 0.05 0.03 0.02 0.03 0.04 0.09 0.22
0.02 0.07 0.01 0.02 0.04 0.06 0.05 0.18
0.02 0.03 0.03 0.02 0.03 0.02 0.11 0.16
0.01 0.04 0.01 0.01 0.03 0.04 0.04 0.13
0.02 0.04 0.02 0.01 0.03 0.04 0.08 0.12
0.02 0.04 0.01 0.01 0.04 0.03 0.05 0.15
0.02 0.03 0.02 0.01 0.04 0.03 0.07 0.15
0.01 0.04 0.02 0.01 0.03 0.04 0.08 0.17
0.02 0.04 0.02 0.02 0.04 0.04 0.08 0.21
0.02 0.04 0.02 0.02 0.03 0.03 0.06 0.13
0.02 0.03 0.01 0.02 0.03 0.02 0.04 0.17
0.01 0.04 0.02 0.01 0.02 0.03 0.06 0.12
0.01 0.04 0.02 0.02 0.03 0.03 0.05 0.14
0.03 0.07 0.02 0.01 0.04 0.05 0.06 0.11
0.02 0.04 0.02 0.01 0.04 0.03 0.07 0.12
0.01 0.04 0.01 0.01 0.03 0.03 0.05 0.12
0.02 0.05 0.04 0.01 0.04 0.04 0.13 0.07
0.01 0.04 0.02 0.01 0.02 0.03 0.06 0.06
0.02 0.06 0.03 0.02 0.03 0.05 0.08 0.09
0.02 0.04 0.02 0.01 0.04 0.03 0.08 0.09
0.02 0.04 0.02 0.01 0.03 0.03 0.07 0.11
0.02 0.04 0.02 0.01 0.04 0.05 0.05 0.06
0.03 0.06 0.02 0.01 0.06 0.06 0.07 0.06
0.02 0.04 0.02 0.02 0.04 0.04 0.07 0.11
0.06 0.11 0.05 0.04 0.12 0.10 0.16 0.24
0.04 0.08 0.04 0.01 0.08 0.08 0.13 0.08
0.03 0.05 0.03 0.02 0.05 0.04 0.10 0.08
0.06 0.12 0.04 0.02 0.10 0.10 0.12 0.11
0.07 0.14 0.04 0.03 0.10 0.11 0.10 0.12
0.07 0.16 0.03 0.02 0.11 0.13 0.09 0.08
0.08 0.16 0.03 0.05 0.13 0.13 0.09 0.18
0.07 0.15 0.04 0.03 0.10 0.12 0.09 0.10
0.04 0.08 0.03 0.03 0.07 0.08 0.09 0.11
0.05 0.11 0.03 0.02 0.08 0.09 0.08 0.08
0.07 0.16 0.04 0.04 0.11 0.12 0.10 0.10
0.07 0.17 0.02 0.04 0.10 0.13 0.05 0.11
0.05 0.11 0.04 0.03 0.08 0.08 0.09 0.09
0.04 0.08 0.03 0.03 0.07 0.07 0.07 0.11
0.03 0.07 0.02 0.02 0.05 0.07 0.04 0.09
0.04 0.09 0.04 0.02 0.07 0.08 0.10 0.08
0.03 0.06 0.02 0.02 0.04 0.05 0.05 0.08
0.03 0.05 0.02 0.01 0.04 0.05 0.06 0.05
0.03 0.07 0.02 0.02 0.04 0.06 0.05 0.05
0.03 0.06 0.02 0.02 0.05 0.06 0.06 0.07
0.03 0.06 0.04 0.01 0.05 0.05 0.09 0.04
0.03 0.07 0.03 0.02 0.06 0.06 0.07 0.07
0.01 0.02 0.03 0.02 0.02 0.02 0.06 0.05
0.02 0.05 0.03 0.02 0.04 0.04 0.08 0.07
0.03 0.05 0.03 0.02 0.04 0.05 0.07 0.05
0.02 0.04 0.02 0.03 0.04 0.04 0.05 0.09
0.01 0.03 0.01 0.02 0.02 0.03 0.04 0.05
0.01 0.03 0.01 0.01 0.03 0.04 0.04 0.03
0.02 0.02 0.02 0.02 0.04 0.03 0.06 0.08
0.01 0.02 0.01 0.02 0.02 0.02 0.03 0.06
0.01 0.03 0.03 0.02 0.02 0.03 0.05 0.05
0.02 0.04 0.02 0.03 0.03 0.04 0.05 0.07
0.02 0.04 0.03 0.02 0.03 0.03 0.06 0.06
0.03 0.06 0.02 0.02 0.04 0.06 0.05 0.04
0.03 0.05 0.03 0.02 0.04 0.04 0.06 0.06
0.03 0.07 0.03 0.02 0.04 0.06 0.05 0.06
0.01 0.04 0.02 0.02 0.02 0.03 0.04 0.04
0.02 0.05 0.03 0.02 0.03 0.04 0.05 0.05
0.02 0.05 0.03 0.02 0.03 0.04 0.05 0.05
0.07 0.14 0.03 0.06 0.09 0.10 0.06 0.13
0.07 0.15 0.04 0.05 0.09 0.11 0.07 0.09
0.04 0.08 0.03 0.02 0.05 0.06 0.06 0.06
0.08 0.16 0.04 0.04 0.09 0.11 0.07 0.08
0.14 0.31 0.08 0.05 0.17 0.22 0.13 0.11
0.29 0.65 0.13 0.09 0.28 0.35 0.19 0.17
0.43 0.94 0.19 0.16 0.38 0.47 0.26 0.24
0.39 0.81 0.15 0.23 0.28 0.32 0.17 0.31
0.41 0.90 0.19 0.14 0.29 0.34 0.22 0.19
0.75 1.57 0.24 0.45 0.47 0.53 0.24 0.53
1.29 2.75 0.60 0.54 0.71 0.78 0.55 0.58
0.94 2.00 0.36 0.46 0.46 0.51 0.31 0.47
0.85 1.83 0.38 0.34 0.43 0.48 0.33 0.36
1.11 2.51 0.44 0.38 0.56 0.65 0.38 0.40
0.88 1.94 0.35 0.35 0.43 0.49 0.30 0.36
1.20 2.73 0.42 0.46 0.65 0.75 0.44 0.51
1.11 2.43 0.44 0.45 0.64 0.70 0.47 0.57
1.13 2.51 0.49 0.39 0.68 0.73 0.56 0.56
1.17 2.55 0.48 0.48 0.71 0.75 0.55 0.68
1.15 2.49 0.46 0.50 0.79 0.83 0.61 0.79
1.20 2.62 0.52 0.46 0.84 0.88 0.69 0.81
1.19 2.61 0.56 0.41 0.89 0.95 0.75 0.77
0.16 0.28 0.12 0.08 0.20 0.18 0.25 0.23
0.08 0.14 0.08 0.05 0.10 0.08 0.15 0.16
0.09 0.17 0.07 0.05 0.12 0.12 0.15 0.16
0.04 0.09 0.04 0.02 0.06 0.07 0.09 0.08
0.02 0.03 0.02 0.02 0.03 0.03 0.06 0.08
0.03 0.05 0.03 0.01 0.04 0.04 0.08 0.04
0.01 0.02 0.02 0.02 0.02 0.02 0.06 0.08
0.02 0.05 0.03 0.02 0.03 0.03 0.07 0.06
0.02 0.04 0.03 0.01 0.02 0.03 0.07 0.07
0.02 0.04 0.03 0.01 0.04 0.04 0.08 0.05
0.01 0.02 0.02 0.01 0.02 0.02 0.04 0.05
0.02 0.04 0.02 0.01 0.04 0.03 0.05 0.06
0.01 0.03 0.01 0.02 0.01 0.02 0.04 0.06
0.02 0.04 0.03 0.02 0.02 0.03 0.07 0.10
0.03 0.07 0.03 0.02 0.04 0.05 0.06 0.07
0.02 0.06 0.02 0.03 0.03 0.04 0.05 0.15
0.03 0.07 0.02 0.03 0.05 0.05 0.04 0.14
0.03 0.07 0.02 0.03 0.04 0.05 0.05 0.12
0.04 0.09 0.02 0.03 0.05 0.06 0.05 0.12
0.05 0.07 0.04 0.04 0.07 0.05 0.10 0.12
0.03 0.06 0.03 0.03 0.05 0.04 0.07 0.09
0.03 0.07 0.02 0.03 0.05 0.05 0.06 0.09
0.04 0.07 0.02 0.03 0.07 0.06 0.07 0.11
0.03 0.05 0.03 0.03 0.06 0.05 0.09 0.11
0.02 0.04 0.03 0.01 0.04 0.04 0.09 0.04
0.03 0.05 0.02 0.02 0.04 0.04 0.05 0.08
0.03 0.04 0.02 0.03 0.04 0.03 0.04 0.10
0.03 0.08 0.03 0.03 0.05 0.06 0.07 0.12
0.02 0.04 0.02 0.02 0.02 0.03 0.04 0.06
0.02 0.04 0.03 0.02 0.03 0.02 0.06 0.05
0.05 0.13 0.02 0.01 0.07 0.08 0.05 0.05
0.04 0.08 0.04 0.01 0.05 0.05 0.09 0.05
0.03 0.08 0.03 0.01 0.05 0.05 0.08 0.05
0.05 0.09 0.03 0.02 0.07 0.07 0.09 0.09
0.03 0.05 0.03 0.01 0.04 0.04 0.08 0.09
0.05 0.11 0.02 0.02 0.09 0.10 0.08 0.13
0.06 0.16 0.03 0.02 0.12 0.15 0.09 0.13
0.07 0.20 0.03 0.02 0.15 0.18 0.10 0.11
0.06 0.15 0.03 0.02 0.11 0.13 0.09 0.12
0.10 0.24 0.03 0.03 0.18 0.21 0.11 0.16
0.11 0.26 0.05 0.04 0.22 0.24 0.16 0.23
0.12 0.26 0.05 0.07 0.22 0.23 0.16 0.30
0.13 0.28 0.06 0.06 0.22 0.23 0.19 0.26
0.09 0.19 0.05 0.04 0.13 0.13 0.12 0.15
0.05 0.12 0.03 0.02 0.07 0.08 0.07 0.05
0.14 0.31 0.05 0.05 0.17 0.18 0.11 0.16
0.18 0.39 0.09 0.05 0.21 0.23 0.20 0.16
0.19 0.42 0.12 0.05 0.22 0.22 0.24 0.15
0.21 0.47 0.11 0.07 0.22 0.24 0.19 0.20
0.24 0.58 0.11 0.05 0.25 0.28 0.19 0.16
0.16 0.39 0.09 0.02 0.18 0.21 0.17 0.06
0.22 0.57 0.07 0.02 0.22 0.27 0.12 0.08
0.10 0.31 0.02 0.01 0.11 0.16 0.03 0.04
0.18 0.42 0.08 0.05 0.22 0.24 0.17 0.17
0.20 0.45 0.11 0.05 0.26 0.28 0.25 0.15
0.26 0.61 0.11 0.07 0.32 0.37 0.23 0.21
0.26 0.58 0.12 0.08 0.34 0.39 0.27 0.24
0.23 0.56 0.09 0.04 0.30 0.38 0.19 0.11
0.25 0.57 0.13 0.05 0.37 0.45 0.30 0.14
0.26 0.57 0.13 0.07 0.36 0.44 0.29 0.19
