0.00 0.00 0.00 0.00 0.00 0.00 0.00 0.00
0.00 0.00 0.00 0.00 0.00 0.00 0.00 0.00
0.00 0.00 0.00 0.00 0.00 0.00 0.00 0.00
0.00 0.00 0.00 0.00 0.00 0.00 0.00 0.00
0.00 0.00 0.00 0.00 0.00 0.00 0.00 0.00
0.00 0.00 0.00 0.00 0.00 0.00 0.00 0.00
0.00 0.00 0.00 0.00 0.00 0.00 0.00 0.00
0.00 0.00 0.00 0.00 0.00 0.00 0.00 0.00
0.00 0.00 0.00 0.00 0.00 0.00 0.00 0.00
0.00 0.00 0.00 0.00 0.00 0.00 0.00 0.00
0.00 0.00 0.00 0.00 0.00 0.00 0.00 0.00
0.00 0.00 0.00 0.00 0.00 0.00 0.00 0.00
0.00 0.00 0.00 0.00 0.00 0.00 0.00 0.00
0.00 0.00 0.00 0.00 0.00 0.00 0.00 0.00
0.00 0.00 0.00 0.00 0.00 0.00 0.00 0.00
0.00 0.00 0.00 0.00 0.00 0.00 0.00 0.00
0.00 0.00 0.00 0.00 0.00 0.00 0.00 0.00
0.00 0.00 0.00 0.00 0.00 0.00 0.00 0.00
0.00 0.00 0.00 0.00 0.00 0.00 0.00 0.00
0.00 0.00 0.00 0.00 0.00 0.00 0.00 0.00
0.00 0.00 0.00 0.00 0.00 0.00 0.00 0.00
0.00 0.00 0.00 0.00 0.00 0.00 0.00 0.00
0.00 0.00 0.00 0.00 0.00 0.00 0.00 0.00
0.00 0.00 0.00 0.00 0.00 0.00 0.00 0.00
0.00 0.00 0.00 0.00 0.00 0.00 0.00 0.00
0.00 0.00 0.00 0.00 0.00 0.00 0.00 0.00
0.00 0.00 0.00 0.00 0.00 0.00 0.00 0.00
0.00 0.00 0.00 0.00 0.00 0.00 0.00 0.00
0.00 0.00 0.00 0.00 0.00 0.00 0.00 0.01
0.00 0.00 0.00 0.00 0.00 0.00 0.00 0.01
0.01 0.04 0.00 0.00 0.01 0.02 0.00 0.00
0.01 0.04 0.00 0.00 0.02 0.02 0.00 0.01
0.01 0.03 0.00 0.00 0.01 0.02 0.01 0.01
0.01 0.04 0.00 0.00 0.02 0.02 0.01 0.01
0.01 0.03 0.00 0.00 0.01 0.02 0.01 0.01
0.01 0.05 0.01 0.00 0.04 0.04 0.04 0.03
0.03 0.11 0.01 0.00 0.06 0.07 0.06 0.06
0.03 0.09 0.01 0.01 0.07 0.07 0.09 0.09
0.02 0.07 0.01 0.00 0.05 0.05 0.07 0.05
0.03 0.12 0.01 0.00 0.06 0.07 0.05 0.04
0.01 0.04 0.00 0.00 0.02 0.02 0.02 0.01
0.03 0.09 0.01 0.01 0.06 0.06 0.06 0.07
0.01 0.03 0.00 0.00 0.02 0.02 0.02 0.02
0.01 0.05 0.00 0.00 0.03 0.03 0.03 0.02
0.00 0.01 0.00 0.00 0.01 0.01 0.00 0.01
0.00 0.00 0.00 0.00 0.00 0.00 0.00 0.01
0.00 0.00 0.00 0.00 0.00 0.00 0.00 0.01
0.00 0.00 0.00 0.00 0.00 0.00 0.01 0.01
0.00 0.00 0.00 0.00 0.00 0.00 0.00 0.01
0.00 0.00 0.00 0.00 0.00 0.00 0.00 0.01
0.00 0.00 0.00 0.00 0.00 0.00 0.01 0.02
0.00 0.00 0.00 0.00 0.00 0.00 0.00 0.01
0.00 0.00 0.00 0.00 0.00 0.00 0.00 0.01
0.00 0.00 0.00 0.00 0.00 0.00 0.01 0.02
0.00 0.00 0.00 0.00 0.00 0.00 0.00 0.01
0.00 0.00 0.00 0.00 0.00 0.00 0.00 0.01
0.00 0.00 0.00 0.00 0.00 0.00 0.00 0.02
0.00 0.00 0.00 0.00 0.00 0.00 0.00 0.01
0.00 0.00 0.00 0.00 0.00 0.00 0.01 0.02
0.00 0.00 0.00 0.00 0.00 0.00 0.01 0.02
0.00 0.00 0.00 0.00 0.00 0.00 0.00 0.01
0.00 0.00 0.00 0.00 0.00 0.00 0.00 0.01
0.00 0.00 0.00 0.00 0.00 0.00 0.00 0.01
0.00 0.00 0.00 0.00 0.00 0.00 0.01 0.01
0.00 0.00 0.00 0.00 0.00 0.00 0.00 0.01
0.00 0.00 0.00 0.00 0.00 0.00 0.00 0.01
0.00 0.00 0.00 0.00 0.00 0.00 0.00 0.01
0.00 0.00 0.00 0.00 0.00 0.00 0.00 0.01
0.00 0.00 0.00 0.00 0.00 0.00 0.00 0.01
0.00 0.00 0.00 0.00 0.00 0.00 0.01 0.01
0.00 0.00 0.00 0.00 0.00 0.00 0.00 0.01
0.00 0.00 0.00 0.00 0.00 0.00 0.00 0.01
0.00 0.00 0.00 0.00 0.00 0.00 0.00 0.01
0.00 0.00 0.00 0.00 0.00 0.00 0.00 0.01
0.00 0.00 0.00 0.00 0.00 0.00 0.01 0.01
0.00 0.00 0.00 0.00 0.00 0.00 0.01 0.01
0.00 0.00 0.00 0.00 0.00 0.00 0.00 0.00
0.00 0.00 0.00 0.00 0.00 0.00 0.00 0.00
0.00 0.00 0.00 0.00 0.00 0.00 0.00 0.00
0.00 0.00 0.00 0.00 0.00 0.00 0.00 0.00
0.00 0.00 0.00 0.00 0.00 0.00 0.00 0.00
0.00 0.00 0.00 0.00 0.00 0.00 0.00 0.00
0.00 0.00 0.00 0.00 0.00 0.00 0.00 0.00
0.00 0.00 0.00 0.00 0.00 0.00 0.00 0.00
0.00 0.00 0.00 0.00 0.00 0.00 0.00 0.00
0.00 0.00 0.00 0.00 0.00 0.00 0.00 0.00
0.00 0.00 0.00 0.00 0.00 0.00 0.00 0.00
0.00 0.00 0.00 0.00 0.00 0.01 0.01 0.01
0.00 0.00 0.00 0.00 0.00 0.00 0.00 0.00
0.00 0.00 0.00 0.00 0.00 0.00 0.01 0.00
0.00 0.00 0.00 0.00 0.00 0.00 0.00 0.00
0.00 0.00 0.00 0.00 0.00 0.00 0.01 0.01
0.00 0.00 0.00 0.00 0.00 0.00 0.00 0.00
0.00 0.00 0.00 0.00 0.00 0.00 0.00 0.00
0.00 0.00 0.00 0.00 0.00 0.00 0.00 0.00
0.00 0.00 0.00 0.00 0.00 0.00 0.00 0.01
0.00 0.00 0.00 0.00 0.00 0.00 0.00 0.00
0.00 0.00 0.00 0.00 0.00 0.00 0.00 0.01
0.00 0.00 0.00 0.00 0.00 0.00 0.00 0.01
0.00 0.00 0.00 0.00 0.00 0.00 0.00 0.00
0.00 0.00 0.00 0.00 0.00 0.00 0.00 0.00
0.00 0.00 0.00 0.00 0.00 0.00 0.01 0.00
0.00 0.00 0.00 0.00 0.00 0.00 0.00 0.00
0.00 0.00 0.00 0.00 0.00 0.00 0.00 0.00
0.00 0.00 0.00 0.00 0.00 0.00 0.00 0.00
0.00 0.00 0.00 0.00 0.00 0.00 0.00 0.00
0.00 0.00 0.00 0.00 0.00 0.00 0.00 0.01
0.00 0.00 0.00 0.00 0.00 0.00 0.00 0.00
0.00 0.00 0.00 0.00 0.00 0.00 0.00 0.00
0.00 0.00 0.00 0.00 0.00 0.00 0.01 0.01
0.00 0.00 0.00 0.00 0.00 0.00 0.00 0.00
0.00 0.00 0.00 0.00 0.00 0.00 0.01 0.00
0.00 0.00 0.00 0.00 0.00 0.00 0.01 0.01
0.00 0.00 0.00 0.00 0.00 0.00 0.00 0.01
0.00 0.00 0.00 0.00 0.00 0.00 0.00 0.01
0.00 0.00 0.00 0.00 0.00 0.00 0.00 0.01
0.00 0.00 0.00 0.00 0.00 0.00 0.00 0.01
0.00 0.00 0.00 0.00 0.00 0.00 0.01 0.01
0.00 0.00 0.00 0.00 0.00 0.00 0.00 0.00
0.00 0.00 0.00 0.00 0.00 0.00 0.00 0.00
0.01 0.05 0.00 0.00 0.02 0.04 0.01 0.01
0.04 0.23 0.01 0.00 0.08 0.14 0.05 0.01
0.01 0.06 0.00 0.00 0.02 0.04 0.02 0.01
0.01 0.07 0.00 0.00 0.01 0.04 0.00 0.01
0.00 0.01 0.00 0.01 0.00 0.01 0.01 0.05
0.02 0.15 0.00 0.00 0.03 0.08 0.01 0.02
0.00 0.06 0.00 0.00 0.01 0.03 0.00 0.01
0.06 0.38 0.01 0.00 0.12 0.19 0.03 0.02
0.05 0.30 0.01 0.00 0.13 0.17 0.07 0.06
0.11 0.60 0.02 0.01 0.25 0.31 0.14 0.15
0.10 0.51 0.02 0.01 0.24 0.27 0.18 0.15
0.16 0.93 0.02 0.01 0.35 0.42 0.20 0.19
0.08 0.44 0.02 0.01 0.16 0.18 0.11 0.13
0.09 0.51 0.01 0.01 0.13 0.16 0.07 0.09
0.17 0.98 0.02 0.01 0.22 0.28 0.10 0.13
0.26 1.56 0.02 0.01 0.29 0.39 0.12 0.11
0.20 1.07 0.04 0.02 0.22 0.26 0.17 0.15
0.21 1.18 0.03 0.02 0.23 0.28 0.11 0.15
0.24 1.29 0.05 0.02 0.26 0.29 0.18 0.18
0.21 1.13 0.04 0.01 0.20 0.22 0.16 0.12
0.24 1.23 0.05 0.02 0.22 0.24 0.19 0.18
0.15 0.77 0.03 0.02 0.16 0.17 0.10 0.22
0.17 0.90 0.03 0.01 0.18 0.20 0.13 0.19
0.10 0.51 0.02 0.01 0.15 0.16 0.14 0.16
0.03 0.17 0.00 0.00 0.06 0.06 0.04 0.09
0.02 0.09 0.00 0.00 0.04 0.04 0.04 0.08
0.00 0.01 0.00 0.00 0.01 0.01 0.00 0.04
0.00 0.01 0.00 0.00 0.00 0.00 0.00 0.03
0.00 0.01 0.00 0.00 0.00 0.00 0.00 0.03
0.00 0.01 0.00 0.00 0.00 0.01 0.00 0.02
0.00 0.00 0.00 0.00 0.00 0.00 0.00 0.03
0.00 0.00 0.00 0.00 0.00 0.00 0.00 0.03
0.00 0.00 0.00 0.00 0.00 0.00 0.00 0.03
0.00 0.00 0.00 0.00 0.00 0.00 0.01 0.04
0.00 0.00 0.00 0.00 0.00 0.00 0.00 0.04
0.00 0.00 0.00 0.00 0.00 0.00 0.00 0.05
0.00 0.00 0.00 0.00 0.00 0.00 0.01 0.03
0.00 0.00 0.00 0.00 0.00 0.00 0.00 0.02
0.00 0.00 0.00 0.00 0.00 0.00 0.01 0.02
0.00 0.00 0.00 0.00 0.00 0.00 0.00 0.03
0.00 0.00 0.00 0.00 0.00 0.00 0.00 0.01
0.00 0.00 0.00 0.00 0.00 0.00 0.00 0.01
0.00 0.00 0.00 0.00 0.00 0.00 0.01 0.01
0.00 0.00 0.00 0.00 0.00 0.00 0.01 0.02
0.00 0.00 0.00 0.00 0.00 0.00 0.00 0.01
0.00 0.00 0.00 0.00 0.00 0.00 0.01 0.04
0.00 0.00 0.00 0.00 0.00 0.00 0.00 0.04
0.00 0.00 0.00 0.00 0.00 0.00 0.00 0.06
0.00 0.00 0.00 0.00 0.00 0.00 0.01 0.04
0.00 0.00 0.00 0.00 0.00 0.00 0.01 0.04
0.00 0.00 0.00 0.00 0.00 0.00 0.01 0.04
0.00 0.00 0.00 0.00 0.00 0.00 0.01 0.05
0.00 0.00 0.00 0.00 0.00 0.00 0.00 0.07
0.00 0.00 0.00 0.00 0.00 0.00 0.01 0.06
0.00 0.00 0.00 0.00 0.00 0.00 0.01 0.05
0.00 0.00 0.00 0.00 0.00 0.00 0.01 0.03
0.00 0.00 0.00 0.00 0.01 0.00 0.01 0.08
0.00 0.00 0.00 0.00 0.00 0.00 0.01 0.04
0.00 0.00 0.00 0.00 0.00 0.00 0.01 0.03
0.00 0.00 0.00 0.00 0.00 0.00 0.00 0.02
0.00 0.00 0.00 0.00 0.00 0.00 0.00 0.01
0.00 0.00 0.00 0.00 0.00 0.00 0.01 0.01
0.00 0.00 0.00 0.00 0.00 0.00 0.01 0.01
0.00 0.00 0.00 0.00 0.00 0.00 0.01 0.01
0.00 0.00 0.00 0.00 0.00 0.00 0.00 0.01
0.00 0.00 0.00 0.00 0.00 0.00 0.00 0.01
0.00 0.00 0.00 0.00 0.00 0.00 0.01 0.00
0.00 0.00 0.00 0.00 0.00 0.00 0.00 0.01
0.00 0.00 0.00 0.00 0.00 0.00 0.00 0.01
0.00 0.01 0.00 0.00 0.00 0.00 0.00 0.00
0.00 0.00 0.00 0.00 0.00 0.00 0.00 0.01
0.00 0.00 0.00 0.00 0.00 0.00 0.00 0.01
0.00 0.00 0.00 0.00 0.00 0.00 0.00 0.01
0.00 0.00 0.00 0.00 0.00 0.00 0.00 0.01
0.00 0.00 0.00 0.00 0.00 0.00 0.01 0.01
0.00 0.00 0.00 0.00 0.00 0.00 0.00 0.02
0.00 0.00 0.00 0.00 0.00 0.00 0.00 0.02
0.00 0.00 0.00 0.00 0.00 0.00 0.00 0.01
0.00 0.00 0.00 0.00 0.00 0.00 0.01 0.00
0.00 0.00 0.00 0.00 0.00 0.00 0.01 0.00
0.00 0.00 0.00 0.00 0.00 0.00 0.00 0.00
0.00 0.00 0.00 0.00 0.00 0.00 0.00 0.00
0.00 0.00 0.00 0.00 0.00 0.00 0.00 0.01
0.00 0.00 0.00 0.00 0.00 0.00 0.01 0.00
0.00 0.01 0.00 0.00 0.01 0.01 0.01 0.01
0.00 0.01 0.00 0.00 0.01 0.01 0.01 0.01
0.00 0.00 0.00 0.00 0.00 0.00 0.01 0.01
0.00 0.00 0.00 0.00 0.00 0.00 0.00 0.00
0.00 0.00 0.00 0.00 0.00 0.00 0.00 0.00
0.00 0.00 0.00 0.00 0.00 0.00 0.00 0.00
0.00 0.00 0.00 0.00 0.00 0.00 0.00 0.00
0.00 0.00 0.00 0.00 0.00 0.00 0.00 0.00
0.00 0.00 0.00 0.00 0.00 0.00 0.00 0.00
0.00 0.01 0.00 0.00 0.00 0.00 0.00 0.00
0.00 0.00 0.00 0.00 0.00 0.00 0.00 0.00
0.00 0.00 0.00 0.00 0.00 0.00 0.00 0.00
0.00 0.00 0.00 0.00 0.00 0.00 0.00 0.00
0.00 0.01 0.00 0.00 0.00 0.01 0.00 0.00
0.00 0.01 0.00 0.00 0.01 0.01 0.01 0.01
0.00 0.01 0.00 0.00 0.01 0.01 0.01 0.01
0.00 0.00 0.00 0.00 0.00 0.00 0.01 0.00
0.00 0.00 0.00 0.00 0.00 0.00 0.00 0.00
0.00 0.02 0.00 0.00 0.01 0.01 0.01 0.01
0.00 0.02 0.00 0.00 0.00 0.01 0.01 0.01
0.01 0.04 0.00 0.00 0.01 0.02 0.00 0.01
0.03 0.13 0.01 0.00 0.03 0.04 0.01 0.01
0.09 0.33 0.02 0.04 0.08 0.10 0.04 0.10
0.13 0.59 0.03 0.02 0.12 0.17 0.05 0.06
0.14 0.55 0.04 0.04 0.10 0.13 0.06 0.08
0.09 0.31 0.02 0.04 0.05 0.05 0.03 0.09
0.14 0.58 0.05 0.01 0.08 0.11 0.07 0.03
0.17 0.87 0.04 0.01 0.10 0.16 0.06 0.02
0.28 1.45 0.05 0.03 0.17 0.27 0.08 0.06
0.14 0.74 0.02 0.01 0.10 0.16 0.05 0.03
0.11 0.57 0.03 0.00 0.09 0.14 0.07 0.01
0.02 0.19 0.01 0.00 0.02 0.05 0.01 0.01
0.09 0.59 0.02 0.00 0.09 0.17 0.04 0.00
0.06 0.36 0.02 0.00 0.07 0.11 0.06 0.00
0.01 0.13 0.00 0.00 0.02 0.05 0.01 0.01
0.03 0.16 0.00 0.00 0.04 0.07 0.02 0.01
0.03 0.10 0.02 0.01 0.06 0.05 0.08 0.10
0.00 0.01 0.00 0.00 0.01 0.01 0.02 0.02
0.00 0.00 0.00 0.00 0.00 0.00 0.01 0.01
0.00 0.00 0.00 0.00 0.00 0.00 0.01 0.01
0.00 0.00 0.00 0.00 0.00 0.00 0.01 0.00
0.00 0.00 0.00 0.00 0.00 0.00 0.00 0.00
0.00 0.00 0.00 0.00 0.00 0.00 0.00 0.01
0.00 0.01 0.00 0.00 0.00 0.00 0.01 0.01
0.00 0.00 0.00 0.00 0.00 0.00 0.00 0.00
0.00 0.00 0.00 0.00 0.00 0.00 0.00 0.01
0.00 0.00 0.00 0.00 0.00 0.00 0.00 0.00
0.00 0.00 0.00 0.00 0.00 0.00 0.00 0.00
0.00 0.00 0.00 0.00 0.00 0.00 0.00 0.00
0.00 0.00 0.00 0.00 0.00 0.00 0.01 0.00
0.00 0.00 0.00 0.00 0.00 0.00 0.00 0.00
0.00 0.00 0.00 0.00 0.00 0.00 0.00 0.00
0.00 0.01 0.00 0.00 0.00 0.00 0.00 0.00
0.00 0.01 0.00 0.00 0.00 0.01 0.00 0.00
0.01 0.02 0.00 0.00 0.01 0.01 0.01 0.00
0.01 0.04 0.00 0.00 0.02 0.02 0.01 0.00
0.00 0.01 0.00 0.00 0.00 0.01 0.00 0.00
0.00 0.01 0.00 0.00 0.00 0.00 0.00 0.01
0.00 0.02 0.00 0.00 0.01 0.01 0.01 0.01
0.00 0.01 0.00 0.00 0.01 0.01 0.01 0.00
0.00 0.01 0.00 0.00 0.00 0.00 0.01 0.00
0.01 0.03 0.00 0.00 0.02 0.02 0.01 0.02
0.01 0.05 0.00 0.00 0.02 0.03 0.00 0.03
0.03 0.15 0.01 0.00 0.07 0.08 0.03 0.05
0.08 0.35 0.02 0.01 0.15 0.17 0.12 0.14
0.07 0.28 0.02 0.02 0.14 0.13 0.08 0.25
0.02 0.07 0.01 0.00 0.04 0.04 0.05 0.04
0.02 0.08 0.01 0.00 0.04 0.04 0.04 0.03
0.02 0.08 0.00 0.00 0.04 0.05 0.03 0.02
0.01 0.05 0.00 0.00 0.03 0.04 0.03 0.02
0.00 0.02 0.00 0.00 0.01 0.02 0.01 0.01
0.00 0.01 0.00 0.00 0.01 0.01 0.02 0.01
0.00 0.00 0.00 0.00 0.00 0.00 0.01 0.01
0.00 0.00 0.00 0.00 0.00 0.00 0.00 0.00
0.00 0.00 0.00 0.00 0.00 0.00 0.00 0.01
0.00 0.00 0.00 0.00 0.00 0.00 0.01 0.00
0.00 0.00 0.00 0.00 0.00 0.00 0.01 0.00
0.00 0.00 0.00 0.00 0.00 0.00 0.00 0.00
0.00 0.00 0.00 0.00 0.00 0.00 0.01 0.00
0.00 0.00 0.00 0.00 0.00 0.00 0.00 0.00
0.00 0.00 0.00 0.00 0.00 0.00 0.00 0.01
0.00 0.00 0.00 0.00 0.00 0.00 0.00 0.01
0.00 0.00 0.00 0.00 0.00 0.00 0.00 0.01
0.00 0.00 0.00 0.00 0.00 0.00 0.00 0.00
0.00 0.00 0.00 0.00 0.00 0.00 0.00 0.00
0.00 0.00 0.00 0.00 0.00 0.00 0.00 0.01
0.00 0.00 0.00 0.00 0.00 0.00 0.00 0.00
0.00 0.00 0.00 0.00 0.00 0.00 0.01 0.00
0.00 0.00 0.00 0.00 0.00 0.00 0.00 0.00
0.00 0.01 0.00 0.00 0.00 0.00 0.00 0.02
0.03 0.13 0.01 0.01 0.06 0.05 0.06 0.07
0.00 0.00 0.00 0.00 0.00 0.00 0.00 0.03
0.00 0.00 0.00 0.00 0.00 0.00 0.00 0.02
0.00 0.00 0.00 0.00 0.00 0.00 0.01 0.00
0.00 0.00 0.00 0.00 0.00 0.00 0.01 0.00
0.00 0.01 0.00 0.00 0.01 0.01 0.03 0.01
