5.99 12.66 3.14 2.17 40.36 37.11 43.17 44.77
6.34 13.68 3.03 2.31 40.11 36.77 43.32 44.50
6.43 14.04 3.05 2.19 40.05 36.66 43.29 44.72
6.44 14.14 3.04 2.15 40.04 36.63 43.30 44.80
6.49 14.09 3.18 2.19 40.01 36.64 43.10 44.73
6.86 15.00 3.21 2.37 39.77 36.37 43.07 44.39
7.01 15.25 3.38 2.40 39.67 36.30 42.85 44.33
7.51 16.47 3.56 2.51 39.37 35.96 42.62 44.14
6.43 13.99 3.14 2.15 40.05 36.67 43.16 44.81
7.17 15.57 3.35 2.60 39.57 36.21 42.88 43.98
7.25 15.82 3.30 2.64 39.53 36.14 42.95 43.91
6.88 15.36 3.03 2.25 39.75 36.27 43.32 44.60
6.74 14.97 3.04 2.20 39.85 36.38 43.30 44.70
7.87 17.56 3.68 2.38 39.17 35.69 42.47 44.37
7.58 17.24 3.18 2.32 39.33 35.77 43.10 44.48
8.00 18.16 3.44 2.39 39.10 35.54 42.77 44.35
7.34 16.60 3.27 2.16 39.47 35.93 42.99 44.79
7.27 16.67 3.19 1.96 39.51 35.91 43.10 45.22
6.43 14.74 2.82 1.72 40.05 36.45 43.63 45.77
6.42 14.79 2.75 1.73 40.05 36.43 43.73 45.76
6.33 14.34 2.86 1.78 40.12 36.57 43.57 45.62
6.02 13.55 2.63 1.87 40.34 36.81 43.93 45.42
6.20 13.76 2.89 1.95 40.21 36.74 43.53 45.24
5.86 12.89 2.83 1.83 40.45 37.02 43.61 45.50
4.99 11.00 2.40 1.58 41.15 37.71 44.33 46.14
4.74 10.53 2.26 1.44 41.37 37.91 44.59 46.55
4.21 9.37 1.93 1.33 41.88 38.41 45.27 46.88
4.04 9.08 1.89 1.17 42.06 38.55 45.37 47.44
3.84 8.50 1.88 1.12 42.29 38.84 45.39 47.64
3.97 8.60 2.05 1.26 42.14 38.78 45.02 47.13
2.70 5.23 1.75 1.14 43.81 40.95 45.70 47.55
2.61 4.98 1.63 1.22 43.96 41.16 46.02 47.26
3.02 5.79 1.84 1.43 43.33 40.51 45.49 46.57
2.97 5.67 1.87 1.39 43.40 40.60 45.41 46.72
2.61 4.89 1.68 1.25 43.97 41.24 45.87 47.17
2.40 4.51 1.53 1.15 44.34 41.59 46.27 47.54
2.54 4.81 1.63 1.17 44.09 41.31 46.01 47.46
2.37 4.47 1.55 1.10 44.37 41.63 46.23 47.70
2.39 4.51 1.54 1.12 44.35 41.59 46.26 47.66
2.66 5.02 1.69 1.27 43.89 41.13 45.85 47.11
2.94 5.59 1.83 1.41 43.44 40.65 45.51 46.65
2.80 5.37 1.75 1.29 43.66 40.84 45.72 47.02
2.75 5.41 1.67 1.15 43.74 40.79 45.90 47.51
2.49 5.03 1.51 0.93 44.17 41.12 46.33 48.47
2.49 5.05 1.51 0.89 44.18 41.10 46.35 48.61
2.42 4.97 1.49 0.80 44.29 41.17 46.41 49.09
2.32 4.77 1.45 0.73 44.48 41.34 46.52 49.54
2.26 4.71 1.40 0.67 44.59 41.41 46.67 49.86
2.17 4.52 1.34 0.66 44.77 41.58 46.87 49.96
1.89 4.01 1.16 0.52 45.36 42.10 47.50 51.00
1.71 3.64 1.09 0.40 45.79 42.52 47.75 52.08
1.82 3.83 1.16 0.47 45.53 42.30 47.51 51.38
2.08 4.42 1.28 0.52 44.96 41.68 47.05 50.93
2.03 4.35 1.25 0.49 45.06 41.74 47.16 51.26
2.11 4.53 1.25 0.54 44.90 41.57 47.16 50.83
1.94 4.19 1.14 0.47 45.26 41.91 47.56 51.38
1.93 4.19 1.09 0.50 45.28 41.91 47.75 51.16
1.74 3.75 1.01 0.48 45.72 42.39 48.10 51.38
1.53 3.25 0.88 0.46 46.28 43.01 48.67 51.50
1.61 3.37 0.98 0.48 46.06 42.85 48.24 51.29
1.73 3.67 1.08 0.45 45.74 42.49 47.79 51.56
1.70 3.56 1.10 0.44 45.83 42.62 47.72 51.70
1.48 3.05 0.97 0.43 46.42 43.28 48.28 51.83
1.44 3.09 0.90 0.32 46.56 43.23 48.58 53.06
1.35 2.85 0.87 0.32 46.83 43.58 48.72 53.06
1.44 3.11 0.89 0.34 46.53 43.20 48.65 52.87
1.64 3.46 1.00 0.46 45.98 42.74 48.12 51.53
1.62 3.39 1.02 0.45 46.04 42.84 48.04 51.59
1.46 3.01 0.94 0.43 46.49 43.35 48.39 51.83
1.43 3.03 0.93 0.35 46.57 43.32 48.48 52.73
1.42 3.01 0.93 0.34 46.60 43.35 48.46 52.86
1.40 2.96 0.91 0.33 46.67 43.42 48.52 52.98
1.55 3.17 1.03 0.45 46.22 43.12 47.99 51.58
1.50 3.09 0.98 0.43 46.37 43.22 48.24 51.81
1.57 3.27 1.01 0.44 46.16 42.99 48.08 51.70
1.91 3.87 1.29 0.56 45.32 42.25 47.01 50.64
2.18 4.24 1.52 0.78 44.74 41.86 46.31 49.21
2.44 4.53 1.71 1.07 44.26 41.57 45.81 47.82
2.58 4.72 1.70 1.34 44.01 41.40 45.82 46.86
2.90 5.17 1.88 1.64 43.51 41.00 45.38 45.98
3.13 5.49 2.14 1.76 43.18 40.73 44.84 45.69
3.02 5.27 2.01 1.79 43.32 40.92 45.10 45.59
2.92 4.98 2.03 1.74 43.48 41.16 45.05 45.73
2.71 4.56 1.81 1.76 43.80 41.54 45.55 45.66
2.82 4.64 1.98 1.85 43.62 41.47 45.16 45.47
2.63 4.26 1.84 1.78 43.94 41.84 45.48 45.62
2.66 4.33 1.83 1.82 43.88 41.76 45.51 45.53
2.39 3.85 1.73 1.61 44.34 42.27 45.76 46.08
2.21 3.57 1.54 1.52 44.69 42.60 46.27 46.30
2.16 3.51 1.48 1.50 44.78 42.68 46.43 46.37
2.33 3.89 1.49 1.60 44.46 42.24 46.39 46.08
2.54 4.18 1.72 1.73 44.08 41.92 45.77 45.75
2.52 4.12 1.68 1.77 44.12 41.99 45.88 45.66
2.39 3.94 1.59 1.66 44.34 42.18 46.13 45.93
2.13 3.44 1.37 1.59 44.85 42.77 46.78 46.13
2.03 3.30 1.28 1.50 45.07 42.95 47.06 46.37
2.06 3.36 1.30 1.52 45.00 42.88 47.00 46.32
2.45 4.03 1.67 1.63 44.25 42.07 45.90 46.02
2.62 4.52 1.74 1.60 43.95 41.58 45.72 46.11
2.74 4.79 1.82 1.60 43.76 41.33 45.52 46.09
2.95 5.09 2.01 1.76 43.43 41.06 45.10 45.69
3.09 5.30 2.06 1.89 43.24 40.89 44.98 45.36
2.92 5.19 1.95 1.63 43.47 40.97 45.23 46.02
3.13 5.57 2.08 1.75 43.17 40.67 44.96 45.69
3.08 5.56 2.09 1.60 43.25 40.68 44.94 46.09
3.37 6.14 2.34 1.64 42.86 40.26 44.46 45.99
3.42 6.19 2.33 1.75 42.79 40.22 44.47 45.72
3.32 5.99 2.29 1.67 42.93 40.35 44.53 45.92
2.93 5.39 1.96 1.45 43.46 40.82 45.20 46.52
2.63 4.98 1.76 1.16 43.93 41.16 45.68 47.50
2.44 4.52 1.64 1.18 44.25 41.58 45.99 47.42
2.45 4.57 1.59 1.19 44.25 41.53 46.13 47.39
2.11 3.86 1.46 1.01 44.89 42.27 46.49 48.09
2.17 3.94 1.48 1.11 44.76 42.18 46.43 47.69
2.25 4.17 1.51 1.06 44.62 41.93 46.34 47.89
2.52 4.63 1.65 1.27 44.12 41.48 45.96 47.10
2.55 4.78 1.61 1.24 44.08 41.34 46.07 47.20
2.63 4.91 1.66 1.33 43.93 41.22 45.94 46.90
2.73 5.17 1.63 1.39 43.77 40.99 46.01 46.69
2.74 5.10 1.68 1.43 43.75 41.05 45.86 46.56
2.53 4.67 1.56 1.38 44.09 41.44 46.21 46.74
2.69 4.95 1.63 1.51 43.82 41.18 46.02 46.34
2.73 5.10 1.55 1.53 43.78 41.06 46.22 46.29
3.03 5.71 1.74 1.64 43.32 40.57 45.73 45.99
2.95 5.51 1.71 1.64 43.43 40.72 45.80 45.98
2.97 5.47 1.73 1.71 43.40 40.75 45.76 45.81
2.97 5.60 1.75 1.56 43.40 40.65 45.70 46.20
2.76 5.27 1.63 1.37 43.73 40.91 46.02 46.77
2.48 4.94 1.39 1.12 44.18 41.20 46.69 47.64
2.42 5.00 1.31 0.96 44.29 41.14 46.97 48.32
2.34 4.90 1.24 0.89 44.43 41.23 47.19 48.65
2.43 5.20 1.29 0.82 44.27 40.97 47.03 49.02
2.67 5.69 1.42 0.90 43.87 40.58 46.62 48.58
3.11 6.54 1.61 1.17 43.21 39.97 46.05 47.47
3.23 6.78 1.66 1.27 43.04 39.82 45.94 47.11
3.42 7.19 1.76 1.31 42.79 39.57 45.67 46.98
3.56 7.52 1.87 1.28 42.62 39.37 45.41 47.07
3.58 7.51 1.95 1.28 42.59 39.38 45.23 47.07
3.57 7.62 1.91 1.18 42.61 39.31 45.32 47.43
3.90 8.48 2.03 1.18 42.22 38.85 45.05 47.41
3.89 8.48 2.06 1.13 42.23 38.85 44.99 47.60
3.73 8.16 1.96 1.08 42.41 39.02 45.21 47.79
3.70 8.14 1.86 1.10 42.45 39.02 45.43 47.74
3.24 7.11 1.57 1.04 43.03 39.62 46.17 47.96
3.10 6.85 1.55 0.91 43.21 39.78 46.22 48.54
2.68 6.03 1.30 0.72 43.85 40.33 46.99 49.58
2.37 5.32 1.22 0.58 44.38 40.87 47.26 50.51
2.25 5.09 1.14 0.53 44.61 41.07 47.55 50.93
2.24 5.00 1.20 0.51 44.63 41.14 47.32 51.09
2.31 5.21 1.23 0.50 44.50 40.97 47.25 51.17
2.43 5.48 1.31 0.51 44.27 40.75 46.97 51.04
2.52 5.71 1.34 0.51 44.12 40.56 46.87 51.08
2.29 5.14 1.25 0.49 44.52 41.03 47.14 51.22
2.15 4.85 1.19 0.42 44.80 41.28 47.38 51.87
2.18 4.95 1.17 0.43 44.74 41.18 47.47 51.80
2.24 5.09 1.20 0.42 44.64 41.06 47.35 51.89
2.25 5.03 1.23 0.48 44.61 41.12 47.24 51.30
2.28 5.08 1.23 0.53 44.55 41.07 47.23 50.91
2.22 4.96 1.20 0.49 44.67 41.18 47.32 51.25
2.12 4.71 1.15 0.49 44.87 41.40 47.52 51.19
1.99 4.47 1.08 0.43 45.13 41.63 47.78 51.73
1.78 3.96 1.00 0.37 45.63 42.15 48.12 52.41
1.89 4.15 1.13 0.38 45.37 41.95 47.61 52.30
1.99 4.38 1.20 0.37 45.15 41.72 47.33 52.44
2.37 5.19 1.43 0.50 44.38 40.98 46.58 51.17
2.57 5.64 1.52 0.56 44.03 40.62 46.32 50.63
2.52 5.58 1.47 0.52 44.12 40.67 46.47 51.00
2.42 5.43 1.32 0.50 44.30 40.78 46.92 51.14
2.53 5.75 1.34 0.49 44.11 40.54 46.86 51.27
2.38 5.41 1.28 0.45 44.36 40.80 47.04 51.61
2.22 4.92 1.25 0.50 44.67 41.22 47.18 51.15
2.22 4.87 1.27 0.51 44.67 41.25 47.11 51.01
2.44 5.27 1.41 0.63 44.26 40.91 46.63 50.15
2.29 4.89 1.36 0.62 44.54 41.24 46.80 50.22
2.12 4.50 1.29 0.57 44.87 41.60 47.01 50.54
2.09 4.45 1.29 0.54 44.93 41.65 47.04 50.85
1.92 4.04 1.22 0.49 45.31 42.07 47.28 51.24
1.88 3.98 1.16 0.49 45.39 42.13 47.48 51.21
2.02 4.21 1.22 0.62 45.09 41.89 47.27 50.23
2.06 4.25 1.23 0.70 44.99 41.85 47.23 49.68
1.97 3.96 1.21 0.73 45.20 42.15 47.32 49.51
2.17 4.35 1.32 0.83 44.77 41.75 46.92 48.94
2.31 4.58 1.42 0.92 44.50 41.53 46.61 48.48
2.52 4.98 1.56 1.02 44.12 41.16 46.21 48.06
2.57 4.99 1.61 1.11 44.03 41.15 46.05 47.69
2.52 4.79 1.62 1.16 44.11 41.33 46.04 47.48
2.62 4.88 1.68 1.28 43.96 41.25 45.89 47.05
2.49 4.63 1.61 1.23 44.17 41.48 46.06 47.24
2.62 4.90 1.67 1.29 43.95 41.23 45.93 47.03
2.74 5.13 1.73 1.36 43.75 41.03 45.76 46.78
2.77 5.17 1.76 1.39 43.70 41.00 45.68 46.69
2.72 5.10 1.73 1.33 43.79 41.06 45.74 46.91
2.53 4.72 1.64 1.22 44.11 41.40 45.98 47.27
2.41 4.49 1.63 1.11 44.31 41.61 46.00 47.69
2.43 4.52 1.66 1.11 44.28 41.58 45.94 47.68
2.45 4.51 1.76 1.08 44.23 41.59 45.66 47.80
2.49 4.60 1.69 1.20 44.16 41.51 45.86 47.34
2.47 4.45 1.68 1.28 44.20 41.65 45.87 47.06
2.40 4.28 1.63 1.28 44.34 41.82 46.01 47.07
2.37 4.31 1.59 1.21 44.38 41.79 46.11 47.32
2.45 4.51 1.61 1.24 44.24 41.59 46.08 47.21
2.51 4.52 1.67 1.33 44.14 41.58 45.91 46.89
2.54 4.52 1.70 1.40 44.08 41.58 45.81 46.67
2.49 4.35 1.67 1.44 44.18 41.74 45.91 46.55
2.58 4.43 1.72 1.59 44.02 41.67 45.78 46.12
2.46 4.21 1.67 1.49 44.23 41.89 45.90 46.41
2.21 3.78 1.45 1.40 44.69 42.36 46.52 46.68
1.93 3.18 1.28 1.33 45.28 43.11 47.05 46.91
2.19 3.50 1.66 1.41 44.72 42.68 45.92 46.63
2.57 4.18 1.99 1.55 44.03 41.92 45.14 46.24
2.58 4.21 1.94 1.59 44.01 41.89 45.26 46.11
2.81 4.63 2.12 1.67 43.65 41.48 44.86 45.91
2.83 4.70 2.06 1.72 43.61 41.41 44.99 45.78
2.75 4.62 1.91 1.72 43.73 41.48 45.32 45.78
3.01 5.13 2.18 1.72 43.34 41.03 44.74 45.77
3.03 5.13 2.17 1.79 43.31 41.03 44.76 45.59
3.15 5.35 2.28 1.82 43.15 40.85 44.55 45.54
3.34 5.64 2.43 1.94 42.90 40.62 44.27 45.25
3.61 6.05 2.68 2.10 42.56 40.31 43.85 44.91
3.55 5.98 2.59 2.08 42.63 40.36 43.99 44.95
3.29 5.63 2.34 1.90 42.96 40.63 44.44 45.35
3.50 5.95 2.61 1.93 42.69 40.39 43.96 45.27
3.20 5.27 2.44 1.89 43.08 40.92 44.27 45.37
3.88 6.69 2.78 2.17 42.24 39.88 43.69 44.76
3.82 6.35 2.79 2.33 42.31 40.11 43.67 44.47
4.39 7.41 3.24 2.53 41.70 39.43 43.03 44.10
4.10 7.04 2.86 2.39 42.00 39.65 43.57 44.35
4.23 7.12 3.08 2.49 41.87 39.61 43.25 44.17
4.70 8.18 3.28 2.66 41.41 39.01 42.97 43.88
5.39 9.71 3.61 2.86 40.81 38.26 42.55 43.57
5.26 9.26 3.55 2.97 40.92 38.47 42.62 43.40
5.20 9.14 3.42 3.03 40.97 38.52 42.79 43.32
5.05 8.79 3.35 3.01 41.10 38.69 42.89 43.34
4.69 8.31 2.89 2.85 41.42 38.93 43.52 43.58
4.40 7.90 2.74 2.57 41.69 39.15 43.76 44.03
4.38 8.01 2.72 2.41 41.72 39.10 43.78 44.32
3.92 7.05 2.54 2.18 42.20 39.65 44.08 44.74
3.48 6.44 2.16 1.85 42.71 40.04 44.79 45.46
3.30 6.19 2.09 1.63 42.94 40.22 44.93 46.02
3.05 5.73 1.94 1.46 43.29 40.55 45.25 46.48
3.16 6.08 2.01 1.38 43.14 40.30 45.11 46.74
3.35 6.53 2.10 1.43 42.88 39.98 44.91 46.59
3.04 5.86 1.97 1.28 43.31 40.45 45.20 47.07
2.79 5.58 1.78 1.02 43.67 40.66 45.64 48.05
2.58 5.16 1.64 0.94 44.02 41.01 45.98 48.39
2.67 5.43 1.64 0.95 43.86 40.79 45.98 48.34
2.63 5.22 1.63 1.03 43.94 40.95 46.00 48.02
2.62 5.28 1.60 1.00 43.94 40.91 46.10 48.12
2.54 5.06 1.61 0.95 44.08 41.09 46.05 48.36
2.53 5.13 1.54 0.91 44.10 41.03 46.25 48.52
2.52 5.10 1.58 0.87 44.12 41.06 46.15 48.72
2.53 5.10 1.60 0.90 44.10 41.05 46.08 48.62
2.67 5.35 1.67 0.99 43.87 40.85 45.92 48.19
2.90 5.76 1.82 1.10 43.52 40.52 45.53 47.71
2.87 5.81 1.76 1.04 43.55 40.49 45.66 47.95
2.78 5.69 1.66 0.99 43.69 40.58 45.93 48.17
2.62 5.34 1.54 0.97 43.95 40.86 46.26 48.26
2.65 5.31 1.60 1.04 43.89 40.87 46.09 47.94
2.69 5.33 1.61 1.13 43.84 40.86 46.06 47.60
2.65 5.21 1.60 1.17 43.89 40.96 46.10 47.47
2.58 5.05 1.58 1.10 44.02 41.10 46.14 47.70
2.44 4.75 1.50 1.06 44.26 41.36 46.38 47.89
2.26 4.38 1.40 1.01 44.59 41.72 46.66 48.10
2.21 4.30 1.39 0.96 44.68 41.80 46.71 48.33
2.45 4.82 1.50 1.02 44.24 41.30 46.37 48.03
2.38 4.71 1.48 0.95 44.36 41.40 46.43 48.33
2.65 5.29 1.57 1.09 43.90 40.89 46.18 47.74
2.65 5.22 1.60 1.12 43.91 40.95 46.10 47.64
2.84 5.61 1.66 1.23 43.61 40.65 45.92 47.23
2.82 5.53 1.70 1.25 43.62 40.71 45.84 47.17
2.63 5.21 1.57 1.09 43.94 40.96 46.17 47.75
2.66 5.33 1.61 1.05 43.88 40.87 46.08 47.93
2.50 5.04 1.51 0.95 44.15 41.11 46.34 48.35
2.19 4.47 1.31 0.78 44.73 41.63 46.94 49.20
2.06 4.19 1.34 0.67 44.99 41.92 46.87 49.90
1.99 4.12 1.19 0.65 45.15 41.98 47.38 49.98
2.03 4.18 1.20 0.70 45.07 41.92 47.34 49.70
2.13 4.43 1.23 0.71 44.86 41.67 47.22 49.60
2.25 4.64 1.33 0.78 44.61 41.47 46.89 49.22
2.22 4.60 1.27 0.81 44.66 41.51 47.10 49.07
2.12 4.34 1.18 0.82 44.87 41.75 47.40 49.00
2.31 4.77 1.29 0.87 44.49 41.35 47.01 48.74
2.42 4.95 1.38 0.93 44.29 41.18 46.73 48.46
2.90 5.93 1.70 1.08 43.50 40.40 45.83 47.82
3.25 6.62 1.87 1.26 43.01 39.92 45.40 47.12
3.46 6.98 2.06 1.34 42.74 39.70 45.00 46.85
3.35 6.88 1.89 1.28 42.88 39.76 45.36 47.05
3.69 7.59 2.07 1.40 42.46 39.33 44.96 46.66
3.97 8.16 2.29 1.46 42.14 39.01 44.53 46.50
4.01 8.29 2.31 1.43 42.10 38.95 44.49 46.58
3.78 7.72 2.21 1.39 42.36 39.26 44.68 46.69
4.02 8.44 2.34 1.30 42.08 38.87 44.44 47.01
3.75 7.86 2.12 1.27 42.39 39.18 44.87 47.10
3.48 7.23 2.01 1.20 42.71 39.54 45.09 47.33
3.36 6.74 1.96 1.38 42.88 39.85 45.23 46.74
3.28 6.49 1.89 1.46 42.97 40.01 45.37 46.49
3.05 5.89 1.91 1.36 43.28 40.43 45.33 46.79
3.01 5.61 1.90 1.50 43.35 40.64 45.34 46.39
2.60 4.77 1.67 1.36 43.98 41.34 45.91 46.80
2.68 4.81 1.71 1.51 43.86 41.31 45.79 46.36
