5.99 12.66 3.14 2.17 40.36 37.11 43.17 44.77
6.34 13.68 3.03 2.31 40.11 36.77 43.32 44.50
6.43 14.04 3.05 2.19 40.05 36.66 43.29 44.72
6.44 14.14 3.04 2.15 40.04 36.63 43.30 44.80
6.49 14.09 3.18 2.19 40.01 36.64 43.10 44.73
6.86 15.00 3.21 2.37 39.77 36.37 43.07 44.39
7.01 15.25 3.38 2.40 39.67 36.30 42.85 44.33
7.51 16.47 3.56 2.51 39.37 35.96 42.62 44.14
6.43 13.99 3.14 2.15 40.05 36.67 43.16 44.81
7.17 15.57 3.35 2.60 39.57 36.21 42.88 43.98
7.25 15.82 3.30 2.64 39.53 36.14 42.95 43.91
6.88 15.36 3.03 2.25 39.75 36.27 43.32 44.60
6.74 14.97 3.04 2.20 39.85 36.38 43.30 44.70
7.87 17.56 3.68 2.38 39.17 35.69 42.47 44.37
7.58 17.24 3.18 2.32 39.33 35.77 43.10 44.48
8.00 18.16 3.44 2.39 39.10 35.54 42.77 44.35
7.34 16.60 3.27 2.16 39.47 35.93 42.99 44.79
7.27 16.67 3.19 1.96 39.51 35.91 43.10 45.22
6.43 14.74 2.82 1.72 40.05 36.45 43.63 45.77
6.42 14.79 2.75 1.73 40.05 36.43 43.73 45.76
6.33 14.34 2.86 1.78 40.12 36.57 43.57 45.62
6.02 13.54 2.64 1.87 40.34 36.81 43.92 45.41
6.20 13.76 2.89 1.95 40.21 36.74 43.53 45.24
5.86 12.90 2.83 1.83 40.45 37.02 43.61 45.50
4.99 11.01 2.40 1.58 41.15 37.71 44.33 46.14
4.75 10.54 2.26 1.44 41.37 37.90 44.60 46.55
4.21 9.37 1.93 1.33 41.89 38.41 45.26 46.89
4.05 9.08 1.89 1.18 42.06 38.55 45.37 47.42
3.82 8.50 1.86 1.11 42.31 38.84 45.43 47.69
3.98 8.64 2.04 1.25 42.13 38.76 45.02 47.15
2.83 5.55 1.80 1.15 43.61 40.69 45.59 47.53
2.75 5.31 1.69 1.25 43.74 40.88 45.85 47.15
3.15 6.10 1.87 1.47 43.15 40.28 45.40 46.46
3.13 5.99 1.94 1.44 43.18 40.36 45.25 46.55
2.72 5.15 1.72 1.27 43.79 41.01 45.77 47.08
2.53 4.79 1.60 1.20 44.10 41.33 46.09 47.36
2.74 5.25 1.75 1.21 43.77 40.94 45.72 47.31
2.51 4.74 1.64 1.15 44.14 41.38 45.99 47.53
2.51 4.77 1.62 1.15 44.14 41.35 46.06 47.54
2.83 5.39 1.78 1.31 43.63 40.82 45.62 46.96
3.08 5.90 1.91 1.43 43.25 40.43 45.34 46.58
2.87 5.56 1.77 1.28 43.56 40.69 45.65 47.07
2.80 5.56 1.68 1.16 43.66 40.68 45.87 47.49
2.54 5.18 1.50 0.94 44.09 40.99 46.36 48.42
2.57 5.25 1.53 0.92 44.04 40.93 46.28 48.51
2.54 5.24 1.53 0.84 44.09 40.94 46.28 48.92
2.40 4.97 1.49 0.74 44.33 41.17 46.39 49.45
2.32 4.84 1.42 0.69 44.48 41.28 46.58 49.75
2.21 4.60 1.34 0.68 44.69 41.50 46.85 49.78
1.92 4.06 1.17 0.53 45.29 42.05 47.45 50.85
1.74 3.70 1.11 0.41 45.72 42.45 47.66 52.00
1.85 3.90 1.16 0.48 45.46 42.22 47.48 51.30
2.10 4.49 1.28 0.52 44.91 41.61 47.06 50.96
2.04 4.38 1.26 0.48 45.03 41.72 47.12 51.30
2.12 4.57 1.27 0.53 44.86 41.53 47.08 50.90
1.97 4.28 1.16 0.46 45.19 41.81 47.49 51.46
1.96 4.29 1.11 0.49 45.21 41.81 47.69 51.27
1.77 3.82 1.02 0.46 45.66 42.31 48.04 51.52
1.56 3.32 0.89 0.45 46.21 42.91 48.63 51.57
1.62 3.42 0.97 0.47 46.03 42.79 48.25 51.39
1.75 3.71 1.08 0.46 45.70 42.44 47.79 51.55
1.71 3.59 1.09 0.45 45.81 42.58 47.75 51.60
1.50 3.10 0.97 0.44 46.36 43.21 48.27 51.72
1.44 3.10 0.89 0.32 46.56 43.22 48.62 53.10
1.36 2.88 0.87 0.32 46.81 43.54 48.75 53.06
1.45 3.13 0.89 0.34 46.51 43.18 48.64 52.86
1.67 3.50 1.03 0.48 45.91 42.69 48.02 51.33
1.65 3.45 1.03 0.47 45.96 42.75 48.03 51.40
1.49 3.07 0.96 0.44 46.40 43.25 48.32 51.73
1.45 3.08 0.93 0.36 46.50 43.25 48.46 52.57
1.45 3.07 0.94 0.35 46.51 43.27 48.40 52.67
1.42 3.01 0.91 0.34 46.60 43.34 48.54 52.82
1.57 3.23 1.01 0.47 46.17 43.04 48.06 51.43
1.51 3.13 0.97 0.44 46.33 43.18 48.26 51.67
1.59 3.30 1.02 0.45 46.11 42.94 48.06 51.59
1.92 3.89 1.30 0.58 45.28 42.23 46.99 50.48
2.21 4.28 1.53 0.81 44.70 41.81 46.29 49.06
2.48 4.60 1.75 1.09 44.19 41.50 45.70 47.76
2.61 4.76 1.72 1.36 43.96 41.35 45.79 46.82
2.94 5.23 1.91 1.67 43.45 40.95 45.31 45.92
3.14 5.49 2.16 1.78 43.16 40.74 44.79 45.63
3.03 5.30 2.00 1.81 43.31 40.88 45.13 45.57
2.93 5.01 2.04 1.74 43.46 41.13 45.03 45.72
2.71 4.55 1.80 1.77 43.81 41.55 45.58 45.65
2.87 4.74 1.99 1.87 43.55 41.37 45.14 45.43
2.65 4.31 1.85 1.80 43.89 41.79 45.46 45.59
2.67 4.35 1.84 1.83 43.86 41.74 45.49 45.50
2.42 3.89 1.74 1.63 44.29 42.23 45.74 46.00
2.24 3.63 1.54 1.54 44.63 42.53 46.25 46.24
2.21 3.60 1.51 1.52 44.69 42.57 46.36 46.31
2.30 3.81 1.51 1.58 44.51 42.32 46.35 46.14
2.72 4.41 1.83 1.92 43.79 41.69 45.52 45.29
2.77 4.59 1.81 1.92 43.71 41.51 45.56 45.31
2.47 4.09 1.60 1.71 44.21 42.01 46.08 45.80
2.23 3.61 1.44 1.63 44.65 42.56 46.55 46.00
2.07 3.38 1.30 1.54 44.97 42.85 47.01 46.24
2.17 3.56 1.37 1.59 44.76 42.62 46.76 46.12
2.46 4.12 1.68 1.57 44.23 41.99 45.87 46.16
2.59 4.52 1.70 1.56 44.00 41.58 45.83 46.21
2.77 4.90 1.81 1.60 43.70 41.22 45.55 46.10
2.92 5.03 2.00 1.73 43.48 41.12 45.12 45.75
3.21 5.54 2.13 1.97 43.07 40.70 44.85 45.20
3.38 5.96 2.23 1.97 42.84 40.38 44.65 45.19
3.47 6.06 2.32 2.02 42.73 40.31 44.48 45.07
3.27 5.85 2.22 1.75 42.98 40.46 44.67 45.71
3.62 6.56 2.47 1.83 42.54 39.96 44.20 45.51
3.62 6.51 2.46 1.87 42.55 40.00 44.21 45.41
3.48 6.29 2.40 1.75 42.72 40.14 44.33 45.70
3.01 5.54 2.01 1.50 43.34 40.69 45.10 46.38
2.71 5.13 1.80 1.19 43.80 41.03 45.58 47.36
2.52 4.66 1.69 1.21 44.12 41.45 45.87 47.32
2.53 4.73 1.62 1.23 44.11 41.38 46.05 47.22
2.16 3.96 1.48 1.04 44.79 42.15 46.44 47.96
2.22 4.05 1.50 1.12 44.67 42.06 46.39 47.65
2.31 4.31 1.54 1.07 44.50 41.79 46.26 47.85
2.62 4.82 1.72 1.32 43.95 41.30 45.77 46.94
2.67 5.06 1.68 1.27 43.86 41.09 45.88 47.10
2.72 5.08 1.72 1.36 43.78 41.07 45.78 46.79
2.78 5.29 1.66 1.39 43.69 40.89 45.93 46.71
2.81 5.26 1.72 1.44 43.65 40.92 45.77 46.54
2.64 4.92 1.62 1.37 43.92 41.21 46.04 46.76
2.91 5.45 1.72 1.55 43.51 40.78 45.79 46.24
2.86 5.43 1.62 1.52 43.57 40.79 46.04 46.30
3.17 6.14 1.78 1.61 43.11 40.26 45.64 46.06
3.03 5.76 1.74 1.59 43.32 40.52 45.74 46.13
3.16 6.01 1.79 1.67 43.14 40.35 45.59 45.90
3.09 5.98 1.77 1.53 43.23 40.37 45.66 46.28
3.04 6.02 1.72 1.39 43.31 40.36 45.79 46.69
2.78 5.67 1.51 1.16 43.70 40.61 46.35 47.49
2.79 5.90 1.44 1.03 43.71 40.46 46.56 48.03
2.74 5.83 1.40 1.00 43.78 40.51 46.70 48.16
2.88 6.27 1.45 0.93 43.58 40.21 46.54 48.49
3.04 6.56 1.58 0.99 43.32 39.98 46.16 48.21
3.50 7.49 1.73 1.26 42.71 39.41 45.75 47.13
3.73 7.95 1.84 1.39 42.44 39.16 45.48 46.70
3.97 8.54 1.94 1.42 42.18 38.86 45.27 46.62
4.04 8.65 2.07 1.42 42.09 38.79 45.00 46.64
4.08 8.69 2.14 1.41 42.05 38.77 44.84 46.65
4.12 8.88 2.16 1.33 42.01 38.68 44.80 46.91
4.33 9.50 2.23 1.27 41.79 38.38 44.67 47.12
4.39 9.66 2.28 1.24 41.73 38.31 44.56 47.22
4.15 9.14 2.12 1.20 41.97 38.54 44.88 47.38
4.12 9.13 2.03 1.20 42.00 38.55 45.08 47.34
3.48 7.69 1.64 1.10 42.74 39.29 45.99 47.74
3.24 7.20 1.57 0.95 43.04 39.57 46.19 48.36
2.86 6.47 1.34 0.76 43.58 40.02 46.88 49.32
2.49 5.64 1.21 0.60 44.18 40.62 47.30 50.34
2.33 5.32 1.14 0.53 44.45 40.87 47.56 50.87
2.31 5.23 1.20 0.52 44.49 40.95 47.33 51.00
2.42 5.53 1.24 0.50 44.28 40.70 47.19 51.16
2.51 5.68 1.34 0.52 44.13 40.59 46.87 50.95
2.60 5.90 1.37 0.52 43.99 40.42 46.78 50.98
2.37 5.31 1.30 0.50 44.38 40.88 46.98 51.14
2.21 5.00 1.21 0.43 44.68 41.14 47.30 51.77
2.26 5.12 1.21 0.44 44.60 41.04 47.32 51.70
2.29 5.23 1.21 0.43 44.53 40.95 47.28 51.82
2.31 5.20 1.24 0.49 44.49 40.97 47.18 51.20
2.35 5.26 1.25 0.54 44.42 40.92 47.16 50.84
2.27 5.08 1.23 0.49 44.57 41.07 47.25 51.19
2.19 4.88 1.18 0.51 44.73 41.25 47.42 51.10
2.03 4.57 1.08 0.44 45.06 41.53 47.78 51.72
1.83 4.10 1.01 0.38 45.51 42.01 48.09 52.35
1.92 4.25 1.13 0.39 45.29 41.85 47.60 52.26
2.00 4.44 1.20 0.37 45.11 41.66 47.35 52.47
2.40 5.29 1.43 0.49 44.33 40.90 46.58 51.23
2.62 5.77 1.52 0.55 43.96 40.52 46.32 50.71
2.55 5.68 1.47 0.51 44.06 40.59 46.45 51.07
2.44 5.52 1.31 0.49 44.25 40.71 46.96 51.22
2.54 5.81 1.33 0.48 44.08 40.49 46.88 51.31
2.39 5.48 1.26 0.44 44.34 40.74 47.12 51.74
2.24 4.96 1.24 0.50 44.64 41.18 47.19 51.13
2.24 4.92 1.26 0.52 44.64 41.21 47.11 50.99
2.52 5.49 1.43 0.63 44.12 40.73 46.57 50.12
2.40 5.15 1.41 0.65 44.32 41.02 46.63 50.02
2.20 4.65 1.36 0.61 44.70 41.45 46.81 50.31
2.19 4.64 1.35 0.57 44.74 41.47 46.83 50.58
2.04 4.31 1.28 0.53 45.04 41.79 47.05 50.93
1.97 4.16 1.21 0.53 45.20 41.94 47.30 50.93
2.10 4.40 1.26 0.65 44.91 41.70 47.14 50.04
2.11 4.38 1.26 0.70 44.88 41.71 47.15 49.67
2.01 4.06 1.23 0.73 45.11 42.04 47.24 49.53
2.34 4.75 1.40 0.86 44.45 41.36 46.67 48.81
2.49 5.02 1.48 0.95 44.18 41.12 46.43 48.33
2.67 5.35 1.60 1.05 43.87 40.84 46.09 47.91
2.72 5.30 1.70 1.15 43.79 40.89 45.82 47.52
2.60 4.99 1.66 1.16 43.97 41.14 45.94 47.49
2.70 5.08 1.71 1.29 43.83 41.07 45.79 47.02
2.51 4.66 1.62 1.24 44.14 41.45 46.04 47.20
2.62 4.95 1.66 1.26 43.94 41.19 45.92 47.11
2.80 5.33 1.71 1.36 43.65 40.86 45.79 46.79
2.88 5.42 1.82 1.41 43.53 40.79 45.54 46.64
2.86 5.38 1.82 1.38 43.56 40.82 45.53 46.73
2.59 4.87 1.68 1.22 44.00 41.26 45.88 47.27
2.47 4.62 1.68 1.10 44.21 41.49 45.88 47.71
2.49 4.67 1.69 1.13 44.16 41.44 45.87 47.60
2.49 4.61 1.76 1.09 44.18 41.49 45.67 47.78
2.55 4.73 1.69 1.21 44.07 41.38 45.85 47.29
2.53 4.62 1.69 1.30 44.09 41.49 45.86 46.99
2.48 4.49 1.64 1.31 44.19 41.61 45.99 46.97
2.51 4.64 1.63 1.26 44.13 41.46 46.01 47.14
2.53 4.72 1.62 1.28 44.09 41.39 46.05 47.07
2.62 4.78 1.70 1.38 43.94 41.34 45.82 46.72
2.62 4.67 1.73 1.45 43.95 41.44 45.74 46.50
2.59 4.57 1.71 1.48 44.01 41.53 45.81 46.44
2.67 4.63 1.77 1.61 43.86 41.47 45.65 46.05
2.59 4.51 1.74 1.51 44.00 41.59 45.74 46.33
2.27 3.92 1.47 1.43 44.57 42.20 46.46 46.58
1.97 3.25 1.33 1.34 45.18 43.01 46.90 46.86
2.25 3.62 1.69 1.44 44.61 42.55 45.85 46.55
2.69 4.43 2.05 1.60 43.83 41.67 45.02 46.09
2.64 4.32 1.98 1.62 43.91 41.78 45.17 46.02
2.90 4.82 2.16 1.71 43.51 41.30 44.80 45.79
2.93 4.93 2.10 1.77 43.46 41.20 44.90 45.65
2.84 4.83 1.95 1.76 43.59 41.29 45.24 45.68
3.10 5.34 2.19 1.77 43.22 40.85 44.72 45.65
3.14 5.37 2.21 1.83 43.17 40.84 44.69 45.50
3.25 5.61 2.31 1.84 43.01 40.64 44.51 45.47
3.40 5.81 2.43 1.96 42.82 40.49 44.27 45.20
3.68 6.24 2.71 2.12 42.46 40.18 43.81 44.88
3.64 6.18 2.63 2.11 42.52 40.22 43.93 44.89
3.36 5.79 2.37 1.92 42.87 40.51 44.39 45.30
3.55 6.10 2.61 1.94 42.63 40.28 43.97 45.26
3.30 5.55 2.45 1.89 42.95 40.69 44.24 45.36
4.03 7.01 2.85 2.22 42.08 39.68 43.58 44.66
4.04 6.82 2.87 2.43 42.07 39.79 43.55 44.28
4.65 7.99 3.34 2.62 41.46 39.11 42.90 43.96
4.52 7.90 3.03 2.65 41.58 39.17 43.33 43.91
4.72 8.20 3.28 2.69 41.40 39.01 42.98 43.84
5.22 9.20 3.57 2.88 40.97 38.51 42.61 43.55
5.78 10.42 3.80 3.12 40.52 37.96 42.34 43.20
5.68 10.12 3.78 3.15 40.59 38.09 42.36 43.15
5.68 10.20 3.69 3.14 40.60 38.07 42.47 43.16
5.70 10.22 3.63 3.24 40.59 38.07 42.53 43.04
5.17 9.45 3.09 2.98 41.00 38.39 43.24 43.39
4.84 8.92 2.94 2.65 41.29 38.64 43.45 43.90
4.66 8.70 2.85 2.42 41.45 38.74 43.58 44.29
4.47 8.32 2.74 2.34 41.64 38.95 43.76 44.43
4.11 7.82 2.44 2.05 42.00 39.21 44.25 45.02
3.81 7.27 2.33 1.82 42.33 39.52 44.46 45.54
3.41 6.48 2.16 1.59 42.81 40.02 44.79 46.13
3.17 6.13 2.01 1.38 43.12 40.26 45.11 46.75
3.35 6.54 2.09 1.42 42.88 39.98 44.92 46.61
3.02 5.85 1.96 1.24 43.33 40.46 45.21 47.19
2.83 5.68 1.78 1.02 43.62 40.58 45.63 48.04
2.62 5.28 1.64 0.94 43.95 40.90 45.97 48.41
2.71 5.54 1.64 0.95 43.80 40.70 45.98 48.33
2.67 5.32 1.65 1.03 43.87 40.87 45.95 47.99
2.70 5.45 1.62 1.02 43.82 40.77 46.04 48.06
2.61 5.23 1.63 0.96 43.97 40.95 46.02 48.30
2.59 5.27 1.57 0.92 44.01 40.91 46.18 48.47
2.60 5.28 1.63 0.89 43.98 40.90 46.03 48.64
2.60 5.26 1.63 0.91 43.98 40.92 46.02 48.54
2.73 5.49 1.69 1.00 43.77 40.73 45.84 48.12
2.94 5.85 1.86 1.10 43.45 40.46 45.43 47.71
2.91 5.90 1.78 1.04 43.50 40.42 45.63 47.98
2.80 5.76 1.67 0.99 43.65 40.52 45.91 48.18
2.69 5.50 1.57 0.98 43.84 40.73 46.16 48.21
2.76 5.55 1.64 1.08 43.72 40.69 45.99 47.78
2.84 5.64 1.70 1.20 43.59 40.62 45.83 47.35
2.89 5.69 1.71 1.25 43.53 40.58 45.81 47.14
2.74 5.38 1.66 1.17 43.76 40.82 45.93 47.43
2.59 5.08 1.56 1.12 44.01 41.07 46.21 47.63
2.41 4.70 1.46 1.06 44.32 41.41 46.50 47.88
2.37 4.64 1.46 1.02 44.38 41.46 46.51 48.06
2.61 5.23 1.56 1.05 43.96 40.95 46.19 47.93
2.54 5.07 1.54 1.01 44.09 41.09 46.26 48.11
2.92 5.91 1.67 1.18 43.48 40.42 45.90 47.42
2.92 5.84 1.72 1.19 43.49 40.48 45.77 47.37
3.18 6.37 1.82 1.34 43.13 40.11 45.54 46.87
3.23 6.44 1.86 1.39 43.06 40.06 45.45 46.75
2.89 5.82 1.72 1.14 43.52 40.48 45.80 47.58
2.90 5.90 1.72 1.10 43.51 40.43 45.79 47.74
2.76 5.67 1.61 1.01 43.72 40.60 46.07 48.08
2.40 4.95 1.43 0.83 44.33 41.19 46.58 48.94
2.15 4.46 1.34 0.67 44.80 41.64 46.85 49.88
2.06 4.30 1.21 0.66 44.99 41.79 47.30 49.90
2.05 4.25 1.21 0.69 45.01 41.85 47.31 49.75
2.14 4.48 1.24 0.71 44.82 41.61 47.20 49.63
2.24 4.65 1.32 0.77 44.62 41.46 46.92 49.28
2.25 4.66 1.27 0.80 44.62 41.45 47.08 49.07
2.14 4.40 1.20 0.83 44.83 41.70 47.33 48.96
2.31 4.76 1.30 0.88 44.49 41.36 47.00 48.69
2.42 4.94 1.38 0.93 44.30 41.19 46.72 48.45
2.91 5.96 1.69 1.10 43.48 40.38 45.86 47.74
3.27 6.69 1.86 1.26 42.98 39.88 45.43 47.11
3.48 7.03 2.05 1.35 42.72 39.66 45.01 46.81
3.37 6.92 1.90 1.29 42.86 39.73 45.33 47.03
3.70 7.60 2.08 1.41 42.45 39.32 44.95 46.64
3.99 8.21 2.29 1.45 42.13 38.99 44.54 46.51
4.04 8.38 2.32 1.42 42.07 38.90 44.47 46.61
3.79 7.79 2.21 1.39 42.34 39.22 44.68 46.71
4.03 8.47 2.33 1.28 42.08 38.85 44.47 47.05
3.75 7.86 2.13 1.26 42.39 39.17 44.85 47.11
3.44 7.13 1.99 1.19 42.77 39.60 45.15 47.36
3.23 6.48 1.88 1.33 43.04 40.02 45.39 46.90
3.26 6.48 1.88 1.43 43.00 40.02 45.40 46.56
3.06 5.94 1.89 1.35 43.27 40.40 45.36 46.82
3.02 5.66 1.90 1.50 43.33 40.61 45.34 46.36
2.63 4.82 1.69 1.37 43.94 41.30 45.86 46.77
2.71 4.86 1.73 1.54 43.80 41.27 45.75 46.26
