0.00 0.00 0.00 0.00 0.00 0.00 0.00 0.00
0.00 0.00 0.00 0.00 0.00 0.00 0.00 0.00
0.00 0.00 0.00 0.00 0.00 0.00 0.00 0.00
0.00 0.00 0.00 0.00 0.00 0.00 0.00 0.00
0.00 0.00 0.00 0.00 0.00 0.00 0.00 0.00
0.00 0.00 0.00 0.00 0.00 0.00 0.00 0.00
0.00 0.00 0.00 0.00 0.00 0.00 0.00 0.00
0.00 0.00 0.00 0.00 0.00 0.00 0.00 0.00
0.00 0.00 0.00 0.00 0.00 0.00 0.00 0.00
0.00 0.00 0.00 0.00 0.00 0.00 0.00 0.00
0.00 0.00 0.00 0.00 0.00 0.00 0.00 0.00
0.00 0.00 0.00 0.00 0.00 0.00 0.00 0.00
0.00 0.00 0.00 0.00 0.00 0.00 0.00 0.00
0.00 0.00 0.00 0.00 0.00 0.00 0.00 0.00
0.00 0.00 0.00 0.00 0.00 0.00 0.00 0.00
0.00 0.00 0.00 0.00 0.00 0.00 0.00 0.00
0.00 0.00 0.00 0.00 0.00 0.00 0.00 0.00
0.00 0.00 0.00 0.00 0.00 0.00 0.00 0.00
0.00 0.00 0.00 0.00 0.00 0.00 0.00 0.00
0.00 0.00 0.00 0.00 0.00 0.00 0.00 0.00
0.00 0.00 0.00 0.00 0.00 0.00 0.00 0.00
0.00 0.01 0.01 0.00 0.00 0.00 0.01 0.01
0.00 0.00 0.00 0.00 0.00 0.00 0.00 0.00
0.00 0.01 0.00 0.00 0.00 0.00 0.00 0.00
0.01 0.01 0.00 0.00 0.00 0.01 0.01 0.01
0.01 0.01 0.00 0.00 0.01 0.00 0.01 0.02
0.01 0.02 0.01 0.01 0.01 0.01 0.02 0.02
0.01 0.03 0.01 0.01 0.01 0.01 0.03 0.04
0.01 0.02 0.02 0.02 0.01 0.01 0.04 0.08
0.02 0.04 0.02 0.02 0.02 0.02 0.05 0.07
0.07 0.19 0.03 0.02 0.11 0.15 0.07 0.07
0.08 0.19 0.03 0.02 0.12 0.16 0.07 0.07
0.07 0.18 0.03 0.03 0.10 0.12 0.07 0.09
0.09 0.20 0.05 0.03 0.12 0.14 0.11 0.11
0.08 0.17 0.04 0.03 0.12 0.14 0.10 0.11
0.12 0.23 0.07 0.05 0.19 0.20 0.19 0.18
0.16 0.33 0.10 0.07 0.25 0.27 0.24 0.23
0.17 0.30 0.12 0.09 0.27 0.26 0.31 0.30
0.14 0.26 0.10 0.06 0.23 0.23 0.27 0.23
0.17 0.34 0.10 0.06 0.24 0.27 0.23 0.21
0.10 0.21 0.06 0.03 0.14 0.15 0.14 0.10
0.16 0.30 0.10 0.07 0.24 0.24 0.25 0.26
0.09 0.17 0.05 0.04 0.13 0.14 0.13 0.15
0.10 0.21 0.06 0.03 0.18 0.18 0.18 0.15
0.04 0.09 0.02 0.02 0.07 0.08 0.07 0.08
0.02 0.05 0.01 0.01 0.03 0.04 0.04 0.08
0.02 0.04 0.01 0.02 0.03 0.04 0.03 0.10
0.02 0.04 0.03 0.02 0.04 0.03 0.09 0.12
0.01 0.01 0.01 0.02 0.01 0.01 0.03 0.10
0.01 0.03 0.01 0.02 0.03 0.03 0.04 0.12
0.02 0.05 0.02 0.01 0.05 0.05 0.08 0.14
0.01 0.02 0.02 0.01 0.02 0.03 0.07 0.08
0.02 0.03 0.02 0.01 0.03 0.03 0.07 0.09
0.02 0.06 0.02 0.01 0.05 0.06 0.07 0.14
0.02 0.06 0.02 0.01 0.04 0.06 0.06 0.10
0.02 0.05 0.01 0.01 0.05 0.04 0.05 0.09
0.02 0.06 0.01 0.01 0.05 0.06 0.05 0.13
0.02 0.06 0.02 0.01 0.06 0.07 0.06 0.12
0.02 0.04 0.02 0.01 0.05 0.05 0.10 0.15
0.02 0.04 0.03 0.02 0.05 0.06 0.11 0.15
0.01 0.03 0.01 0.01 0.03 0.03 0.06 0.10
0.01 0.03 0.01 0.01 0.03 0.04 0.04 0.08
0.01 0.02 0.01 0.01 0.02 0.02 0.05 0.11
0.01 0.01 0.02 0.01 0.02 0.02 0.08 0.10
0.01 0.03 0.01 0.01 0.03 0.04 0.05 0.11
0.01 0.03 0.01 0.00 0.04 0.05 0.05 0.08
0.02 0.03 0.01 0.01 0.04 0.04 0.06 0.10
0.02 0.04 0.01 0.01 0.04 0.05 0.06 0.12
0.02 0.04 0.01 0.01 0.05 0.05 0.05 0.12
0.02 0.03 0.02 0.01 0.05 0.05 0.07 0.12
0.01 0.03 0.01 0.01 0.04 0.04 0.06 0.12
0.01 0.02 0.01 0.01 0.04 0.04 0.05 0.07
0.02 0.03 0.02 0.01 0.04 0.04 0.07 0.10
0.01 0.02 0.01 0.01 0.03 0.03 0.06 0.09
0.01 0.02 0.03 0.01 0.03 0.03 0.10 0.10
0.02 0.04 0.02 0.01 0.05 0.04 0.07 0.08
0.01 0.04 0.02 0.01 0.03 0.04 0.05 0.06
0.01 0.02 0.02 0.01 0.02 0.02 0.05 0.03
0.01 0.04 0.02 0.01 0.02 0.03 0.06 0.04
0.02 0.04 0.03 0.01 0.03 0.03 0.06 0.02
0.02 0.03 0.03 0.01 0.02 0.02 0.06 0.03
0.02 0.03 0.03 0.02 0.03 0.02 0.06 0.06
0.02 0.05 0.02 0.01 0.03 0.04 0.04 0.04
0.01 0.02 0.02 0.02 0.02 0.02 0.05 0.05
0.03 0.07 0.02 0.02 0.04 0.06 0.05 0.03
0.02 0.04 0.02 0.02 0.03 0.04 0.05 0.04
0.02 0.02 0.02 0.01 0.02 0.02 0.05 0.04
0.03 0.07 0.05 0.03 0.07 0.07 0.11 0.08
0.02 0.04 0.02 0.01 0.03 0.04 0.06 0.04
0.02 0.04 0.03 0.02 0.04 0.05 0.07 0.05
0.02 0.04 0.02 0.02 0.04 0.05 0.05 0.07
0.03 0.05 0.03 0.03 0.04 0.04 0.08 0.07
0.01 0.02 0.03 0.03 0.02 0.02 0.07 0.07
0.03 0.05 0.02 0.03 0.05 0.06 0.06 0.07
0.01 0.02 0.02 0.01 0.02 0.03 0.05 0.03
0.01 0.02 0.01 0.03 0.02 0.03 0.03 0.08
0.01 0.02 0.01 0.01 0.02 0.03 0.04 0.03
0.01 0.03 0.01 0.02 0.02 0.03 0.04 0.07
0.01 0.02 0.02 0.03 0.01 0.02 0.05 0.07
0.01 0.02 0.02 0.01 0.02 0.02 0.05 0.04
0.02 0.04 0.02 0.03 0.03 0.03 0.04 0.07
0.01 0.03 0.04 0.02 0.02 0.02 0.08 0.06
0.02 0.04 0.03 0.01 0.02 0.03 0.05 0.03
0.02 0.04 0.02 0.02 0.03 0.03 0.04 0.05
0.02 0.05 0.02 0.02 0.02 0.04 0.04 0.04
0.03 0.06 0.02 0.03 0.03 0.04 0.04 0.06
0.02 0.04 0.03 0.03 0.03 0.03 0.05 0.08
0.02 0.05 0.03 0.01 0.03 0.03 0.05 0.04
0.02 0.03 0.02 0.02 0.03 0.03 0.05 0.07
0.03 0.06 0.03 0.02 0.05 0.06 0.08 0.07
0.03 0.06 0.02 0.02 0.04 0.06 0.06 0.06
0.02 0.05 0.03 0.01 0.03 0.04 0.08 0.03
0.02 0.05 0.03 0.02 0.04 0.05 0.08 0.09
0.02 0.05 0.02 0.02 0.04 0.05 0.06 0.07
0.03 0.07 0.01 0.02 0.05 0.07 0.05 0.10
0.04 0.06 0.02 0.03 0.06 0.06 0.06 0.12
0.02 0.04 0.03 0.02 0.03 0.03 0.06 0.07
0.02 0.03 0.03 0.03 0.04 0.03 0.08 0.08
0.02 0.05 0.02 0.02 0.03 0.04 0.06 0.07
0.02 0.05 0.02 0.02 0.02 0.04 0.06 0.06
0.09 0.22 0.04 0.02 0.14 0.19 0.09 0.07
0.20 0.48 0.09 0.03 0.29 0.37 0.22 0.09
0.09 0.25 0.05 0.03 0.14 0.20 0.14 0.09
0.08 0.27 0.03 0.04 0.11 0.19 0.07 0.11
0.04 0.10 0.04 0.08 0.06 0.07 0.11 0.23
0.13 0.39 0.04 0.05 0.17 0.28 0.09 0.14
0.07 0.24 0.03 0.03 0.10 0.18 0.07 0.09
0.24 0.62 0.07 0.05 0.34 0.44 0.18 0.15
0.23 0.55 0.09 0.06 0.36 0.41 0.26 0.24
0.33 0.78 0.13 0.09 0.50 0.55 0.38 0.38
0.31 0.71 0.14 0.09 0.49 0.52 0.43 0.39
0.40 0.97 0.15 0.09 0.59 0.65 0.45 0.43
0.29 0.66 0.13 0.08 0.40 0.43 0.34 0.35
0.30 0.71 0.10 0.09 0.37 0.41 0.26 0.29
0.41 0.99 0.13 0.11 0.47 0.53 0.31 0.35
0.51 1.25 0.16 0.11 0.54 0.62 0.35 0.33
0.45 1.04 0.20 0.13 0.47 0.51 0.41 0.39
0.46 1.09 0.17 0.13 0.47 0.53 0.33 0.38
0.49 1.14 0.22 0.13 0.51 0.54 0.42 0.42
0.46 1.06 0.21 0.10 0.45 0.47 0.40 0.35
0.49 1.11 0.23 0.12 0.47 0.49 0.43 0.43
0.39 0.88 0.16 0.13 0.40 0.41 0.32 0.47
0.42 0.95 0.17 0.12 0.43 0.44 0.36 0.44
0.32 0.71 0.14 0.10 0.39 0.40 0.37 0.40
0.18 0.41 0.07 0.07 0.24 0.25 0.19 0.31
0.13 0.30 0.06 0.05 0.20 0.20 0.20 0.29
0.05 0.11 0.02 0.03 0.08 0.08 0.06 0.21
0.03 0.08 0.01 0.02 0.06 0.06 0.06 0.18
0.03 0.07 0.02 0.02 0.06 0.06 0.06 0.16
0.04 0.10 0.02 0.01 0.06 0.08 0.05 0.14
0.02 0.03 0.02 0.02 0.02 0.03 0.05 0.17
0.02 0.04 0.02 0.02 0.03 0.03 0.06 0.17
0.02 0.05 0.02 0.02 0.04 0.04 0.06 0.16
0.02 0.05 0.02 0.02 0.04 0.04 0.08 0.19
0.01 0.03 0.01 0.02 0.02 0.02 0.05 0.19
0.01 0.04 0.02 0.02 0.02 0.04 0.07 0.22
0.01 0.03 0.02 0.02 0.02 0.03 0.08 0.18
0.02 0.04 0.02 0.02 0.03 0.03 0.07 0.15
0.02 0.04 0.02 0.02 0.03 0.03 0.07 0.15
0.03 0.06 0.02 0.02 0.05 0.05 0.06 0.18
0.01 0.03 0.01 0.01 0.02 0.03 0.06 0.10
0.01 0.03 0.02 0.01 0.04 0.04 0.07 0.11
0.02 0.03 0.02 0.01 0.04 0.03 0.09 0.09
0.03 0.06 0.02 0.01 0.05 0.06 0.08 0.13
0.02 0.04 0.02 0.01 0.04 0.03 0.06 0.09
0.02 0.03 0.03 0.02 0.04 0.02 0.07 0.21
0.01 0.02 0.02 0.02 0.02 0.02 0.06 0.20
0.02 0.04 0.01 0.03 0.03 0.03 0.04 0.25
0.02 0.04 0.02 0.02 0.03 0.03 0.08 0.20
0.01 0.03 0.02 0.02 0.02 0.02 0.09 0.20
0.02 0.02 0.02 0.02 0.04 0.02 0.09 0.21
0.02 0.03 0.02 0.03 0.04 0.03 0.08 0.23
0.02 0.02 0.02 0.04 0.03 0.01 0.06 0.26
0.03 0.04 0.03 0.04 0.06 0.04 0.08 0.24
0.03 0.04 0.03 0.03 0.06 0.04 0.11 0.22
0.03 0.03 0.03 0.02 0.05 0.03 0.09 0.17
0.04 0.06 0.04 0.03 0.09 0.06 0.12 0.28
0.03 0.04 0.03 0.02 0.06 0.04 0.10 0.21
0.02 0.04 0.03 0.02 0.05 0.04 0.09 0.17
0.02 0.04 0.01 0.02 0.04 0.04 0.04 0.15
0.01 0.02 0.01 0.02 0.03 0.02 0.05 0.12
0.02 0.04 0.03 0.02 0.04 0.03 0.08 0.11
0.03 0.06 0.03 0.02 0.05 0.05 0.09 0.08
0.03 0.06 0.03 0.02 0.05 0.05 0.07 0.07
0.02 0.04 0.02 0.02 0.02 0.03 0.05 0.08
0.02 0.04 0.02 0.03 0.03 0.03 0.05 0.11
0.02 0.04 0.03 0.01 0.04 0.03 0.08 0.05
0.03 0.06 0.02 0.03 0.05 0.06 0.05 0.11
0.03 0.05 0.03 0.03 0.05 0.04 0.07 0.09
0.03 0.08 0.02 0.02 0.05 0.07 0.06 0.07
0.02 0.04 0.02 0.02 0.03 0.03 0.05 0.07
0.03 0.07 0.02 0.03 0.05 0.06 0.04 0.11
0.02 0.03 0.02 0.02 0.03 0.03 0.06 0.08
0.03 0.06 0.02 0.02 0.05 0.05 0.06 0.10
0.04 0.07 0.03 0.03 0.07 0.06 0.08 0.11
0.03 0.05 0.03 0.03 0.05 0.05 0.07 0.14
0.02 0.04 0.02 0.04 0.04 0.04 0.05 0.13
0.02 0.03 0.02 0.03 0.04 0.03 0.04 0.12
0.02 0.04 0.03 0.02 0.04 0.04 0.07 0.07
0.03 0.05 0.03 0.02 0.05 0.05 0.08 0.07
0.02 0.03 0.01 0.02 0.03 0.03 0.03 0.07
0.02 0.05 0.02 0.02 0.03 0.04 0.06 0.07
0.02 0.04 0.02 0.03 0.04 0.03 0.06 0.08
0.01 0.03 0.03 0.02 0.02 0.03 0.07 0.06
0.05 0.09 0.05 0.04 0.08 0.09 0.11 0.11
0.04 0.08 0.03 0.03 0.07 0.08 0.09 0.09
0.03 0.05 0.03 0.03 0.05 0.05 0.07 0.09
0.02 0.05 0.02 0.02 0.04 0.06 0.07 0.06
0.03 0.05 0.02 0.01 0.05 0.07 0.05 0.04
0.03 0.05 0.02 0.03 0.04 0.05 0.05 0.07
0.01 0.03 0.02 0.02 0.01 0.03 0.04 0.05
0.01 0.02 0.02 0.02 0.02 0.02 0.04 0.05
0.02 0.04 0.03 0.02 0.02 0.04 0.07 0.04
0.03 0.07 0.02 0.02 0.04 0.06 0.04 0.05
0.02 0.05 0.03 0.03 0.03 0.04 0.06 0.06
0.02 0.06 0.01 0.03 0.03 0.05 0.01 0.06
0.02 0.05 0.04 0.01 0.03 0.04 0.07 0.03
0.03 0.10 0.02 0.02 0.04 0.07 0.04 0.05
0.06 0.11 0.05 0.06 0.07 0.08 0.08 0.11
0.06 0.11 0.05 0.05 0.08 0.08 0.08 0.11
0.04 0.07 0.04 0.02 0.05 0.05 0.08 0.05
0.02 0.04 0.03 0.03 0.03 0.03 0.06 0.06
0.06 0.15 0.04 0.03 0.08 0.12 0.07 0.07
0.06 0.12 0.05 0.04 0.06 0.08 0.08 0.08
0.09 0.20 0.03 0.04 0.09 0.13 0.05 0.08
0.17 0.37 0.08 0.06 0.16 0.20 0.11 0.11
0.30 0.57 0.13 0.19 0.29 0.32 0.19 0.31
0.37 0.77 0.17 0.15 0.34 0.41 0.23 0.25
0.38 0.74 0.21 0.19 0.32 0.35 0.25 0.29
0.30 0.55 0.15 0.21 0.23 0.23 0.17 0.29
0.37 0.76 0.22 0.12 0.28 0.33 0.26 0.17
0.41 0.93 0.20 0.10 0.31 0.40 0.24 0.14
0.53 1.20 0.23 0.17 0.41 0.52 0.27 0.24
0.37 0.86 0.16 0.11 0.32 0.40 0.21 0.16
0.33 0.76 0.18 0.05 0.30 0.37 0.26 0.08
0.15 0.44 0.07 0.04 0.15 0.22 0.11 0.08
0.31 0.77 0.13 0.03 0.30 0.41 0.21 0.06
0.25 0.60 0.14 0.03 0.27 0.34 0.25 0.07
0.12 0.36 0.04 0.05 0.14 0.22 0.08 0.11
0.16 0.39 0.07 0.03 0.20 0.26 0.14 0.09
0.18 0.31 0.13 0.10 0.24 0.22 0.28 0.31
0.07 0.12 0.06 0.04 0.08 0.08 0.13 0.14
0.03 0.06 0.05 0.03 0.04 0.05 0.10 0.12
0.02 0.05 0.03 0.03 0.04 0.04 0.08 0.11
0.03 0.05 0.03 0.01 0.04 0.04 0.08 0.07
0.02 0.05 0.02 0.01 0.04 0.04 0.04 0.06
0.02 0.05 0.02 0.02 0.03 0.04 0.05 0.07
0.03 0.07 0.03 0.02 0.05 0.06 0.08 0.10
0.03 0.06 0.02 0.01 0.04 0.05 0.06 0.07
0.02 0.06 0.02 0.02 0.04 0.05 0.06 0.07
0.02 0.06 0.02 0.01 0.04 0.05 0.05 0.05
0.02 0.04 0.03 0.01 0.04 0.04 0.07 0.03
0.01 0.02 0.02 0.01 0.02 0.01 0.04 0.03
0.02 0.05 0.03 0.01 0.04 0.04 0.07 0.03
0.02 0.05 0.02 0.01 0.03 0.03 0.04 0.05
0.02 0.05 0.01 0.01 0.03 0.03 0.03 0.05
0.03 0.08 0.01 0.01 0.05 0.07 0.03 0.07
0.04 0.10 0.02 0.01 0.06 0.08 0.05 0.03
0.07 0.15 0.05 0.02 0.11 0.11 0.11 0.07
0.08 0.20 0.04 0.02 0.12 0.15 0.09 0.07
0.04 0.10 0.01 0.02 0.06 0.08 0.03 0.07
0.04 0.07 0.02 0.03 0.06 0.06 0.06 0.11
0.06 0.13 0.03 0.02 0.10 0.12 0.08 0.09
0.04 0.10 0.03 0.01 0.08 0.09 0.08 0.05
0.03 0.08 0.03 0.01 0.06 0.07 0.07 0.06
0.08 0.17 0.04 0.03 0.13 0.14 0.11 0.14
0.09 0.22 0.02 0.04 0.14 0.17 0.06 0.16
0.17 0.38 0.07 0.06 0.26 0.29 0.18 0.23
0.28 0.59 0.14 0.11 0.39 0.41 0.35 0.37
0.27 0.53 0.12 0.15 0.37 0.36 0.28 0.50
0.13 0.27 0.08 0.05 0.19 0.20 0.22 0.20
0.13 0.28 0.08 0.04 0.19 0.20 0.21 0.17
0.13 0.29 0.07 0.03 0.19 0.22 0.18 0.13
0.10 0.23 0.06 0.03 0.18 0.20 0.17 0.14
0.05 0.13 0.03 0.02 0.11 0.13 0.10 0.12
0.04 0.08 0.04 0.02 0.07 0.08 0.13 0.12
0.02 0.06 0.02 0.01 0.04 0.06 0.07 0.07
0.01 0.05 0.01 0.01 0.03 0.04 0.06 0.05
0.02 0.05 0.02 0.02 0.04 0.05 0.06 0.10
0.02 0.04 0.03 0.01 0.04 0.04 0.11 0.05
0.02 0.03 0.03 0.01 0.04 0.03 0.12 0.07
0.01 0.01 0.02 0.01 0.01 0.01 0.05 0.05
0.02 0.03 0.03 0.01 0.03 0.02 0.11 0.04
0.01 0.03 0.01 0.01 0.01 0.02 0.04 0.06
0.03 0.06 0.03 0.03 0.05 0.04 0.06 0.09
0.02 0.05 0.02 0.03 0.02 0.03 0.04 0.09
0.01 0.04 0.03 0.02 0.02 0.02 0.06 0.07
0.03 0.06 0.03 0.02 0.03 0.03 0.06 0.06
0.03 0.06 0.04 0.02 0.04 0.03 0.07 0.05
0.03 0.06 0.03 0.03 0.03 0.03 0.05 0.09
0.03 0.06 0.04 0.02 0.03 0.03 0.06 0.06
0.03 0.06 0.04 0.02 0.04 0.03 0.07 0.06
0.02 0.04 0.03 0.01 0.03 0.02 0.07 0.05
0.04 0.07 0.02 0.04 0.05 0.05 0.04 0.15
0.18 0.35 0.11 0.08 0.24 0.23 0.24 0.27
0.05 0.07 0.03 0.06 0.06 0.05 0.06 0.17
0.02 0.06 0.01 0.04 0.03 0.04 0.03 0.12
0.03 0.04 0.05 0.02 0.04 0.03 0.11 0.07
0.02 0.05 0.03 0.02 0.03 0.04 0.07 0.06
0.07 0.11 0.07 0.04 0.11 0.10 0.17 0.11
