5.99 12.66 3.14 2.17 40.36 37.11 43.17 44.77
6.34 13.68 3.03 2.31 40.11 36.77 43.32 44.50
6.43 14.04 3.05 2.19 40.05 36.66 43.29 44.72
6.44 14.14 3.04 2.15 40.04 36.63 43.30 44.80
6.49 14.09 3.18 2.19 40.01 36.64 43.10 44.73
6.86 15.00 3.21 2.37 39.77 36.37 43.07 44.39
7.01 15.25 3.38 2.40 39.67 36.30 42.85 44.33
7.51 16.47 3.56 2.51 39.37 35.96 42.62 44.14
6.43 13.99 3.14 2.15 40.05 36.67 43.16 44.81
7.17 15.57 3.35 2.60 39.57 36.21 42.88 43.98
7.25 15.82 3.30 2.64 39.53 36.14 42.95 43.91
6.88 15.36 3.03 2.25 39.75 36.27 43.32 44.60
6.74 14.97 3.04 2.20 39.85 36.38 43.30 44.70
7.87 17.56 3.68 2.38 39.17 35.69 42.47 44.37
7.58 17.24 3.18 2.32 39.33 35.77 43.10 44.48
8.00 18.16 3.44 2.39 39.10 35.54 42.77 44.35
7.34 16.60 3.27 2.16 39.47 35.93 42.99 44.79
7.27 16.67 3.19 1.96 39.51 35.91 43.10 45.22
6.43 14.74 2.82 1.72 40.05 36.45 43.63 45.77
6.42 14.79 2.75 1.73 40.05 36.43 43.73 45.76
6.33 14.34 2.86 1.78 40.12 36.57 43.57 45.62
6.02 13.54 2.64 1.87 40.34 36.81 43.92 45.41
6.20 13.76 2.89 1.95 40.21 36.74 43.53 45.24
5.86 12.90 2.83 1.83 40.45 37.02 43.61 45.50
5.01 11.02 2.42 1.59 41.13 37.71 44.30 46.12
4.74 10.55 2.24 1.44 41.37 37.90 44.63 46.54
4.22 9.35 1.96 1.35 41.88 38.42 45.19 46.84
4.03 9.08 1.87 1.16 42.07 38.56 45.42 47.47
3.79 8.43 1.83 1.13 42.34 38.87 45.51 47.61
3.99 8.63 2.06 1.29 42.12 38.77 45.00 47.02
3.16 6.34 1.92 1.23 43.14 40.11 45.30 47.25
3.17 6.31 1.84 1.35 43.13 40.13 45.48 46.82
3.36 6.74 1.92 1.44 42.86 39.84 45.31 46.56
3.40 6.76 1.98 1.45 42.82 39.83 45.16 46.51
2.93 5.70 1.77 1.33 43.46 40.58 45.64 46.89
2.81 5.45 1.72 1.28 43.64 40.77 45.79 47.06
3.04 5.99 1.82 1.31 43.30 40.36 45.52 46.97
2.71 5.26 1.67 1.21 43.80 40.92 45.90 47.31
2.73 5.27 1.69 1.22 43.78 40.91 45.87 47.27
3.16 6.18 1.86 1.45 43.13 40.22 45.44 46.52
3.45 6.74 2.06 1.54 42.76 39.84 44.98 46.26
3.06 6.02 1.80 1.36 43.28 40.34 45.59 46.78
2.96 5.92 1.73 1.22 43.42 40.40 45.74 47.25
2.64 5.42 1.55 0.96 43.92 40.80 46.24 48.33
2.61 5.37 1.52 0.93 43.97 40.83 46.32 48.45
2.54 5.26 1.52 0.83 44.09 40.93 46.30 48.94
2.39 4.93 1.49 0.74 44.35 41.21 46.41 49.41
2.32 4.83 1.42 0.69 44.49 41.29 46.61 49.74
2.22 4.62 1.35 0.69 44.67 41.48 46.83 49.74
1.91 4.03 1.17 0.54 45.31 42.07 47.44 50.83
1.75 3.72 1.12 0.42 45.69 42.43 47.62 51.91
1.85 3.91 1.15 0.49 45.46 42.21 47.52 51.26
2.11 4.52 1.28 0.53 44.89 41.58 47.07 50.89
2.06 4.43 1.26 0.48 45.00 41.67 47.13 51.31
2.14 4.62 1.26 0.54 44.83 41.48 47.12 50.84
1.99 4.34 1.16 0.47 45.14 41.76 47.49 51.39
1.98 4.33 1.11 0.49 45.17 41.77 47.67 51.21
1.79 3.86 1.03 0.47 45.61 42.26 48.01 51.39
1.57 3.35 0.90 0.46 46.18 42.88 48.59 51.54
1.65 3.48 0.99 0.48 45.96 42.72 48.17 51.30
1.77 3.74 1.09 0.47 45.66 42.40 47.74 51.45
1.72 3.58 1.11 0.46 45.78 42.59 47.66 51.55
1.52 3.12 0.99 0.44 46.32 43.19 48.16 51.75
1.44 3.10 0.91 0.32 46.54 43.22 48.54 53.10
1.37 2.89 0.88 0.33 46.78 43.52 48.68 52.99
1.46 3.14 0.90 0.34 46.49 43.16 48.59 52.81
1.67 3.49 1.03 0.49 45.91 42.70 48.01 51.27
1.65 3.46 1.03 0.47 45.94 42.74 48.00 51.42
1.48 3.05 0.97 0.44 46.42 43.29 48.28 51.73
1.46 3.07 0.94 0.37 46.49 43.26 48.39 52.49
1.45 3.05 0.94 0.36 46.51 43.28 48.38 52.62
1.42 2.99 0.92 0.34 46.61 43.37 48.48 52.80
1.57 3.22 1.03 0.47 46.16 43.05 47.99 51.43
1.52 3.12 0.99 0.44 46.32 43.19 48.18 51.70
1.59 3.30 1.02 0.45 46.12 42.95 48.03 51.59
1.93 3.90 1.31 0.59 45.27 42.22 46.97 50.45
2.22 4.30 1.55 0.80 44.67 41.79 46.23 49.10
2.48 4.60 1.74 1.08 44.19 41.50 45.72 47.78
2.62 4.78 1.71 1.36 43.95 41.33 45.81 46.78
2.94 5.26 1.90 1.65 43.45 40.92 45.33 45.94
3.14 5.52 2.13 1.78 43.16 40.71 44.85 45.63
3.03 5.30 1.99 1.81 43.32 40.89 45.15 45.56
2.91 4.99 2.00 1.74 43.49 41.15 45.11 45.71
2.70 4.55 1.79 1.76 43.82 41.55 45.62 45.68
2.84 4.70 1.97 1.86 43.59 41.41 45.18 45.43
2.65 4.35 1.84 1.76 43.90 41.75 45.49 45.66
2.68 4.37 1.83 1.83 43.85 41.73 45.50 45.51
2.42 3.89 1.76 1.61 44.29 42.23 45.68 46.07
2.24 3.64 1.55 1.53 44.63 42.52 46.24 46.27
2.21 3.59 1.52 1.52 44.69 42.58 46.32 46.31
2.31 3.84 1.50 1.58 44.50 42.28 46.38 46.14
2.73 4.47 1.82 1.90 43.77 41.63 45.53 45.34
2.80 4.67 1.83 1.90 43.66 41.44 45.50 45.34
2.48 4.13 1.61 1.71 44.18 41.97 46.07 45.81
2.26 3.67 1.47 1.63 44.59 42.48 46.45 46.01
2.11 3.47 1.32 1.53 44.89 42.72 46.93 46.29
2.19 3.62 1.39 1.58 44.72 42.55 46.71 46.15
2.50 4.20 1.72 1.57 44.16 41.90 45.78 46.18
2.62 4.58 1.73 1.54 43.95 41.52 45.75 46.24
2.79 4.95 1.84 1.59 43.67 41.19 45.49 46.12
2.93 5.07 2.01 1.73 43.46 41.08 45.10 45.77
3.20 5.51 2.13 1.96 43.08 40.72 44.84 45.21
3.38 5.98 2.23 1.93 42.84 40.36 44.64 45.27
3.51 6.19 2.33 2.01 42.68 40.21 44.47 45.10
3.37 6.10 2.26 1.74 42.86 40.27 44.60 45.71
3.72 6.82 2.53 1.82 42.42 39.80 44.10 45.53
3.73 6.81 2.52 1.85 42.42 39.80 44.12 45.46
3.59 6.59 2.44 1.73 42.58 39.94 44.26 45.74
3.19 6.01 2.08 1.48 43.10 40.35 44.95 46.42
2.91 5.69 1.87 1.18 43.49 40.59 45.41 47.42
2.72 5.20 1.75 1.20 43.80 40.98 45.71 47.33
2.74 5.30 1.68 1.24 43.76 40.90 45.89 47.20
2.35 4.46 1.52 1.06 44.44 41.65 46.30 47.90
2.39 4.49 1.54 1.12 44.36 41.62 46.25 47.62
2.51 4.83 1.61 1.09 44.15 41.31 46.07 47.79
2.87 5.49 1.80 1.33 43.55 40.74 45.57 46.92
2.87 5.57 1.75 1.28 43.56 40.68 45.71 47.07
2.97 5.75 1.79 1.37 43.41 40.54 45.62 46.76
3.00 5.87 1.75 1.39 43.36 40.45 45.72 46.69
3.13 6.06 1.82 1.49 43.19 40.32 45.53 46.40
2.89 5.52 1.72 1.45 43.52 40.72 45.78 46.53
3.38 6.49 1.98 1.66 42.85 40.01 45.16 45.94
3.14 6.12 1.77 1.54 43.16 40.27 45.66 46.26
3.45 6.86 1.88 1.63 42.75 39.78 45.39 46.02
3.22 6.33 1.80 1.54 43.06 40.13 45.59 46.26
3.54 7.00 1.94 1.67 42.65 39.69 45.26 45.90
3.38 6.73 1.85 1.55 42.85 39.86 45.46 46.22
3.56 7.29 1.90 1.50 42.62 39.51 45.35 46.38
3.26 6.78 1.72 1.28 43.01 39.83 45.79 47.08
3.42 7.38 1.71 1.17 42.80 39.46 45.82 47.44
3.30 7.14 1.62 1.15 42.95 39.61 46.03 47.55
3.58 7.96 1.72 1.07 42.60 39.13 45.79 47.84
3.63 7.94 1.83 1.13 42.55 39.15 45.53 47.64
4.08 8.91 1.91 1.43 42.03 38.65 45.33 46.60
4.44 9.70 2.05 1.57 41.67 38.28 45.01 46.18
4.78 10.50 2.20 1.64 41.35 37.93 44.73 46.01
4.81 10.41 2.39 1.63 41.32 37.97 44.36 46.02
4.83 10.44 2.43 1.63 41.30 37.95 44.29 46.03
4.96 10.81 2.52 1.55 41.19 37.80 44.13 46.26
5.14 11.38 2.57 1.46 41.04 37.58 44.03 46.53
5.22 11.59 2.65 1.42 40.96 37.50 43.91 46.63
4.94 10.96 2.44 1.44 41.23 37.77 44.29 46.61
4.84 10.79 2.31 1.41 41.29 37.81 44.50 46.66
4.03 8.97 1.87 1.26 42.08 38.61 45.42 47.13
3.56 7.98 1.68 1.04 42.61 39.12 45.88 47.97
3.08 7.03 1.42 0.80 43.24 39.66 46.62 49.11
2.57 5.89 1.24 0.60 44.02 40.43 47.20 50.38
2.36 5.41 1.15 0.53 44.40 40.80 47.51 50.91
2.32 5.25 1.21 0.52 44.47 40.93 47.30 51.01
2.44 5.59 1.25 0.50 44.25 40.66 47.17 51.16
2.52 5.70 1.35 0.52 44.12 40.57 46.84 50.99
2.60 5.92 1.37 0.51 43.98 40.41 46.76 51.07
2.39 5.38 1.30 0.50 44.35 40.83 47.00 51.19
2.22 5.04 1.20 0.43 44.67 41.11 47.33 51.85
2.25 5.14 1.19 0.43 44.60 41.02 47.38 51.77
2.31 5.27 1.22 0.43 44.50 40.91 47.27 51.81
2.31 5.21 1.25 0.49 44.48 40.97 47.15 51.25
2.34 5.24 1.25 0.54 44.43 40.93 47.16 50.85
2.27 5.09 1.22 0.48 44.57 41.06 47.25 51.26
2.17 4.86 1.16 0.50 44.76 41.26 47.47 51.17
2.04 4.59 1.08 0.44 45.04 41.51 47.78 51.70
1.84 4.11 1.02 0.38 45.49 42.00 48.04 52.29
1.93 4.26 1.13 0.39 45.28 41.84 47.60 52.24
2.01 4.46 1.19 0.37 45.10 41.64 47.37 52.42
2.43 5.34 1.44 0.50 44.28 40.85 46.55 51.13
2.63 5.80 1.53 0.56 43.93 40.50 46.28 50.61
2.56 5.69 1.48 0.51 44.05 40.58 46.44 51.02
2.46 5.55 1.32 0.49 44.23 40.69 46.91 51.21
2.57 5.88 1.35 0.49 44.03 40.44 46.83 51.27
2.40 5.48 1.28 0.45 44.32 40.74 47.05 51.65
2.25 4.96 1.27 0.51 44.62 41.17 47.10 51.05
2.26 4.98 1.27 0.53 44.59 41.16 47.10 50.86
2.55 5.52 1.46 0.67 44.06 40.71 46.49 49.85
2.46 5.21 1.47 0.69 44.23 40.97 46.46 49.74
2.26 4.74 1.40 0.64 44.59 41.38 46.67 50.09
2.23 4.70 1.38 0.60 44.65 41.41 46.72 50.37
2.10 4.40 1.33 0.56 44.92 41.70 46.91 50.63
2.00 4.23 1.23 0.55 45.11 41.87 47.23 50.70
2.15 4.50 1.28 0.65 44.81 41.60 47.05 49.98
2.21 4.51 1.31 0.81 44.68 41.59 46.96 49.03
2.03 4.11 1.24 0.74 45.06 41.99 47.21 49.42
2.38 4.82 1.43 0.88 44.37 41.29 46.58 48.69
2.62 5.31 1.57 0.99 43.95 40.88 46.19 48.20
2.82 5.73 1.65 1.09 43.63 40.55 45.97 47.75
2.87 5.68 1.76 1.18 43.55 40.59 45.69 47.43
2.76 5.36 1.71 1.22 43.72 40.84 45.82 47.28
2.84 5.41 1.77 1.33 43.60 40.80 45.64 46.88
2.59 4.87 1.66 1.26 43.99 41.26 45.93 47.12
2.74 5.21 1.72 1.30 43.75 40.97 45.78 47.00
3.00 5.76 1.81 1.44 43.35 40.53 45.56 46.54
3.06 5.83 1.87 1.48 43.27 40.48 45.42 46.42
3.02 5.76 1.87 1.43 43.33 40.53 45.41 46.57
2.69 5.08 1.72 1.26 43.84 41.07 45.78 47.12
2.53 4.76 1.70 1.13 44.10 41.35 45.83 47.61
2.58 4.87 1.73 1.15 44.01 41.25 45.76 47.54
2.55 4.74 1.79 1.11 44.07 41.37 45.60 47.69
2.60 4.84 1.72 1.23 43.99 41.28 45.79 47.23
2.58 4.71 1.71 1.32 44.02 41.40 45.79 46.93
2.51 4.54 1.67 1.31 44.14 41.56 45.90 46.95
2.54 4.71 1.65 1.26 44.09 41.40 45.95 47.14
2.56 4.76 1.64 1.29 44.04 41.36 45.99 47.03
2.65 4.83 1.73 1.39 43.89 41.29 45.75 46.69
2.65 4.71 1.77 1.48 43.89 41.40 45.66 46.42
2.61 4.60 1.73 1.50 43.97 41.50 45.76 46.39
2.71 4.69 1.81 1.64 43.80 41.42 45.56 45.98
2.63 4.56 1.77 1.55 43.94 41.54 45.66 46.23
2.29 3.95 1.48 1.45 44.53 42.17 46.43 46.53
1.99 3.28 1.33 1.37 45.13 42.97 46.88 46.77
2.27 3.66 1.70 1.44 44.57 42.50 45.82 46.55
2.72 4.50 2.06 1.61 43.79 41.60 45.00 46.07
2.65 4.37 1.98 1.61 43.89 41.73 45.17 46.05
2.91 4.86 2.15 1.71 43.50 41.26 44.81 45.80
2.93 4.94 2.10 1.77 43.46 41.20 44.90 45.65
2.86 4.87 1.96 1.76 43.56 41.26 45.20 45.69
3.11 5.37 2.20 1.77 43.20 40.83 44.70 45.65
3.14 5.37 2.21 1.84 43.16 40.83 44.70 45.49
3.26 5.61 2.32 1.84 43.00 40.64 44.48 45.48
3.41 5.82 2.45 1.96 42.80 40.48 44.24 45.20
3.71 6.29 2.72 2.13 42.43 40.14 43.79 44.86
3.64 6.17 2.63 2.12 42.52 40.23 43.94 44.88
3.37 5.83 2.36 1.91 42.86 40.48 44.40 45.33
3.66 6.39 2.65 1.95 42.50 40.08 43.90 45.23
3.54 6.12 2.58 1.93 42.64 40.27 44.02 45.28
4.47 7.97 3.01 2.43 41.63 39.13 43.35 44.27
4.90 8.73 3.23 2.75 41.24 38.75 43.04 43.75
6.04 11.02 3.95 3.15 40.33 37.72 42.17 43.16
6.13 11.32 3.75 3.31 40.27 37.61 42.39 42.94
6.89 12.84 4.23 3.61 39.77 37.08 41.87 42.59
7.91 15.06 4.71 3.94 39.21 36.42 41.44 42.21
8.71 16.87 5.01 4.26 38.75 35.89 41.15 41.87
8.46 16.35 4.96 4.07 38.88 36.02 41.19 42.05
8.58 16.60 4.98 4.15 38.83 35.98 41.17 41.97
8.79 17.16 4.97 4.25 38.71 35.81 41.18 41.86
7.90 15.71 4.10 3.87 39.21 36.23 42.02 42.28
7.46 14.95 4.00 3.44 39.45 36.44 42.14 42.80
7.15 14.63 3.80 3.01 39.65 36.54 42.37 43.38
7.13 14.56 3.79 3.04 39.66 36.56 42.38 43.35
6.32 12.95 3.29 2.71 40.19 37.08 43.00 43.87
6.15 12.73 3.26 2.46 40.32 37.17 43.05 44.30
5.78 11.89 3.19 2.27 40.60 37.48 43.16 44.65
3.43 6.61 2.18 1.50 42.79 39.93 44.76 46.38
3.63 7.10 2.26 1.53 42.53 39.62 44.60 46.28
3.24 6.29 2.09 1.34 43.03 40.15 44.94 46.87
2.98 6.00 1.88 1.07 43.38 40.35 45.39 47.85
2.75 5.57 1.72 0.97 43.73 40.67 45.77 48.25
2.85 5.85 1.71 0.98 43.59 40.46 45.80 48.22
2.79 5.60 1.71 1.06 43.68 40.65 45.81 47.90
2.80 5.70 1.67 1.02 43.66 40.57 45.91 48.04
2.68 5.39 1.66 0.98 43.85 40.82 45.93 48.22
2.65 5.42 1.60 0.93 43.90 40.79 46.10 48.43
2.68 5.49 1.65 0.90 43.85 40.74 45.96 48.60
2.70 5.50 1.68 0.91 43.83 40.73 45.88 48.54
2.80 5.68 1.71 1.01 43.66 40.59 45.79 48.09
3.04 6.10 1.89 1.13 43.31 40.28 45.37 47.61
3.02 6.17 1.84 1.05 43.33 40.22 45.49 47.93
2.92 6.03 1.71 1.02 43.48 40.33 45.80 48.06
2.79 5.75 1.61 1.01 43.68 40.54 46.05 48.10
2.87 5.84 1.68 1.09 43.55 40.47 45.87 47.74
2.97 5.93 1.74 1.22 43.41 40.40 45.72 47.29
3.03 6.06 1.75 1.29 43.31 40.30 45.70 47.04
2.83 5.62 1.67 1.20 43.61 40.63 45.89 47.33
2.69 5.36 1.57 1.15 43.83 40.84 46.17 47.52
2.54 5.01 1.49 1.10 44.09 41.13 46.39 47.71
2.46 4.83 1.49 1.05 44.23 41.29 46.40 47.93
2.72 5.47 1.59 1.10 43.79 40.75 46.13 47.71
2.68 5.39 1.59 1.07 43.85 40.82 46.12 47.85
3.12 6.36 1.74 1.24 43.19 40.10 45.71 47.18
3.18 6.41 1.82 1.30 43.11 40.06 45.53 47.01
3.44 6.91 1.95 1.45 42.77 39.74 45.23 46.50
3.55 7.11 2.01 1.53 42.63 39.61 45.08 46.29
3.29 6.73 1.91 1.22 42.97 39.85 45.32 47.25
3.30 6.79 1.90 1.19 42.95 39.82 45.33 47.35
3.13 6.52 1.78 1.10 43.17 39.99 45.63 47.72
2.75 5.73 1.60 0.90 43.75 40.55 46.09 48.56
2.37 4.96 1.43 0.72 44.38 41.18 46.56 49.58
2.24 4.73 1.29 0.71 44.62 41.38 47.03 49.62
2.21 4.62 1.28 0.72 44.70 41.49 47.07 49.57
2.30 4.86 1.31 0.74 44.51 41.27 46.96 49.45
2.38 4.94 1.38 0.80 44.38 41.20 46.72 49.09
2.43 5.09 1.35 0.84 44.28 41.07 46.83 48.89
2.33 4.83 1.30 0.87 44.46 41.30 47.00 48.74
2.52 5.20 1.39 0.97 44.12 40.98 46.70 48.27
2.64 5.42 1.48 1.02 43.92 40.79 46.44 48.05
3.07 6.32 1.76 1.13 43.26 40.12 45.68 47.62
3.35 6.88 1.90 1.27 42.88 39.76 45.34 47.09
3.68 7.52 2.11 1.41 42.47 39.37 44.88 46.63
3.64 7.51 2.04 1.36 42.53 39.38 45.03 46.79
3.98 8.23 2.25 1.48 42.13 38.98 44.63 46.44
4.31 8.93 2.45 1.56 41.79 38.63 44.24 46.21
4.41 9.26 2.45 1.52 41.69 38.48 44.24 46.31
4.05 8.35 2.36 1.42 42.06 38.92 44.41 46.60
4.37 9.33 2.44 1.33 41.74 38.44 44.26 46.89
3.92 8.36 2.13 1.28 42.20 38.92 44.83 47.06
3.70 7.73 2.11 1.27 42.45 39.26 44.90 47.10
3.46 7.04 1.98 1.36 42.75 39.67 45.18 46.80
3.67 7.45 2.03 1.52 42.50 39.42 45.06 46.31
3.44 6.80 2.06 1.46 42.78 39.82 45.01 46.49
3.39 6.59 2.03 1.56 42.83 39.96 45.05 46.21
3.02 5.73 1.88 1.44 43.35 40.57 45.40 46.56
3.19 5.91 1.99 1.66 43.11 40.44 45.14 45.92
