5.99 12.66 3.14 2.17 40.36 37.11 43.17 44.77
6.34 13.68 3.03 2.31 40.11 36.77 43.32 44.50
6.43 14.04 3.05 2.19 40.05 36.66 43.29 44.72
6.44 14.14 3.04 2.15 40.04 36.63 43.30 44.80
6.49 14.09 3.18 2.19 40.01 36.64 43.10 44.73
6.86 15.00 3.21 2.37 39.77 36.37 43.07 44.39
7.01 15.25 3.38 2.40 39.67 36.30 42.85 44.33
7.51 16.47 3.56 2.51 39.37 35.96 42.62 44.14
6.43 13.99 3.14 2.15 40.05 36.67 43.16 44.81
7.17 15.57 3.35 2.60 39.57 36.21 42.88 43.98
7.25 15.82 3.30 2.64 39.53 36.14 42.95 43.91
6.88 15.36 3.03 2.25 39.75 36.27 43.32 44.60
6.74 14.97 3.04 2.20 39.85 36.38 43.30 44.70
7.87 17.56 3.68 2.38 39.17 35.69 42.47 44.37
7.58 17.24 3.18 2.32 39.33 35.77 43.10 44.48
8.00 18.16 3.44 2.39 39.10 35.54 42.77 44.35
7.34 16.60 3.27 2.16 39.47 35.93 42.99 44.79
7.27 16.67 3.19 1.96 39.51 35.91 43.10 45.22
6.43 14.74 2.82 1.72 40.05 36.45 43.63 45.77
6.42 14.79 2.75 1.73 40.05 36.43 43.73 45.76
6.33 14.34 2.86 1.78 40.12 36.57 43.57 45.62
6.01 13.57 2.61 1.84 40.34 36.80 43.96 45.47
6.20 13.76 2.88 1.97 40.21 36.75 43.54 45.19
5.86 12.88 2.87 1.84 40.45 37.03 43.55 45.47
5.03 11.08 2.42 1.59 41.12 37.69 44.29 46.13
4.75 10.61 2.22 1.43 41.36 37.88 44.67 46.58
4.21 9.33 1.95 1.35 41.88 38.43 45.22 46.85
4.06 9.09 1.90 1.18 42.05 38.55 45.33 47.43
3.82 8.53 1.84 1.11 42.31 38.82 45.50 47.67
4.13 9.05 2.09 1.27 41.97 38.56 44.94 47.10
3.98 8.46 2.13 1.33 42.14 38.86 44.84 46.90
4.09 8.57 2.16 1.57 42.00 38.80 44.79 46.19
4.33 9.02 2.28 1.66 41.77 38.58 44.54 45.92
4.37 9.00 2.39 1.72 41.73 38.59 44.36 45.77
3.74 7.59 2.10 1.54 42.40 39.33 44.91 46.26
3.58 7.19 2.09 1.48 42.59 39.57 44.94 46.43
3.84 7.72 2.22 1.58 42.28 39.25 44.67 46.13
3.35 6.74 1.97 1.36 42.88 39.85 45.18 46.82
3.30 6.58 1.97 1.33 42.96 39.95 45.20 46.89
3.84 7.69 2.19 1.63 42.29 39.27 44.73 46.02
4.06 8.28 2.23 1.65 42.05 38.95 44.64 45.94
3.59 7.34 1.97 1.45 42.58 39.48 45.18 46.52
3.59 7.54 1.94 1.30 42.58 39.36 45.27 47.00
3.50 7.52 1.86 1.10 42.69 39.37 45.45 47.70
3.35 7.30 1.78 0.97 42.89 39.50 45.63 48.29
3.36 7.42 1.75 0.90 42.87 39.43 45.70 48.61
3.23 7.17 1.71 0.80 43.04 39.58 45.79 49.09
2.99 6.63 1.62 0.71 43.38 39.92 46.04 49.58
3.11 7.03 1.60 0.69 43.20 39.67 46.07 49.72
2.91 6.72 1.45 0.57 43.49 39.86 46.50 50.59
2.74 6.38 1.42 0.44 43.75 40.09 46.61 51.70
2.94 6.84 1.45 0.51 43.46 39.78 46.52 51.04
3.39 7.96 1.62 0.60 42.83 39.12 46.04 50.36
3.56 8.35 1.73 0.58 42.62 38.92 45.73 50.50
3.49 8.18 1.69 0.61 42.71 39.01 45.87 50.31
3.25 7.63 1.56 0.55 43.02 39.31 46.19 50.69
3.36 8.02 1.52 0.56 42.87 39.09 46.33 50.66
3.05 7.25 1.36 0.54 43.29 39.53 46.78 50.82
2.59 6.02 1.22 0.54 44.01 40.35 47.29 50.81
2.44 5.51 1.25 0.55 44.28 40.74 47.16 50.73
2.55 5.68 1.43 0.54 44.07 40.60 46.60 50.78
2.60 5.79 1.48 0.53 43.99 40.53 46.43 50.86
2.19 4.77 1.26 0.54 44.75 41.38 47.13 50.83
2.08 4.68 1.17 0.39 44.99 41.47 47.48 52.19
2.09 4.72 1.15 0.40 44.96 41.43 47.53 52.12
2.27 5.18 1.19 0.42 44.62 41.04 47.41 51.87
2.39 5.27 1.32 0.58 44.39 40.96 46.97 50.55
2.52 5.67 1.36 0.54 44.14 40.63 46.81 50.81
2.23 4.95 1.25 0.50 44.68 41.23 47.19 51.10
2.18 4.90 1.22 0.42 44.78 41.27 47.27 51.92
2.24 5.05 1.25 0.42 44.66 41.14 47.16 51.95
2.16 4.83 1.27 0.40 44.81 41.34 47.13 52.08
2.24 4.88 1.31 0.53 44.65 41.29 46.98 50.87
2.11 4.58 1.24 0.50 44.90 41.54 47.18 51.13
2.13 4.60 1.28 0.50 44.88 41.53 47.09 51.13
2.85 5.94 1.82 0.78 43.60 40.42 45.54 49.18
3.49 6.76 2.31 1.38 42.72 39.85 44.50 46.73
4.38 8.44 2.65 2.07 41.72 38.89 43.91 44.97
5.01 9.54 2.73 2.76 41.13 38.34 43.77 43.73
5.77 10.50 3.12 3.68 40.53 37.93 43.19 42.46
5.94 10.53 3.50 3.79 40.40 37.91 42.69 42.35
6.14 10.61 3.55 4.25 40.25 37.88 42.63 41.85
6.09 10.59 3.37 4.32 40.29 37.88 42.85 41.78
5.57 9.47 2.86 4.40 40.67 38.37 43.57 41.69
4.86 8.17 2.82 3.58 41.27 39.01 43.62 42.60
5.26 8.74 2.86 4.17 40.92 38.72 43.57 41.93
5.19 8.38 2.79 4.40 40.98 38.90 43.68 41.70
4.89 7.76 2.57 4.34 41.23 39.23 44.02 41.75
4.12 6.64 2.31 3.41 41.98 39.91 44.50 42.81
4.30 6.85 2.45 3.59 41.80 39.77 44.25 42.57
3.79 6.54 2.07 2.76 42.34 39.97 44.97 43.72
4.12 6.78 2.25 3.32 41.98 39.82 44.60 42.92
4.14 6.84 2.29 3.27 41.96 39.78 44.52 42.98
3.84 6.58 2.10 2.85 42.29 39.95 44.91 43.59
3.55 5.83 2.05 2.78 42.63 40.47 45.02 43.70
3.11 5.22 1.66 2.46 43.20 40.96 45.93 44.23
3.42 5.76 1.91 2.59 42.79 40.53 45.32 44.00
3.70 6.21 2.30 2.57 42.46 40.20 44.51 44.03
4.09 7.25 2.46 2.57 42.01 39.53 44.23 44.03
4.54 8.13 2.65 2.83 41.56 39.03 43.89 43.62
4.79 8.60 3.06 2.72 41.32 38.79 43.27 43.79
4.93 9.00 2.84 2.92 41.21 38.58 43.59 43.47
4.71 8.90 2.74 2.49 41.40 38.64 43.76 44.16
5.37 10.12 3.17 2.84 40.83 38.08 43.12 43.61
4.89 9.36 2.95 2.35 41.24 38.42 43.43 44.42
4.81 9.19 3.06 2.18 41.31 38.50 43.28 44.75
4.64 8.85 2.89 2.18 41.47 38.66 43.52 44.74
4.40 8.43 2.82 1.97 41.69 38.88 43.63 45.20
4.33 8.48 2.65 1.88 41.76 38.85 43.89 45.40
4.00 8.07 2.33 1.62 42.11 39.06 44.47 46.03
3.39 6.70 2.00 1.46 42.83 39.87 45.12 46.48
3.65 7.23 2.09 1.63 42.51 39.54 44.93 46.01
3.19 6.30 1.93 1.35 43.09 40.14 45.28 46.83
3.19 6.24 1.90 1.44 43.09 40.18 45.35 46.54
3.26 6.58 1.88 1.32 43.00 39.95 45.39 46.92
3.86 7.54 2.21 1.83 42.26 39.35 44.69 45.50
3.86 7.80 2.14 1.65 42.27 39.21 44.84 45.96
4.38 8.81 2.35 1.97 41.72 38.68 44.41 45.18
4.04 8.16 2.21 1.75 42.06 39.01 44.68 45.69
4.59 9.18 2.46 2.11 41.51 38.50 44.22 44.88
3.71 7.27 2.09 1.77 42.43 39.52 44.93 45.66
4.54 8.99 2.48 2.14 41.56 38.59 44.19 44.82
4.31 8.65 2.21 2.08 41.78 38.76 44.69 44.96
4.76 9.62 2.41 2.25 41.36 38.30 44.31 44.62
4.60 9.34 2.45 2.02 41.50 38.43 44.24 45.08
4.86 9.87 2.36 2.34 41.27 38.19 44.40 44.45
4.64 9.58 2.34 2.01 41.46 38.32 44.43 45.11
4.77 10.03 2.40 1.87 41.35 38.12 44.33 45.41
4.57 9.97 2.22 1.52 41.53 38.14 44.67 46.31
4.78 10.77 2.18 1.40 41.33 37.81 44.75 46.66
4.67 10.55 2.04 1.43 41.44 37.90 45.04 46.59
5.03 11.47 2.20 1.43 41.11 37.54 44.70 46.59
5.67 12.98 2.54 1.48 40.60 37.00 44.09 46.41
6.01 13.77 2.45 1.81 40.34 36.74 44.23 45.56
6.90 15.91 2.76 2.01 39.75 36.11 43.72 45.10
7.13 16.32 2.93 2.15 39.60 36.00 43.47 44.81
7.47 17.04 3.30 2.09 39.40 35.82 42.95 44.94
7.91 18.18 3.46 2.10 39.15 35.54 42.75 44.92
8.10 18.76 3.53 2.01 39.05 35.40 42.66 45.09
8.20 19.26 3.43 1.90 39.00 35.28 42.77 45.35
8.42 19.89 3.50 1.88 38.88 35.14 42.68 45.40
8.67 20.34 3.55 2.11 38.75 35.05 42.63 44.88
8.04 19.17 3.12 1.82 39.08 35.30 43.19 45.52
6.87 16.46 2.52 1.62 39.77 35.97 44.13 46.03
6.28 15.14 2.40 1.28 40.15 36.33 44.32 47.05
6.05 14.90 2.18 1.06 40.31 36.40 44.73 47.86
5.25 13.05 1.94 0.78 40.93 36.98 45.26 49.23
5.49 13.84 1.98 0.63 40.74 36.72 45.16 50.12
5.05 12.63 1.94 0.58 41.10 37.12 45.26 50.47
5.63 14.35 1.97 0.57 40.63 36.56 45.19 50.60
5.17 12.83 2.08 0.60 41.00 37.05 44.95 50.35
5.42 13.58 2.10 0.59 40.79 36.80 44.91 50.46
5.20 13.09 1.97 0.55 40.97 36.96 45.20 50.69
5.23 13.25 1.95 0.49 40.95 36.91 45.24 51.26
5.16 13.04 1.95 0.49 41.01 36.98 45.23 51.28
4.83 12.08 1.91 0.49 41.29 37.31 45.32 51.22
4.83 11.98 1.93 0.57 41.29 37.35 45.27 50.56
5.06 12.51 2.04 0.62 41.09 37.16 45.03 50.17
4.80 11.89 1.94 0.56 41.32 37.38 45.26 50.68
4.35 10.77 1.70 0.57 41.75 37.81 45.83 50.56
4.22 10.44 1.66 0.56 41.88 37.94 45.92 50.67
4.07 10.03 1.71 0.46 42.03 38.12 45.79 51.45
4.01 9.70 1.81 0.51 42.10 38.26 45.55 51.08
3.99 9.69 1.83 0.46 42.12 38.27 45.49 51.51
4.42 10.54 2.13 0.59 41.68 37.91 44.84 50.43
4.79 11.41 2.29 0.67 41.33 37.56 44.53 49.90
4.55 10.79 2.20 0.66 41.55 37.80 44.72 49.97
4.07 9.76 1.84 0.60 42.04 38.24 45.48 50.37
4.17 10.03 1.92 0.58 41.93 38.12 45.31 50.53
3.89 9.32 1.81 0.54 42.23 38.44 45.55 50.78
3.41 8.06 1.61 0.55 42.81 39.07 46.05 50.74
3.56 8.38 1.70 0.58 42.62 38.90 45.83 50.51
3.66 8.53 1.75 0.70 42.50 38.82 45.70 49.67
3.88 8.88 1.99 0.77 42.25 38.65 45.15 49.30
3.46 7.84 1.82 0.72 42.74 39.19 45.52 49.58
3.29 7.52 1.67 0.67 42.96 39.37 45.89 49.90
3.33 7.62 1.72 0.65 42.91 39.31 45.76 50.01
3.00 6.82 1.55 0.62 43.36 39.79 46.23 50.17
3.14 7.07 1.60 0.76 43.16 39.64 46.08 49.35
3.09 6.63 1.66 0.99 43.23 39.92 45.92 48.18
3.04 6.42 1.65 1.05 43.30 40.05 45.95 47.91
3.38 7.08 1.88 1.16 42.85 39.63 45.38 47.47
3.56 7.42 1.96 1.29 42.62 39.43 45.20 47.03
3.72 7.69 2.04 1.43 42.43 39.27 45.03 46.57
3.67 7.43 2.14 1.45 42.49 39.43 44.84 46.50
3.40 6.76 1.98 1.45 42.83 39.83 45.17 46.52
3.50 6.81 2.12 1.56 42.70 39.80 44.88 46.19
3.23 6.23 1.99 1.48 43.05 40.19 45.15 46.45
3.35 6.49 2.02 1.54 42.88 40.01 45.08 46.25
3.63 7.14 2.12 1.64 42.53 39.60 44.88 45.98
3.58 6.98 2.06 1.69 42.60 39.70 45.01 45.84
3.67 7.24 2.09 1.69 42.49 39.54 44.95 45.87
3.47 6.89 2.00 1.50 42.73 39.75 45.12 46.37
3.32 6.55 1.97 1.44 42.92 39.97 45.20 46.55
3.48 6.82 2.10 1.52 42.71 39.79 44.91 46.30
3.52 6.84 2.24 1.48 42.66 39.78 44.62 46.44
3.51 6.72 2.16 1.66 42.67 39.86 44.78 45.93
3.54 6.54 2.21 1.87 42.64 39.97 44.70 45.41
3.45 6.46 2.07 1.82 42.76 40.03 44.99 45.53
3.70 7.05 2.13 1.91 42.46 39.65 44.84 45.33
3.55 6.72 2.08 1.86 42.63 39.86 44.96 45.45
3.74 6.95 2.19 2.08 42.40 39.71 44.72 44.94
3.60 6.37 2.15 2.27 42.57 40.09 44.80 44.57
3.84 6.77 2.28 2.47 42.29 39.83 44.56 44.20
4.27 7.34 3.01 2.46 41.83 39.47 43.35 44.22
4.65 7.97 3.17 2.81 41.46 39.12 43.12 43.64
3.68 6.22 2.13 2.70 42.47 40.19 44.85 43.82
3.45 5.66 2.02 2.69 42.75 40.61 45.08 43.84
3.91 6.35 2.47 2.92 42.20 40.10 44.21 43.47
4.61 7.48 3.07 3.29 41.49 39.39 43.26 42.96
4.32 7.03 2.94 2.98 41.78 39.66 43.44 43.39
4.87 7.84 3.08 3.68 41.26 39.19 43.24 42.48
4.95 8.00 3.10 3.73 41.19 39.10 43.22 42.41
5.33 8.96 3.20 3.84 40.86 38.61 43.09 42.29
5.17 8.69 3.07 3.76 40.99 38.74 43.25 42.38
5.24 8.73 3.01 3.98 40.94 38.72 43.35 42.13
5.76 9.91 3.29 4.08 40.53 38.17 42.96 42.03
5.95 9.93 3.61 4.30 40.39 38.16 42.55 41.79
5.77 9.68 3.74 3.89 40.52 38.27 42.41 42.23
6.08 10.03 3.90 4.31 40.29 38.12 42.21 41.79
6.13 10.20 3.89 4.30 40.26 38.04 42.24 41.80
6.13 10.35 3.99 4.05 40.25 37.98 42.12 42.05
5.69 9.70 3.72 3.65 40.58 38.26 42.42 42.51
7.13 12.36 4.34 4.71 39.60 37.21 41.76 41.40
7.85 13.35 4.95 5.25 39.18 36.88 41.19 40.93
9.11 15.56 5.44 6.33 38.54 36.21 40.78 40.12
8.72 15.78 5.19 5.21 38.72 36.15 40.98 40.96
10.16 18.30 6.31 5.86 38.06 35.50 40.13 40.45
11.69 21.77 6.81 6.50 37.45 34.75 39.80 40.00
11.67 21.99 6.44 6.57 37.46 34.71 40.04 39.95
11.55 21.81 6.67 6.18 37.50 34.75 39.89 40.22
11.28 21.52 6.22 6.10 37.61 34.80 40.19 40.27
12.14 22.57 6.46 7.40 37.29 34.60 40.03 39.44
10.85 21.04 5.35 6.16 37.78 34.90 40.85 40.23
10.01 19.30 5.12 5.61 38.12 35.28 41.04 40.64
9.23 18.46 4.71 4.53 38.48 35.47 41.41 41.57
9.17 18.51 4.69 4.31 38.51 35.46 41.42 41.79
8.04 16.28 4.06 3.77 39.08 36.02 42.05 42.37
7.84 16.21 4.07 3.25 39.19 36.03 42.04 43.02
7.58 15.65 4.08 3.01 39.34 36.19 42.03 43.35
6.11 12.65 3.44 2.24 40.27 37.11 42.77 44.63
7.16 15.16 3.83 2.48 39.58 36.32 42.30 44.18
6.49 13.62 3.55 2.31 40.01 36.79 42.63 44.50
7.36 15.97 3.61 2.50 39.46 36.10 42.56 44.16
5.90 12.85 3.03 1.82 40.42 37.04 43.32 45.53
6.64 14.47 3.19 2.26 39.91 36.53 43.10 44.59
6.01 12.82 3.11 2.09 40.35 37.05 43.20 44.92
5.72 12.48 2.92 1.74 40.56 37.17 43.48 45.72
5.09 11.09 2.62 1.57 41.06 37.68 43.95 46.18
5.27 11.60 2.58 1.63 40.91 37.49 44.01 46.02
5.89 12.96 2.92 1.80 40.43 37.00 43.49 45.58
5.41 11.78 2.76 1.70 40.79 37.42 43.72 45.83
4.55 9.81 2.39 1.44 41.55 38.21 44.35 46.54
5.26 11.37 2.68 1.73 40.92 37.57 43.84 45.76
5.16 11.29 2.61 1.58 41.00 37.60 43.97 46.14
4.63 10.06 2.31 1.52 41.48 38.11 44.50 46.29
4.32 9.39 2.18 1.37 41.78 38.40 44.74 46.74
4.44 9.50 2.28 1.53 41.66 38.36 44.56 46.29
4.39 9.31 2.23 1.63 41.70 38.44 44.64 46.02
4.30 9.00 2.23 1.69 41.79 38.59 44.65 45.86
4.11 8.52 2.19 1.62 42.00 38.83 44.72 46.03
3.91 8.13 2.07 1.53 42.21 39.03 44.98 46.29
3.67 7.66 1.91 1.42 42.49 39.29 45.30 46.61
3.24 6.71 1.78 1.22 43.03 39.86 45.63 47.26
3.63 7.65 1.98 1.27 42.53 39.29 45.16 47.09
3.52 7.49 1.87 1.22 42.66 39.39 45.41 47.28
4.15 8.86 2.10 1.49 41.95 38.65 44.92 46.40
3.99 8.39 2.10 1.49 42.12 38.89 44.90 46.41
4.32 9.23 2.17 1.56 41.77 38.48 44.75 46.21
4.56 9.72 2.33 1.65 41.54 38.26 44.46 45.96
4.32 9.20 2.23 1.52 41.78 38.49 44.65 46.31
4.64 10.09 2.34 1.51 41.46 38.09 44.45 46.34
4.48 9.84 2.23 1.37 41.62 38.20 44.65 46.78
4.14 9.20 2.06 1.15 41.96 38.49 44.98 47.53
3.71 8.33 1.85 0.95 42.44 38.93 45.47 48.34
3.94 9.06 1.77 1.01 42.17 38.56 45.66 48.12
4.09 9.29 1.88 1.10 42.02 38.45 45.40 47.72
4.21 9.55 1.93 1.13 41.89 38.33 45.28 47.58
4.24 9.68 1.86 1.16 41.86 38.27 45.43 47.48
4.55 10.28 1.97 1.38 41.55 38.01 45.18 46.73
4.74 10.60 2.09 1.53 41.37 37.88 44.92 46.28
5.17 11.51 2.38 1.61 41.00 37.52 44.37 46.06
5.41 12.18 2.50 1.53 40.80 37.27 44.15 46.28
5.67 12.65 2.70 1.65 40.60 37.11 43.81 45.95
7.10 15.80 3.31 2.19 39.62 36.14 42.93 44.72
7.11 16.02 3.20 2.13 39.61 36.08 43.08 44.85
7.69 17.42 3.51 2.13 39.27 35.72 42.67 44.84
7.90 17.92 3.50 2.29 39.16 35.60 42.70 44.54
9.08 20.27 4.19 2.78 38.55 35.06 41.91 43.69
8.75 19.69 4.05 2.53 38.71 35.19 42.06 44.10
9.02 20.16 4.31 2.59 38.58 35.09 41.79 44.00
8.61 19.71 3.80 2.33 38.78 35.18 42.33 44.46
8.22 18.88 3.52 2.27 38.98 35.37 42.66 44.57
7.82 17.76 3.44 2.26 39.20 35.64 42.77 44.60
7.02 15.35 3.44 2.28 39.66 36.27 42.76 44.56
6.98 15.13 3.28 2.53 39.69 36.33 42.97 44.11
6.90 14.46 3.60 2.63 39.75 36.53 42.57 43.93
6.80 13.83 3.80 2.77 39.81 36.72 42.33 43.71
6.27 13.06 3.23 2.53 40.16 36.97 43.05 44.11
6.43 13.03 3.44 2.82 40.05 36.98 42.77 43.63
