0.00 0.00 0.00 0.00 0.00 0.00 0.00 0.00
0.00 0.00 0.00 0.00 0.00 0.00 0.00 0.00
0.00 0.00 0.00 0.00 0.00 0.00 0.00 0.00
0.00 0.00 0.00 0.00 0.00 0.00 0.00 0.00
0.00 0.00 0.00 0.00 0.00 0.00 0.00 0.00
0.00 0.00 0.00 0.00 0.00 0.00 0.00 0.00
0.00 0.00 0.00 0.00 0.00 0.00 0.00 0.00
0.00 0.00 0.00 0.00 0.00 0.00 0.00 0.00
0.00 0.00 0.00 0.00 0.00 0.00 0.00 0.00
0.00 0.00 0.00 0.00 0.00 0.00 0.00 0.00
0.00 0.00 0.00 0.00 0.00 0.00 0.00 0.00
0.00 0.00 0.00 0.00 0.00 0.00 0.00 0.00
0.00 0.00 0.00 0.00 0.00 0.00 0.00 0.00
0.00 0.00 0.00 0.00 0.00 0.00 0.00 0.00
0.00 0.00 0.00 0.00 0.00 0.00 0.00 0.00
0.00 0.00 0.00 0.00 0.00 0.00 0.00 0.00
0.00 0.00 0.00 0.00 0.00 0.00 0.00 0.00
0.00 0.00 0.00 0.00 0.00 0.00 0.00 0.00
0.00 0.00 0.00 0.00 0.00 0.00 0.00 0.00
0.00 0.00 0.00 0.00 0.00 0.00 0.00 0.00
0.00 0.00 0.00 0.00 0.00 0.00 0.00 0.00
0.00 0.00 0.00 0.00 0.00 0.00 0.00 0.00
0.00 0.00 0.00 0.00 0.00 0.00 0.00 0.00
0.00 0.00 0.00 0.00 0.00 0.00 0.00 0.00
0.00 0.00 0.00 0.00 0.00 0.00 0.00 0.00
0.00 0.00 0.00 0.00 0.00 0.00 0.00 0.00
0.00 0.00 0.00 0.00 0.00 0.00 0.00 0.00
0.00 0.00 0.00 0.00 0.00 0.00 0.00 0.00
0.00 0.00 0.00 0.00 0.00 0.00 0.00 0.00
0.00 0.01 0.00 0.00 0.00 0.00 0.00 0.00
0.03 0.15 0.00 0.00 0.03 0.05 0.01 0.02
0.04 0.19 0.01 0.00 0.05 0.06 0.04 0.04
0.02 0.11 0.00 0.00 0.02 0.03 0.01 0.00
0.02 0.12 0.01 0.00 0.03 0.03 0.02 0.02
0.02 0.11 0.00 0.00 0.04 0.04 0.02 0.02
0.04 0.19 0.02 0.00 0.07 0.08 0.09 0.04
0.03 0.10 0.01 0.01 0.04 0.04 0.04 0.07
0.02 0.10 0.01 0.00 0.04 0.05 0.04 0.02
0.01 0.05 0.00 0.00 0.02 0.03 0.02 0.01
0.02 0.10 0.00 0.00 0.03 0.04 0.02 0.02
0.03 0.15 0.00 0.00 0.04 0.05 0.01 0.03
0.03 0.16 0.01 0.00 0.05 0.06 0.03 0.02
0.04 0.20 0.01 0.00 0.06 0.08 0.04 0.04
0.03 0.15 0.01 0.00 0.05 0.06 0.03 0.03
0.02 0.15 0.00 0.00 0.05 0.06 0.01 0.03
0.04 0.22 0.01 0.00 0.07 0.09 0.03 0.03
0.03 0.18 0.00 0.00 0.06 0.08 0.04 0.01
0.02 0.11 0.00 0.00 0.04 0.06 0.03 0.01
0.03 0.22 0.01 0.00 0.08 0.11 0.04 0.00
0.04 0.29 0.01 0.00 0.12 0.16 0.05 0.02
0.04 0.26 0.00 0.00 0.12 0.16 0.04 0.03
0.04 0.30 0.00 0.00 0.11 0.16 0.02 0.02
0.07 0.53 0.01 0.00 0.16 0.22 0.05 0.03
0.12 0.79 0.01 0.00 0.25 0.32 0.11 0.09
0.09 0.63 0.01 0.00 0.20 0.25 0.12 0.01
0.08 0.53 0.01 0.00 0.21 0.25 0.15 0.11
0.10 0.67 0.01 0.00 0.23 0.29 0.11 0.03
0.10 0.68 0.01 0.00 0.30 0.37 0.15 0.09
0.08 0.49 0.01 0.00 0.31 0.39 0.16 0.07
0.05 0.31 0.01 0.00 0.21 0.28 0.10 0.05
0.01 0.03 0.00 0.00 0.03 0.03 0.04 0.03
0.02 0.10 0.01 0.00 0.09 0.10 0.08 0.03
0.01 0.03 0.00 0.00 0.03 0.05 0.02 0.02
0.00 0.01 0.00 0.00 0.01 0.01 0.01 0.02
0.01 0.05 0.00 0.00 0.07 0.09 0.05 0.03
0.01 0.06 0.00 0.00 0.07 0.09 0.03 0.02
0.01 0.04 0.00 0.00 0.04 0.04 0.05 0.03
0.02 0.12 0.00 0.00 0.10 0.13 0.07 0.01
0.01 0.06 0.00 0.00 0.07 0.08 0.06 0.03
0.01 0.06 0.00 0.00 0.06 0.09 0.04 0.04
0.01 0.05 0.00 0.00 0.06 0.07 0.08 0.01
0.01 0.03 0.00 0.00 0.04 0.05 0.05 0.02
0.01 0.06 0.00 0.00 0.06 0.08 0.07 0.00
0.01 0.05 0.00 0.00 0.06 0.07 0.07 0.01
0.00 0.02 0.00 0.00 0.03 0.03 0.04 0.00
0.00 0.02 0.00 0.00 0.01 0.02 0.02 0.01
0.01 0.03 0.00 0.00 0.02 0.02 0.01 0.00
0.00 0.03 0.00 0.00 0.01 0.02 0.00 0.00
0.01 0.06 0.00 0.00 0.01 0.03 0.01 0.00
0.02 0.11 0.00 0.00 0.02 0.04 0.01 0.00
0.01 0.06 0.00 0.00 0.01 0.02 0.01 0.00
0.01 0.04 0.00 0.00 0.01 0.01 0.01 0.00
0.01 0.05 0.00 0.00 0.01 0.02 0.01 0.00
0.00 0.02 0.00 0.00 0.00 0.01 0.00 0.00
0.00 0.02 0.00 0.00 0.00 0.01 0.01 0.00
0.00 0.02 0.00 0.00 0.00 0.01 0.01 0.00
0.00 0.01 0.00 0.00 0.00 0.01 0.01 0.00
0.00 0.00 0.00 0.00 0.00 0.00 0.00 0.00
0.00 0.00 0.00 0.00 0.00 0.00 0.00 0.00
0.00 0.01 0.00 0.00 0.00 0.00 0.00 0.00
0.00 0.00 0.00 0.00 0.00 0.00 0.00 0.00
0.00 0.00 0.00 0.00 0.00 0.00 0.01 0.01
0.00 0.00 0.00 0.00 0.00 0.00 0.01 0.00
0.00 0.00 0.00 0.00 0.00 0.00 0.00 0.00
0.00 0.00 0.00 0.00 0.00 0.00 0.00 0.00
0.00 0.00 0.00 0.00 0.00 0.00 0.01 0.00
0.00 0.01 0.00 0.00 0.00 0.01 0.01 0.00
0.00 0.00 0.00 0.00 0.00 0.00 0.01 0.00
0.00 0.00 0.00 0.00 0.00 0.00 0.00 0.01
0.01 0.02 0.00 0.00 0.01 0.01 0.00 0.00
0.00 0.00 0.00 0.00 0.00 0.00 0.00 0.00
0.01 0.01 0.01 0.00 0.00 0.00 0.02 0.00
0.00 0.00 0.00 0.00 0.00 0.00 0.00 0.00
0.00 0.00 0.00 0.00 0.00 0.00 0.00 0.00
0.00 0.01 0.00 0.00 0.00 0.00 0.00 0.00
0.00 0.00 0.00 0.00 0.00 0.00 0.00 0.00
0.01 0.03 0.00 0.00 0.01 0.01 0.00 0.01
0.00 0.02 0.00 0.00 0.00 0.01 0.00 0.00
0.02 0.09 0.01 0.00 0.02 0.03 0.02 0.01
0.03 0.14 0.01 0.00 0.04 0.05 0.03 0.01
0.01 0.05 0.00 0.00 0.02 0.02 0.02 0.00
0.00 0.03 0.00 0.00 0.01 0.01 0.00 0.00
0.01 0.04 0.00 0.00 0.02 0.03 0.01 0.00
0.00 0.03 0.00 0.00 0.01 0.02 0.01 0.00
0.01 0.04 0.00 0.00 0.01 0.02 0.01 0.00
0.01 0.09 0.00 0.00 0.02 0.04 0.01 0.00
0.01 0.08 0.00 0.00 0.02 0.03 0.01 0.00
0.02 0.11 0.01 0.00 0.03 0.03 0.02 0.01
0.02 0.10 0.00 0.00 0.02 0.04 0.01 0.00
0.04 0.20 0.01 0.00 0.04 0.06 0.02 0.02
0.04 0.18 0.01 0.01 0.06 0.08 0.03 0.05
0.06 0.29 0.01 0.01 0.07 0.09 0.03 0.06
0.07 0.40 0.01 0.01 0.10 0.13 0.05 0.05
0.08 0.42 0.01 0.01 0.08 0.12 0.03 0.05
0.08 0.49 0.02 0.00 0.10 0.14 0.08 0.01
0.10 0.52 0.01 0.01 0.10 0.13 0.04 0.06
0.14 0.72 0.03 0.01 0.16 0.20 0.12 0.06
0.12 0.63 0.03 0.01 0.13 0.16 0.12 0.05
0.17 0.96 0.03 0.01 0.21 0.27 0.16 0.06
0.17 1.04 0.03 0.00 0.19 0.24 0.15 0.05
0.17 1.00 0.02 0.01 0.20 0.24 0.10 0.10
0.19 1.03 0.03 0.01 0.19 0.20 0.15 0.18
0.32 1.87 0.06 0.01 0.28 0.31 0.22 0.12
0.32 1.91 0.03 0.02 0.24 0.28 0.13 0.19
0.38 2.31 0.04 0.02 0.21 0.25 0.11 0.14
0.35 2.01 0.04 0.03 0.18 0.20 0.10 0.14
0.45 2.52 0.08 0.02 0.21 0.24 0.17 0.11
0.58 3.40 0.09 0.02 0.25 0.29 0.19 0.11
0.62 3.72 0.09 0.02 0.25 0.29 0.18 0.10
0.47 2.98 0.04 0.02 0.17 0.21 0.07 0.12
0.55 3.48 0.05 0.02 0.20 0.23 0.09 0.12
0.79 4.81 0.08 0.04 0.29 0.33 0.16 0.23
0.51 3.46 0.03 0.01 0.21 0.26 0.07 0.09
0.36 2.55 0.02 0.01 0.20 0.25 0.06 0.06
0.24 1.73 0.01 0.00 0.16 0.20 0.05 0.04
0.32 2.22 0.02 0.01 0.23 0.27 0.09 0.13
0.25 1.69 0.02 0.00 0.24 0.27 0.14 0.08
0.37 2.79 0.02 0.00 0.35 0.42 0.13 0.03
0.24 1.74 0.02 0.00 0.25 0.30 0.11 0.03
0.37 2.80 0.02 0.00 0.31 0.38 0.10 0.03
0.00 0.03 0.00 0.00 0.01 0.01 0.01 0.03
0.00 0.01 0.00 0.00 0.00 0.00 0.01 0.03
0.00 0.01 0.00 0.00 0.00 0.00 0.01 0.02
0.00 0.00 0.00 0.00 0.00 0.00 0.01 0.04
0.00 0.01 0.00 0.00 0.00 0.00 0.00 0.05
0.00 0.01 0.00 0.00 0.00 0.00 0.00 0.05
0.00 0.00 0.00 0.00 0.00 0.00 0.00 0.03
0.00 0.02 0.00 0.00 0.00 0.00 0.00 0.03
0.00 0.01 0.00 0.00 0.01 0.00 0.01 0.02
0.00 0.00 0.00 0.00 0.00 0.00 0.01 0.02
0.00 0.00 0.00 0.00 0.00 0.00 0.01 0.02
0.00 0.01 0.00 0.00 0.00 0.00 0.00 0.01
0.00 0.00 0.00 0.00 0.00 0.00 0.01 0.01
0.00 0.00 0.00 0.00 0.00 0.00 0.00 0.02
0.00 0.00 0.00 0.00 0.00 0.00 0.00 0.00
0.00 0.01 0.00 0.00 0.00 0.00 0.00 0.01
0.00 0.00 0.00 0.00 0.00 0.00 0.00 0.01
0.00 0.01 0.00 0.00 0.00 0.00 0.01 0.01
0.00 0.01 0.00 0.00 0.00 0.00 0.01 0.02
0.00 0.02 0.00 0.00 0.01 0.01 0.00 0.02
0.00 0.01 0.00 0.00 0.00 0.00 0.01 0.01
0.00 0.00 0.00 0.00 0.00 0.00 0.01 0.02
0.00 0.01 0.00 0.00 0.00 0.00 0.01 0.00
0.00 0.01 0.00 0.00 0.00 0.00 0.01 0.00
0.00 0.00 0.00 0.00 0.00 0.00 0.01 0.01
0.00 0.00 0.00 0.00 0.00 0.00 0.01 0.01
0.00 0.00 0.00 0.00 0.00 0.00 0.00 0.01
0.00 0.00 0.00 0.00 0.00 0.00 0.01 0.01
0.00 0.00 0.00 0.00 0.00 0.00 0.01 0.00
0.01 0.02 0.01 0.00 0.03 0.02 0.09 0.08
0.01 0.04 0.01 0.00 0.03 0.04 0.07 0.01
0.02 0.12 0.00 0.00 0.06 0.09 0.04 0.01
0.03 0.16 0.01 0.00 0.07 0.09 0.06 0.02
0.03 0.19 0.00 0.00 0.06 0.10 0.01 0.01
0.02 0.15 0.00 0.00 0.05 0.08 0.02 0.01
0.02 0.09 0.00 0.00 0.03 0.05 0.01 0.01
0.02 0.10 0.01 0.00 0.04 0.05 0.03 0.01
0.01 0.04 0.00 0.00 0.02 0.03 0.02 0.00
0.01 0.05 0.00 0.00 0.01 0.03 0.00 0.00
0.02 0.09 0.00 0.00 0.03 0.04 0.01 0.01
0.02 0.11 0.00 0.00 0.04 0.06 0.02 0.02
0.01 0.05 0.00 0.00 0.02 0.03 0.01 0.01
0.01 0.05 0.00 0.00 0.02 0.03 0.01 0.01
0.00 0.02 0.00 0.00 0.01 0.02 0.01 0.01
0.01 0.04 0.00 0.00 0.02 0.03 0.01 0.00
0.00 0.01 0.00 0.00 0.00 0.01 0.00 0.00
0.00 0.01 0.00 0.00 0.00 0.00 0.00 0.00
0.00 0.02 0.00 0.00 0.01 0.01 0.00 0.01
0.00 0.03 0.00 0.00 0.01 0.02 0.01 0.01
0.00 0.02 0.00 0.00 0.01 0.01 0.00 0.01
0.00 0.01 0.00 0.00 0.01 0.01 0.00 0.01
0.00 0.01 0.00 0.00 0.01 0.01 0.00 0.01
0.00 0.00 0.00 0.00 0.00 0.00 0.00 0.01
0.00 0.01 0.00 0.00 0.00 0.01 0.00 0.01
0.00 0.01 0.00 0.00 0.00 0.00 0.00 0.00
0.00 0.02 0.00 0.00 0.00 0.01 0.00 0.00
0.00 0.01 0.00 0.00 0.00 0.00 0.00 0.00
0.00 0.02 0.00 0.00 0.01 0.02 0.00 0.01
0.00 0.01 0.00 0.00 0.00 0.01 0.00 0.01
0.00 0.02 0.00 0.00 0.00 0.01 0.00 0.00
0.00 0.01 0.00 0.00 0.00 0.01 0.00 0.00
0.00 0.01 0.00 0.00 0.01 0.01 0.00 0.01
0.00 0.02 0.00 0.00 0.01 0.01 0.00 0.00
0.00 0.03 0.00 0.00 0.00 0.01 0.00 0.00
0.00 0.02 0.00 0.00 0.00 0.01 0.00 0.00
0.01 0.05 0.00 0.00 0.01 0.02 0.00 0.00
0.01 0.06 0.00 0.00 0.01 0.02 0.00 0.01
0.00 0.01 0.00 0.00 0.00 0.00 0.00 0.00
0.00 0.02 0.00 0.00 0.00 0.01 0.00 0.00
0.01 0.03 0.00 0.00 0.01 0.01 0.00 0.00
0.01 0.04 0.00 0.00 0.01 0.01 0.00 0.00
0.02 0.08 0.00 0.00 0.01 0.03 0.01 0.00
0.03 0.14 0.01 0.00 0.03 0.04 0.02 0.01
0.09 0.48 0.02 0.01 0.06 0.10 0.03 0.02
0.22 1.00 0.03 0.05 0.11 0.17 0.04 0.07
0.17 0.61 0.03 0.08 0.06 0.07 0.03 0.09
0.29 1.22 0.07 0.05 0.10 0.13 0.07 0.06
0.55 2.58 0.09 0.11 0.17 0.24 0.08 0.11
0.80 4.10 0.14 0.09 0.18 0.28 0.09 0.06
0.85 4.12 0.11 0.18 0.17 0.23 0.06 0.11
0.62 2.84 0.12 0.12 0.14 0.17 0.08 0.10
1.24 6.32 0.19 0.16 0.27 0.38 0.13 0.13
0.72 3.48 0.10 0.14 0.15 0.19 0.07 0.11
1.64 8.38 0.24 0.21 0.41 0.56 0.22 0.19
0.96 4.72 0.14 0.15 0.30 0.38 0.16 0.18
1.64 7.72 0.38 0.20 0.55 0.64 0.45 0.32
1.25 5.89 0.26 0.18 0.44 0.50 0.32 0.31
1.07 5.23 0.16 0.17 0.48 0.58 0.26 0.36
1.25 5.97 0.27 0.15 0.57 0.65 0.42 0.40
1.06 5.16 0.21 0.12 0.58 0.68 0.38 0.43
0.26 1.48 0.04 0.01 0.19 0.26 0.09 0.08
0.58 3.38 0.08 0.03 0.31 0.42 0.14 0.13
0.28 1.50 0.04 0.03 0.18 0.23 0.08 0.15
1.13 5.84 0.18 0.13 0.69 0.79 0.39 0.64
0.28 1.44 0.04 0.03 0.21 0.23 0.11 0.25
0.81 4.12 0.13 0.09 0.54 0.60 0.32 0.53
0.43 2.07 0.10 0.04 0.34 0.37 0.29 0.28
0.30 1.70 0.05 0.02 0.26 0.31 0.15 0.13
0.16 0.87 0.03 0.01 0.16 0.18 0.09 0.14
0.21 1.15 0.03 0.02 0.20 0.23 0.09 0.20
0.29 1.55 0.05 0.02 0.22 0.25 0.14 0.19
0.23 1.20 0.04 0.02 0.20 0.23 0.12 0.18
0.10 0.61 0.01 0.01 0.13 0.16 0.04 0.07
0.19 1.04 0.02 0.01 0.17 0.21 0.08 0.12
0.22 1.19 0.03 0.01 0.21 0.25 0.12 0.12
0.12 0.65 0.02 0.01 0.14 0.16 0.07 0.12
0.08 0.47 0.01 0.01 0.11 0.13 0.06 0.07
0.11 0.63 0.01 0.01 0.14 0.18 0.06 0.08
0.10 0.56 0.01 0.01 0.13 0.16 0.06 0.09
0.08 0.41 0.01 0.01 0.11 0.12 0.06 0.09
0.08 0.40 0.01 0.01 0.12 0.13 0.06 0.13
0.06 0.31 0.01 0.01 0.09 0.12 0.04 0.05
0.05 0.24 0.00 0.01 0.08 0.10 0.03 0.09
0.03 0.17 0.00 0.00 0.07 0.09 0.03 0.04
0.03 0.20 0.01 0.00 0.06 0.08 0.04 0.04
0.04 0.26 0.01 0.00 0.08 0.12 0.03 0.05
0.05 0.33 0.01 0.00 0.08 0.10 0.03 0.05
0.06 0.34 0.01 0.01 0.09 0.12 0.05 0.05
0.08 0.47 0.01 0.01 0.11 0.14 0.05 0.05
0.08 0.40 0.01 0.01 0.10 0.11 0.05 0.10
0.04 0.23 0.01 0.01 0.07 0.08 0.05 0.06
0.05 0.24 0.01 0.01 0.07 0.08 0.04 0.07
0.07 0.35 0.01 0.01 0.10 0.12 0.06 0.08
0.07 0.30 0.02 0.01 0.12 0.12 0.12 0.14
0.04 0.20 0.01 0.01 0.09 0.09 0.06 0.14
0.04 0.19 0.01 0.01 0.08 0.08 0.04 0.23
0.05 0.26 0.00 0.01 0.10 0.11 0.03 0.21
0.03 0.17 0.00 0.01 0.06 0.06 0.03 0.18
0.02 0.12 0.00 0.01 0.03 0.04 0.00 0.12
0.06 0.24 0.00 0.03 0.08 0.07 0.03 0.36
0.08 0.37 0.01 0.03 0.12 0.11 0.06 0.34
0.05 0.24 0.01 0.01 0.06 0.06 0.03 0.15
0.11 0.49 0.02 0.02 0.12 0.12 0.10 0.19
0.15 0.64 0.05 0.02 0.15 0.13 0.18 0.22
0.29 1.36 0.07 0.04 0.21 0.21 0.18 0.26
0.21 1.06 0.03 0.04 0.12 0.13 0.06 0.19
0.35 1.97 0.05 0.03 0.19 0.22 0.10 0.13
0.39 2.04 0.05 0.06 0.20 0.21 0.10 0.29
0.77 3.77 0.13 0.11 0.28 0.29 0.20 0.41
0.66 3.09 0.15 0.09 0.26 0.25 0.24 0.36
0.94 4.46 0.17 0.15 0.43 0.43 0.30 0.68
0.49 2.55 0.05 0.08 0.19 0.20 0.09 0.37
0.73 3.53 0.12 0.11 0.32 0.32 0.23 0.56
0.66 3.31 0.12 0.08 0.34 0.35 0.27 0.44
0.35 1.81 0.06 0.04 0.20 0.22 0.13 0.20
0.59 3.11 0.06 0.08 0.33 0.38 0.14 0.37
0.56 2.73 0.09 0.08 0.33 0.37 0.19 0.33
0.72 3.05 0.16 0.16 0.44 0.45 0.31 0.63
0.77 3.96 0.13 0.09 0.54 0.66 0.31 0.35
0.59 2.76 0.09 0.12 0.39 0.45 0.20 0.41
