0.00 0.00 0.00 0.00 0.00 0.00 0.00 0.00
0.00 0.00 0.00 0.00 0.00 0.00 0.00 0.00
0.00 0.00 0.00 0.00 0.00 0.00 0.00 0.00
0.00 0.00 0.00 0.00 0.00 0.00 0.00 0.00
0.00 0.00 0.00 0.00 0.00 0.00 0.00 0.00
0.00 0.00 0.00 0.00 0.00 0.00 0.00 0.00
0.00 0.00 0.00 0.00 0.00 0.00 0.00 0.00
0.00 0.00 0.00 0.00 0.00 0.00 0.00 0.00
0.00 0.00 0.00 0.00 0.00 0.00 0.00 0.00
0.00 0.00 0.00 0.00 0.00 0.00 0.00 0.00
0.00 0.00 0.00 0.00 0.00 0.00 0.00 0.00
0.00 0.00 0.00 0.00 0.00 0.00 0.00 0.00
0.00 0.00 0.00 0.00 0.00 0.00 0.00 0.00
0.00 0.00 0.00 0.00 0.00 0.00 0.00 0.00
0.00 0.00 0.00 0.00 0.00 0.00 0.00 0.00
0.00 0.00 0.00 0.00 0.00 0.00 0.00 0.00
0.00 0.00 0.00 0.00 0.00 0.00 0.00 0.00
0.00 0.00 0.00 0.00 0.00 0.00 0.00 0.00
0.00 0.00 0.00 0.00 0.00 0.00 0.00 0.00
0.00 0.00 0.00 0.00 0.00 0.00 0.00 0.00
0.00 0.00 0.00 0.00 0.00 0.00 0.00 0.00
0.00 0.00 0.00 0.00 0.00 0.00 0.00 0.00
0.00 0.00 0.00 0.00 0.00 0.00 0.00 0.00
0.00 0.00 0.00 0.00 0.00 0.00 0.00 0.00
0.00 0.00 0.00 0.00 0.00 0.00 0.00 0.00
0.00 0.00 0.00 0.00 0.00 0.00 0.00 0.00
0.00 0.00 0.00 0.00 0.00 0.00 0.00 0.00
0.00 0.00 0.00 0.00 0.00 0.00 0.00 0.00
0.00 0.00 0.00 0.00 0.00 0.00 0.00 0.00
0.00 0.00 0.00 0.00 0.00 0.00 0.00 0.00
0.00 0.00 0.00 0.00 0.00 0.00 0.00 0.00
0.00 0.00 0.00 0.00 0.00 0.00 0.00 0.00
0.00 0.00 0.00 0.00 0.00 0.00 0.00 0.00
0.00 0.00 0.00 0.00 0.00 0.00 0.00 0.00
0.01 0.03 0.00 0.00 0.01 0.01 0.01 0.00
0.01 0.02 0.01 0.00 0.01 0.01 0.03 0.01
0.00 0.00 0.00 0.00 0.00 0.00 0.00 0.00
0.00 0.00 0.00 0.00 0.00 0.00 0.00 0.00
0.01 0.03 0.00 0.00 0.02 0.01 0.02 0.02
0.00 0.01 0.00 0.00 0.00 0.00 0.00 0.00
0.00 0.01 0.00 0.00 0.00 0.00 0.00 0.00
0.00 0.00 0.00 0.00 0.00 0.00 0.00 0.00
0.00 0.00 0.00 0.00 0.00 0.00 0.00 0.00
0.00 0.00 0.00 0.00 0.00 0.00 0.00 0.01
0.00 0.02 0.00 0.00 0.00 0.01 0.00 0.02
0.00 0.01 0.00 0.00 0.00 0.00 0.00 0.00
0.00 0.02 0.00 0.00 0.00 0.01 0.00 0.00
0.00 0.02 0.00 0.00 0.00 0.01 0.00 0.00
0.00 0.03 0.00 0.00 0.01 0.01 0.00 0.00
0.00 0.02 0.00 0.00 0.01 0.01 0.01 0.00
0.01 0.06 0.00 0.00 0.03 0.03 0.03 0.01
0.01 0.03 0.00 0.00 0.01 0.01 0.02 0.00
0.01 0.03 0.00 0.00 0.01 0.01 0.02 0.00
0.00 0.00 0.00 0.00 0.00 0.00 0.00 0.04
0.00 0.03 0.00 0.00 0.01 0.01 0.00 0.01
0.00 0.05 0.00 0.00 0.01 0.01 0.00 0.01
0.01 0.09 0.00 0.00 0.02 0.02 0.00 0.00
0.01 0.12 0.00 0.00 0.02 0.04 0.00 0.01
0.01 0.11 0.00 0.00 0.03 0.05 0.01 0.01
0.03 0.23 0.00 0.00 0.08 0.11 0.05 0.00
0.02 0.15 0.00 0.00 0.05 0.07 0.00 0.00
0.04 0.34 0.00 0.00 0.10 0.15 0.02 0.00
0.06 0.47 0.00 0.00 0.18 0.28 0.03 0.00
0.07 0.56 0.00 0.00 0.24 0.35 0.05 0.00
0.04 0.33 0.00 0.00 0.15 0.21 0.03 0.01
0.09 0.66 0.01 0.00 0.25 0.33 0.10 0.01
0.12 0.72 0.02 0.00 0.29 0.36 0.17 0.05
0.11 0.67 0.02 0.00 0.24 0.29 0.14 0.06
0.09 0.57 0.01 0.00 0.25 0.32 0.14 0.04
0.09 0.65 0.01 0.00 0.28 0.38 0.06 0.02
0.07 0.49 0.01 0.00 0.20 0.26 0.07 0.01
0.05 0.38 0.01 0.00 0.17 0.22 0.06 0.02
0.06 0.39 0.01 0.00 0.17 0.24 0.06 0.02
0.04 0.26 0.01 0.00 0.15 0.19 0.10 0.03
0.06 0.34 0.02 0.00 0.20 0.23 0.18 0.06
0.08 0.47 0.01 0.00 0.15 0.19 0.08 0.02
0.07 0.42 0.03 0.00 0.09 0.14 0.09 0.00
0.08 0.54 0.02 0.00 0.07 0.12 0.05 0.00
0.06 0.39 0.01 0.00 0.04 0.07 0.02 0.00
0.09 0.51 0.03 0.00 0.05 0.07 0.05 0.00
0.04 0.24 0.01 0.00 0.02 0.04 0.02 0.00
0.05 0.31 0.01 0.00 0.02 0.05 0.01 0.00
0.01 0.08 0.01 0.00 0.01 0.01 0.01 0.00
0.03 0.15 0.00 0.00 0.01 0.03 0.01 0.00
0.02 0.11 0.00 0.00 0.01 0.03 0.00 0.00
0.01 0.09 0.00 0.00 0.01 0.02 0.01 0.00
0.02 0.12 0.01 0.00 0.01 0.03 0.01 0.00
0.00 0.03 0.00 0.00 0.00 0.01 0.01 0.00
0.00 0.02 0.00 0.00 0.00 0.01 0.00 0.00
0.00 0.02 0.00 0.00 0.00 0.01 0.00 0.00
0.00 0.01 0.00 0.00 0.00 0.01 0.00 0.00
0.00 0.00 0.00 0.00 0.00 0.00 0.00 0.00
0.00 0.01 0.00 0.00 0.00 0.00 0.00 0.00
0.00 0.00 0.00 0.00 0.00 0.00 0.00 0.00
0.00 0.01 0.00 0.00 0.00 0.01 0.00 0.00
0.00 0.03 0.00 0.00 0.01 0.02 0.01 0.00
0.00 0.01 0.00 0.00 0.00 0.00 0.00 0.00
0.00 0.00 0.00 0.00 0.00 0.00 0.00 0.00
0.00 0.01 0.00 0.00 0.00 0.00 0.00 0.00
0.00 0.01 0.00 0.00 0.00 0.00 0.00 0.00
0.00 0.00 0.00 0.00 0.00 0.00 0.00 0.00
0.00 0.00 0.00 0.00 0.00 0.00 0.00 0.00
0.00 0.00 0.00 0.00 0.00 0.00 0.00 0.01
0.00 0.00 0.00 0.00 0.00 0.00 0.00 0.00
0.00 0.02 0.00 0.00 0.00 0.00 0.00 0.00
0.00 0.01 0.00 0.00 0.00 0.00 0.00 0.01
0.00 0.01 0.00 0.00 0.00 0.00 0.00 0.00
0.01 0.04 0.02 0.00 0.01 0.01 0.04 0.01
0.01 0.03 0.00 0.00 0.01 0.01 0.00 0.02
0.00 0.01 0.00 0.00 0.00 0.00 0.00 0.00
0.00 0.00 0.00 0.00 0.00 0.00 0.01 0.00
0.00 0.00 0.00 0.00 0.00 0.00 0.00 0.00
0.00 0.01 0.00 0.00 0.00 0.00 0.01 0.00
0.00 0.00 0.00 0.00 0.00 0.00 0.00 0.00
0.00 0.00 0.00 0.00 0.00 0.00 0.00 0.01
0.00 0.00 0.00 0.00 0.00 0.00 0.00 0.00
0.00 0.00 0.00 0.00 0.00 0.00 0.00 0.00
0.00 0.00 0.00 0.00 0.00 0.00 0.00 0.00
0.00 0.00 0.00 0.00 0.00 0.00 0.00 0.00
0.00 0.00 0.00 0.00 0.00 0.00 0.00 0.00
0.00 0.00 0.00 0.00 0.00 0.00 0.00 0.00
0.00 0.00 0.00 0.00 0.00 0.00 0.00 0.00
0.00 0.00 0.00 0.00 0.00 0.00 0.00 0.01
0.00 0.00 0.00 0.00 0.00 0.00 0.00 0.00
0.00 0.00 0.00 0.00 0.00 0.00 0.00 0.00
0.00 0.00 0.00 0.00 0.00 0.00 0.00 0.00
0.00 0.00 0.00 0.00 0.00 0.00 0.00 0.00
0.00 0.00 0.00 0.00 0.00 0.00 0.00 0.00
0.00 0.00 0.00 0.00 0.00 0.00 0.00 0.01
0.00 0.00 0.00 0.00 0.00 0.00 0.00 0.01
0.00 0.00 0.00 0.00 0.00 0.00 0.00 0.00
0.00 0.00 0.00 0.00 0.00 0.00 0.00 0.00
0.00 0.00 0.00 0.00 0.00 0.00 0.00 0.01
0.00 0.00 0.00 0.00 0.00 0.00 0.00 0.00
0.00 0.00 0.00 0.00 0.00 0.00 0.00 0.00
0.00 0.00 0.00 0.00 0.00 0.00 0.00 0.00
0.00 0.00 0.00 0.00 0.00 0.00 0.00 0.00
0.00 0.00 0.00 0.00 0.00 0.00 0.00 0.00
0.00 0.01 0.00 0.00 0.00 0.00 0.00 0.00
0.00 0.00 0.00 0.00 0.00 0.00 0.00 0.00
0.00 0.00 0.00 0.00 0.00 0.00 0.00 0.00
0.00 0.01 0.00 0.00 0.00 0.00 0.00 0.01
0.00 0.00 0.00 0.00 0.00 0.00 0.00 0.00
0.00 0.00 0.00 0.00 0.00 0.00 0.00 0.00
0.00 0.01 0.00 0.00 0.00 0.00 0.00 0.00
0.00 0.00 0.00 0.00 0.00 0.00 0.00 0.00
0.00 0.01 0.00 0.00 0.00 0.00 0.00 0.00
0.00 0.00 0.00 0.00 0.00 0.00 0.00 0.01
0.00 0.00 0.00 0.00 0.00 0.00 0.00 0.00
0.00 0.00 0.00 0.00 0.00 0.00 0.00 0.00
0.00 0.00 0.00 0.00 0.00 0.00 0.00 0.01
0.00 0.00 0.00 0.00 0.00 0.00 0.00 0.00
0.00 0.00 0.00 0.00 0.00 0.00 0.01 0.01
0.00 0.00 0.00 0.00 0.00 0.00 0.00 0.00
0.00 0.00 0.00 0.00 0.00 0.00 0.00 0.00
0.00 0.01 0.00 0.00 0.00 0.00 0.00 0.01
0.00 0.00 0.00 0.00 0.00 0.00 0.00 0.00
0.00 0.00 0.00 0.00 0.00 0.00 0.00 0.00
0.00 0.00 0.00 0.00 0.00 0.00 0.00 0.00
0.00 0.00 0.00 0.00 0.00 0.00 0.00 0.00
0.00 0.00 0.00 0.00 0.00 0.00 0.00 0.00
0.00 0.01 0.00 0.00 0.00 0.00 0.00 0.01
0.00 0.01 0.00 0.00 0.00 0.00 0.00 0.00
0.00 0.02 0.00 0.00 0.00 0.00 0.00 0.02
0.01 0.06 0.00 0.00 0.01 0.01 0.00 0.01
0.01 0.09 0.00 0.00 0.01 0.01 0.01 0.01
0.00 0.04 0.00 0.00 0.00 0.01 0.00 0.01
0.02 0.14 0.00 0.00 0.02 0.02 0.01 0.01
0.03 0.18 0.01 0.00 0.03 0.03 0.02 0.01
0.01 0.11 0.00 0.00 0.01 0.02 0.00 0.01
0.01 0.08 0.00 0.00 0.02 0.02 0.02 0.01
0.01 0.09 0.00 0.00 0.02 0.02 0.01 0.01
0.02 0.14 0.01 0.00 0.03 0.03 0.03 0.01
0.01 0.08 0.00 0.00 0.02 0.02 0.01 0.01
0.02 0.11 0.00 0.00 0.02 0.03 0.02 0.00
0.01 0.07 0.00 0.00 0.02 0.02 0.01 0.01
0.01 0.08 0.00 0.00 0.02 0.02 0.01 0.01
0.01 0.06 0.00 0.00 0.02 0.02 0.01 0.02
0.00 0.02 0.00 0.00 0.01 0.01 0.00 0.01
0.00 0.03 0.00 0.00 0.01 0.01 0.00 0.00
0.00 0.02 0.00 0.00 0.01 0.01 0.01 0.01
0.00 0.04 0.00 0.00 0.01 0.01 0.00 0.00
0.00 0.04 0.00 0.00 0.01 0.01 0.01 0.00
0.01 0.06 0.00 0.00 0.01 0.02 0.00 0.00
0.01 0.06 0.00 0.00 0.01 0.02 0.00 0.00
0.00 0.00 0.00 0.00 0.00 0.00 0.02 0.02
0.00 0.00 0.00 0.00 0.00 0.00 0.01 0.02
0.01 0.02 0.01 0.01 0.02 0.01 0.06 0.06
0.00 0.00 0.00 0.01 0.01 0.00 0.02 0.10
0.00 0.00 0.00 0.00 0.00 0.00 0.01 0.02
0.00 0.01 0.00 0.00 0.00 0.00 0.00 0.01
0.00 0.02 0.00 0.00 0.00 0.01 0.01 0.01
0.01 0.05 0.00 0.00 0.01 0.02 0.01 0.01
0.01 0.03 0.00 0.00 0.01 0.01 0.01 0.01
0.01 0.06 0.00 0.00 0.01 0.02 0.01 0.00
0.01 0.05 0.00 0.00 0.01 0.02 0.01 0.00
0.02 0.11 0.00 0.00 0.02 0.04 0.01 0.00
0.04 0.25 0.01 0.00 0.05 0.10 0.02 0.00
0.00 0.01 0.00 0.00 0.00 0.00 0.01 0.01
0.02 0.16 0.00 0.00 0.02 0.05 0.00 0.00
0.02 0.12 0.00 0.00 0.02 0.04 0.02 0.00
0.03 0.21 0.01 0.00 0.04 0.07 0.02 0.00
0.01 0.08 0.00 0.00 0.01 0.03 0.01 0.00
0.01 0.08 0.01 0.00 0.01 0.03 0.02 0.00
0.01 0.05 0.00 0.00 0.01 0.01 0.01 0.00
0.01 0.09 0.00 0.00 0.01 0.02 0.00 0.00
0.01 0.04 0.00 0.00 0.01 0.02 0.01 0.00
0.02 0.07 0.00 0.01 0.03 0.04 0.02 0.02
0.00 0.01 0.00 0.00 0.00 0.00 0.01 0.01
0.01 0.04 0.00 0.00 0.01 0.01 0.00 0.01
0.00 0.00 0.00 0.00 0.00 0.00 0.00 0.00
0.00 0.00 0.00 0.00 0.00 0.00 0.00 0.00
0.00 0.00 0.00 0.00 0.00 0.00 0.00 0.00
0.00 0.00 0.00 0.00 0.00 0.00 0.00 0.00
0.00 0.00 0.00 0.00 0.00 0.00 0.00 0.00
0.00 0.00 0.00 0.00 0.00 0.00 0.00 0.00
0.00 0.00 0.00 0.00 0.00 0.00 0.00 0.00
0.00 0.00 0.00 0.00 0.00 0.00 0.00 0.00
0.00 0.00 0.00 0.00 0.00 0.00 0.00 0.00
0.00 0.00 0.00 0.00 0.00 0.00 0.00 0.00
0.00 0.00 0.00 0.00 0.00 0.00 0.00 0.00
0.00 0.00 0.00 0.00 0.00 0.00 0.00 0.00
0.00 0.01 0.00 0.00 0.00 0.00 0.00 0.00
0.00 0.00 0.00 0.00 0.00 0.00 0.00 0.00
0.00 0.00 0.00 0.00 0.00 0.00 0.00 0.00
0.00 0.01 0.00 0.00 0.00 0.00 0.00 0.00
0.00 0.00 0.00 0.00 0.00 0.00 0.00 0.00
0.00 0.00 0.00 0.00 0.00 0.00 0.00 0.00
0.00 0.00 0.00 0.00 0.00 0.00 0.00 0.00
0.00 0.01 0.00 0.00 0.00 0.00 0.00 0.00
0.00 0.00 0.00 0.00 0.00 0.00 0.00 0.00
0.00 0.01 0.00 0.00 0.00 0.00 0.00 0.00
0.00 0.01 0.00 0.00 0.00 0.00 0.00 0.00
0.00 0.00 0.00 0.00 0.00 0.00 0.00 0.00
0.00 0.01 0.00 0.00 0.00 0.00 0.00 0.00
0.00 0.00 0.01 0.00 0.00 0.00 0.01 0.00
0.00 0.00 0.00 0.00 0.00 0.00 0.00 0.00
0.00 0.00 0.00 0.00 0.00 0.00 0.00 0.00
0.00 0.00 0.00 0.00 0.00 0.00 0.00 0.00
0.00 0.00 0.00 0.00 0.00 0.00 0.00 0.00
0.00 0.00 0.00 0.00 0.00 0.00 0.00 0.00
0.00 0.00 0.00 0.00 0.00 0.00 0.00 0.00
0.00 0.00 0.00 0.00 0.00 0.00 0.00 0.00
0.00 0.01 0.00 0.00 0.00 0.00 0.00 0.00
0.00 0.00 0.00 0.00 0.00 0.00 0.00 0.00
0.00 0.00 0.00 0.00 0.00 0.00 0.00 0.00
0.00 0.00 0.00 0.00 0.00 0.00 0.00 0.01
0.00 0.00 0.00 0.00 0.00 0.00 0.00 0.00
0.00 0.00 0.00 0.00 0.00 0.00 0.00 0.00
0.00 0.00 0.00 0.00 0.00 0.00 0.00 0.00
0.00 0.00 0.00 0.00 0.00 0.00 0.00 0.00
0.00 0.00 0.00 0.00 0.00 0.00 0.00 0.00
0.00 0.00 0.00 0.00 0.00 0.00 0.00 0.00
0.00 0.00 0.00 0.00 0.00 0.00 0.00 0.00
0.00 0.00 0.00 0.00 0.00 0.00 0.00 0.00
0.00 0.00 0.00 0.00 0.00 0.00 0.00 0.00
0.00 0.00 0.00 0.00 0.00 0.00 0.00 0.00
0.00 0.00 0.00 0.00 0.00 0.00 0.00 0.00
0.00 0.00 0.00 0.00 0.00 0.00 0.00 0.00
0.00 0.00 0.00 0.00 0.00 0.00 0.00 0.00
0.00 0.00 0.00 0.00 0.00 0.00 0.00 0.00
0.00 0.00 0.00 0.00 0.00 0.00 0.00 0.00
0.00 0.00 0.00 0.00 0.00 0.00 0.00 0.00
0.00 0.00 0.00 0.00 0.00 0.00 0.00 0.00
0.00 0.00 0.00 0.00 0.00 0.00 0.00 0.00
0.00 0.00 0.00 0.00 0.00 0.00 0.00 0.00
0.00 0.00 0.00 0.00 0.00 0.00 0.00 0.00
0.00 0.00 0.00 0.00 0.00 0.00 0.00 0.00
0.00 0.00 0.00 0.00 0.00 0.00 0.00 0.00
0.00 0.00 0.00 0.00 0.00 0.00 0.00 0.00
0.00 0.00 0.00 0.00 0.00 0.00 0.00 0.00
0.00 0.00 0.00 0.00 0.00 0.00 0.00 0.00
0.00 0.00 0.00 0.00 0.00 0.00 0.00 0.00
0.00 0.00 0.00 0.00 0.00 0.00 0.00 0.00
0.00 0.00 0.00 0.00 0.00 0.00 0.00 0.00
0.00 0.00 0.00 0.00 0.00 0.00 0.00 0.00
0.00 0.00 0.00 0.00 0.00 0.00 0.00 0.00
0.00 0.00 0.00 0.00 0.00 0.00 0.00 0.00
0.00 0.00 0.00 0.00 0.00 0.00 0.00 0.00
0.00 0.00 0.00 0.00 0.00 0.00 0.00 0.00
0.00 0.00 0.00 0.00 0.00 0.00 0.00 0.00
0.00 0.00 0.00 0.00 0.00 0.00 0.00 0.00
0.00 0.00 0.00 0.00 0.00 0.00 0.00 0.00
0.00 0.00 0.00 0.00 0.00 0.00 0.00 0.00
0.00 0.00 0.00 0.00 0.00 0.00 0.00 0.00
0.00 0.00 0.00 0.00 0.00 0.00 0.00 0.00
0.00 0.00 0.00 0.00 0.00 0.00 0.00 0.00
0.00 0.00 0.00 0.00 0.00 0.00 0.00 0.00
0.00 0.00 0.00 0.00 0.00 0.00 0.00 0.00
0.00 0.00 0.00 0.00 0.00 0.00 0.00 0.00
0.00 0.00 0.00 0.00 0.00 0.00 0.00 0.00
0.00 0.00 0.00 0.00 0.00 0.00 0.00 0.00
0.00 0.00 0.00 0.00 0.00 0.00 0.00 0.00
0.00 0.00 0.00 0.00 0.00 0.00 0.00 0.00
0.00 0.00 0.00 0.00 0.00 0.00 0.00 0.00
0.00 0.00 0.00 0.00 0.00 0.00 0.00 0.00
0.00 0.00 0.00 0.00 0.00 0.00 0.00 0.00
0.00 0.00 0.00 0.00 0.00 0.00 0.00 0.00
0.00 0.00 0.00 0.00 0.00 0.00 0.00 0.00
0.00 0.00 0.00 0.00 0.00 0.00 0.00 0.00
