5.99 12.66 3.14 2.17 40.36 37.11 43.17 44.77
6.34 13.68 3.03 2.31 40.11 36.77 43.32 44.50
6.43 14.04 3.05 2.19 40.05 36.66 43.29 44.72
6.44 14.14 3.04 2.15 40.04 36.63 43.30 44.80
6.49 14.09 3.18 2.19 40.01 36.64 43.10 44.73
6.86 15.00 3.21 2.37 39.77 36.37 43.07 44.39
7.01 15.25 3.38 2.40 39.67 36.30 42.85 44.33
7.51 16.47 3.56 2.51 39.37 35.96 42.62 44.14
6.43 13.99 3.14 2.15 40.05 36.67 43.16 44.81
7.17 15.57 3.35 2.60 39.57 36.21 42.88 43.98
7.25 15.82 3.30 2.64 39.53 36.14 42.95 43.91
6.88 15.36 3.03 2.25 39.75 36.27 43.32 44.60
6.74 14.97 3.04 2.20 39.85 36.38 43.30 44.70
7.87 17.56 3.68 2.38 39.17 35.69 42.47 44.37
7.58 17.24 3.18 2.32 39.33 35.77 43.10 44.48
8.00 18.16 3.44 2.39 39.10 35.54 42.77 44.35
7.34 16.60 3.27 2.16 39.47 35.93 42.99 44.79
7.27 16.67 3.19 1.96 39.51 35.91 43.10 45.22
6.43 14.74 2.82 1.72 40.05 36.45 43.63 45.77
6.42 14.79 2.75 1.73 40.05 36.43 43.73 45.76
6.33 14.34 2.86 1.78 40.12 36.57 43.57 45.62
6.02 13.59 2.62 1.85 40.33 36.80 43.94 45.46
6.16 13.67 2.85 1.95 40.23 36.77 43.57 45.23
5.84 12.86 2.84 1.83 40.46 37.04 43.61 45.52
5.02 11.09 2.39 1.56 41.13 37.68 44.35 46.20
4.75 10.57 2.25 1.43 41.36 37.89 44.62 46.58
4.19 9.29 1.95 1.33 41.91 38.45 45.23 46.91
4.04 9.05 1.88 1.18 42.07 38.56 45.38 47.42
3.80 8.45 1.85 1.10 42.33 38.86 45.47 47.70
4.05 8.80 2.07 1.28 42.05 38.68 44.97 47.05
3.52 7.34 1.99 1.22 42.67 39.48 45.14 47.25
3.56 7.36 1.94 1.40 42.62 39.47 45.27 46.69
3.99 8.15 2.19 1.63 42.13 39.02 44.73 46.01
3.95 8.00 2.26 1.59 42.17 39.10 44.60 46.11
3.29 6.53 1.92 1.41 42.97 39.99 45.31 46.65
3.14 6.24 1.83 1.35 43.17 40.19 45.51 46.82
3.41 6.84 2.00 1.39 42.81 39.78 45.13 46.71
2.99 5.91 1.80 1.27 43.37 40.42 45.58 47.10
2.92 5.75 1.75 1.24 43.49 40.54 45.70 47.19
3.44 6.82 1.99 1.51 42.77 39.80 45.16 46.35
3.62 7.28 2.08 1.51 42.55 39.52 44.94 46.36
3.16 6.33 1.79 1.35 43.14 40.12 45.60 46.82
3.13 6.43 1.75 1.21 43.19 40.06 45.72 47.33
3.10 6.54 1.72 1.04 43.23 39.99 45.79 47.97
2.93 6.23 1.65 0.91 43.47 40.19 45.96 48.56
2.86 6.16 1.58 0.84 43.57 40.25 46.14 48.90
2.81 6.06 1.58 0.79 43.65 40.31 46.15 49.16
2.71 5.85 1.57 0.71 43.80 40.46 46.17 49.61
2.63 5.73 1.45 0.69 43.94 40.56 46.52 49.70
2.36 5.26 1.28 0.53 44.42 40.94 47.04 50.84
2.19 4.92 1.23 0.42 44.74 41.24 47.23 51.89
2.39 5.35 1.32 0.49 44.37 40.87 46.94 51.28
2.70 6.08 1.46 0.55 43.84 40.32 46.50 50.69
2.70 6.06 1.50 0.53 43.85 40.35 46.39 50.91
2.73 6.15 1.48 0.58 43.79 40.28 46.45 50.50
2.58 5.88 1.36 0.50 44.04 40.47 46.80 51.13
2.58 5.90 1.31 0.52 44.05 40.46 46.98 51.00
2.27 5.16 1.17 0.49 44.60 41.06 47.45 51.22
1.94 4.31 1.01 0.49 45.29 41.83 48.10 51.23
1.92 4.14 1.08 0.53 45.33 41.99 47.83 50.89
2.01 4.33 1.21 0.50 45.09 41.77 47.30 51.12
1.94 4.13 1.20 0.48 45.27 41.98 47.34 51.26
1.65 3.44 1.05 0.46 45.97 42.77 47.94 51.52
1.56 3.37 0.96 0.34 46.20 42.85 48.28 52.80
1.51 3.25 0.93 0.34 46.35 43.02 48.45 52.77
1.57 3.43 0.94 0.36 46.17 42.79 48.44 52.61
1.78 3.81 1.06 0.47 45.63 42.33 47.89 51.44
1.81 3.88 1.08 0.46 45.58 42.25 47.83 51.48
1.60 3.37 0.99 0.44 46.09 42.86 48.17 51.67
1.59 3.40 0.98 0.37 46.13 42.82 48.20 52.45
1.56 3.37 0.98 0.35 46.19 42.87 48.21 52.74
1.50 3.23 0.95 0.34 46.36 43.05 48.37 52.85
1.68 3.50 1.07 0.47 45.89 42.70 47.84 51.41
1.62 3.37 1.02 0.45 46.06 42.86 48.03 51.65
1.67 3.50 1.06 0.46 45.90 42.70 47.86 51.51
2.16 4.35 1.45 0.68 44.79 41.75 46.53 49.83
2.60 5.04 1.78 0.96 43.99 41.10 45.62 48.29
3.10 5.73 2.05 1.51 43.22 40.55 45.01 46.35
3.40 6.27 1.99 1.93 42.82 40.16 45.13 45.27
4.13 7.38 2.54 2.46 41.98 39.46 44.09 44.22
4.29 7.48 2.79 2.57 41.81 39.39 43.67 44.02
4.15 7.13 2.57 2.75 41.95 39.60 44.02 43.74
3.93 6.65 2.42 2.73 42.18 39.91 44.29 43.77
3.79 6.36 2.28 2.73 42.35 40.10 44.56 43.77
3.61 6.03 2.32 2.48 42.55 40.33 44.48 44.18
3.62 5.86 2.33 2.67 42.54 40.45 44.45 43.86
3.58 5.78 2.32 2.63 42.60 40.52 44.47 43.93
3.28 5.22 2.06 2.56 42.97 40.95 44.99 44.04
3.04 5.05 1.84 2.21 43.31 41.10 45.48 44.69
3.01 4.87 1.87 2.29 43.34 41.25 45.41 44.53
3.01 5.07 1.80 2.15 43.35 41.08 45.58 44.80
3.31 5.44 2.01 2.49 42.93 40.78 45.11 44.16
3.47 5.95 2.12 2.34 42.73 40.39 44.86 44.43
3.00 5.00 1.81 2.19 43.36 41.14 45.56 44.73
2.82 4.54 1.75 2.16 43.63 41.56 45.69 44.79
2.65 4.35 1.62 1.99 43.89 41.74 46.04 45.14
2.68 4.33 1.71 2.01 43.84 41.77 45.80 45.09
2.97 4.90 1.94 2.07 43.41 41.23 45.26 44.96
3.59 6.32 2.29 2.17 42.58 40.12 44.53 44.78
4.10 7.36 2.55 2.40 42.00 39.47 44.06 44.33
4.10 7.34 2.59 2.37 42.00 39.47 44.00 44.38
4.65 8.44 2.81 2.72 41.45 38.87 43.64 43.78
4.37 8.23 2.64 2.26 41.72 38.97 43.92 44.59
4.82 9.09 2.90 2.47 41.30 38.55 43.51 44.19
4.51 8.68 2.76 2.10 41.59 38.75 43.73 44.91
4.41 8.40 2.85 1.98 41.68 38.89 43.57 45.17
4.42 8.37 2.86 2.04 41.68 38.90 43.56 45.04
4.09 7.73 2.68 1.86 42.02 39.25 43.85 45.44
4.01 7.79 2.50 1.74 42.10 39.22 44.16 45.73
3.63 7.29 2.15 1.46 42.53 39.51 44.82 46.50
3.20 6.23 1.96 1.41 43.08 40.19 45.20 46.65
3.47 6.79 2.06 1.55 42.73 39.81 44.99 46.23
2.93 5.69 1.81 1.29 43.47 40.58 45.55 47.04
2.96 5.71 1.80 1.36 43.42 40.56 45.59 46.79
3.04 6.04 1.80 1.26 43.31 40.32 45.58 47.11
3.47 6.71 2.05 1.64 42.74 39.87 45.02 46.00
3.47 6.93 1.98 1.50 42.73 39.73 45.17 46.37
3.88 7.78 2.15 1.71 42.24 39.22 44.81 45.80
3.59 7.19 2.03 1.54 42.58 39.57 45.07 46.24
4.07 8.16 2.21 1.83 42.04 39.02 44.69 45.51
3.14 6.02 1.86 1.54 43.17 40.34 45.45 46.25
3.73 7.29 2.12 1.79 42.41 39.51 44.87 45.60
3.43 6.75 1.89 1.67 42.78 39.86 45.37 45.92
3.81 7.51 2.05 1.85 42.34 39.39 45.01 45.46
3.69 7.22 2.09 1.78 42.47 39.56 44.94 45.63
3.90 7.73 2.11 1.85 42.24 39.27 44.90 45.45
3.54 7.13 1.88 1.62 42.66 39.62 45.40 46.05
3.74 7.70 1.98 1.54 42.42 39.29 45.18 46.25
3.38 7.10 1.73 1.30 42.87 39.65 45.76 46.99
3.62 7.93 1.73 1.20 42.57 39.16 45.77 47.35
3.54 7.78 1.70 1.13 42.67 39.25 45.84 47.62
3.82 8.63 1.75 1.08 42.33 38.80 45.72 47.82
4.03 9.04 1.89 1.15 42.12 38.61 45.40 47.54
4.37 9.83 1.94 1.34 41.76 38.24 45.28 46.89
5.13 11.53 2.27 1.58 41.06 37.55 44.58 46.15
5.44 12.29 2.40 1.63 40.79 37.26 44.34 46.01
5.55 12.40 2.59 1.65 40.72 37.22 44.02 45.97
5.73 12.89 2.67 1.64 40.58 37.07 43.89 45.99
5.88 13.32 2.71 1.61 40.47 36.92 43.83 46.06
6.32 14.50 2.94 1.51 40.15 36.54 43.45 46.35
6.33 14.60 2.90 1.49 40.14 36.52 43.51 46.40
6.13 14.10 2.77 1.52 40.29 36.68 43.73 46.35
5.99 13.85 2.65 1.47 40.38 36.75 43.90 46.45
5.18 12.01 2.17 1.35 41.02 37.37 44.77 46.85
4.83 11.27 2.12 1.12 41.31 37.64 44.89 47.66
4.47 10.71 1.82 0.86 41.66 37.87 45.53 48.81
3.86 9.37 1.56 0.64 42.30 38.45 46.22 50.08
3.80 9.26 1.58 0.57 42.37 38.52 46.15 50.58
3.71 8.99 1.60 0.54 42.47 38.63 46.10 50.82
4.02 9.89 1.63 0.53 42.13 38.23 46.01 50.91
3.65 8.72 1.69 0.55 42.51 38.73 45.86 50.74
3.85 9.29 1.73 0.54 42.27 38.45 45.74 50.78
4.03 9.79 1.78 0.53 42.07 38.22 45.63 50.90
3.40 8.23 1.52 0.45 42.81 38.97 46.32 51.59
3.50 8.52 1.53 0.46 42.68 38.83 46.27 51.51
3.29 7.93 1.47 0.45 42.97 39.14 46.45 51.58
3.49 8.43 1.52 0.51 42.70 38.87 46.30 51.01
3.71 8.95 1.61 0.55 42.44 38.61 46.07 50.72
3.16 7.54 1.42 0.51 43.14 39.36 46.60 51.03
3.01 7.17 1.32 0.53 43.35 39.57 46.92 50.93
2.84 6.79 1.27 0.46 43.59 39.81 47.08 51.49
2.62 6.26 1.22 0.40 43.94 40.17 47.29 52.08
2.62 6.15 1.29 0.41 43.95 40.24 47.04 51.97
2.60 6.08 1.33 0.40 43.97 40.29 46.88 52.11
3.00 6.93 1.56 0.52 43.36 39.72 46.21 51.00
3.37 7.80 1.73 0.60 42.85 39.21 45.75 50.35
3.25 7.48 1.70 0.56 43.01 39.39 45.83 50.64
3.02 7.05 1.50 0.51 43.33 39.65 46.37 51.04
2.94 6.91 1.43 0.49 43.45 39.74 46.57 51.25
2.77 6.47 1.40 0.45 43.70 40.02 46.67 51.62
2.57 5.89 1.33 0.51 44.02 40.43 46.89 51.07
2.59 5.86 1.37 0.53 44.01 40.45 46.77 50.91
2.82 6.33 1.50 0.64 43.62 40.12 46.37 50.04
2.70 6.00 1.45 0.66 43.82 40.35 46.51 49.95
2.58 5.67 1.44 0.63 44.02 40.60 46.56 50.16
2.48 5.47 1.40 0.58 44.18 40.75 46.69 50.48
2.40 5.29 1.37 0.54 44.33 40.90 46.78 50.81
2.19 4.76 1.27 0.55 44.73 41.36 47.09 50.76
2.39 5.17 1.32 0.66 44.35 41.00 46.92 49.92
2.45 5.07 1.41 0.88 44.24 41.08 46.66 48.70
2.34 4.76 1.39 0.86 44.44 41.36 46.69 48.76
2.61 5.33 1.52 0.98 43.97 40.87 46.31 48.23
2.83 5.77 1.63 1.08 43.63 40.53 46.01 47.82
3.02 6.14 1.74 1.18 43.34 40.26 45.71 47.42
3.02 6.04 1.81 1.22 43.33 40.33 45.55 47.25
3.05 5.94 1.90 1.29 43.30 40.40 45.33 47.02
3.12 5.96 1.94 1.47 43.19 40.38 45.25 46.47
2.96 5.58 1.87 1.44 43.42 40.67 45.42 46.56
3.18 5.94 2.00 1.59 43.12 40.40 45.12 46.12
3.31 6.32 2.03 1.58 42.94 40.13 45.05 46.16
3.07 5.86 1.85 1.50 43.27 40.46 45.46 46.39
2.94 5.69 1.75 1.39 43.45 40.58 45.70 46.71
2.86 5.50 1.76 1.33 43.57 40.73 45.69 46.90
2.73 5.20 1.77 1.24 43.76 40.97 45.66 47.21
2.76 5.26 1.77 1.26 43.72 40.92 45.65 47.13
2.96 5.57 1.97 1.33 43.42 40.67 45.19 46.88
2.79 5.18 1.85 1.35 43.67 40.99 45.46 46.82
2.80 5.10 1.83 1.47 43.66 41.05 45.50 46.46
2.66 4.85 1.68 1.45 43.89 41.28 45.89 46.53
2.89 5.43 1.82 1.44 43.52 40.78 45.54 46.57
2.81 5.18 1.75 1.49 43.65 40.99 45.70 46.39
3.02 5.48 1.98 1.59 43.33 40.74 45.17 46.12
2.92 5.21 1.84 1.70 43.48 40.96 45.48 45.83
3.05 5.28 1.96 1.91 43.29 40.91 45.22 45.33
3.07 5.27 2.04 1.90 43.26 40.91 45.04 45.35
3.11 5.42 1.96 1.96 43.20 40.80 45.21 45.20
3.00 5.06 1.95 2.00 43.36 41.09 45.23 45.12
2.61 4.15 1.72 1.95 43.97 41.95 45.77 45.23
2.98 4.76 2.06 2.12 43.39 41.35 45.00 44.87
3.45 5.61 2.53 2.21 42.75 40.64 44.10 44.68
3.24 5.26 2.37 2.08 43.03 40.92 44.38 44.94
3.62 6.02 2.52 2.30 42.55 40.34 44.11 44.50
3.63 6.01 2.47 2.40 42.54 40.34 44.21 44.32
3.86 6.46 2.61 2.52 42.26 40.03 43.97 44.12
3.96 6.87 2.64 2.37 42.15 39.76 43.91 44.39
3.87 6.62 2.51 2.49 42.25 39.93 44.14 44.17
4.13 7.20 2.69 2.52 41.97 39.56 43.84 44.12
4.22 7.15 2.87 2.63 41.88 39.59 43.55 43.94
4.41 7.53 3.03 2.66 41.69 39.36 43.31 43.88
4.24 7.15 2.85 2.70 41.86 39.59 43.58 43.82
4.35 7.46 2.99 2.60 41.75 39.41 43.38 43.97
4.63 8.00 3.23 2.65 41.48 39.10 43.04 43.90
4.55 7.84 3.14 2.67 41.55 39.19 43.16 43.88
5.48 9.71 3.54 3.21 40.75 38.27 42.65 43.07
6.28 11.01 4.14 3.69 40.16 37.73 41.97 42.47
7.26 12.96 4.61 4.21 39.53 37.01 41.50 41.90
7.43 13.55 4.63 4.11 39.43 36.83 41.48 42.00
8.13 15.02 4.88 4.50 39.05 36.39 41.26 41.61
9.39 17.37 5.40 5.39 38.43 35.76 40.81 40.82
10.16 19.05 5.70 5.74 38.08 35.36 40.58 40.56
9.54 18.26 5.48 4.88 38.35 35.53 40.75 41.26
9.68 18.61 5.46 4.96 38.30 35.48 40.77 41.19
9.86 19.08 5.49 5.01 38.21 35.35 40.74 41.15
9.19 18.02 4.80 4.75 38.54 35.63 41.34 41.39
8.16 16.16 4.32 4.00 39.05 36.09 41.79 42.13
8.03 16.25 4.22 3.63 39.14 36.09 41.93 42.57
7.83 15.85 4.13 3.51 39.24 36.18 42.00 42.71
6.91 14.02 3.60 3.12 39.79 36.73 42.60 43.23
6.91 14.21 3.72 2.80 39.80 36.67 42.47 43.70
6.29 12.95 3.45 2.48 40.21 37.08 42.79 44.23
4.49 8.97 2.67 1.82 41.63 38.64 43.87 45.54
5.11 10.37 3.00 1.97 41.08 38.03 43.37 45.21
4.78 9.78 2.83 1.75 41.36 38.26 43.63 45.72
4.42 9.26 2.47 1.53 41.77 38.57 44.25 46.37
4.41 9.43 2.47 1.35 41.71 38.42 44.22 46.85
4.34 9.17 2.37 1.47 41.83 38.59 44.42 46.52
4.12 8.69 2.21 1.45 42.03 38.79 44.72 46.54
4.11 8.72 2.25 1.36 42.02 38.76 44.62 46.80
3.91 8.34 2.15 1.25 42.23 38.94 44.82 47.19
3.96 8.54 2.11 1.22 42.18 38.84 44.91 47.29
4.33 9.36 2.29 1.33 41.80 38.45 44.54 46.90
4.06 8.69 2.21 1.29 42.07 38.77 44.70 47.05
3.59 7.51 2.04 1.22 42.60 39.40 45.04 47.27
4.01 8.44 2.21 1.39 42.11 38.89 44.69 46.74
3.87 8.21 2.09 1.30 42.28 39.02 44.94 47.00
3.67 7.82 1.95 1.24 42.50 39.22 45.22 47.20
3.49 7.41 1.87 1.19 42.71 39.45 45.41 47.39
3.49 7.26 1.94 1.27 42.72 39.54 45.25 47.11
3.47 7.12 1.91 1.36 42.75 39.62 45.32 46.83
3.46 7.09 1.91 1.40 42.74 39.64 45.32 46.69
3.31 6.74 1.89 1.30 42.95 39.86 45.38 47.02
3.21 6.48 1.80 1.35 43.08 40.03 45.59 46.82
3.07 6.22 1.74 1.27 43.27 40.21 45.74 47.11
2.76 5.52 1.63 1.13 43.73 40.72 46.00 47.62
3.10 6.35 1.76 1.20 43.22 40.11 45.67 47.34
2.91 5.92 1.71 1.10 43.50 40.42 45.81 47.72
3.44 7.11 1.90 1.32 42.77 39.62 45.35 46.94
3.28 6.68 1.86 1.29 42.98 39.90 45.43 47.02
3.48 7.21 1.87 1.35 42.73 39.57 45.42 46.83
3.63 7.55 1.98 1.35 42.55 39.36 45.16 46.83
3.53 7.45 1.92 1.23 42.66 39.42 45.31 47.25
3.65 7.73 1.96 1.26 42.52 39.26 45.22 47.14
3.64 7.82 1.92 1.19 42.52 39.21 45.30 47.38
3.33 7.19 1.78 1.02 42.92 39.58 45.64 48.07
3.00 6.51 1.62 0.86 43.37 40.00 46.04 48.79
3.11 6.90 1.56 0.88 43.21 39.75 46.21 48.70
3.16 7.00 1.55 0.93 43.14 39.69 46.24 48.46
3.28 7.28 1.60 0.96 42.98 39.52 46.08 48.35
3.38 7.44 1.68 1.02 42.84 39.42 45.89 48.04
3.66 8.02 1.72 1.22 42.51 39.09 45.77 47.30
3.76 8.17 1.77 1.35 42.39 39.02 45.67 46.85
4.05 8.74 1.98 1.44 42.06 38.72 45.16 46.55
4.15 9.02 2.08 1.33 41.97 38.59 44.95 46.90
4.55 9.85 2.34 1.48 41.56 38.21 44.46 46.46
5.39 11.57 2.73 1.87 40.84 37.52 43.79 45.44
5.81 12.62 2.86 1.94 40.50 37.14 43.57 45.28
6.17 13.51 3.02 1.98 40.25 36.85 43.34 45.19
6.39 14.11 3.01 2.05 40.10 36.66 43.36 45.05
7.46 16.42 3.58 2.39 39.43 36.01 42.61 44.39
7.32 16.10 3.59 2.26 39.52 36.09 42.61 44.63
6.85 14.86 3.47 2.21 39.82 36.46 42.76 44.75
7.16 15.96 3.40 2.10 39.61 36.12 42.82 44.94
6.88 15.32 3.22 2.10 39.79 36.31 43.09 44.98
6.38 14.11 3.04 1.99 40.12 36.68 43.34 45.18
5.93 12.83 2.95 2.01 40.42 37.07 43.45 45.12
6.10 13.14 2.97 2.18 40.32 36.99 43.41 44.79
5.97 12.48 3.15 2.28 40.41 37.21 43.17 44.58
5.93 12.08 3.31 2.41 40.44 37.36 42.97 44.39
5.56 11.49 2.91 2.28 40.74 37.60 43.52 44.59
5.65 11.43 3.06 2.46 40.65 37.60 43.30 44.26
