0.00 0.00 0.00 0.00 0.00 0.00 0.00 0.00
0.00 0.00 0.00 0.00 0.00 0.00 0.00 0.00
0.00 0.00 0.00 0.00 0.00 0.00 0.00 0.00
0.00 0.00 0.00 0.00 0.00 0.00 0.00 0.00
0.00 0.00 0.00 0.00 0.00 0.00 0.00 0.00
0.00 0.00 0.00 0.00 0.00 0.00 0.00 0.00
0.00 0.00 0.00 0.00 0.00 0.00 0.00 0.00
0.00 0.00 0.00 0.00 0.00 0.00 0.00 0.00
0.00 0.00 0.00 0.00 0.00 0.00 0.00 0.00
0.00 0.00 0.00 0.00 0.00 0.00 0.00 0.00
0.00 0.00 0.00 0.00 0.00 0.00 0.00 0.00
0.00 0.00 0.00 0.00 0.00 0.00 0.00 0.00
0.00 0.00 0.00 0.00 0.00 0.00 0.00 0.00
0.00 0.00 0.00 0.00 0.00 0.00 0.00 0.00
0.00 0.00 0.00 0.00 0.00 0.00 0.00 0.00
0.00 0.00 0.00 0.00 0.00 0.00 0.00 0.00
0.00 0.00 0.00 0.00 0.00 0.00 0.00 0.00
0.00 0.00 0.00 0.00 0.00 0.00 0.00 0.00
0.00 0.00 0.00 0.00 0.00 0.00 0.00 0.00
0.00 0.00 0.00 0.00 0.00 0.00 0.00 0.00
0.00 0.00 0.00 0.00 0.00 0.00 0.00 0.00
0.01 0.03 0.01 0.00 0.01 0.01 0.02 0.01
0.02 0.06 0.01 0.00 0.01 0.02 0.01 0.00
0.01 0.02 0.02 0.01 0.01 0.01 0.03 0.04
0.01 0.01 0.02 0.01 0.01 0.00 0.04 0.04
0.00 0.02 0.01 0.00 0.00 0.01 0.02 0.01
0.01 0.02 0.01 0.00 0.01 0.01 0.02 0.01
0.01 0.01 0.02 0.01 0.01 0.01 0.04 0.03
0.02 0.03 0.02 0.01 0.01 0.01 0.04 0.05
0.04 0.10 0.03 0.01 0.04 0.05 0.05 0.03
0.16 0.39 0.05 0.04 0.19 0.22 0.10 0.14
0.19 0.43 0.09 0.07 0.22 0.24 0.19 0.21
0.13 0.34 0.04 0.02 0.14 0.17 0.09 0.05
0.16 0.35 0.07 0.05 0.16 0.18 0.13 0.13
0.15 0.34 0.06 0.05 0.19 0.21 0.13 0.16
0.21 0.43 0.14 0.07 0.27 0.28 0.30 0.21
0.16 0.32 0.09 0.09 0.20 0.19 0.19 0.26
0.15 0.32 0.09 0.05 0.20 0.22 0.20 0.15
0.10 0.23 0.05 0.03 0.14 0.17 0.13 0.09
0.15 0.32 0.07 0.06 0.18 0.20 0.15 0.15
0.16 0.38 0.06 0.06 0.19 0.22 0.12 0.18
0.17 0.40 0.08 0.05 0.22 0.25 0.18 0.15
0.19 0.44 0.09 0.05 0.25 0.28 0.20 0.19
0.17 0.39 0.07 0.04 0.22 0.25 0.18 0.16
0.16 0.39 0.04 0.04 0.22 0.25 0.12 0.18
0.19 0.47 0.07 0.04 0.27 0.31 0.19 0.18
0.17 0.43 0.07 0.02 0.25 0.29 0.19 0.08
0.13 0.33 0.06 0.02 0.21 0.24 0.16 0.11
0.18 0.47 0.07 0.00 0.28 0.33 0.21 0.02
0.21 0.54 0.07 0.02 0.35 0.40 0.23 0.13
0.19 0.51 0.06 0.02 0.35 0.40 0.21 0.18
0.20 0.55 0.04 0.01 0.34 0.40 0.13 0.12
0.27 0.72 0.07 0.02 0.40 0.47 0.21 0.16
0.35 0.89 0.12 0.04 0.50 0.56 0.33 0.30
0.30 0.79 0.12 0.02 0.44 0.50 0.34 0.12
0.29 0.73 0.12 0.04 0.46 0.50 0.38 0.33
0.31 0.82 0.10 0.02 0.47 0.54 0.33 0.17
0.32 0.82 0.11 0.03 0.55 0.61 0.38 0.29
0.27 0.70 0.10 0.03 0.55 0.62 0.40 0.27
0.22 0.56 0.08 0.03 0.46 0.53 0.32 0.22
0.08 0.17 0.05 0.02 0.18 0.17 0.19 0.18
0.14 0.31 0.08 0.02 0.29 0.32 0.28 0.17
0.07 0.18 0.03 0.01 0.19 0.22 0.14 0.14
0.03 0.09 0.02 0.01 0.10 0.12 0.08 0.14
0.10 0.23 0.05 0.02 0.26 0.30 0.22 0.18
0.10 0.25 0.04 0.01 0.26 0.30 0.19 0.15
0.09 0.19 0.05 0.02 0.20 0.21 0.22 0.18
0.14 0.35 0.07 0.01 0.32 0.37 0.27 0.11
0.10 0.24 0.06 0.02 0.26 0.29 0.24 0.16
0.10 0.24 0.04 0.01 0.25 0.29 0.20 0.20
0.09 0.22 0.07 0.01 0.25 0.27 0.28 0.10
0.07 0.16 0.05 0.01 0.20 0.21 0.23 0.13
0.10 0.24 0.07 0.01 0.25 0.29 0.27 0.05
0.10 0.22 0.07 0.01 0.25 0.27 0.27 0.11
0.06 0.15 0.05 0.00 0.16 0.18 0.19 0.05
0.06 0.13 0.04 0.01 0.12 0.13 0.13 0.09
0.08 0.19 0.04 0.01 0.13 0.16 0.11 0.06
0.07 0.17 0.03 0.01 0.09 0.13 0.06 0.02
0.10 0.25 0.04 0.02 0.12 0.17 0.10 0.06
0.13 0.34 0.06 0.02 0.13 0.19 0.11 0.03
0.10 0.24 0.06 0.02 0.10 0.13 0.09 0.03
0.07 0.20 0.04 0.03 0.07 0.12 0.07 0.05
0.07 0.22 0.04 0.02 0.08 0.14 0.07 0.02
0.05 0.15 0.03 0.03 0.06 0.10 0.06 0.05
0.05 0.13 0.05 0.02 0.06 0.09 0.09 0.03
0.06 0.12 0.06 0.03 0.07 0.09 0.11 0.05
0.05 0.10 0.04 0.02 0.06 0.08 0.07 0.03
0.01 0.04 0.02 0.02 0.02 0.03 0.04 0.04
0.02 0.06 0.02 0.02 0.03 0.04 0.04 0.05
0.03 0.07 0.03 0.02 0.04 0.06 0.07 0.04
0.02 0.03 0.03 0.03 0.03 0.03 0.07 0.06
0.04 0.05 0.03 0.05 0.04 0.04 0.08 0.08
0.02 0.03 0.04 0.03 0.03 0.02 0.08 0.05
0.02 0.03 0.01 0.03 0.02 0.03 0.03 0.06
0.02 0.04 0.02 0.03 0.03 0.04 0.04 0.05
0.03 0.07 0.03 0.02 0.06 0.07 0.08 0.05
0.04 0.08 0.03 0.03 0.06 0.08 0.08 0.06
0.04 0.06 0.04 0.03 0.06 0.05 0.09 0.06
0.03 0.04 0.02 0.06 0.04 0.03 0.04 0.11
0.07 0.15 0.04 0.04 0.08 0.09 0.06 0.07
0.01 0.02 0.01 0.03 0.01 0.01 0.01 0.05
0.07 0.11 0.08 0.04 0.07 0.06 0.12 0.07
0.01 0.02 0.03 0.01 0.01 0.01 0.05 0.03
0.02 0.05 0.02 0.02 0.02 0.03 0.03 0.04
0.03 0.08 0.03 0.02 0.03 0.04 0.04 0.04
0.03 0.06 0.03 0.02 0.03 0.03 0.04 0.05
0.07 0.18 0.03 0.04 0.07 0.09 0.05 0.07
0.05 0.13 0.04 0.01 0.05 0.07 0.06 0.03
0.14 0.30 0.08 0.04 0.15 0.17 0.14 0.10
0.17 0.38 0.09 0.04 0.20 0.22 0.18 0.12
0.09 0.21 0.06 0.02 0.13 0.15 0.14 0.06
0.07 0.18 0.03 0.02 0.08 0.11 0.06 0.05
0.09 0.21 0.04 0.02 0.13 0.16 0.10 0.06
0.07 0.17 0.04 0.02 0.10 0.13 0.10 0.05
0.08 0.20 0.03 0.02 0.11 0.14 0.09 0.07
0.12 0.30 0.04 0.01 0.14 0.19 0.09 0.04
0.10 0.28 0.04 0.01 0.13 0.18 0.08 0.04
0.15 0.34 0.08 0.04 0.16 0.18 0.16 0.10
0.13 0.32 0.05 0.02 0.15 0.19 0.10 0.07
0.20 0.45 0.08 0.06 0.21 0.24 0.15 0.14
0.19 0.42 0.08 0.08 0.25 0.28 0.18 0.21
0.24 0.53 0.09 0.11 0.26 0.29 0.18 0.25
0.27 0.63 0.10 0.09 0.32 0.37 0.21 0.22
0.27 0.65 0.09 0.10 0.29 0.34 0.18 0.23
0.29 0.70 0.14 0.05 0.32 0.38 0.28 0.12
0.31 0.72 0.10 0.11 0.32 0.36 0.20 0.25
0.37 0.85 0.16 0.10 0.40 0.45 0.34 0.24
0.35 0.79 0.17 0.09 0.37 0.40 0.34 0.23
0.41 0.98 0.18 0.08 0.46 0.52 0.39 0.25
0.42 1.02 0.17 0.07 0.44 0.49 0.39 0.23
0.41 1.00 0.13 0.09 0.44 0.49 0.31 0.31
0.43 1.01 0.17 0.12 0.44 0.45 0.39 0.42
0.57 1.37 0.23 0.10 0.53 0.56 0.47 0.34
0.57 1.38 0.18 0.15 0.49 0.53 0.36 0.43
0.62 1.52 0.19 0.15 0.46 0.50 0.33 0.37
0.59 1.42 0.20 0.16 0.42 0.44 0.32 0.38
0.67 1.59 0.28 0.14 0.46 0.49 0.42 0.33
0.76 1.84 0.31 0.14 0.50 0.54 0.44 0.34
0.79 1.93 0.30 0.13 0.50 0.54 0.43 0.31
0.68 1.73 0.19 0.13 0.42 0.45 0.26 0.35
0.74 1.87 0.22 0.13 0.45 0.48 0.30 0.35
0.89 2.19 0.29 0.19 0.54 0.57 0.40 0.48
0.71 1.86 0.17 0.11 0.45 0.51 0.26 0.29
0.60 1.60 0.13 0.08 0.45 0.50 0.25 0.25
0.49 1.31 0.11 0.05 0.40 0.45 0.22 0.19
0.57 1.49 0.13 0.08 0.48 0.52 0.29 0.36
0.50 1.30 0.15 0.04 0.49 0.52 0.38 0.29
0.61 1.67 0.15 0.03 0.59 0.65 0.36 0.18
0.49 1.32 0.13 0.02 0.50 0.55 0.33 0.16
0.61 1.67 0.13 0.02 0.56 0.62 0.32 0.16
0.07 0.17 0.03 0.02 0.08 0.08 0.08 0.17
0.05 0.09 0.04 0.02 0.05 0.04 0.09 0.17
0.04 0.07 0.04 0.02 0.04 0.03 0.10 0.15
0.04 0.07 0.04 0.02 0.05 0.04 0.10 0.19
0.04 0.10 0.03 0.02 0.06 0.05 0.07 0.21
0.04 0.09 0.01 0.03 0.05 0.05 0.05 0.23
0.02 0.05 0.02 0.02 0.03 0.03 0.05 0.16
0.05 0.13 0.02 0.02 0.07 0.07 0.05 0.19
0.05 0.12 0.03 0.01 0.07 0.07 0.09 0.13
0.03 0.06 0.02 0.02 0.04 0.04 0.08 0.14
0.02 0.05 0.02 0.01 0.04 0.03 0.08 0.13
0.03 0.08 0.02 0.01 0.05 0.06 0.07 0.12
0.02 0.05 0.03 0.01 0.03 0.04 0.10 0.11
0.02 0.06 0.02 0.01 0.03 0.04 0.05 0.14
0.02 0.06 0.02 0.01 0.03 0.04 0.05 0.07
0.03 0.08 0.02 0.01 0.04 0.04 0.04 0.10
0.02 0.05 0.03 0.01 0.03 0.03 0.07 0.11
0.04 0.10 0.04 0.01 0.06 0.06 0.11 0.12
0.04 0.09 0.03 0.01 0.05 0.06 0.08 0.12
0.06 0.15 0.02 0.01 0.09 0.10 0.06 0.13
0.04 0.10 0.03 0.01 0.07 0.07 0.10 0.10
0.03 0.07 0.02 0.02 0.05 0.05 0.07 0.14
0.04 0.08 0.03 0.01 0.05 0.05 0.09 0.06
0.04 0.09 0.03 0.01 0.06 0.07 0.09 0.06
0.03 0.06 0.03 0.01 0.04 0.04 0.09 0.08
0.02 0.05 0.03 0.02 0.03 0.04 0.09 0.12
0.02 0.05 0.02 0.01 0.04 0.04 0.06 0.08
0.03 0.06 0.03 0.01 0.05 0.05 0.08 0.09
0.02 0.05 0.03 0.01 0.04 0.04 0.10 0.05
0.10 0.15 0.09 0.06 0.17 0.13 0.29 0.27
0.10 0.20 0.08 0.01 0.18 0.19 0.26 0.08
0.14 0.35 0.07 0.02 0.24 0.29 0.20 0.09
0.18 0.40 0.09 0.04 0.27 0.31 0.25 0.15
0.17 0.43 0.05 0.03 0.25 0.31 0.12 0.10
0.16 0.39 0.05 0.03 0.23 0.28 0.13 0.11
0.13 0.30 0.05 0.03 0.18 0.22 0.12 0.10
0.14 0.31 0.08 0.03 0.20 0.23 0.18 0.09
0.09 0.20 0.06 0.02 0.14 0.16 0.15 0.07
0.08 0.22 0.03 0.03 0.12 0.16 0.06 0.07
0.13 0.30 0.05 0.04 0.16 0.21 0.11 0.11
0.14 0.32 0.06 0.04 0.20 0.24 0.15 0.13
0.10 0.22 0.04 0.04 0.15 0.17 0.11 0.12
0.09 0.22 0.03 0.03 0.14 0.18 0.08 0.11
0.06 0.15 0.03 0.03 0.10 0.13 0.08 0.08
0.08 0.21 0.04 0.02 0.12 0.18 0.09 0.07
0.03 0.10 0.03 0.02 0.05 0.08 0.06 0.05
0.03 0.08 0.03 0.02 0.04 0.07 0.07 0.06
0.05 0.13 0.02 0.03 0.08 0.11 0.06 0.08
0.07 0.16 0.04 0.03 0.11 0.15 0.09 0.08
0.06 0.15 0.03 0.03 0.09 0.12 0.06 0.10
0.05 0.11 0.03 0.03 0.07 0.09 0.06 0.08
0.05 0.11 0.02 0.03 0.07 0.09 0.05 0.09
0.03 0.05 0.03 0.03 0.04 0.05 0.06 0.08
0.05 0.10 0.03 0.04 0.07 0.08 0.06 0.08
0.03 0.08 0.02 0.02 0.04 0.07 0.05 0.04
0.04 0.14 0.03 0.02 0.06 0.11 0.06 0.04
0.03 0.08 0.02 0.02 0.04 0.07 0.04 0.04
0.07 0.14 0.02 0.04 0.11 0.14 0.05 0.09
0.03 0.09 0.03 0.04 0.04 0.08 0.07 0.08
0.05 0.15 0.03 0.02 0.06 0.11 0.05 0.03
0.04 0.09 0.02 0.02 0.05 0.07 0.05 0.04
0.06 0.12 0.04 0.04 0.08 0.09 0.07 0.08
0.07 0.15 0.04 0.03 0.09 0.11 0.07 0.06
0.06 0.16 0.04 0.01 0.07 0.11 0.06 0.02
0.06 0.14 0.02 0.03 0.06 0.09 0.04 0.05
0.09 0.22 0.03 0.03 0.11 0.15 0.06 0.05
0.10 0.25 0.04 0.05 0.11 0.15 0.07 0.08
0.04 0.09 0.04 0.04 0.04 0.05 0.06 0.07
0.05 0.14 0.04 0.03 0.05 0.08 0.05 0.05
0.07 0.16 0.04 0.04 0.08 0.10 0.06 0.07
0.09 0.20 0.04 0.04 0.09 0.12 0.05 0.06
0.13 0.29 0.07 0.04 0.12 0.16 0.09 0.06
0.17 0.37 0.09 0.06 0.16 0.21 0.13 0.09
0.31 0.69 0.14 0.10 0.25 0.32 0.17 0.13
0.46 1.00 0.18 0.22 0.33 0.41 0.19 0.27
0.41 0.78 0.18 0.28 0.25 0.27 0.17 0.30
0.53 1.11 0.27 0.23 0.32 0.37 0.26 0.24
0.74 1.61 0.30 0.33 0.41 0.49 0.28 0.33
0.89 2.03 0.37 0.29 0.43 0.53 0.31 0.24
0.92 2.03 0.32 0.42 0.41 0.48 0.25 0.33
0.79 1.68 0.35 0.34 0.37 0.41 0.29 0.31
1.11 2.51 0.44 0.39 0.52 0.62 0.36 0.36
0.85 1.87 0.32 0.37 0.39 0.44 0.26 0.33
1.28 2.89 0.49 0.46 0.64 0.75 0.46 0.43
0.98 2.17 0.38 0.38 0.55 0.62 0.39 0.43
1.28 2.78 0.61 0.45 0.74 0.80 0.67 0.56
1.12 2.43 0.51 0.42 0.66 0.71 0.56 0.55
1.03 2.29 0.40 0.41 0.69 0.76 0.51 0.60
1.12 2.44 0.52 0.39 0.75 0.81 0.65 0.64
1.03 2.27 0.46 0.35 0.76 0.82 0.62 0.65
0.51 1.21 0.20 0.12 0.44 0.51 0.30 0.28
0.76 1.84 0.28 0.18 0.56 0.65 0.37 0.36
0.53 1.23 0.20 0.17 0.43 0.48 0.29 0.39
1.06 2.42 0.42 0.35 0.83 0.89 0.62 0.80
0.53 1.20 0.20 0.18 0.46 0.48 0.33 0.50
0.90 2.03 0.36 0.30 0.73 0.77 0.57 0.73
0.66 1.44 0.32 0.21 0.59 0.61 0.54 0.53
0.55 1.30 0.22 0.13 0.51 0.56 0.38 0.37
0.40 0.93 0.16 0.12 0.40 0.43 0.29 0.37
0.46 1.07 0.16 0.15 0.44 0.48 0.30 0.45
0.54 1.24 0.22 0.15 0.47 0.50 0.37 0.44
0.48 1.09 0.19 0.15 0.45 0.48 0.35 0.43
0.32 0.78 0.11 0.08 0.36 0.40 0.21 0.27
0.43 1.02 0.15 0.12 0.42 0.46 0.28 0.35
0.46 1.09 0.18 0.11 0.46 0.50 0.35 0.34
0.35 0.80 0.13 0.11 0.37 0.40 0.27 0.35
0.29 0.69 0.11 0.08 0.33 0.36 0.24 0.27
0.33 0.79 0.12 0.09 0.37 0.42 0.25 0.29
0.32 0.75 0.12 0.10 0.36 0.40 0.25 0.30
0.29 0.64 0.12 0.11 0.33 0.35 0.25 0.30
0.28 0.63 0.11 0.11 0.34 0.37 0.24 0.35
0.24 0.56 0.09 0.07 0.30 0.34 0.21 0.22
0.21 0.49 0.07 0.09 0.28 0.32 0.17 0.30
0.18 0.42 0.06 0.05 0.26 0.30 0.17 0.20
0.19 0.44 0.08 0.05 0.25 0.28 0.19 0.20
0.21 0.51 0.07 0.05 0.29 0.34 0.18 0.21
0.23 0.57 0.07 0.07 0.27 0.32 0.16 0.22
0.25 0.58 0.10 0.07 0.30 0.34 0.21 0.23
0.29 0.69 0.11 0.07 0.33 0.37 0.23 0.22
0.28 0.64 0.11 0.11 0.31 0.33 0.22 0.32
0.21 0.48 0.10 0.07 0.26 0.28 0.22 0.25
0.22 0.49 0.09 0.08 0.27 0.28 0.20 0.27
0.26 0.59 0.11 0.07 0.32 0.34 0.25 0.28
0.26 0.55 0.14 0.08 0.34 0.34 0.34 0.37
0.20 0.45 0.09 0.07 0.30 0.31 0.24 0.38
0.20 0.43 0.07 0.09 0.28 0.28 0.20 0.48
0.22 0.51 0.06 0.09 0.31 0.33 0.18 0.46
0.19 0.42 0.06 0.09 0.25 0.25 0.16 0.42
0.14 0.35 0.01 0.08 0.18 0.21 0.04 0.34
0.24 0.49 0.07 0.16 0.29 0.27 0.17 0.60
0.29 0.61 0.10 0.17 0.35 0.33 0.24 0.58
0.23 0.49 0.08 0.12 0.25 0.25 0.18 0.38
0.32 0.70 0.15 0.13 0.35 0.35 0.31 0.44
0.39 0.80 0.22 0.15 0.38 0.36 0.42 0.47
0.54 1.16 0.26 0.21 0.46 0.46 0.43 0.51
0.46 1.03 0.16 0.19 0.35 0.37 0.25 0.44
0.59 1.40 0.22 0.16 0.43 0.47 0.32 0.36
0.63 1.43 0.22 0.24 0.44 0.46 0.32 0.54
0.88 1.94 0.35 0.33 0.53 0.54 0.45 0.64
0.81 1.76 0.39 0.29 0.51 0.50 0.49 0.60
0.97 2.11 0.41 0.39 0.66 0.65 0.54 0.82
0.70 1.60 0.22 0.28 0.44 0.45 0.30 0.60
0.85 1.88 0.34 0.34 0.57 0.56 0.48 0.75
0.82 1.82 0.34 0.29 0.58 0.59 0.52 0.66
0.59 1.34 0.24 0.20 0.45 0.47 0.36 0.45
0.77 1.76 0.25 0.29 0.57 0.62 0.38 0.61
0.75 1.65 0.30 0.29 0.57 0.61 0.44 0.57
0.85 1.75 0.40 0.40 0.66 0.67 0.56 0.79
0.88 1.99 0.36 0.30 0.74 0.81 0.56 0.59
0.77 1.66 0.30 0.34 0.62 0.67 0.44 0.64
