5.99 12.66 3.14 2.17 40.36 37.11 43.17 44.77
6.34 13.68 3.03 2.31 40.11 36.77 43.32 44.50
6.43 14.04 3.05 2.19 40.05 36.66 43.29 44.72
6.44 14.14 3.04 2.15 40.04 36.63 43.30 44.80
6.49 14.09 3.18 2.19 40.01 36.64 43.10 44.73
6.86 15.00 3.21 2.37 39.77 36.37 43.07 44.39
7.01 15.25 3.38 2.40 39.67 36.30 42.85 44.33
7.51 16.47 3.56 2.51 39.37 35.96 42.62 44.14
6.43 13.99 3.14 2.15 40.05 36.67 43.16 44.81
7.17 15.57 3.35 2.60 39.57 36.21 42.88 43.98
7.25 15.82 3.30 2.64 39.53 36.14 42.95 43.91
6.88 15.36 3.03 2.25 39.75 36.27 43.32 44.60
6.74 14.97 3.04 2.20 39.85 36.38 43.30 44.70
7.87 17.56 3.68 2.38 39.17 35.69 42.47 44.37
7.58 17.24 3.18 2.32 39.33 35.77 43.10 44.48
8.00 18.16 3.44 2.39 39.10 35.54 42.77 44.35
7.34 16.60 3.27 2.16 39.47 35.93 42.99 44.79
7.27 16.67 3.19 1.96 39.51 35.91 43.10 45.22
6.43 14.74 2.82 1.72 40.05 36.45 43.63 45.77
6.42 14.79 2.75 1.73 40.05 36.43 43.73 45.76
6.33 14.34 2.86 1.78 40.12 36.57 43.57 45.62
6.00 13.54 2.60 1.84 40.35 36.81 43.98 45.47
6.21 13.78 2.87 1.96 40.20 36.74 43.55 45.20
5.87 12.90 2.85 1.85 40.44 37.02 43.59 45.45
5.03 11.11 2.40 1.58 41.12 37.68 44.34 46.16
4.74 10.56 2.24 1.43 41.37 37.90 44.62 46.57
4.19 9.30 1.94 1.34 41.91 38.45 45.26 46.88
4.04 9.06 1.87 1.19 42.07 38.56 45.41 47.38
3.81 8.49 1.83 1.12 42.32 38.84 45.51 47.66
4.07 8.87 2.08 1.26 42.03 38.65 44.96 47.12
3.63 7.63 2.01 1.23 42.54 39.31 45.09 47.23
3.74 7.73 2.03 1.48 42.41 39.26 45.07 46.42
4.06 8.35 2.21 1.63 42.05 38.92 44.69 46.02
4.08 8.30 2.28 1.66 42.03 38.94 44.56 45.92
3.43 6.85 1.98 1.46 42.79 39.79 45.15 46.49
3.19 6.34 1.84 1.40 43.09 40.12 45.49 46.67
3.55 7.13 2.07 1.45 42.63 39.61 44.97 46.52
3.13 6.20 1.87 1.30 43.19 40.22 45.42 47.00
3.11 6.13 1.88 1.30 43.22 40.26 45.39 46.99
3.61 7.16 2.09 1.57 42.56 39.59 44.94 46.17
3.83 7.71 2.16 1.63 42.30 39.27 44.78 46.02
3.31 6.68 1.85 1.40 42.94 39.89 45.46 46.66
3.30 6.80 1.82 1.27 42.95 39.82 45.53 47.08
3.22 6.87 1.73 1.06 43.05 39.77 45.76 47.87
3.06 6.57 1.68 0.91 43.29 39.96 45.88 48.57
2.98 6.44 1.63 0.85 43.41 40.05 46.02 48.84
2.98 6.48 1.65 0.80 43.40 40.02 45.96 49.10
2.82 6.13 1.61 0.73 43.63 40.26 46.06 49.52
2.77 6.10 1.52 0.70 43.72 40.30 46.31 49.71
2.51 5.62 1.35 0.55 44.15 40.65 46.83 50.71
2.35 5.32 1.29 0.42 44.45 40.90 47.03 51.92
2.53 5.73 1.37 0.49 44.12 40.57 46.76 51.26
2.92 6.65 1.53 0.57 43.50 39.93 46.28 50.58
2.99 6.80 1.60 0.56 43.40 39.84 46.08 50.63
3.00 6.82 1.61 0.59 43.37 39.82 46.07 50.42
2.87 6.57 1.50 0.54 43.56 39.97 46.37 50.83
2.82 6.52 1.40 0.54 43.65 40.01 46.68 50.82
2.53 5.81 1.27 0.51 44.12 40.51 47.09 51.08
2.13 4.77 1.10 0.50 44.87 41.37 47.71 51.13
2.09 4.57 1.16 0.52 44.94 41.54 47.48 50.94
2.22 4.83 1.33 0.52 44.66 41.30 46.92 50.96
2.23 4.85 1.34 0.50 44.66 41.29 46.86 51.13
1.83 3.90 1.12 0.47 45.51 42.23 47.64 51.40
1.70 3.77 1.00 0.34 45.82 42.38 48.15 52.77
1.68 3.69 1.00 0.35 45.88 42.46 48.15 52.71
1.78 3.98 1.01 0.36 45.63 42.14 48.12 52.55
1.97 4.27 1.14 0.51 45.19 41.84 47.58 51.06
2.08 4.57 1.20 0.49 44.95 41.55 47.36 51.24
1.81 3.90 1.08 0.46 45.55 42.23 47.81 51.50
1.82 4.00 1.07 0.39 45.53 42.12 47.82 52.26
1.81 3.95 1.09 0.37 45.57 42.17 47.74 52.43
1.70 3.69 1.04 0.37 45.83 42.46 47.96 52.44
1.89 4.02 1.16 0.50 45.37 42.10 47.47 51.19
1.81 3.81 1.13 0.48 45.56 42.32 47.59 51.37
1.82 3.84 1.14 0.48 45.54 42.29 47.57 51.32
2.40 4.86 1.61 0.73 44.33 41.27 46.08 49.46
3.06 5.86 2.06 1.26 43.30 40.47 45.02 47.20
3.74 7.01 2.32 1.88 42.43 39.70 44.48 45.43
4.34 8.09 2.46 2.49 41.79 39.09 44.26 44.23
5.13 9.24 2.85 3.30 41.07 38.51 43.60 43.02
5.26 9.20 3.18 3.39 40.95 38.52 43.12 42.90
5.30 9.08 3.12 3.71 40.94 38.60 43.22 42.51
5.23 8.98 2.96 3.74 41.02 38.67 43.45 42.49
4.85 8.14 2.61 3.81 41.33 39.08 43.99 42.43
4.41 7.35 2.64 3.24 41.72 39.50 43.93 43.09
4.61 7.56 2.64 3.62 41.54 39.40 43.93 42.62
4.62 7.39 2.61 3.85 41.54 39.49 43.97 42.41
4.32 6.80 2.40 3.75 41.84 39.86 44.35 42.52
3.74 6.04 2.17 3.02 42.44 40.35 44.80 43.42
3.87 6.13 2.27 3.22 42.31 40.30 44.61 43.15
3.54 6.10 1.98 2.54 42.66 40.30 45.16 44.11
3.91 6.45 2.20 3.08 42.23 40.05 44.71 43.28
3.91 6.47 2.21 3.04 42.23 40.03 44.70 43.34
3.61 6.16 1.99 2.68 42.57 40.25 45.15 43.88
3.37 5.54 1.95 2.61 42.88 40.72 45.23 43.99
2.96 4.96 1.63 2.32 43.43 41.20 46.03 44.51
3.22 5.38 1.83 2.46 43.07 40.85 45.51 44.25
3.51 5.89 2.23 2.42 42.69 40.45 44.67 44.31
3.99 7.05 2.43 2.50 42.12 39.65 44.29 44.16
4.42 7.95 2.62 2.70 41.68 39.13 43.96 43.82
4.63 8.31 2.97 2.61 41.48 38.95 43.41 43.97
4.83 8.83 2.82 2.86 41.29 38.67 43.63 43.58
4.63 8.70 2.74 2.45 41.47 38.74 43.75 44.24
5.24 9.88 3.09 2.75 40.94 38.19 43.23 43.74
4.77 9.15 2.87 2.29 41.34 38.52 43.55 44.53
4.73 9.03 3.03 2.12 41.39 38.57 43.32 44.87
4.59 8.74 2.89 2.14 41.51 38.72 43.52 44.82
4.34 8.29 2.80 1.94 41.75 38.95 43.66 45.25
4.29 8.38 2.65 1.84 41.81 38.90 43.90 45.48
3.94 7.94 2.30 1.58 42.18 39.13 44.52 46.15
3.37 6.63 2.02 1.46 42.86 39.92 45.08 46.49
3.64 7.24 2.09 1.60 42.52 39.53 44.92 46.10
3.16 6.23 1.92 1.32 43.14 40.19 45.29 46.92
3.16 6.22 1.86 1.42 43.13 40.20 45.43 46.61
3.26 6.58 1.88 1.32 43.00 39.95 45.40 46.91
3.81 7.46 2.19 1.79 42.32 39.41 44.74 45.60
3.79 7.63 2.13 1.62 42.34 39.31 44.85 46.04
4.31 8.64 2.35 1.93 41.79 38.77 44.43 45.27
3.99 8.05 2.21 1.71 42.12 39.07 44.69 45.80
4.53 9.06 2.45 2.07 41.57 38.56 44.24 44.98
3.69 7.26 2.08 1.75 42.45 39.52 44.96 45.71
4.49 8.94 2.45 2.09 41.61 38.62 44.24 44.92
4.30 8.65 2.21 2.03 41.80 38.77 44.70 45.06
4.74 9.62 2.41 2.18 41.38 38.30 44.33 44.75
4.58 9.31 2.44 1.98 41.53 38.44 44.27 45.17
4.81 9.80 2.35 2.29 41.31 38.22 44.43 44.55
4.63 9.57 2.34 2.00 41.47 38.33 44.45 45.12
4.72 9.94 2.37 1.86 41.39 38.16 44.39 45.44
4.56 9.94 2.21 1.54 41.54 38.16 44.69 46.25
4.79 10.78 2.18 1.40 41.33 37.81 44.75 46.66
4.67 10.52 2.04 1.44 41.44 37.91 45.03 46.55
5.02 11.45 2.20 1.42 41.12 37.54 44.71 46.61
5.64 12.95 2.52 1.47 40.61 37.01 44.12 46.46
6.01 13.79 2.44 1.78 40.34 36.73 44.25 45.62
6.87 15.85 2.76 2.00 39.76 36.13 43.72 45.12
7.13 16.34 2.93 2.12 39.60 36.00 43.46 44.86
7.47 17.04 3.32 2.06 39.39 35.82 42.92 44.99
7.89 18.12 3.46 2.08 39.16 35.55 42.74 44.94
8.09 18.72 3.54 2.01 39.05 35.41 42.64 45.09
8.20 19.25 3.47 1.88 38.99 35.29 42.73 45.39
8.43 19.89 3.54 1.86 38.87 35.15 42.64 45.43
8.67 20.39 3.53 2.09 38.75 35.04 42.65 44.93
8.03 19.15 3.14 1.80 39.09 35.31 43.17 45.58
6.87 16.47 2.52 1.62 39.76 35.96 44.12 46.04
6.26 15.11 2.39 1.29 40.17 36.34 44.36 47.04
6.05 14.90 2.20 1.06 40.31 36.40 44.70 47.87
5.25 13.02 1.93 0.78 40.93 36.98 45.27 49.19
5.48 13.84 1.97 0.64 40.74 36.72 45.18 50.09
5.05 12.61 1.95 0.59 41.10 37.12 45.23 50.39
5.64 14.37 1.98 0.58 40.61 36.56 45.16 50.53
5.03 12.43 2.07 0.60 41.13 37.21 44.98 50.36
5.25 13.10 2.06 0.59 40.95 36.98 45.00 50.47
5.08 12.72 1.98 0.56 41.08 37.10 45.17 50.69
5.04 12.73 1.92 0.48 41.14 37.12 45.32 51.32
4.96 12.50 1.91 0.48 41.20 37.20 45.33 51.31
4.65 11.62 1.87 0.48 41.48 37.51 45.43 51.33
4.67 11.55 1.90 0.57 41.46 37.53 45.36 50.60
4.91 12.11 2.00 0.62 41.24 37.32 45.14 50.21
4.60 11.39 1.87 0.55 41.53 37.60 45.43 50.73
4.19 10.37 1.64 0.58 41.93 38.00 45.99 50.54
4.05 10.00 1.60 0.55 42.09 38.17 46.11 50.71
3.88 9.51 1.66 0.46 42.28 38.39 45.94 51.53
3.77 9.14 1.68 0.49 42.40 38.56 45.89 51.22
3.76 9.10 1.71 0.45 42.41 38.57 45.80 51.60
4.13 9.85 1.97 0.56 41.99 38.22 45.19 50.63
4.51 10.74 2.14 0.65 41.60 37.84 44.83 50.04
4.23 10.06 2.03 0.61 41.88 38.12 45.06 50.30
3.85 9.24 1.76 0.56 42.28 38.48 45.68 50.65
3.90 9.38 1.80 0.53 42.23 38.42 45.59 50.88
3.63 8.71 1.67 0.49 42.55 38.75 45.91 51.18
3.28 7.71 1.58 0.54 42.98 39.27 46.13 50.82
3.44 8.08 1.67 0.57 42.78 39.07 45.92 50.60
3.52 8.15 1.73 0.69 42.67 39.03 45.75 49.73
3.60 8.22 1.86 0.73 42.58 39.00 45.44 49.52
3.24 7.32 1.71 0.67 43.04 39.50 45.79 49.85
3.11 7.10 1.61 0.63 43.21 39.63 46.07 50.15
3.10 7.08 1.63 0.59 43.22 39.65 46.01 50.39
2.83 6.44 1.47 0.58 43.62 40.06 46.46 50.48
2.95 6.65 1.49 0.70 43.44 39.91 46.39 49.66
2.93 6.27 1.59 0.94 43.47 40.17 46.13 48.41
2.85 5.97 1.58 1.01 43.60 40.39 46.16 48.10
3.18 6.62 1.80 1.13 43.11 39.94 45.58 47.62
3.32 6.91 1.84 1.22 42.92 39.75 45.48 47.25
3.47 7.16 1.90 1.34 42.74 39.59 45.34 46.87
3.42 6.93 1.96 1.37 42.79 39.73 45.21 46.76
3.25 6.45 1.90 1.39 43.02 40.04 45.34 46.70
3.33 6.47 2.03 1.51 42.90 40.03 45.05 46.36
3.04 5.84 1.89 1.41 43.30 40.47 45.37 46.64
3.23 6.21 1.97 1.50 43.04 40.20 45.19 46.37
3.48 6.82 2.04 1.58 42.72 39.80 45.05 46.14
3.36 6.55 1.94 1.58 42.87 39.97 45.25 46.13
3.34 6.61 1.89 1.53 42.90 39.94 45.38 46.28
3.24 6.41 1.89 1.42 43.03 40.08 45.36 46.61
3.10 6.06 1.89 1.37 43.22 40.33 45.37 46.78
3.21 6.22 1.97 1.43 43.08 40.21 45.18 46.58
3.31 6.38 2.13 1.42 42.94 40.10 44.85 46.60
3.26 6.17 2.04 1.56 43.03 40.26 45.05 46.21
3.31 6.11 2.10 1.73 42.95 40.30 44.94 45.78
3.11 5.79 1.88 1.68 43.21 40.53 45.40 45.90
3.38 6.41 2.01 1.74 42.85 40.08 45.12 45.75
3.24 6.06 1.94 1.73 43.04 40.33 45.27 45.77
3.45 6.34 2.09 1.93 42.76 40.13 44.93 45.30
3.30 5.86 1.99 2.04 42.96 40.47 45.14 45.05
3.48 6.10 2.10 2.25 42.73 40.30 44.91 44.63
3.81 6.53 2.64 2.27 42.36 40.02 43.98 44.59
4.07 6.98 2.71 2.53 42.09 39.74 43.89 44.15
3.45 5.80 2.07 2.49 42.76 40.51 44.98 44.21
3.18 5.14 1.93 2.48 43.13 41.05 45.29 44.23
3.58 5.76 2.30 2.67 42.63 40.56 44.52 43.92
4.28 6.97 2.89 2.99 41.85 39.73 43.53 43.43
4.06 6.61 2.80 2.77 42.06 39.95 43.66 43.73
4.61 7.49 2.98 3.37 41.51 39.40 43.40 42.90
4.68 7.62 3.00 3.43 41.45 39.34 43.37 42.83
5.02 8.43 3.11 3.52 41.15 38.90 43.22 42.71
4.85 8.21 2.96 3.38 41.29 39.00 43.42 42.90
4.92 8.28 2.89 3.60 41.24 38.97 43.53 42.64
5.43 9.37 3.16 3.74 40.82 38.44 43.14 42.48
5.56 9.34 3.43 3.91 40.72 38.46 42.79 42.28
5.43 9.15 3.57 3.59 40.80 38.54 42.62 42.63
5.68 9.44 3.66 3.95 40.63 38.42 42.53 42.24
5.73 9.59 3.69 3.93 40.58 38.34 42.48 42.28
5.83 9.87 3.88 3.76 40.50 38.20 42.26 42.44
5.47 9.34 3.63 3.44 40.77 38.44 42.54 42.80
6.82 11.88 4.15 4.41 39.82 37.39 41.96 41.73
7.56 12.97 4.77 4.93 39.36 37.01 41.36 41.24
8.75 15.10 5.30 5.86 38.72 36.35 40.90 40.50
8.50 15.45 5.07 4.98 38.84 36.24 41.08 41.17
9.80 17.78 5.99 5.62 38.23 35.64 40.37 40.65
11.33 21.12 6.55 6.32 37.60 34.89 39.97 40.14
11.50 21.64 6.37 6.49 37.53 34.78 40.09 40.01
11.19 21.21 6.42 5.93 37.65 34.87 40.06 40.41
11.09 21.25 6.08 5.92 37.69 34.86 40.29 40.41
11.73 22.05 6.24 6.92 37.44 34.70 40.19 39.77
10.66 20.80 5.27 5.90 37.86 34.95 40.91 40.44
9.75 18.95 5.01 5.29 38.24 35.36 41.14 40.92
9.16 18.39 4.69 4.40 38.51 35.48 41.42 41.70
9.04 18.26 4.66 4.21 38.57 35.52 41.45 41.89
7.96 16.14 4.04 3.71 39.12 36.05 42.07 42.45
7.81 16.17 4.04 3.21 39.21 36.04 42.06 43.07
7.47 15.45 4.00 2.96 39.40 36.24 42.11 43.42
5.89 12.15 3.33 2.18 40.46 37.31 42.93 44.76
6.92 14.63 3.70 2.41 39.76 36.51 42.46 44.32
6.23 13.07 3.41 2.22 40.21 37.00 42.82 44.68
6.97 15.09 3.45 2.36 39.77 36.42 42.79 44.45
5.71 12.42 2.96 1.77 40.58 37.21 43.44 45.67
6.37 13.85 3.07 2.18 40.14 36.77 43.29 44.79
5.76 12.29 2.99 2.01 40.56 37.27 43.41 45.13
5.50 11.98 2.83 1.69 40.75 37.37 43.63 45.86
4.92 10.69 2.56 1.52 41.23 37.86 44.06 46.32
5.11 11.22 2.54 1.56 41.07 37.66 44.09 46.22
5.68 12.48 2.85 1.72 40.61 37.19 43.60 45.79
5.25 11.43 2.69 1.64 40.95 37.58 43.85 46.00
4.40 9.47 2.34 1.40 41.71 38.39 44.44 46.67
5.06 10.89 2.62 1.67 41.11 37.78 43.95 45.92
4.97 10.85 2.53 1.53 41.18 37.80 44.11 46.29
4.50 9.75 2.25 1.49 41.62 38.26 44.61 46.41
4.20 9.10 2.16 1.35 41.91 38.56 44.79 46.83
4.29 9.13 2.25 1.48 41.83 38.54 44.63 46.44
4.26 9.01 2.19 1.58 41.85 38.60 44.73 46.15
4.19 8.76 2.17 1.64 41.92 38.72 44.78 45.99
4.00 8.26 2.17 1.56 42.12 38.98 44.77 46.21
3.80 7.89 2.02 1.49 42.35 39.17 45.09 46.40
3.56 7.41 1.87 1.40 42.63 39.44 45.42 46.67
3.14 6.48 1.74 1.20 43.16 40.02 45.74 47.33
3.55 7.44 1.93 1.26 42.64 39.42 45.28 47.13
3.44 7.26 1.86 1.22 42.77 39.54 45.44 47.28
4.05 8.61 2.08 1.47 42.06 38.79 44.95 46.46
3.89 8.16 2.08 1.44 42.23 39.03 44.95 46.55
4.21 8.97 2.14 1.53 41.90 38.62 44.84 46.28
4.44 9.42 2.29 1.61 41.67 38.41 44.54 46.07
4.17 8.85 2.19 1.47 41.94 38.67 44.73 46.47
4.41 9.50 2.28 1.46 41.70 38.37 44.57 46.49
4.28 9.31 2.18 1.35 41.83 38.46 44.76 46.84
3.94 8.66 2.01 1.13 42.19 38.77 45.10 47.61
3.52 7.82 1.81 0.94 42.67 39.21 45.56 48.41
3.72 8.43 1.73 0.99 42.44 38.89 45.76 48.18
3.84 8.65 1.80 1.07 42.31 38.78 45.59 47.86
3.93 8.86 1.85 1.09 42.21 38.68 45.46 47.79
3.97 8.99 1.79 1.13 42.16 38.61 45.61 47.59
4.31 9.65 1.91 1.36 41.80 38.31 45.33 46.79
4.46 9.87 2.00 1.52 41.65 38.21 45.13 46.31
4.83 10.67 2.26 1.57 41.31 37.87 44.60 46.16
5.06 11.30 2.38 1.50 41.11 37.63 44.37 46.36
5.37 11.87 2.62 1.62 40.84 37.40 43.95 46.03
6.63 14.65 3.14 2.12 39.93 36.50 43.17 44.87
6.75 15.09 3.08 2.09 39.84 36.36 43.25 44.93
7.30 16.40 3.39 2.12 39.51 36.00 42.84 44.87
7.53 16.93 3.42 2.25 39.37 35.86 42.80 44.62
8.72 19.40 4.08 2.69 38.73 35.26 42.03 43.83
8.46 18.93 3.95 2.50 38.86 35.37 42.16 44.16
8.52 18.88 4.11 2.56 38.84 35.39 42.00 44.04
8.30 18.86 3.73 2.32 38.94 35.38 42.42 44.48
7.98 18.16 3.49 2.28 39.12 35.55 42.70 44.55
7.52 16.94 3.37 2.24 39.37 35.85 42.85 44.62
6.79 14.84 3.33 2.21 39.81 36.42 42.91 44.69
6.86 14.87 3.24 2.47 39.77 36.41 43.02 44.21
6.76 14.19 3.52 2.58 39.83 36.61 42.67 44.02
6.68 13.63 3.66 2.74 39.88 36.78 42.49 43.76
6.23 12.99 3.18 2.51 40.19 37.00 43.11 44.14
6.32 12.89 3.32 2.74 40.13 37.03 42.93 43.76
