5.99 12.66 3.14 2.17 40.36 37.11 43.17 44.77
6.34 13.68 3.03 2.31 40.11 36.77 43.32 44.50
6.43 14.04 3.05 2.19 40.05 36.66 43.29 44.72
6.44 14.14 3.04 2.15 40.04 36.63 43.30 44.80
6.49 14.09 3.18 2.19 40.01 36.64 43.10 44.73
6.86 15.00 3.21 2.37 39.77 36.37 43.07 44.39
7.01 15.25 3.38 2.40 39.67 36.30 42.85 44.33
7.51 16.47 3.56 2.51 39.37 35.96 42.62 44.14
6.43 13.99 3.14 2.15 40.05 36.67 43.16 44.81
7.17 15.57 3.35 2.60 39.57 36.21 42.88 43.98
7.25 15.82 3.30 2.64 39.53 36.14 42.95 43.91
6.88 15.36 3.03 2.25 39.75 36.27 43.32 44.60
6.74 14.97 3.04 2.20 39.85 36.38 43.30 44.70
7.87 17.56 3.68 2.38 39.17 35.69 42.47 44.37
7.58 17.24 3.18 2.32 39.33 35.77 43.10 44.48
8.00 18.16 3.44 2.39 39.10 35.54 42.77 44.35
7.34 16.60 3.27 2.16 39.47 35.93 42.99 44.79
7.27 16.67 3.19 1.96 39.51 35.91 43.10 45.22
6.43 14.74 2.82 1.72 40.05 36.45 43.63 45.77
6.42 14.79 2.75 1.73 40.05 36.43 43.73 45.76
6.33 14.34 2.86 1.78 40.12 36.57 43.57 45.62
6.00 13.55 2.60 1.85 40.35 36.81 43.98 45.45
6.23 13.79 2.89 1.99 40.19 36.73 43.53 45.13
5.87 12.91 2.86 1.85 40.44 37.02 43.57 45.45
5.01 11.07 2.39 1.58 41.13 37.69 44.35 46.15
4.74 10.58 2.21 1.44 41.37 37.89 44.68 46.54
4.21 9.32 1.95 1.36 41.89 38.44 45.24 46.78
4.07 9.12 1.91 1.18 42.03 38.53 45.32 47.42
3.81 8.47 1.81 1.14 42.32 38.85 45.54 47.56
4.12 9.08 2.05 1.24 41.98 38.55 45.02 47.19
4.02 8.63 2.13 1.30 42.09 38.77 44.84 46.98
4.17 8.78 2.16 1.58 41.92 38.70 44.78 46.15
4.35 9.12 2.30 1.63 41.75 38.53 44.51 46.00
4.41 9.15 2.37 1.69 41.69 38.51 44.38 45.84
3.95 8.06 2.23 1.55 42.17 39.07 44.64 46.22
3.48 7.07 1.96 1.42 42.71 39.64 45.20 46.61
3.89 7.89 2.24 1.54 42.23 39.16 44.63 46.24
3.34 6.74 1.92 1.36 42.89 39.84 45.29 46.80
3.48 6.95 2.08 1.42 42.71 39.71 44.95 46.60
3.94 7.91 2.23 1.69 42.18 39.15 44.65 45.86
4.20 8.63 2.31 1.67 41.90 38.77 44.50 45.91
3.68 7.58 2.02 1.45 42.47 39.34 45.08 46.53
3.70 7.85 1.97 1.29 42.45 39.18 45.19 47.02
3.55 7.75 1.85 1.06 42.63 39.24 45.46 47.90
3.49 7.72 1.85 0.90 42.70 39.25 45.45 48.57
3.50 7.82 1.77 0.91 42.69 39.20 45.65 48.55
3.41 7.59 1.80 0.84 42.80 39.33 45.57 48.90
3.15 7.06 1.68 0.73 43.14 39.64 45.89 49.49
3.30 7.55 1.63 0.71 42.95 39.35 46.00 49.63
3.12 7.22 1.55 0.59 43.19 39.55 46.24 50.44
3.08 7.15 1.60 0.48 43.25 39.59 46.09 51.31
3.18 7.45 1.56 0.52 43.11 39.41 46.19 50.95
3.64 8.56 1.76 0.60 42.52 38.80 45.67 50.31
3.63 8.64 1.72 0.52 42.53 38.76 45.76 51.00
3.70 8.81 1.72 0.58 42.45 38.68 45.78 50.51
3.48 8.38 1.55 0.52 42.71 38.90 46.24 50.94
3.73 9.06 1.58 0.55 42.41 38.56 46.16 50.73
3.46 8.41 1.44 0.54 42.74 38.88 46.55 50.81
3.02 7.20 1.34 0.53 43.33 39.56 46.86 50.85
3.03 7.05 1.45 0.58 43.32 39.65 46.50 50.52
2.94 6.76 1.50 0.54 43.45 39.83 46.36 50.80
3.15 7.28 1.64 0.54 43.14 39.51 45.97 50.78
2.83 6.48 1.45 0.57 43.61 40.02 46.53 50.55
2.74 6.46 1.37 0.40 43.75 40.03 46.75 52.07
2.62 6.14 1.31 0.41 43.94 40.25 46.96 51.97
3.02 7.15 1.46 0.44 43.34 39.59 46.49 51.67
3.20 7.28 1.67 0.65 43.08 39.51 45.91 50.03
3.30 7.61 1.68 0.60 42.95 39.32 45.88 50.35
2.95 6.76 1.55 0.55 43.43 39.83 46.23 50.71
2.87 6.75 1.41 0.45 43.55 39.84 46.65 51.58
2.89 6.78 1.47 0.43 43.52 39.82 46.45 51.83
2.77 6.42 1.47 0.42 43.70 40.06 46.44 51.86
2.81 6.38 1.48 0.57 43.64 40.08 46.44 50.56
2.61 5.84 1.45 0.53 43.96 40.46 46.51 50.86
2.71 5.99 1.58 0.56 43.80 40.36 46.13 50.66
3.51 7.61 2.07 0.85 42.67 39.32 44.96 48.82
4.11 8.32 2.67 1.34 42.00 38.93 43.87 46.87
5.08 10.19 2.97 2.09 41.07 38.05 43.41 44.92
5.61 11.03 2.98 2.83 40.64 37.70 43.39 43.62
6.47 12.18 3.50 3.73 40.02 37.28 42.69 42.41
6.43 11.75 3.74 3.81 40.05 37.43 42.40 42.33
6.59 11.82 3.71 4.26 39.94 37.41 42.44 41.84
6.38 11.34 3.52 4.26 40.09 37.58 42.66 41.83
5.90 10.28 3.01 4.40 40.43 38.01 43.35 41.70
5.16 8.95 2.94 3.58 41.01 38.61 43.45 42.59
5.53 9.50 2.98 4.10 40.71 38.35 43.39 42.00
5.47 9.13 2.92 4.37 40.75 38.53 43.48 41.73
5.06 8.24 2.65 4.30 41.09 38.97 43.89 41.79
4.25 7.03 2.33 3.40 41.85 39.66 44.45 42.82
4.42 7.18 2.48 3.59 41.68 39.57 44.19 42.58
3.86 6.82 2.07 2.69 42.26 39.79 44.96 43.83
4.18 6.97 2.29 3.28 41.92 39.70 44.53 42.97
4.25 7.12 2.32 3.29 41.85 39.60 44.47 42.96
3.88 6.61 2.15 2.87 42.25 39.93 44.81 43.55
3.64 6.08 2.06 2.78 42.52 40.29 44.99 43.69
3.27 5.55 1.70 2.55 42.99 40.69 45.82 44.07
3.49 5.95 1.93 2.59 42.70 40.38 45.28 44.00
3.69 6.25 2.29 2.54 42.46 40.17 44.53 44.08
4.18 7.41 2.50 2.62 41.92 39.43 44.15 43.94
4.63 8.36 2.68 2.85 41.48 38.91 43.86 43.58
4.87 8.75 3.14 2.73 41.25 38.71 43.17 43.77
4.96 9.11 2.84 2.94 41.17 38.54 43.59 43.45
4.78 9.02 2.76 2.56 41.34 38.58 43.72 44.06
5.41 10.20 3.17 2.85 40.80 38.05 43.12 43.58
4.93 9.49 2.92 2.38 41.20 38.36 43.48 44.36
4.91 9.47 3.02 2.24 41.22 38.37 43.33 44.63
4.67 9.01 2.87 2.14 41.44 38.58 43.56 44.82
4.17 8.12 2.53 1.86 41.93 39.03 44.09 45.43
4.50 8.79 2.70 2.01 41.60 38.69 43.82 45.10
4.09 8.25 2.33 1.68 42.02 38.97 44.46 45.89
3.39 6.73 1.97 1.47 42.83 39.85 45.18 46.46
3.71 7.37 2.10 1.66 42.44 39.46 44.91 45.92
3.24 6.45 1.93 1.35 43.02 40.03 45.28 46.82
3.20 6.24 1.90 1.46 43.08 40.18 45.35 46.47
3.34 6.76 1.89 1.36 42.90 39.83 45.38 46.80
3.93 7.66 2.25 1.87 42.19 39.29 44.61 45.41
3.89 7.85 2.15 1.68 42.23 39.18 44.81 45.89
4.41 8.87 2.36 1.99 41.69 38.65 44.40 45.14
4.06 8.19 2.24 1.76 42.04 39.00 44.63 45.68
4.59 9.20 2.48 2.09 41.51 38.49 44.19 44.92
3.78 7.44 2.13 1.76 42.36 39.42 44.84 45.67
4.59 9.16 2.47 2.13 41.51 38.51 44.20 44.84
4.42 8.87 2.25 2.13 41.68 38.65 44.61 44.86
4.91 9.92 2.48 2.33 41.22 38.17 44.19 44.45
4.65 9.41 2.45 2.08 41.46 38.40 44.24 44.95
4.90 9.91 2.35 2.44 41.23 38.17 44.43 44.26
4.74 9.73 2.38 2.12 41.37 38.25 44.37 44.87
4.80 10.06 2.36 1.96 41.32 38.10 44.39 45.21
4.60 10.01 2.23 1.56 41.50 38.13 44.64 46.20
4.83 10.89 2.18 1.43 41.29 37.76 44.75 46.58
4.70 10.61 2.07 1.42 41.41 37.88 44.96 46.62
5.06 11.51 2.22 1.45 41.09 37.52 44.68 46.53
5.62 12.85 2.52 1.49 40.63 37.04 44.12 46.39
5.93 13.64 2.38 1.77 40.40 36.78 44.36 45.65
6.85 15.83 2.74 1.98 39.77 36.14 43.75 45.17
7.09 16.27 2.88 2.11 39.62 36.02 43.53 44.88
7.46 17.03 3.31 2.04 39.40 35.82 42.94 45.03
7.88 18.13 3.43 2.08 39.17 35.55 42.78 44.95
8.06 18.70 3.47 2.01 39.07 35.41 42.73 45.09
8.15 19.19 3.41 1.86 39.02 35.30 42.81 45.43
8.40 19.84 3.50 1.85 38.89 35.16 42.69 45.46
8.70 20.39 3.60 2.12 38.73 35.04 42.57 44.87
8.02 19.16 3.10 1.81 39.09 35.31 43.21 45.55
6.83 16.37 2.52 1.61 39.78 35.99 44.11 46.08
6.24 15.03 2.39 1.29 40.18 36.36 44.34 47.03
6.05 14.92 2.17 1.07 40.31 36.39 44.76 47.84
5.28 13.16 1.93 0.74 40.91 36.94 45.28 49.41
5.48 13.85 1.96 0.64 40.74 36.72 45.20 50.05
5.10 12.74 1.97 0.59 41.06 37.08 45.18 50.46
5.66 14.42 2.00 0.58 40.60 36.54 45.13 50.50
5.20 12.88 2.12 0.59 40.97 37.03 44.86 50.41
5.47 13.65 2.17 0.59 40.75 36.78 44.76 50.43
5.24 13.14 2.00 0.57 40.94 36.94 45.11 50.61
5.28 13.37 1.97 0.50 40.90 36.87 45.18 51.10
5.17 13.05 1.97 0.49 41.00 36.98 45.19 51.22
4.86 12.16 1.93 0.49 41.27 37.28 45.28 51.26
4.87 12.10 1.95 0.58 41.25 37.30 45.24 50.52
5.10 12.63 2.03 0.63 41.06 37.12 45.06 50.13
4.80 11.92 1.93 0.56 41.32 37.37 45.27 50.69
4.36 10.80 1.69 0.58 41.74 37.80 45.86 50.50
4.24 10.47 1.68 0.57 41.86 37.93 45.87 50.61
4.12 10.19 1.69 0.46 41.98 38.05 45.84 51.46
4.16 10.11 1.87 0.50 41.94 38.09 45.42 51.13
4.18 10.26 1.80 0.47 41.92 38.02 45.58 51.38
4.70 11.37 2.11 0.62 41.41 37.57 44.88 50.24
5.16 12.34 2.43 0.70 41.01 37.22 44.28 49.66
4.82 11.54 2.25 0.66 41.30 37.51 44.60 49.93
4.57 11.04 2.06 0.62 41.53 37.70 44.99 50.24
4.76 11.48 2.18 0.60 41.36 37.53 44.74 50.36
4.25 10.39 1.87 0.50 41.84 37.97 45.41 51.11
3.83 9.12 1.80 0.56 42.30 38.53 45.58 50.65
3.97 9.46 1.87 0.59 42.14 38.37 45.42 50.44
4.17 9.75 2.01 0.76 41.93 38.24 45.10 49.34
4.28 9.83 2.20 0.81 41.81 38.20 44.70 49.05
3.89 8.87 2.05 0.73 42.24 38.65 45.01 49.49
3.64 8.36 1.89 0.68 42.52 38.91 45.36 49.81
3.73 8.55 1.95 0.68 42.42 38.81 45.22 49.83
3.31 7.61 1.68 0.62 42.94 39.31 45.87 50.21
3.33 7.59 1.65 0.75 42.91 39.33 45.97 49.38
3.32 7.27 1.73 0.96 42.91 39.51 45.74 48.30
3.20 6.82 1.71 1.08 43.08 39.80 45.81 47.81
3.58 7.64 1.93 1.16 42.59 39.30 45.27 47.47
3.82 8.06 2.07 1.32 42.31 39.07 44.97 46.92
4.02 8.38 2.18 1.51 42.09 38.90 44.76 46.34
4.00 8.15 2.33 1.53 42.11 39.02 44.46 46.29
3.50 7.10 2.00 1.40 42.69 39.62 45.12 46.67
3.57 7.09 2.13 1.48 42.61 39.62 44.85 46.42
3.19 6.28 1.92 1.38 43.09 40.15 45.29 46.74
3.36 6.64 1.99 1.46 42.86 39.91 45.15 46.50
3.74 7.45 2.16 1.63 42.40 39.41 44.79 46.01
3.72 7.38 2.07 1.72 42.42 39.45 44.97 45.76
3.92 7.86 2.16 1.73 42.20 39.18 44.78 45.76
3.79 7.64 2.15 1.57 42.35 39.30 44.80 46.17
3.58 7.15 2.11 1.48 42.59 39.59 44.88 46.43
3.79 7.51 2.27 1.58 42.35 39.37 44.57 46.14
3.78 7.52 2.39 1.44 42.35 39.37 44.35 46.53
3.80 7.47 2.28 1.64 42.33 39.40 44.55 45.97
3.90 7.43 2.38 1.88 42.23 39.42 44.37 45.39
3.64 7.07 2.08 1.76 42.52 39.64 44.95 45.67
4.05 8.02 2.24 1.89 42.06 39.09 44.63 45.37
3.89 7.59 2.24 1.84 42.23 39.33 44.62 45.47
4.20 8.16 2.32 2.11 41.90 39.01 44.48 44.89
3.96 7.19 2.31 2.38 42.15 39.56 44.49 44.36
4.24 7.74 2.48 2.52 41.85 39.24 44.19 44.13
4.56 8.03 3.18 2.47 41.54 39.08 43.11 44.21
4.93 8.71 3.25 2.83 41.20 38.73 43.01 43.61
3.92 6.81 2.22 2.72 42.20 39.80 44.67 43.79
3.70 6.29 2.14 2.67 42.45 40.15 44.83 43.86
3.96 6.59 2.40 2.88 42.16 39.94 44.32 43.54
4.75 7.81 3.14 3.30 41.37 39.21 43.17 42.94
4.35 7.14 2.99 2.92 41.75 39.59 43.38 43.48
4.90 7.92 3.14 3.63 41.23 39.14 43.17 42.53
4.93 7.99 3.14 3.66 41.20 39.10 43.17 42.50
5.32 9.03 3.17 3.76 40.87 38.57 43.13 42.38
5.18 8.65 3.12 3.77 40.99 38.76 43.19 42.37
5.22 8.74 2.99 3.93 40.95 38.72 43.38 42.19
5.80 10.01 3.29 4.09 40.50 38.13 42.96 42.01
5.96 10.00 3.63 4.26 40.38 38.13 42.53 41.84
5.79 9.78 3.80 3.80 40.50 38.23 42.33 42.34
6.09 10.07 3.85 4.35 40.28 38.10 42.27 41.75
6.13 10.18 3.92 4.28 40.26 38.05 42.20 41.82
6.18 10.40 4.12 4.02 40.22 37.96 41.98 42.09
5.70 9.72 3.79 3.58 40.57 38.26 42.34 42.59
7.11 12.33 4.30 4.70 39.61 37.22 41.80 41.41
7.82 13.27 4.94 5.24 39.20 36.90 41.20 40.94
9.06 15.48 5.45 6.26 38.56 36.23 40.77 40.16
8.79 15.82 5.23 5.32 38.69 36.14 40.94 40.87
10.19 18.40 6.24 5.91 38.05 35.48 40.18 40.41
11.77 21.88 6.90 6.52 37.42 34.73 39.74 39.99
11.76 22.05 6.60 6.62 37.43 34.70 39.93 39.92
11.49 21.77 6.64 6.04 37.53 34.75 39.91 40.32
11.34 21.58 6.25 6.18 37.59 34.79 40.17 40.22
12.06 22.39 6.40 7.38 37.32 34.63 40.07 39.45
10.86 21.09 5.37 6.10 37.77 34.89 40.83 40.28
9.99 19.28 5.14 5.56 38.13 35.28 41.02 40.68
9.17 18.36 4.70 4.44 38.51 35.49 41.41 41.65
9.18 18.53 4.71 4.30 38.50 35.45 41.40 41.79
8.02 16.18 4.07 3.82 39.09 36.04 42.04 42.31
7.85 16.25 4.06 3.24 39.18 36.02 42.05 43.03
7.60 15.72 4.09 2.99 39.32 36.17 42.01 43.37
6.09 12.57 3.44 2.26 40.29 37.14 42.77 44.60
7.13 15.11 3.82 2.46 39.60 36.34 42.31 44.22
6.49 13.59 3.55 2.33 40.01 36.80 42.63 44.45
7.31 15.78 3.61 2.52 39.49 36.15 42.55 44.11
5.87 12.82 2.99 1.81 40.44 37.05 43.37 45.56
6.63 14.46 3.14 2.28 39.92 36.53 43.17 44.55
6.00 12.78 3.10 2.11 40.35 37.06 43.22 44.89
5.72 12.48 2.94 1.74 40.56 37.17 43.45 45.72
5.17 11.23 2.68 1.60 41.00 37.63 43.85 46.09
5.30 11.61 2.61 1.67 40.89 37.48 43.96 45.90
5.90 12.99 2.91 1.82 40.42 36.99 43.50 45.54
5.40 11.75 2.76 1.70 40.80 37.43 43.72 45.83
4.57 9.86 2.40 1.44 41.53 38.19 44.34 46.54
5.29 11.45 2.69 1.73 40.90 37.54 43.83 45.75
5.18 11.32 2.62 1.58 40.99 37.59 43.95 46.13
4.65 10.09 2.33 1.52 41.46 38.09 44.46 46.30
4.32 9.43 2.17 1.37 41.77 38.39 44.77 46.75
4.45 9.55 2.25 1.54 41.65 38.33 44.61 46.26
4.39 9.31 2.24 1.63 41.70 38.44 44.63 46.01
4.31 8.99 2.24 1.69 41.79 38.59 44.62 45.85
4.12 8.55 2.17 1.64 41.99 38.81 44.77 45.99
3.92 8.14 2.08 1.54 42.20 39.02 44.95 46.25
3.72 7.76 1.95 1.43 42.43 39.23 45.22 46.57
3.28 6.81 1.79 1.24 42.97 39.80 45.59 47.19
3.63 7.65 1.98 1.27 42.53 39.29 45.16 47.10
3.53 7.51 1.88 1.21 42.65 39.38 45.39 47.30
4.16 8.91 2.09 1.49 41.94 38.63 44.94 46.41
4.01 8.42 2.10 1.51 42.10 38.88 44.91 46.34
4.31 9.23 2.16 1.55 41.78 38.48 44.78 46.23
4.57 9.76 2.31 1.64 41.53 38.24 44.49 45.98
4.35 9.25 2.23 1.55 41.75 38.47 44.65 46.22
4.71 10.23 2.35 1.56 41.40 38.03 44.42 46.20
4.50 9.88 2.24 1.39 41.60 38.18 44.63 46.70
4.16 9.23 2.08 1.18 41.94 38.48 44.96 47.43
3.70 8.32 1.84 0.95 42.45 38.93 45.49 48.34
3.96 9.08 1.79 1.00 42.16 38.55 45.60 48.14
4.09 9.29 1.88 1.09 42.02 38.45 45.38 47.76
4.23 9.62 1.92 1.14 41.87 38.30 45.30 47.54
4.26 9.75 1.84 1.18 41.84 38.24 45.49 47.42
4.57 10.30 2.00 1.41 41.53 38.00 45.13 46.64
4.74 10.60 2.08 1.53 41.38 37.88 44.96 46.29
5.16 11.49 2.39 1.62 41.00 37.53 44.34 46.05
5.44 12.25 2.54 1.52 40.78 37.25 44.08 46.30
5.69 12.73 2.68 1.65 40.58 37.08 43.85 45.95
7.08 15.73 3.33 2.19 39.63 36.16 42.91 44.73
7.14 16.06 3.22 2.15 39.59 36.07 43.05 44.81
7.71 17.43 3.55 2.14 39.26 35.72 42.63 44.83
7.86 17.86 3.42 2.28 39.18 35.61 42.79 44.55
9.09 20.23 4.21 2.83 38.55 35.07 41.89 43.62
8.80 19.84 4.05 2.52 38.68 35.16 42.05 44.12
9.02 20.22 4.28 2.57 38.58 35.07 41.81 44.04
8.59 19.67 3.76 2.35 38.79 35.19 42.38 44.43
8.21 18.89 3.51 2.24 38.99 35.37 42.68 44.63
7.83 17.85 3.44 2.21 39.19 35.61 42.76 44.69
6.98 15.29 3.40 2.24 39.69 36.29 42.81 44.62
6.99 15.17 3.30 2.50 39.69 36.32 42.95 44.15
6.90 14.45 3.61 2.63 39.75 36.53 42.56 43.93
6.84 13.88 3.89 2.76 39.78 36.71 42.23 43.72
6.29 13.04 3.29 2.54 40.14 36.98 42.96 44.09
6.46 13.09 3.48 2.80 40.03 36.96 42.71 43.65
