0.00 0.00 0.00 0.00 0.00 0.00 0.00 0.00
0.00 0.00 0.00 0.00 0.00 0.00 0.00 0.00
0.00 0.00 0.00 0.00 0.00 0.00 0.00 0.00
0.00 0.00 0.00 0.00 0.00 0.00 0.00 0.00
0.00 0.00 0.00 0.00 0.00 0.00 0.00 0.00
0.00 0.00 0.00 0.00 0.00 0.00 0.00 0.00
0.00 0.00 0.00 0.00 0.00 0.00 0.00 0.00
0.00 0.00 0.00 0.00 0.00 0.00 0.00 0.00
0.00 0.00 0.00 0.00 0.00 0.00 0.00 0.00
0.00 0.00 0.00 0.00 0.00 0.00 0.00 0.00
0.00 0.00 0.00 0.00 0.00 0.00 0.00 0.00
0.00 0.00 0.00 0.00 0.00 0.00 0.00 0.00
0.00 0.00 0.00 0.00 0.00 0.00 0.00 0.00
0.00 0.00 0.00 0.00 0.00 0.00 0.00 0.00
0.00 0.00 0.00 0.00 0.00 0.00 0.00 0.00
0.00 0.00 0.00 0.00 0.00 0.00 0.00 0.00
0.00 0.00 0.00 0.00 0.00 0.00 0.00 0.00
0.00 0.00 0.00 0.00 0.00 0.00 0.00 0.00
0.00 0.00 0.00 0.00 0.00 0.00 0.00 0.00
0.00 0.00 0.00 0.00 0.00 0.00 0.00 0.00
0.00 0.00 0.00 0.00 0.00 0.00 0.00 0.00
0.01 0.03 0.01 0.00 0.01 0.01 0.02 0.01
0.02 0.05 0.02 0.02 0.01 0.02 0.02 0.05
0.01 0.02 0.01 0.01 0.01 0.01 0.02 0.03
0.01 0.03 0.01 0.01 0.01 0.01 0.02 0.02
0.00 0.02 0.02 0.00 0.00 0.00 0.04 0.01
0.01 0.00 0.01 0.02 0.01 0.00 0.01 0.07
0.01 0.02 0.01 0.01 0.01 0.01 0.02 0.03
0.01 0.04 0.02 0.00 0.01 0.02 0.04 0.02
0.04 0.12 0.01 0.01 0.04 0.06 0.03 0.04
0.24 0.56 0.11 0.07 0.29 0.31 0.22 0.24
0.23 0.55 0.08 0.06 0.26 0.30 0.18 0.17
0.14 0.37 0.04 0.01 0.15 0.19 0.07 0.03
0.18 0.48 0.02 0.05 0.20 0.25 0.04 0.14
0.22 0.55 0.07 0.05 0.28 0.34 0.16 0.15
0.12 0.29 0.06 0.03 0.16 0.20 0.13 0.07
0.17 0.38 0.07 0.07 0.21 0.22 0.15 0.21
0.13 0.33 0.04 0.03 0.17 0.22 0.09 0.09
0.22 0.46 0.14 0.05 0.29 0.32 0.31 0.19
0.16 0.34 0.10 0.04 0.18 0.20 0.20 0.11
0.16 0.36 0.07 0.07 0.18 0.20 0.14 0.18
0.14 0.36 0.05 0.03 0.19 0.23 0.13 0.11
0.15 0.38 0.05 0.02 0.19 0.24 0.11 0.08
0.13 0.34 0.03 0.02 0.17 0.21 0.08 0.09
0.17 0.43 0.06 0.01 0.23 0.28 0.14 0.06
0.19 0.51 0.06 0.02 0.27 0.33 0.16 0.12
0.12 0.36 0.03 0.03 0.17 0.24 0.08 0.19
0.06 0.21 0.02 0.02 0.08 0.14 0.06 0.11
0.19 0.55 0.04 0.00 0.29 0.38 0.12 0.04
0.21 0.59 0.05 0.01 0.36 0.44 0.18 0.05
0.22 0.59 0.09 0.01 0.40 0.47 0.28 0.07
0.23 0.60 0.07 0.01 0.37 0.44 0.20 0.09
0.28 0.75 0.08 0.00 0.39 0.47 0.21 0.04
0.31 0.86 0.08 0.01 0.44 0.53 0.20 0.04
0.27 0.75 0.06 0.01 0.37 0.46 0.16 0.02
0.19 0.52 0.04 0.01 0.28 0.33 0.11 0.08
0.25 0.72 0.04 0.01 0.38 0.46 0.13 0.10
0.24 0.68 0.03 0.01 0.40 0.49 0.11 0.06
0.17 0.47 0.04 0.00 0.34 0.42 0.17 0.02
0.10 0.27 0.05 0.01 0.21 0.25 0.20 0.09
0.09 0.24 0.05 0.01 0.20 0.22 0.18 0.11
0.14 0.33 0.08 0.02 0.29 0.32 0.27 0.12
0.09 0.23 0.04 0.01 0.22 0.27 0.15 0.08
0.07 0.20 0.01 0.01 0.19 0.24 0.07 0.09
0.08 0.21 0.03 0.01 0.23 0.26 0.14 0.12
0.11 0.30 0.03 0.01 0.29 0.35 0.16 0.14
0.09 0.21 0.05 0.01 0.21 0.23 0.19 0.13
0.14 0.33 0.07 0.01 0.31 0.34 0.27 0.11
0.10 0.27 0.04 0.01 0.27 0.32 0.18 0.12
0.12 0.30 0.05 0.01 0.30 0.34 0.20 0.17
0.11 0.28 0.05 0.01 0.28 0.33 0.19 0.13
0.10 0.24 0.04 0.01 0.26 0.30 0.18 0.14
0.10 0.24 0.04 0.01 0.23 0.28 0.17 0.12
0.09 0.20 0.05 0.02 0.22 0.25 0.20 0.16
0.07 0.18 0.05 0.02 0.18 0.21 0.17 0.16
0.14 0.28 0.11 0.04 0.27 0.26 0.30 0.27
0.30 0.51 0.20 0.21 0.45 0.39 0.44 0.78
0.39 0.75 0.17 0.26 0.47 0.49 0.32 0.64
0.59 1.09 0.30 0.39 0.63 0.63 0.56 0.72
0.61 1.07 0.22 0.57 0.55 0.53 0.34 0.81
0.63 1.04 0.27 0.59 0.55 0.52 0.38 0.81
0.76 1.23 0.39 0.68 0.66 0.62 0.56 0.86
0.87 1.53 0.36 0.73 0.78 0.80 0.56 0.92
0.72 1.17 0.20 0.79 0.69 0.66 0.35 0.99
0.54 0.84 0.24 0.53 0.55 0.52 0.41 0.76
0.66 1.12 0.20 0.66 0.67 0.69 0.34 0.87
0.70 1.07 0.19 0.87 0.71 0.67 0.32 1.09
0.72 1.07 0.23 0.84 0.77 0.73 0.44 1.09
0.48 0.66 0.23 0.56 0.59 0.50 0.47 0.88
0.57 0.84 0.27 0.61 0.68 0.63 0.54 0.90
0.34 0.60 0.12 0.31 0.45 0.46 0.27 0.57
0.34 0.55 0.11 0.34 0.40 0.40 0.23 0.53
0.31 0.45 0.09 0.39 0.36 0.32 0.18 0.60
0.29 0.56 0.08 0.24 0.37 0.42 0.19 0.42
0.31 0.55 0.12 0.28 0.43 0.46 0.27 0.49
0.27 0.50 0.07 0.25 0.43 0.48 0.20 0.51
0.28 0.52 0.07 0.27 0.41 0.45 0.18 0.51
0.31 0.54 0.16 0.24 0.42 0.43 0.33 0.46
0.19 0.34 0.07 0.15 0.21 0.22 0.13 0.27
0.16 0.25 0.08 0.16 0.16 0.14 0.13 0.27
0.29 0.51 0.21 0.15 0.28 0.28 0.32 0.25
0.15 0.30 0.04 0.13 0.14 0.15 0.06 0.20
0.14 0.28 0.04 0.10 0.13 0.14 0.06 0.19
0.23 0.42 0.13 0.14 0.19 0.19 0.18 0.23
0.14 0.23 0.07 0.12 0.13 0.11 0.11 0.23
0.14 0.26 0.08 0.08 0.13 0.13 0.11 0.17
0.05 0.09 0.03 0.04 0.05 0.05 0.04 0.09
0.11 0.23 0.04 0.06 0.11 0.12 0.07 0.13
0.11 0.21 0.08 0.07 0.12 0.11 0.13 0.17
0.10 0.18 0.07 0.07 0.11 0.10 0.12 0.20
0.04 0.09 0.02 0.04 0.06 0.06 0.04 0.12
0.06 0.10 0.04 0.05 0.07 0.06 0.09 0.13
0.08 0.15 0.07 0.03 0.11 0.11 0.16 0.10
0.07 0.12 0.05 0.03 0.09 0.09 0.13 0.10
0.07 0.16 0.05 0.03 0.10 0.10 0.12 0.10
0.11 0.19 0.07 0.07 0.13 0.11 0.15 0.18
0.12 0.22 0.07 0.06 0.13 0.13 0.14 0.15
0.14 0.25 0.08 0.09 0.14 0.13 0.16 0.21
0.12 0.21 0.08 0.07 0.13 0.11 0.16 0.18
0.09 0.14 0.05 0.08 0.09 0.07 0.09 0.17
0.06 0.11 0.04 0.03 0.07 0.06 0.08 0.07
0.08 0.15 0.05 0.06 0.08 0.07 0.08 0.12
0.08 0.15 0.03 0.08 0.08 0.07 0.06 0.17
0.13 0.21 0.09 0.11 0.13 0.09 0.16 0.22
0.08 0.13 0.05 0.08 0.08 0.06 0.08 0.17
0.10 0.12 0.04 0.14 0.09 0.05 0.08 0.27
0.08 0.11 0.04 0.10 0.07 0.05 0.07 0.22
0.05 0.11 0.02 0.06 0.05 0.05 0.03 0.15
0.01 0.03 0.02 0.03 0.01 0.01 0.05 0.07
0.02 0.06 0.02 0.02 0.02 0.02 0.04 0.05
0.02 0.06 0.03 0.02 0.02 0.03 0.07 0.07
0.02 0.05 0.02 0.03 0.02 0.02 0.05 0.10
0.01 0.04 0.02 0.02 0.01 0.01 0.03 0.05
0.04 0.10 0.04 0.02 0.03 0.03 0.07 0.05
0.02 0.06 0.03 0.02 0.01 0.02 0.04 0.04
0.02 0.06 0.03 0.01 0.02 0.01 0.04 0.03
0.03 0.06 0.03 0.03 0.02 0.02 0.04 0.07
0.02 0.05 0.03 0.03 0.01 0.01 0.03 0.07
0.05 0.09 0.05 0.03 0.02 0.02 0.06 0.07
0.02 0.06 0.03 0.03 0.01 0.01 0.04 0.06
0.03 0.07 0.04 0.02 0.02 0.01 0.05 0.05
0.05 0.09 0.07 0.03 0.03 0.02 0.08 0.07
0.03 0.10 0.02 0.04 0.02 0.02 0.03 0.09
0.03 0.08 0.02 0.03 0.02 0.02 0.03 0.09
0.02 0.03 0.04 0.02 0.02 0.01 0.06 0.08
0.02 0.04 0.02 0.02 0.01 0.01 0.05 0.08
0.03 0.07 0.02 0.02 0.03 0.02 0.06 0.10
0.02 0.04 0.02 0.02 0.01 0.01 0.04 0.12
0.01 0.06 0.01 0.02 0.01 0.02 0.03 0.14
0.03 0.11 0.03 0.02 0.03 0.03 0.06 0.14
0.42 1.16 0.11 0.02 0.41 0.46 0.26 0.12
0.47 1.30 0.10 0.01 0.44 0.50 0.22 0.11
0.35 1.00 0.05 0.01 0.33 0.38 0.12 0.12
0.56 1.55 0.13 0.01 0.57 0.64 0.31 0.12
0.50 1.37 0.12 0.01 0.51 0.56 0.30 0.09
0.47 1.28 0.11 0.01 0.50 0.57 0.29 0.09
0.41 1.10 0.11 0.02 0.43 0.48 0.28 0.13
0.42 1.11 0.13 0.02 0.42 0.46 0.30 0.14
0.49 1.31 0.15 0.02 0.54 0.59 0.38 0.14
0.42 1.13 0.10 0.02 0.49 0.55 0.30 0.17
0.42 1.14 0.11 0.03 0.53 0.58 0.33 0.23
0.43 1.12 0.15 0.01 0.56 0.60 0.45 0.14
0.39 1.02 0.14 0.03 0.52 0.57 0.38 0.24
0.38 1.02 0.13 0.02 0.51 0.57 0.35 0.16
0.37 0.97 0.13 0.02 0.43 0.48 0.30 0.16
0.36 0.93 0.14 0.02 0.38 0.41 0.29 0.12
0.32 0.82 0.12 0.03 0.35 0.39 0.26 0.22
0.23 0.62 0.07 0.02 0.28 0.31 0.16 0.17
0.29 0.76 0.11 0.02 0.35 0.39 0.28 0.16
0.26 0.68 0.11 0.02 0.34 0.37 0.29 0.19
0.20 0.53 0.06 0.01 0.28 0.33 0.18 0.05
0.22 0.60 0.07 0.01 0.30 0.36 0.19 0.11
0.19 0.52 0.06 0.01 0.25 0.30 0.14 0.08
0.26 0.67 0.12 0.02 0.34 0.38 0.29 0.14
0.20 0.51 0.09 0.03 0.28 0.32 0.22 0.21
0.18 0.50 0.05 0.02 0.27 0.33 0.13 0.17
0.22 0.57 0.09 0.04 0.33 0.38 0.23 0.28
0.19 0.48 0.08 0.03 0.30 0.35 0.23 0.20
0.18 0.45 0.08 0.03 0.27 0.32 0.24 0.19
0.15 0.38 0.06 0.03 0.23 0.28 0.17 0.14
0.20 0.51 0.05 0.05 0.31 0.39 0.14 0.21
0.22 0.53 0.09 0.06 0.32 0.37 0.23 0.24
0.20 0.49 0.06 0.05 0.26 0.32 0.13 0.18
0.18 0.42 0.05 0.07 0.23 0.26 0.13 0.23
0.17 0.38 0.06 0.06 0.21 0.25 0.13 0.21
0.06 0.18 0.04 0.02 0.08 0.13 0.08 0.07
0.07 0.21 0.02 0.03 0.09 0.14 0.04 0.08
0.02 0.09 0.04 0.04 0.03 0.07 0.10 0.13
0.04 0.06 0.06 0.10 0.05 0.04 0.13 0.28
0.04 0.18 0.04 0.04 0.05 0.11 0.08 0.11
0.12 0.31 0.02 0.04 0.16 0.21 0.04 0.12
0.20 0.47 0.06 0.09 0.27 0.32 0.15 0.25
0.21 0.53 0.05 0.06 0.29 0.37 0.12 0.20
0.22 0.54 0.06 0.08 0.32 0.40 0.14 0.25
0.26 0.56 0.12 0.11 0.37 0.41 0.28 0.35
0.23 0.51 0.12 0.06 0.31 0.36 0.26 0.17
0.31 0.67 0.13 0.14 0.43 0.49 0.28 0.41
0.34 0.64 0.18 0.20 0.46 0.47 0.39 0.52
0.28 0.57 0.14 0.14 0.41 0.45 0.32 0.38
0.32 0.63 0.12 0.20 0.42 0.44 0.27 0.52
0.29 0.60 0.13 0.15 0.41 0.44 0.30 0.40
0.29 0.59 0.08 0.20 0.37 0.42 0.17 0.48
0.25 0.43 0.11 0.22 0.34 0.33 0.25 0.48
0.29 0.55 0.08 0.23 0.37 0.40 0.17 0.47
0.50 0.84 0.42 0.23 0.60 0.59 0.74 0.45
0.64 1.03 0.53 0.37 0.73 0.68 0.92 0.66
0.28 0.47 0.08 0.30 0.37 0.36 0.17 0.55
0.36 0.61 0.13 0.34 0.51 0.54 0.29 0.63
0.41 0.67 0.18 0.38 0.52 0.53 0.34 0.66
0.51 0.81 0.26 0.47 0.55 0.53 0.40 0.73
0.34 0.56 0.18 0.29 0.39 0.39 0.30 0.50
0.44 0.64 0.19 0.49 0.45 0.39 0.30 0.71
0.50 0.75 0.25 0.50 0.50 0.46 0.38 0.71
0.57 0.98 0.25 0.50 0.54 0.55 0.36 0.69
0.43 0.63 0.13 0.53 0.41 0.35 0.20 0.76
0.51 0.77 0.18 0.59 0.49 0.43 0.28 0.82
0.65 1.05 0.24 0.65 0.57 0.53 0.34 0.87
0.69 1.12 0.29 0.66 0.59 0.57 0.39 0.84
0.54 0.87 0.27 0.50 0.47 0.44 0.35 0.67
0.75 1.16 0.41 0.67 0.63 0.59 0.53 0.84
0.70 1.05 0.34 0.70 0.58 0.52 0.43 0.90
0.58 0.86 0.33 0.56 0.47 0.40 0.40 0.72
0.43 0.68 0.22 0.40 0.36 0.33 0.27 0.55
0.60 0.91 0.30 0.60 0.41 0.35 0.33 0.66
0.51 0.67 0.28 0.59 0.31 0.23 0.26 0.56
0.66 0.85 0.33 0.80 0.34 0.25 0.28 0.65
0.37 0.59 0.14 0.39 0.20 0.17 0.12 0.36
0.62 0.89 0.50 0.47 0.28 0.23 0.38 0.38
0.68 1.19 0.46 0.41 0.28 0.26 0.32 0.30
0.36 0.61 0.23 0.25 0.14 0.12 0.16 0.17
0.56 0.92 0.34 0.43 0.23 0.19 0.24 0.33
0.36 0.52 0.21 0.36 0.15 0.11 0.15 0.27
0.69 0.87 0.31 0.88 0.27 0.18 0.22 0.61
0.33 0.40 0.13 0.47 0.14 0.09 0.11 0.37
0.48 0.64 0.23 0.58 0.22 0.15 0.21 0.51
0.11 0.09 0.04 0.22 0.05 0.02 0.04 0.22
0.23 0.39 0.10 0.20 0.11 0.09 0.09 0.21
0.15 0.20 0.09 0.18 0.09 0.05 0.10 0.21
0.06 0.11 0.03 0.11 0.04 0.03 0.03 0.14
0.19 0.38 0.09 0.11 0.11 0.11 0.10 0.17
0.55 1.25 0.26 0.14 0.46 0.52 0.38 0.30
0.70 1.67 0.26 0.17 0.51 0.59 0.33 0.34
0.60 1.35 0.26 0.19 0.47 0.52 0.36 0.42
1.04 2.37 0.41 0.34 0.81 0.87 0.61 0.77
0.51 1.19 0.20 0.16 0.44 0.48 0.32 0.46
0.84 1.93 0.32 0.29 0.70 0.75 0.52 0.69
0.66 1.43 0.34 0.23 0.59 0.60 0.57 0.59
0.55 1.28 0.24 0.14 0.51 0.54 0.41 0.41
0.41 0.93 0.18 0.13 0.41 0.43 0.34 0.40
0.47 1.07 0.18 0.16 0.46 0.48 0.33 0.52
0.54 1.25 0.22 0.16 0.47 0.50 0.36 0.46
0.48 1.11 0.19 0.15 0.45 0.48 0.33 0.46
0.33 0.80 0.12 0.09 0.37 0.41 0.23 0.30
0.42 0.98 0.15 0.12 0.40 0.44 0.27 0.36
0.43 1.02 0.17 0.10 0.42 0.47 0.31 0.31
0.32 0.75 0.11 0.10 0.33 0.37 0.22 0.32
0.28 0.67 0.10 0.07 0.32 0.36 0.22 0.24
0.32 0.75 0.13 0.09 0.36 0.40 0.27 0.29
0.32 0.74 0.11 0.10 0.35 0.40 0.24 0.28
0.28 0.64 0.11 0.09 0.31 0.35 0.22 0.26
0.28 0.61 0.12 0.10 0.33 0.36 0.26 0.31
0.23 0.54 0.09 0.05 0.28 0.33 0.22 0.15
0.17 0.43 0.04 0.05 0.21 0.27 0.09 0.16
0.14 0.36 0.04 0.04 0.20 0.26 0.10 0.13
0.17 0.42 0.06 0.03 0.22 0.26 0.15 0.12
0.20 0.50 0.04 0.06 0.27 0.33 0.11 0.21
0.24 0.59 0.07 0.07 0.28 0.33 0.15 0.21
0.25 0.59 0.09 0.08 0.31 0.35 0.20 0.25
0.31 0.73 0.11 0.08 0.35 0.39 0.24 0.25
0.33 0.75 0.13 0.11 0.35 0.38 0.27 0.32
0.24 0.55 0.09 0.09 0.26 0.28 0.19 0.29
0.36 0.86 0.15 0.09 0.37 0.41 0.28 0.28
0.29 0.71 0.11 0.06 0.30 0.34 0.23 0.21
0.27 0.68 0.09 0.04 0.30 0.35 0.20 0.15
0.24 0.62 0.08 0.03 0.30 0.36 0.20 0.11
0.30 0.83 0.06 0.02 0.36 0.44 0.14 0.11
0.34 0.85 0.12 0.05 0.40 0.45 0.31 0.21
0.36 0.90 0.12 0.06 0.41 0.46 0.29 0.22
0.31 0.84 0.09 0.03 0.36 0.42 0.22 0.10
0.34 0.89 0.10 0.03 0.35 0.41 0.25 0.09
0.35 0.92 0.11 0.02 0.35 0.42 0.24 0.06
0.43 1.12 0.15 0.04 0.40 0.48 0.29 0.12
0.46 1.23 0.12 0.05 0.41 0.50 0.23 0.14
0.39 1.05 0.10 0.03 0.32 0.40 0.16 0.08
0.60 1.56 0.19 0.07 0.41 0.48 0.26 0.14
0.45 1.21 0.11 0.04 0.29 0.36 0.15 0.08
0.51 1.36 0.15 0.03 0.31 0.37 0.19 0.05
0.49 1.30 0.15 0.02 0.29 0.34 0.19 0.03
0.44 1.15 0.16 0.03 0.23 0.26 0.17 0.05
0.38 1.07 0.07 0.04 0.20 0.25 0.07 0.06
0.67 1.79 0.22 0.04 0.36 0.43 0.23 0.06
0.43 1.19 0.13 0.03 0.23 0.28 0.16 0.05
0.34 1.05 0.05 0.05 0.19 0.25 0.06 0.09
0.40 1.12 0.08 0.03 0.24 0.29 0.10 0.05
0.29 0.69 0.13 0.06 0.19 0.20 0.17 0.12
0.13 0.32 0.07 0.03 0.09 0.09 0.09 0.05
0.16 0.36 0.07 0.05 0.10 0.11 0.09 0.09
0.05 0.11 0.03 0.04 0.03 0.03 0.04 0.07
0.03 0.09 0.04 0.03 0.02 0.03 0.05 0.05
0.05 0.10 0.03 0.03 0.03 0.03 0.04 0.04
