5.99 12.66 3.14 2.17 40.36 37.11 43.17 44.77
6.34 13.68 3.03 2.31 40.11 36.77 43.32 44.50
6.43 14.04 3.05 2.19 40.05 36.66 43.29 44.72
6.44 14.14 3.04 2.15 40.04 36.63 43.30 44.80
6.49 14.09 3.18 2.19 40.01 36.64 43.10 44.73
6.86 15.00 3.21 2.37 39.77 36.37 43.07 44.39
7.01 15.25 3.38 2.40 39.67 36.30 42.85 44.33
7.51 16.47 3.56 2.51 39.37 35.96 42.62 44.14
6.43 13.99 3.14 2.15 40.05 36.67 43.16 44.81
7.17 15.57 3.35 2.60 39.57 36.21 42.88 43.98
7.25 15.82 3.30 2.64 39.53 36.14 42.95 43.91
6.88 15.36 3.03 2.25 39.75 36.27 43.32 44.60
6.74 14.97 3.04 2.20 39.85 36.38 43.30 44.70
7.87 17.56 3.68 2.38 39.17 35.69 42.47 44.37
7.58 17.24 3.18 2.32 39.33 35.77 43.10 44.48
8.00 18.16 3.44 2.39 39.10 35.54 42.77 44.35
7.34 16.60 3.27 2.16 39.47 35.93 42.99 44.79
7.27 16.67 3.19 1.96 39.51 35.91 43.10 45.22
6.43 14.74 2.82 1.72 40.05 36.45 43.63 45.77
6.42 14.79 2.75 1.73 40.05 36.43 43.73 45.76
6.33 14.34 2.86 1.78 40.12 36.57 43.57 45.62
6.00 13.55 2.60 1.85 40.35 36.81 43.98 45.45
6.22 13.78 2.89 1.99 40.19 36.73 43.53 45.14
5.87 12.90 2.86 1.85 40.44 37.02 43.57 45.45
5.01 11.07 2.40 1.58 41.13 37.69 44.34 46.15
4.74 10.59 2.21 1.44 41.37 37.89 44.68 46.55
4.21 9.32 1.95 1.36 41.89 38.44 45.24 46.79
4.07 9.12 1.91 1.18 42.03 38.53 45.31 47.43
3.81 8.48 1.81 1.14 42.32 38.85 45.53 47.57
4.12 9.08 2.06 1.24 41.98 38.55 45.01 47.17
4.01 8.61 2.13 1.30 42.10 38.78 44.84 46.97
4.16 8.76 2.16 1.58 41.93 38.71 44.78 46.15
4.35 9.12 2.30 1.64 41.75 38.53 44.51 45.99
4.41 9.13 2.38 1.69 41.69 38.52 44.37 45.83
3.92 7.99 2.21 1.55 42.20 39.11 44.67 46.22
3.51 7.11 1.99 1.43 42.68 39.61 45.14 46.57
3.89 7.87 2.24 1.55 42.23 39.17 44.63 46.22
3.35 6.74 1.93 1.36 42.88 39.84 45.27 46.79
3.45 6.89 2.06 1.41 42.75 39.75 45.00 46.65
3.93 7.88 2.22 1.68 42.19 39.16 44.66 45.88
4.18 8.59 2.30 1.67 41.92 38.79 44.52 45.92
3.67 7.56 2.02 1.45 42.48 39.35 45.08 46.52
3.69 7.83 1.97 1.29 42.46 39.19 45.19 47.01
3.55 7.74 1.86 1.07 42.63 39.25 45.44 47.86
3.48 7.67 1.84 0.91 42.72 39.28 45.47 48.52
3.49 7.78 1.77 0.91 42.70 39.22 45.65 48.54
3.39 7.55 1.79 0.84 42.82 39.36 45.59 48.91
3.13 7.01 1.67 0.73 43.16 39.67 45.91 49.50
3.28 7.49 1.63 0.71 42.98 39.39 46.00 49.64
3.10 7.17 1.54 0.59 43.22 39.58 46.27 50.45
3.04 7.06 1.58 0.48 43.31 39.65 46.15 51.35
3.15 7.38 1.54 0.52 43.15 39.45 46.24 50.95
3.61 8.50 1.74 0.60 42.55 38.84 45.72 50.31
3.63 8.62 1.72 0.53 42.54 38.77 45.76 50.93
3.68 8.75 1.72 0.59 42.47 38.71 45.79 50.47
3.46 8.30 1.55 0.52 42.74 38.94 46.24 50.91
3.69 8.95 1.57 0.55 42.46 38.62 46.17 50.73
3.42 8.28 1.43 0.54 42.80 38.95 46.56 50.82
2.98 7.09 1.32 0.53 43.39 39.63 46.91 50.82
2.96 6.89 1.42 0.58 43.42 39.76 46.60 50.52
2.87 6.55 1.49 0.54 43.56 39.97 46.39 50.79
3.04 6.97 1.61 0.54 43.31 39.71 46.05 50.80
2.70 6.11 1.42 0.57 43.84 40.30 46.62 50.55
2.60 6.06 1.33 0.40 44.01 40.34 46.87 52.06
2.51 5.83 1.28 0.41 44.15 40.50 47.05 51.98
2.86 6.72 1.41 0.44 43.61 39.90 46.66 51.69
3.02 6.83 1.59 0.63 43.37 39.83 46.13 50.15
3.12 7.17 1.61 0.58 43.21 39.61 46.08 50.47
2.79 6.36 1.49 0.54 43.70 40.13 46.43 50.81
2.71 6.32 1.37 0.44 43.83 40.17 46.79 51.66
2.75 6.41 1.43 0.43 43.76 40.09 46.59 51.87
2.65 6.09 1.43 0.42 43.92 40.31 46.57 51.92
2.68 6.05 1.44 0.56 43.86 40.34 46.56 50.64
2.50 5.57 1.40 0.52 44.17 40.69 46.68 50.94
2.58 5.68 1.51 0.54 44.04 40.62 46.36 50.79
3.36 7.24 2.01 0.84 42.88 39.56 45.11 48.90
3.97 7.97 2.58 1.35 42.16 39.13 44.03 46.84
4.92 9.80 2.90 2.09 41.21 38.23 43.52 44.93
5.48 10.69 2.93 2.82 40.75 37.84 43.47 43.64
6.31 11.80 3.41 3.72 40.14 37.43 42.81 42.43
6.33 11.49 3.69 3.80 40.12 37.53 42.46 42.33
6.49 11.58 3.67 4.23 40.01 37.50 42.49 41.87
6.34 11.20 3.49 4.31 40.12 37.64 42.70 41.78
5.86 10.12 2.99 4.45 40.46 38.08 43.38 41.65
5.10 8.79 2.95 3.56 41.06 38.69 43.44 42.61
5.46 9.29 2.95 4.12 40.76 38.45 43.43 41.98
5.43 8.98 2.91 4.41 40.78 38.60 43.49 41.69
5.01 8.13 2.62 4.29 41.13 39.03 43.95 41.80
4.21 6.92 2.33 3.39 41.88 39.73 44.46 42.82
4.37 7.07 2.47 3.58 41.72 39.64 44.20 42.59
3.83 6.67 2.07 2.73 42.30 39.89 44.97 43.77
4.16 6.95 2.26 3.28 41.94 39.72 44.59 42.97
4.21 7.05 2.30 3.27 41.89 39.65 44.51 42.98
3.87 6.62 2.12 2.86 42.26 39.92 44.87 43.57
3.60 5.97 2.05 2.78 42.57 40.37 45.00 43.69
3.20 5.40 1.69 2.51 43.08 40.81 45.87 44.13
3.46 5.89 1.91 2.58 42.74 40.42 45.31 44.02
3.69 6.24 2.28 2.57 42.46 40.18 44.56 44.02
4.13 7.32 2.46 2.59 41.97 39.48 44.22 43.99
4.59 8.26 2.68 2.83 41.51 38.96 43.85 43.61
4.84 8.71 3.10 2.72 41.28 38.73 43.21 43.79
4.96 9.11 2.85 2.93 41.17 38.54 43.58 43.46
4.74 8.99 2.75 2.49 41.37 38.60 43.73 44.17
5.39 10.16 3.17 2.83 40.81 38.06 43.12 43.61
4.90 9.38 2.96 2.35 41.23 38.41 43.43 44.41
4.87 9.39 3.04 2.19 41.25 38.40 43.30 44.73
4.65 8.94 2.87 2.15 41.46 38.62 43.55 44.80
4.28 8.27 2.68 1.90 41.81 38.96 43.84 45.34
4.43 8.67 2.70 1.94 41.66 38.75 43.82 45.26
4.08 8.20 2.37 1.65 42.03 38.99 44.38 45.95
3.41 6.74 2.02 1.47 42.80 39.85 45.08 46.46
3.70 7.34 2.12 1.64 42.45 39.48 44.86 45.97
3.24 6.40 1.97 1.35 43.03 40.07 45.19 46.84
3.20 6.24 1.90 1.45 43.09 40.18 45.35 46.53
3.31 6.67 1.92 1.33 42.94 39.89 45.31 46.88
3.93 7.66 2.26 1.87 42.19 39.29 44.59 45.43
3.88 7.81 2.17 1.67 42.24 39.20 44.77 45.90
4.41 8.87 2.38 1.96 41.69 38.65 44.36 45.21
4.05 8.18 2.23 1.75 42.05 39.00 44.64 45.70
4.58 9.20 2.46 2.09 41.52 38.50 44.23 44.93
3.77 7.42 2.12 1.78 42.37 39.43 44.87 45.64
4.59 9.11 2.52 2.14 41.51 38.54 44.12 44.82
4.41 8.83 2.26 2.15 41.68 38.67 44.59 44.81
4.89 9.84 2.49 2.34 41.24 38.20 44.17 44.44
4.65 9.42 2.46 2.06 41.46 38.39 44.22 44.98
4.92 9.93 2.39 2.44 41.21 38.16 44.35 44.25
4.70 9.65 2.37 2.08 41.41 38.28 44.39 44.94
4.80 10.10 2.39 1.93 41.32 38.09 44.36 45.29
4.57 9.98 2.22 1.52 41.53 38.14 44.67 46.31
4.81 10.85 2.19 1.40 41.31 37.78 44.73 46.67
4.70 10.63 2.06 1.42 41.41 37.87 44.99 46.60
5.03 11.47 2.19 1.42 41.12 37.53 44.74 46.60
5.63 12.91 2.52 1.46 40.62 37.02 44.12 46.48
5.96 13.72 2.40 1.77 40.37 36.76 44.32 45.66
6.87 15.91 2.72 1.98 39.76 36.12 43.79 45.18
7.11 16.33 2.91 2.09 39.61 36.00 43.50 44.93
7.46 17.01 3.31 2.06 39.40 35.82 42.94 45.00
7.88 18.14 3.40 2.10 39.17 35.55 42.81 44.92
8.03 18.65 3.47 1.99 39.08 35.42 42.73 45.14
8.16 19.22 3.39 1.88 39.01 35.29 42.83 45.38
8.40 19.83 3.51 1.86 38.89 35.16 42.68 45.43
8.70 20.43 3.58 2.11 38.73 35.03 42.59 44.90
8.01 19.14 3.08 1.82 39.09 35.31 43.24 45.53
6.85 16.43 2.50 1.61 39.78 35.97 44.16 46.05
6.27 15.13 2.41 1.27 40.16 36.33 44.30 47.10
6.05 14.90 2.20 1.05 40.31 36.40 44.71 47.92
5.23 13.01 1.93 0.75 40.95 36.99 45.28 49.36
5.48 13.81 1.98 0.66 40.74 36.73 45.15 49.96
5.09 12.74 1.95 0.59 41.06 37.08 45.23 50.39
5.64 14.37 1.98 0.57 40.62 36.56 45.16 50.53
5.20 12.90 2.12 0.60 40.97 37.02 44.88 50.34
5.45 13.61 2.14 0.59 40.77 36.79 44.83 50.41
5.20 13.06 1.97 0.58 40.97 36.97 45.18 50.54
5.24 13.29 1.94 0.50 40.93 36.90 45.25 51.16
5.17 13.06 1.96 0.50 41.00 36.97 45.21 51.17
4.87 12.18 1.93 0.50 41.26 37.28 45.27 51.14
4.87 12.08 1.96 0.58 41.25 37.31 45.21 50.47
5.09 12.58 2.04 0.63 41.07 37.14 45.03 50.10
4.80 11.91 1.94 0.56 41.32 37.37 45.26 50.65
4.37 10.83 1.71 0.58 41.72 37.78 45.81 50.51
4.24 10.49 1.68 0.57 41.85 37.92 45.88 50.57
4.12 10.18 1.70 0.47 41.98 38.05 45.82 51.38
4.14 10.06 1.85 0.51 41.96 38.11 45.47 51.03
4.19 10.23 1.85 0.49 41.91 38.03 45.47 51.28
4.69 11.31 2.13 0.62 41.42 37.60 44.84 50.20
5.13 12.30 2.40 0.70 41.03 37.23 44.33 49.68
4.77 11.42 2.22 0.67 41.35 37.56 44.67 49.87
4.50 10.88 2.01 0.62 41.60 37.77 45.09 50.20
4.66 11.25 2.11 0.60 41.46 37.62 44.89 50.37
4.23 10.28 1.87 0.52 41.87 38.01 45.41 50.93
3.75 8.94 1.75 0.57 42.39 38.62 45.70 50.57
3.91 9.30 1.85 0.59 42.21 38.45 45.47 50.41
4.13 9.66 1.98 0.74 41.98 38.29 45.17 49.43
4.21 9.72 2.13 0.79 41.89 38.26 44.84 49.18
3.83 8.77 1.98 0.73 42.31 38.71 45.16 49.51
3.58 8.24 1.82 0.70 42.59 38.97 45.54 49.70
3.69 8.50 1.90 0.68 42.46 38.84 45.34 49.82
3.23 7.45 1.61 0.62 43.04 39.41 46.05 50.21
3.30 7.52 1.62 0.75 42.95 39.37 46.03 49.38
3.28 7.16 1.70 0.97 42.97 39.58 45.82 48.25
3.17 6.76 1.70 1.05 43.13 39.84 45.84 47.91
3.52 7.50 1.90 1.16 42.66 39.38 45.33 47.49
3.76 7.92 2.04 1.32 42.38 39.15 45.04 46.92
3.98 8.28 2.14 1.51 42.14 38.95 44.83 46.35
3.95 8.01 2.30 1.54 42.16 39.09 44.51 46.25
3.53 7.10 2.03 1.46 42.65 39.62 45.06 46.50
3.59 7.06 2.17 1.54 42.59 39.64 44.77 46.27
3.31 6.44 2.02 1.45 42.94 40.04 45.09 46.51
3.42 6.70 2.04 1.52 42.79 39.87 45.04 46.32
3.76 7.42 2.18 1.67 42.38 39.42 44.74 45.91
3.74 7.33 2.14 1.75 42.40 39.48 44.83 45.69
3.91 7.74 2.22 1.76 42.21 39.24 44.66 45.69
3.73 7.42 2.16 1.60 42.42 39.43 44.79 46.08
3.52 6.98 2.10 1.47 42.67 39.70 44.92 46.45
3.74 7.39 2.24 1.57 42.41 39.45 44.62 46.18
3.73 7.34 2.38 1.48 42.41 39.48 44.38 46.43
3.72 7.28 2.25 1.64 42.42 39.51 44.61 45.98
3.78 7.16 2.31 1.87 42.36 39.59 44.49 45.42
3.63 6.93 2.13 1.82 42.53 39.72 44.84 45.53
3.99 7.83 2.23 1.90 42.13 39.20 44.64 45.35
3.83 7.43 2.24 1.84 42.30 39.43 44.63 45.48
4.07 7.80 2.32 2.09 42.04 39.21 44.48 44.94
3.89 7.02 2.29 2.35 42.23 39.67 44.52 44.42
4.15 7.51 2.45 2.50 41.95 39.38 44.24 44.15
4.52 7.95 3.13 2.48 41.58 39.13 43.18 44.19
4.90 8.59 3.28 2.84 41.23 38.79 42.97 43.60
3.86 6.67 2.19 2.71 42.27 39.89 44.72 43.81
3.62 6.08 2.11 2.68 42.54 40.29 44.89 43.85
4.01 6.60 2.51 2.91 42.10 39.94 44.13 43.50
4.68 7.66 3.09 3.29 41.43 39.29 43.23 42.96
4.32 7.07 2.93 2.97 41.77 39.64 43.46 43.40
4.88 7.89 3.10 3.64 41.25 39.16 43.22 42.52
4.95 7.99 3.12 3.73 41.19 39.10 43.19 42.42
5.31 8.95 3.18 3.80 40.88 38.61 43.11 42.33
5.19 8.69 3.13 3.77 40.97 38.74 43.18 42.37
5.22 8.71 3.02 3.94 40.95 38.73 43.33 42.17
5.76 9.91 3.29 4.09 40.52 38.17 42.96 42.02
5.95 9.95 3.60 4.31 40.39 38.15 42.57 41.79
5.79 9.73 3.75 3.89 40.50 38.25 42.39 42.23
6.11 10.10 3.90 4.34 40.27 38.08 42.22 41.75
6.13 10.20 3.88 4.31 40.25 38.04 42.24 41.78
6.17 10.41 4.02 4.09 40.22 37.96 42.09 42.01
5.68 9.64 3.76 3.62 40.59 38.29 42.38 42.54
7.13 12.38 4.31 4.70 39.60 37.20 41.79 41.40
7.85 13.35 4.92 5.27 39.18 36.88 41.21 40.91
9.09 15.56 5.44 6.27 38.54 36.21 40.77 40.16
8.76 15.83 5.17 5.26 38.71 36.13 40.99 40.92
10.15 18.32 6.26 5.88 38.07 35.50 40.17 40.43
11.72 21.79 6.85 6.53 37.44 34.75 39.77 39.98
11.70 22.03 6.46 6.61 37.45 34.70 40.02 39.93
11.54 21.82 6.67 6.13 37.51 34.74 39.89 40.26
11.28 21.50 6.24 6.10 37.61 34.81 40.18 40.28
12.12 22.53 6.42 7.39 37.30 34.60 40.05 39.44
10.84 21.04 5.36 6.13 37.78 34.90 40.84 40.25
10.01 19.27 5.14 5.61 38.13 35.28 41.03 40.64
9.20 18.44 4.68 4.49 38.49 35.47 41.43 41.61
9.16 18.47 4.70 4.29 38.51 35.47 41.41 41.80
8.04 16.24 4.04 3.83 39.08 36.03 42.06 42.30
7.84 16.25 4.04 3.24 39.19 36.02 42.07 43.03
7.59 15.69 4.06 3.01 39.33 36.17 42.04 43.35
6.12 12.64 3.46 2.24 40.27 37.12 42.74 44.63
7.17 15.22 3.81 2.49 39.57 36.31 42.32 44.18
6.49 13.63 3.54 2.30 40.01 36.79 42.65 44.51
7.35 15.96 3.62 2.48 39.46 36.10 42.54 44.19
5.92 12.88 3.05 1.82 40.41 37.03 43.29 45.52
6.66 14.55 3.20 2.25 39.89 36.50 43.09 44.60
6.00 12.80 3.11 2.09 40.35 37.06 43.21 44.94
5.70 12.47 2.91 1.74 40.57 37.17 43.49 45.72
5.09 11.07 2.65 1.56 41.06 37.69 43.90 46.19
5.29 11.60 2.63 1.64 40.90 37.48 43.93 45.99
5.90 12.99 2.91 1.82 40.42 36.99 43.50 45.54
5.40 11.75 2.76 1.70 40.80 37.43 43.72 45.83
4.57 9.86 2.40 1.44 41.53 38.19 44.34 46.54
5.29 11.45 2.69 1.73 40.90 37.54 43.83 45.75
5.18 11.32 2.62 1.58 40.99 37.59 43.95 46.13
4.65 10.09 2.33 1.52 41.46 38.09 44.46 46.30
4.32 9.43 2.17 1.37 41.77 38.39 44.77 46.75
4.45 9.55 2.25 1.54 41.65 38.33 44.61 46.26
4.39 9.31 2.24 1.63 41.70 38.44 44.63 46.01
4.31 8.99 2.24 1.69 41.79 38.59 44.62 45.85
4.12 8.55 2.17 1.64 41.99 38.81 44.77 45.99
3.92 8.14 2.08 1.54 42.20 39.02 44.95 46.25
3.72 7.76 1.95 1.43 42.43 39.23 45.22 46.57
3.28 6.81 1.79 1.24 42.97 39.80 45.59 47.19
3.63 7.65 1.98 1.27 42.53 39.29 45.16 47.10
3.53 7.51 1.88 1.21 42.65 39.38 45.39 47.30
4.16 8.91 2.09 1.49 41.94 38.63 44.94 46.41
4.01 8.42 2.10 1.51 42.10 38.88 44.91 46.34
4.31 9.23 2.16 1.55 41.78 38.48 44.78 46.23
4.57 9.76 2.31 1.64 41.53 38.24 44.49 45.98
4.35 9.25 2.23 1.55 41.75 38.47 44.65 46.22
4.71 10.23 2.35 1.56 41.40 38.03 44.42 46.20
4.50 9.88 2.24 1.39 41.60 38.18 44.63 46.70
4.16 9.23 2.08 1.18 41.94 38.48 44.96 47.43
3.70 8.32 1.84 0.95 42.45 38.93 45.49 48.34
3.96 9.08 1.79 1.00 42.16 38.55 45.60 48.14
4.09 9.29 1.88 1.09 42.02 38.45 45.38 47.76
4.23 9.62 1.92 1.14 41.87 38.30 45.30 47.54
4.26 9.75 1.84 1.18 41.84 38.24 45.49 47.42
4.57 10.30 2.00 1.41 41.53 38.00 45.13 46.64
4.74 10.60 2.08 1.53 41.38 37.88 44.96 46.29
5.16 11.49 2.39 1.62 41.00 37.53 44.34 46.05
5.44 12.25 2.54 1.52 40.78 37.25 44.08 46.30
5.69 12.73 2.68 1.65 40.58 37.08 43.85 45.95
7.08 15.73 3.33 2.19 39.63 36.16 42.91 44.73
7.14 16.06 3.22 2.15 39.59 36.07 43.05 44.81
7.71 17.43 3.55 2.14 39.26 35.72 42.63 44.83
7.86 17.86 3.42 2.28 39.18 35.61 42.79 44.55
9.09 20.23 4.21 2.83 38.55 35.07 41.89 43.62
8.80 19.84 4.05 2.52 38.68 35.16 42.05 44.12
9.02 20.22 4.28 2.57 38.58 35.07 41.81 44.04
8.59 19.67 3.76 2.35 38.79 35.19 42.38 44.43
8.21 18.89 3.51 2.24 38.99 35.37 42.68 44.63
7.83 17.85 3.44 2.21 39.19 35.61 42.76 44.69
6.98 15.29 3.40 2.24 39.69 36.29 42.81 44.62
6.99 15.17 3.30 2.50 39.69 36.32 42.95 44.15
6.90 14.45 3.61 2.63 39.75 36.53 42.56 43.93
6.84 13.88 3.89 2.76 39.78 36.71 42.23 43.72
6.29 13.04 3.29 2.54 40.14 36.98 42.96 44.09
6.46 13.09 3.48 2.80 40.03 36.96 42.71 43.65
