4.33 8.58 2.56 1.85 41.77 38.80 44.05 45.47
4.16 8.23 2.45 1.80 41.94 38.98 44.25 45.58
4.30 8.76 2.48 1.67 41.79 38.71 44.19 45.91
4.24 8.46 2.60 1.66 41.86 38.86 43.98 45.93
4.22 8.49 2.55 1.62 41.87 38.84 44.06 46.02
4.10 8.31 2.36 1.64 42.00 38.94 44.41 45.97
4.28 8.82 2.42 1.59 41.82 38.68 44.29 46.11
4.21 8.66 2.30 1.67 41.89 38.76 44.52 45.92
4.44 9.03 2.55 1.74 41.66 38.57 44.07 45.73
4.49 9.25 2.45 1.77 41.61 38.47 44.24 45.65
4.41 9.14 2.44 1.66 41.68 38.52 44.26 45.92
4.45 9.48 2.36 1.50 41.65 38.36 44.39 46.36
4.48 9.49 2.44 1.51 41.62 38.36 44.26 46.35
5.13 10.95 2.86 1.58 41.03 37.74 43.57 46.13
5.12 11.22 2.58 1.55 41.04 37.63 44.02 46.22
5.57 12.18 2.86 1.67 40.67 37.27 43.56 45.90
5.97 12.99 3.16 1.77 40.37 37.00 43.14 45.66
5.52 12.25 2.86 1.46 40.71 37.25 43.57 46.47
5.82 13.03 3.05 1.36 40.48 36.98 43.29 46.79
5.12 11.38 2.69 1.31 41.04 37.57 43.83 46.96
4.97 10.88 2.63 1.38 41.17 37.77 43.93 46.73
5.01 10.96 2.57 1.51 41.13 37.73 44.04 46.35
4.91 10.47 2.68 1.57 41.22 37.93 43.85 46.16
4.81 10.15 2.72 1.57 41.31 38.07 43.79 46.16
4.31 9.04 2.38 1.50 41.79 38.57 44.38 46.36
3.92 8.26 2.17 1.33 42.20 38.96 44.77 46.89
3.52 7.37 1.97 1.21 42.67 39.46 45.19 47.30
3.19 6.80 1.79 0.98 43.09 39.80 45.60 48.19
2.98 6.35 1.66 0.92 43.39 40.10 45.93 48.46
3.34 7.01 1.93 1.09 42.89 39.67 45.29 47.77
3.27 6.67 1.97 1.19 42.98 39.89 45.18 47.39
3.10 6.19 1.83 1.27 43.23 40.22 45.52 47.11
3.47 6.97 2.00 1.46 42.72 39.70 45.12 46.49
3.45 6.82 2.09 1.45 42.75 39.79 44.93 46.53
3.18 6.23 1.94 1.37 43.11 40.18 45.26 46.75
3.01 5.88 1.85 1.30 43.35 40.44 45.46 46.99
3.18 6.15 2.00 1.38 43.11 40.24 45.11 46.75
2.95 5.61 1.94 1.28 43.44 40.64 45.25 47.05
3.13 6.05 2.02 1.33 43.18 40.32 45.09 46.89
3.40 6.56 2.18 1.47 42.81 39.96 44.75 46.46
3.49 6.78 2.18 1.52 42.70 39.82 44.74 46.31
3.21 6.27 1.97 1.39 43.07 40.17 45.19 46.71
3.15 6.42 1.86 1.17 43.15 40.06 45.45 47.45
3.03 6.30 1.77 1.00 43.32 40.13 45.64 48.14
2.86 6.00 1.70 0.89 43.56 40.35 45.84 48.63
2.94 6.30 1.73 0.80 43.45 40.14 45.76 49.13
2.81 6.00 1.65 0.78 43.65 40.36 45.96 49.21
2.80 5.97 1.70 0.73 43.68 40.39 45.84 49.54
2.63 5.71 1.53 0.66 43.93 40.57 46.29 49.95
2.42 5.42 1.33 0.52 44.29 40.80 46.90 50.97
2.37 5.32 1.38 0.41 44.39 40.88 46.74 51.97
2.47 5.55 1.42 0.47 44.20 40.69 46.62 51.47
2.88 6.48 1.60 0.57 43.54 40.03 46.10 50.61
2.90 6.44 1.68 0.57 43.52 40.05 45.88 50.60
2.99 6.76 1.65 0.56 43.38 39.84 45.97 50.61
2.70 6.11 1.44 0.54 43.83 40.28 46.54 50.82
2.68 6.12 1.39 0.53 43.85 40.27 46.70 50.92
2.45 5.54 1.29 0.51 44.25 40.70 47.02 51.07
2.09 4.63 1.14 0.51 44.93 41.48 47.56 51.07
2.05 4.42 1.21 0.53 45.01 41.68 47.30 50.91
2.55 5.66 1.46 0.54 44.07 40.61 46.50 50.83
2.45 5.34 1.49 0.51 44.25 40.87 46.40 51.05
2.01 4.32 1.24 0.48 45.10 41.79 47.20 51.34
2.00 4.45 1.18 0.36 45.13 41.66 47.42 52.61
1.94 4.29 1.16 0.38 45.25 41.82 47.46 52.37
2.06 4.58 1.21 0.40 45.00 41.54 47.32 52.13
2.30 4.95 1.36 0.58 44.52 41.19 46.78 50.50
2.40 5.25 1.42 0.54 44.34 40.95 46.63 50.84
2.24 4.83 1.35 0.54 44.64 41.30 46.84 50.81
2.05 4.52 1.23 0.40 45.02 41.59 47.25 52.15
2.15 4.76 1.28 0.39 44.83 41.37 47.06 52.19
2.00 4.41 1.21 0.37 45.15 41.72 47.31 52.39
2.29 4.96 1.42 0.49 44.56 41.21 46.62 51.25
2.12 4.53 1.35 0.47 44.89 41.59 46.86 51.41
2.07 4.44 1.29 0.48 44.97 41.67 47.02 51.31
2.63 5.47 1.71 0.69 43.95 40.77 45.80 49.76
3.28 6.55 2.24 1.05 42.98 39.99 44.64 47.92
3.60 6.89 2.48 1.42 42.58 39.77 44.18 46.63
3.89 7.47 2.51 1.69 42.24 39.41 44.14 45.86
4.23 7.83 2.73 2.14 41.88 39.21 43.79 44.85
4.59 8.35 3.06 2.36 41.53 38.94 43.28 44.42
4.35 7.68 2.99 2.36 41.77 39.29 43.39 44.41
3.96 6.94 2.69 2.25 42.17 39.73 43.85 44.64
3.63 6.19 2.41 2.28 42.55 40.23 44.33 44.57
3.70 6.26 2.57 2.28 42.45 40.18 44.04 44.56
3.40 5.63 2.32 2.25 42.82 40.63 44.48 44.60
3.45 5.78 2.30 2.28 42.75 40.52 44.51 44.56
3.11 5.13 2.17 2.04 43.21 41.04 44.77 45.04
2.81 4.53 1.90 2.01 43.65 41.58 45.35 45.10
2.83 4.61 1.87 2.00 43.63 41.51 45.43 45.11
2.91 4.98 1.77 1.98 43.50 41.16 45.64 45.18
3.14 5.17 2.01 2.24 43.17 41.01 45.11 44.63
3.05 5.06 1.99 2.10 43.29 41.10 45.15 44.90
2.72 4.49 1.79 1.90 43.78 41.62 45.61 45.34
2.66 4.38 1.69 1.89 43.89 41.72 45.85 45.35
2.40 3.94 1.56 1.70 44.33 42.17 46.20 45.82
2.48 4.06 1.61 1.78 44.19 42.06 46.07 45.63
2.77 4.57 1.90 1.83 43.72 41.53 45.35 45.50
3.31 5.78 2.19 1.95 42.94 40.52 44.72 45.23
3.61 6.59 2.31 1.93 42.56 39.95 44.50 45.28
3.48 6.11 2.36 1.97 42.71 40.27 44.40 45.19
3.70 6.51 2.44 2.15 42.45 40.00 44.26 44.81
3.97 7.42 2.50 1.99 42.15 39.44 44.15 45.16
4.13 7.61 2.67 2.11 41.97 39.32 43.86 44.89
3.86 7.17 2.53 1.88 42.27 39.58 44.10 45.40
4.08 7.63 2.74 1.87 42.02 39.30 43.76 45.40
4.03 7.47 2.69 1.94 42.07 39.39 43.84 45.26
3.88 7.25 2.62 1.78 42.25 39.53 43.96 45.64
3.57 6.72 2.36 1.63 42.61 39.86 44.41 46.02
3.27 6.38 2.11 1.32 42.99 40.09 44.90 46.94
3.06 5.85 2.01 1.32 43.27 40.47 45.10 46.91
3.10 5.96 1.94 1.41 43.22 40.38 45.25 46.65
2.78 5.31 1.80 1.23 43.70 40.89 45.58 47.25
2.71 5.16 1.73 1.24 43.80 41.01 45.75 47.21
2.84 5.53 1.80 1.20 43.59 40.71 45.59 47.33
3.23 6.17 2.02 1.50 43.05 40.23 45.09 46.39
3.01 5.84 1.86 1.33 43.35 40.47 45.44 46.90
3.38 6.58 2.03 1.54 42.84 39.96 45.06 46.26
3.24 6.35 1.98 1.40 43.02 40.10 45.17 46.67
3.48 6.74 2.05 1.64 42.72 39.84 45.03 45.97
3.21 6.18 1.90 1.55 43.07 40.22 45.35 46.24
3.55 6.89 2.04 1.73 42.63 39.75 45.05 45.75
3.25 6.29 1.82 1.65 43.01 40.14 45.52 45.97
3.63 7.11 2.04 1.75 42.53 39.61 45.03 45.69
3.49 6.79 1.97 1.72 42.70 39.81 45.19 45.78
3.65 7.15 1.99 1.82 42.50 39.59 45.13 45.54
3.60 7.14 2.03 1.63 42.57 39.59 45.06 46.02
3.57 7.20 1.98 1.52 42.61 39.56 45.16 46.32
3.37 7.03 1.77 1.30 42.86 39.66 45.66 47.00
3.39 7.34 1.72 1.12 42.83 39.48 45.79 47.65
3.28 7.17 1.63 1.06 42.97 39.58 46.02 47.89
3.64 8.06 1.82 1.05 42.52 39.07 45.53 47.91
4.10 9.17 1.99 1.16 42.01 38.52 45.15 47.50
4.13 9.10 2.03 1.25 41.98 38.55 45.06 47.15
4.68 10.29 2.24 1.51 41.43 38.01 44.62 46.33
5.20 11.52 2.48 1.61 40.98 37.53 44.19 46.06
5.32 11.75 2.60 1.61 40.88 37.44 43.99 46.06
5.57 12.30 2.80 1.60 40.68 37.23 43.66 46.09
5.75 12.91 2.84 1.51 40.54 37.03 43.61 46.34
5.94 13.45 2.95 1.42 40.40 36.85 43.43 46.62
5.82 13.25 2.83 1.38 40.49 36.92 43.61 46.72
5.95 13.50 2.98 1.37 40.39 36.83 43.38 46.79
5.85 13.32 2.86 1.37 40.47 36.90 43.57 46.76
4.79 10.90 2.23 1.25 41.33 37.77 44.65 47.16
4.52 10.36 2.10 1.08 41.59 37.99 44.90 47.79
3.97 9.29 1.79 0.84 42.16 38.48 45.61 48.91
3.46 8.18 1.56 0.64 42.75 39.02 46.20 50.04
3.41 8.09 1.56 0.59 42.84 39.10 46.22 50.45
3.34 7.88 1.59 0.55 42.93 39.21 46.14 50.74
3.46 8.20 1.65 0.53 42.77 39.04 45.98 50.88
3.66 8.64 1.78 0.55 42.51 38.78 45.64 50.69
3.77 8.97 1.80 0.54 42.38 38.62 45.59 50.77
3.49 8.30 1.65 0.51 42.72 38.96 45.96 51.05
3.27 7.82 1.58 0.43 43.00 39.23 46.17 51.82
3.31 7.95 1.55 0.43 42.96 39.16 46.24 51.82
3.44 8.25 1.62 0.43 42.79 38.99 46.03 51.78
3.37 7.97 1.65 0.49 42.88 39.15 45.95 51.21
3.36 7.92 1.62 0.53 42.90 39.17 46.04 50.91
3.28 7.71 1.59 0.52 43.00 39.29 46.12 50.94
3.03 7.08 1.48 0.53 43.33 39.65 46.43 50.92
3.06 7.15 1.51 0.52 43.30 39.61 46.36 50.96
2.99 6.97 1.54 0.46 43.40 39.73 46.28 51.57
3.13 7.20 1.69 0.50 43.20 39.58 45.88 51.14
2.99 6.84 1.67 0.46 43.39 39.80 45.91 51.54
3.62 8.25 2.04 0.58 42.55 38.98 45.05 50.48
3.87 8.84 2.14 0.64 42.26 38.67 44.84 50.04
3.91 8.94 2.18 0.63 42.21 38.63 44.76 50.13
3.68 8.47 2.00 0.59 42.48 38.87 45.14 50.45
3.62 8.37 1.92 0.56 42.55 38.91 45.31 50.65
3.21 7.34 1.75 0.52 43.08 39.48 45.71 50.98
3.42 7.88 1.83 0.56 42.80 39.18 45.52 50.66
2.99 6.68 1.70 0.59 43.38 39.89 45.83 50.39
3.16 6.96 1.81 0.73 43.13 39.71 45.56 49.51
3.15 6.87 1.83 0.74 43.15 39.77 45.51 49.43
3.08 6.69 1.82 0.72 43.26 39.89 45.55 49.56
2.82 6.19 1.63 0.64 43.63 40.22 46.01 50.10
2.59 5.61 1.56 0.59 44.01 40.65 46.20 50.44
2.54 5.50 1.51 0.61 44.10 40.75 46.34 50.31
2.61 5.58 1.55 0.70 43.97 40.67 46.24 49.68
2.71 5.60 1.61 0.91 43.81 40.65 46.07 48.56
2.75 5.68 1.63 0.94 43.73 40.59 46.02 48.39
2.79 5.66 1.71 1.01 43.67 40.61 45.79 48.08
2.94 5.89 1.79 1.15 43.45 40.43 45.62 47.53
3.20 6.38 1.97 1.24 43.09 40.09 45.20 47.20
3.30 6.49 2.09 1.32 42.95 40.01 44.94 46.95
3.08 5.89 2.01 1.34 43.25 40.43 45.09 46.86
3.09 5.83 1.98 1.45 43.23 40.47 45.15 46.51
3.17 5.94 2.05 1.52 43.12 40.39 45.01 46.32
3.22 6.10 2.02 1.55 43.05 40.28 45.07 46.22
3.22 6.10 2.02 1.53 43.06 40.28 45.08 46.28
3.24 6.18 2.04 1.51 43.02 40.22 45.04 46.36
3.33 6.33 2.11 1.55 42.91 40.12 44.89 46.23
3.17 6.10 2.02 1.41 43.11 40.28 45.09 46.65
2.95 5.62 1.98 1.24 43.44 40.64 45.16 47.19
3.13 6.01 2.08 1.30 43.18 40.34 44.94 47.00
3.05 5.79 2.11 1.27 43.29 40.51 44.90 47.10
3.21 6.11 2.10 1.42 43.06 40.27 44.90 46.60
3.26 6.05 2.19 1.55 43.00 40.32 44.74 46.24
2.91 5.39 1.92 1.42 43.49 40.82 45.30 46.60
3.12 5.86 2.06 1.43 43.20 40.46 45.00 46.57
3.15 6.02 2.03 1.40 43.15 40.34 45.06 46.67
3.26 6.13 2.13 1.52 43.01 40.26 44.85 46.32
3.27 5.85 2.20 1.77 42.99 40.46 44.71 45.66
3.26 5.87 2.18 1.73 43.00 40.45 44.75 45.75
3.08 5.41 2.03 1.79 43.25 40.80 45.06 45.61
2.97 5.16 2.02 1.72 43.41 41.01 45.08 45.79
2.81 4.84 1.85 1.73 43.65 41.28 45.45 45.76
2.42 3.96 1.63 1.67 44.29 42.16 46.01 45.90
2.84 4.62 2.09 1.80 43.61 41.49 44.94 45.58
3.05 5.01 2.32 1.83 43.29 41.13 44.48 45.52
3.16 5.22 2.33 1.91 43.15 40.96 44.46 45.32
3.36 5.63 2.43 2.01 42.88 40.63 44.28 45.10
3.54 5.95 2.56 2.11 42.65 40.39 44.05 44.90
3.51 5.93 2.47 2.12 42.70 40.42 44.22 44.87
3.66 6.27 2.58 2.13 42.50 40.17 44.02 44.85
3.67 6.19 2.59 2.22 42.49 40.22 44.01 44.66
3.91 6.60 2.86 2.28 42.21 39.94 43.57 44.56
4.19 7.20 3.06 2.33 41.90 39.56 43.28 44.46
4.25 7.25 3.12 2.37 41.85 39.54 43.19 44.38
4.23 7.06 3.14 2.48 41.88 39.66 43.17 44.20
4.04 6.87 2.93 2.32 42.09 39.79 43.48 44.49
4.53 7.86 3.37 2.37 41.58 39.20 42.87 44.39
4.38 7.55 3.21 2.37 41.74 39.37 43.08 44.40
5.12 9.09 3.64 2.64 41.04 38.55 42.52 43.93
5.54 9.42 4.11 3.10 40.71 38.40 42.03 43.24
6.35 11.01 4.66 3.39 40.12 37.73 41.47 42.86
6.31 11.26 4.17 3.50 40.14 37.62 41.93 42.71
6.94 12.24 4.93 3.67 39.73 37.27 41.22 42.50
7.73 14.02 5.15 4.02 39.25 36.66 41.01 42.10
8.33 15.39 5.51 4.10 38.93 36.26 40.73 42.01
7.77 14.13 5.20 3.99 39.23 36.63 40.98 42.12
8.15 15.01 5.50 3.93 39.03 36.38 40.75 42.21
7.78 14.38 4.98 3.99 39.22 36.55 41.16 42.13
7.03 13.27 4.14 3.68 39.67 36.91 41.97 42.48
6.49 12.19 3.94 3.34 40.01 37.27 42.18 42.90
6.24 12.03 3.75 2.93 40.19 37.33 42.40 43.48
5.97 11.44 3.71 2.76 40.37 37.55 42.43 43.72
5.33 10.43 3.15 2.42 40.86 37.95 43.14 44.30
5.08 9.90 3.07 2.27 41.07 38.17 43.26 44.57
4.69 9.31 2.86 1.91 41.41 38.44 43.57 45.32
4.37 8.70 2.70 1.70 41.73 38.74 43.82 45.84
4.49 9.06 2.67 1.74 41.61 38.56 43.86 45.73
4.74 9.62 2.96 1.65 41.37 38.30 43.41 45.96
3.92 8.09 2.32 1.34 42.20 39.05 44.48 46.87
4.01 8.32 2.42 1.27 42.10 38.93 44.28 47.08
3.97 8.28 2.32 1.33 42.14 38.95 44.48 46.91
4.00 8.27 2.32 1.40 42.11 38.95 44.47 46.66
4.15 8.63 2.45 1.37 41.95 38.77 44.23 46.75
3.76 7.79 2.24 1.24 42.38 39.22 44.64 47.20
3.71 7.82 2.12 1.17 42.44 39.20 44.86 47.44
4.25 9.14 2.41 1.20 41.85 38.52 44.31 47.35
3.99 8.46 2.30 1.20 42.13 38.86 44.51 47.32
3.69 7.73 2.11 1.23 42.47 39.26 44.89 47.25
3.99 8.33 2.32 1.31 42.13 38.93 44.49 46.95
3.91 8.35 2.18 1.20 42.21 38.91 44.75 47.33
3.69 7.88 2.05 1.15 42.46 39.17 45.02 47.52
3.54 7.52 1.96 1.14 42.64 39.37 45.21 47.56
3.44 7.13 1.98 1.23 42.76 39.60 45.16 47.23
3.50 7.26 1.93 1.29 42.70 39.52 45.27 47.02
3.50 7.18 1.96 1.36 42.69 39.57 45.20 46.81
3.33 6.82 1.91 1.27 42.90 39.79 45.32 47.11
3.21 6.50 1.84 1.28 43.07 40.00 45.48 47.07
3.02 6.07 1.76 1.23 43.33 40.30 45.67 47.24
2.85 5.70 1.71 1.12 43.59 40.57 45.79 47.63
3.33 6.84 1.90 1.25 42.91 39.79 45.34 47.17
3.10 6.34 1.84 1.11 43.22 40.11 45.49 47.66
3.57 7.38 2.01 1.32 42.60 39.45 45.10 46.91
3.24 6.61 1.86 1.25 43.03 39.93 45.44 47.16
3.54 7.36 1.93 1.33 42.64 39.47 45.28 46.89
3.53 7.31 1.98 1.30 42.65 39.49 45.17 46.99
3.57 7.40 2.02 1.29 42.60 39.44 45.07 47.04
3.65 7.60 2.07 1.27 42.51 39.32 44.98 47.10
3.46 7.33 1.94 1.11 42.75 39.48 45.26 47.69
3.02 6.50 1.66 0.91 43.33 40.00 45.93 48.57
2.74 5.90 1.59 0.74 43.75 40.42 46.11 49.44
2.84 6.23 1.54 0.76 43.60 40.19 46.26 49.33
2.97 6.43 1.65 0.82 43.41 40.05 45.96 48.97
3.08 6.73 1.66 0.85 43.25 39.86 45.93 48.82
3.16 6.82 1.72 0.93 43.14 39.80 45.78 48.46
3.17 6.86 1.69 0.96 43.12 39.78 45.86 48.29
3.14 6.79 1.61 1.01 43.17 39.81 46.07 48.11
3.52 7.68 1.80 1.08 42.67 39.28 45.57 47.79
3.74 8.10 1.99 1.14 42.40 39.06 45.15 47.56
4.00 8.70 2.15 1.14 42.12 38.74 44.81 47.55
4.48 9.64 2.41 1.37 41.63 38.30 44.30 46.76
5.18 11.09 2.88 1.56 40.99 37.69 43.54 46.19
5.47 11.91 2.88 1.61 40.76 37.38 43.53 46.08
5.46 11.88 2.93 1.56 40.76 37.38 43.46 46.21
6.38 13.99 3.39 1.75 40.09 36.68 42.83 45.70
6.34 13.94 3.36 1.72 40.11 36.69 42.88 45.77
6.28 13.62 3.46 1.75 40.16 36.79 42.74 45.70
6.08 13.59 3.13 1.54 40.29 36.80 43.17 46.27
5.91 13.13 2.98 1.62 40.42 36.96 43.39 46.05
5.32 11.70 2.77 1.49 40.87 37.45 43.71 46.39
4.83 10.32 2.58 1.59 41.29 38.00 44.02 46.10
4.93 10.40 2.67 1.73 41.20 37.96 43.87 45.75
4.51 9.24 2.59 1.70 41.59 38.47 44.01 45.83
4.24 8.34 2.57 1.81 41.86 38.92 44.03 45.55
4.15 8.09 2.52 1.85 41.95 39.05 44.12 45.47
4.13 8.01 2.57 1.82 41.97 39.10 44.03 45.54
