4.33 8.58 2.56 1.85 41.77 38.80 44.05 45.47
4.16 8.23 2.45 1.80 41.94 38.98 44.25 45.58
4.30 8.76 2.48 1.67 41.79 38.71 44.19 45.91
4.24 8.46 2.60 1.66 41.86 38.86 43.98 45.93
4.22 8.49 2.55 1.62 41.87 38.84 44.06 46.02
4.10 8.31 2.36 1.64 42.00 38.94 44.41 45.97
4.28 8.82 2.42 1.59 41.82 38.68 44.29 46.11
4.21 8.66 2.30 1.67 41.89 38.76 44.52 45.92
4.44 9.03 2.55 1.74 41.66 38.57 44.07 45.73
4.49 9.25 2.45 1.77 41.61 38.47 44.24 45.65
4.41 9.14 2.44 1.66 41.68 38.52 44.26 45.92
4.45 9.48 2.36 1.50 41.65 38.36 44.39 46.36
4.48 9.49 2.44 1.51 41.62 38.36 44.26 46.35
5.13 10.95 2.86 1.58 41.03 37.74 43.57 46.13
5.12 11.22 2.58 1.55 41.04 37.63 44.02 46.22
5.57 12.18 2.86 1.67 40.67 37.27 43.56 45.90
5.98 13.01 3.15 1.76 40.36 36.99 43.15 45.67
5.53 12.27 2.87 1.47 40.70 37.24 43.56 46.45
5.81 13.02 3.03 1.36 40.49 36.99 43.31 46.79
5.13 11.39 2.70 1.30 41.03 37.56 43.81 46.97
4.98 10.89 2.64 1.39 41.16 37.76 43.91 46.71
5.02 10.99 2.58 1.49 41.12 37.72 44.01 46.38
4.92 10.48 2.69 1.59 41.21 37.93 43.83 46.13
4.80 10.12 2.71 1.57 41.32 38.08 43.80 46.16
4.31 9.05 2.37 1.50 41.79 38.57 44.39 46.36
3.91 8.24 2.14 1.33 42.22 38.97 44.83 46.88
3.50 7.32 1.97 1.23 42.68 39.49 45.19 47.24
3.18 6.79 1.79 0.98 43.10 39.81 45.60 48.20
2.98 6.38 1.67 0.91 43.38 40.08 45.91 48.54
3.22 6.83 1.85 1.00 43.05 39.79 45.46 48.14
2.88 5.75 1.79 1.09 43.54 40.53 45.60 47.76
2.80 5.44 1.75 1.22 43.65 40.78 45.70 47.28
2.88 5.64 1.75 1.25 43.53 40.62 45.69 47.14
2.90 5.67 1.76 1.27 43.51 40.60 45.69 47.10
2.82 5.41 1.77 1.29 43.62 40.80 45.65 47.01
2.74 5.15 1.74 1.31 43.76 41.01 45.72 46.96
2.96 5.60 1.90 1.40 43.41 40.65 45.35 46.69
2.82 5.23 1.90 1.32 43.63 40.95 45.34 46.93
2.60 4.92 1.72 1.17 43.99 41.22 45.79 47.46
2.96 5.58 1.93 1.35 43.43 40.66 45.27 46.84
3.11 5.94 1.96 1.43 43.21 40.39 45.22 46.59
2.97 5.73 1.83 1.34 43.41 40.55 45.51 46.87
2.88 5.73 1.75 1.16 43.54 40.55 45.69 47.50
2.68 5.51 1.59 0.93 43.85 40.72 46.10 48.46
2.57 5.29 1.54 0.88 44.03 40.90 46.23 48.71
2.47 5.12 1.53 0.77 44.20 41.03 46.30 49.29
2.37 4.94 1.46 0.70 44.39 41.19 46.50 49.68
2.21 4.61 1.38 0.65 44.68 41.50 46.72 50.02
2.18 4.58 1.34 0.63 44.74 41.52 46.86 50.12
2.02 4.40 1.17 0.49 45.07 41.70 47.44 51.17
1.93 4.22 1.19 0.40 45.26 41.88 47.39 52.13
2.03 4.42 1.24 0.44 45.05 41.68 47.21 51.74
2.39 5.22 1.41 0.55 44.34 40.95 46.65 50.75
2.47 5.38 1.47 0.56 44.20 40.82 46.46 50.65
2.50 5.48 1.46 0.56 44.15 40.75 46.49 50.63
2.30 5.06 1.31 0.52 44.52 41.09 46.96 50.98
2.22 4.93 1.24 0.50 44.67 41.20 47.21 51.20
2.07 4.54 1.16 0.50 44.98 41.56 47.48 51.19
1.80 3.89 1.02 0.50 45.58 42.24 48.06 51.13
1.71 3.58 1.07 0.49 45.80 42.60 47.83 51.25
1.93 4.13 1.20 0.47 45.27 41.98 47.35 51.39
1.90 4.05 1.21 0.45 45.34 42.06 47.31 51.57
1.63 3.41 1.06 0.42 46.02 42.81 47.89 51.87
1.61 3.52 0.99 0.32 46.06 42.67 48.17 53.11
1.56 3.35 1.00 0.34 46.21 42.89 48.16 52.86
1.69 3.66 1.03 0.37 45.86 42.50 47.99 52.45
1.94 4.10 1.22 0.51 45.25 42.01 47.28 51.09
1.87 3.97 1.16 0.48 45.42 42.15 47.48 51.35
1.77 3.71 1.14 0.47 45.66 42.46 47.57 51.44
1.72 3.72 1.08 0.37 45.77 42.43 47.82 52.45
1.70 3.68 1.07 0.37 45.82 42.48 47.85 52.45
1.61 3.44 1.03 0.34 46.08 42.77 48.01 52.75
1.71 3.61 1.09 0.44 45.80 42.57 47.75 51.69
1.60 3.33 1.04 0.42 46.11 42.91 47.98 51.86
1.67 3.50 1.07 0.43 45.93 42.70 47.85 51.78
2.08 4.25 1.40 0.59 44.96 41.86 46.66 50.42
2.46 4.81 1.74 0.84 44.23 41.31 45.74 48.91
2.78 5.24 1.96 1.15 43.69 40.94 45.22 47.53
2.92 5.41 1.96 1.38 43.48 40.81 45.21 46.72
3.23 5.86 2.17 1.66 43.04 40.46 44.77 45.93
3.44 6.09 2.37 1.85 42.77 40.28 44.38 45.46
3.24 5.67 2.22 1.85 43.02 40.60 44.67 45.45
3.13 5.41 2.19 1.78 43.18 40.80 44.73 45.62
2.78 4.69 1.87 1.79 43.69 41.42 45.41 45.61
2.85 4.78 2.04 1.72 43.59 41.34 45.03 45.77
2.68 4.40 1.88 1.77 43.85 41.70 45.40 45.66
2.68 4.38 1.88 1.76 43.86 41.72 45.39 45.67
2.51 4.04 1.81 1.67 44.14 42.06 45.55 45.90
2.37 3.82 1.65 1.65 44.38 42.32 45.96 45.97
2.32 3.69 1.62 1.65 44.47 42.46 46.04 45.94
2.31 3.90 1.49 1.53 44.50 42.22 46.38 46.30
2.58 4.17 1.73 1.86 44.01 41.93 45.76 45.45
2.64 4.25 1.82 1.84 43.92 41.85 45.52 45.49
2.40 3.85 1.64 1.71 44.33 42.28 46.00 45.81
2.31 3.71 1.48 1.73 44.50 42.44 46.42 45.74
2.15 3.42 1.40 1.62 44.81 42.79 46.66 46.04
2.07 3.32 1.34 1.54 44.98 42.92 46.85 46.26
2.41 3.86 1.70 1.68 44.31 42.27 45.84 45.89
2.73 4.60 1.88 1.71 43.77 41.51 45.40 45.81
2.82 4.88 1.92 1.67 43.62 41.24 45.31 45.89
3.04 5.23 2.08 1.80 43.30 40.94 44.94 45.57
3.18 5.42 2.15 1.97 43.10 40.79 44.80 45.18
3.48 6.15 2.28 2.01 42.71 40.24 44.55 45.09
3.46 6.12 2.27 1.98 42.74 40.26 44.56 45.16
3.34 6.01 2.28 1.74 42.89 40.34 44.56 45.72
3.61 6.57 2.45 1.80 42.56 39.96 44.23 45.57
3.63 6.55 2.49 1.86 42.53 39.97 44.17 45.44
3.50 6.35 2.40 1.73 42.70 40.10 44.33 45.75
3.10 5.72 2.07 1.51 43.22 40.56 44.97 46.35
2.75 5.22 1.85 1.18 43.74 40.95 45.46 47.40
2.55 4.74 1.71 1.19 44.07 41.38 45.79 47.39
2.57 4.84 1.67 1.21 44.03 41.29 45.92 47.30
2.22 4.12 1.52 1.02 44.66 41.98 46.30 48.04
2.28 4.24 1.51 1.09 44.55 41.85 46.35 47.74
2.33 4.36 1.55 1.08 44.46 41.73 46.23 47.81
2.67 5.02 1.72 1.27 43.87 41.13 45.78 47.11
2.52 4.72 1.64 1.21 44.11 41.40 45.98 47.29
2.70 5.08 1.70 1.33 43.81 41.07 45.83 46.89
2.61 4.96 1.61 1.27 43.96 41.18 46.07 47.11
2.75 5.15 1.68 1.41 43.74 41.01 45.88 46.63
2.67 5.03 1.60 1.39 43.86 41.12 46.08 46.72
2.90 5.45 1.71 1.53 43.51 40.77 45.81 46.27
2.88 5.44 1.66 1.54 43.54 40.77 45.94 46.26
3.21 6.16 1.83 1.64 43.07 40.24 45.50 46.00
3.13 5.93 1.78 1.67 43.18 40.40 45.64 45.91
3.18 5.98 1.84 1.71 43.11 40.36 45.47 45.79
3.12 5.95 1.82 1.58 43.20 40.39 45.53 46.15
2.94 5.72 1.70 1.40 43.45 40.56 45.83 46.68
2.67 5.38 1.47 1.15 43.87 40.82 46.44 47.52
2.69 5.65 1.43 0.99 43.83 40.62 46.57 48.18
2.55 5.41 1.35 0.90 44.06 40.80 46.82 48.57
2.76 6.00 1.43 0.85 43.72 40.35 46.58 48.85
3.03 6.54 1.59 0.96 43.32 39.98 46.13 48.29
3.16 6.75 1.66 1.08 43.13 39.84 45.92 47.82
3.68 7.89 1.86 1.30 42.47 39.16 45.45 46.98
3.80 8.14 1.96 1.32 42.33 39.03 45.21 46.94
3.89 8.30 2.05 1.33 42.23 38.94 45.02 46.89
4.10 8.83 2.15 1.31 42.01 38.67 44.80 46.97
4.22 9.11 2.26 1.30 41.87 38.54 44.59 46.98
4.66 10.23 2.49 1.28 41.45 38.04 44.18 47.07
4.55 10.09 2.37 1.20 41.55 38.10 44.38 47.35
4.74 10.48 2.50 1.25 41.38 37.93 44.17 47.17
4.47 9.87 2.32 1.22 41.63 38.19 44.49 47.28
3.74 8.29 1.86 1.08 42.40 38.95 45.44 47.79
3.31 7.35 1.63 0.95 42.93 39.47 46.01 48.37
2.96 6.68 1.44 0.74 43.42 39.88 46.54 49.41
2.65 6.04 1.31 0.60 43.90 40.32 46.96 50.38
2.53 5.78 1.27 0.55 44.09 40.51 47.09 50.70
2.52 5.71 1.33 0.53 44.11 40.56 46.90 50.88
2.55 5.82 1.33 0.51 44.06 40.48 46.88 51.07
2.59 5.87 1.39 0.51 44.00 40.45 46.69 51.04
2.55 5.76 1.39 0.51 44.06 40.53 46.69 51.09
2.44 5.50 1.33 0.49 44.26 40.73 46.91 51.26
2.17 4.92 1.20 0.40 44.76 41.21 47.35 52.07
2.25 5.13 1.21 0.41 44.61 41.02 47.32 52.05
2.28 5.22 1.20 0.41 44.56 40.95 47.35 52.02
2.28 5.13 1.25 0.47 44.54 41.03 47.17 51.40
2.32 5.22 1.26 0.50 44.47 40.96 47.12 51.18
2.25 5.08 1.18 0.48 44.61 41.07 47.41 51.28
2.15 4.83 1.13 0.48 44.81 41.29 47.58 51.32
2.08 4.68 1.12 0.44 44.95 41.43 47.63 51.71
1.98 4.44 1.10 0.40 45.16 41.65 47.73 52.10
2.07 4.58 1.20 0.42 44.98 41.52 47.35 51.93
2.12 4.69 1.26 0.40 44.87 41.42 47.12 52.07
2.52 5.53 1.52 0.51 44.12 40.70 46.32 51.01
2.81 6.15 1.67 0.60 43.65 40.24 45.91 50.37
2.86 6.35 1.63 0.59 43.58 40.11 46.01 50.47
2.70 6.01 1.53 0.55 43.83 40.34 46.29 50.73
2.69 6.07 1.50 0.51 43.83 40.30 46.38 51.02
2.39 5.31 1.39 0.48 44.35 40.88 46.71 51.37
2.35 5.18 1.36 0.51 44.43 40.99 46.82 51.02
2.28 4.93 1.36 0.57 44.55 41.21 46.79 50.63
2.53 5.33 1.54 0.70 44.11 40.86 46.26 49.70
2.60 5.45 1.61 0.74 43.99 40.77 46.06 49.47
2.52 5.23 1.60 0.73 44.12 40.95 46.10 49.51
2.30 4.89 1.40 0.62 44.51 41.23 46.67 50.24
2.04 4.27 1.30 0.54 45.04 41.83 46.99 50.80
2.03 4.24 1.28 0.57 45.06 41.86 47.05 50.62
2.19 4.55 1.34 0.66 44.74 41.56 46.86 49.93
2.30 4.65 1.41 0.84 44.52 41.46 46.64 48.89
2.15 4.32 1.34 0.79 44.81 41.78 46.87 49.16
2.23 4.39 1.41 0.88 44.66 41.71 46.64 48.69
2.31 4.52 1.45 0.95 44.50 41.58 46.51 48.36
2.52 4.92 1.60 1.04 44.12 41.21 46.10 47.96
2.56 4.87 1.67 1.12 44.05 41.25 45.90 47.63
2.67 4.99 1.76 1.24 43.88 41.15 45.67 47.20
2.73 5.05 1.79 1.36 43.77 41.10 45.62 46.80
2.64 4.83 1.72 1.35 43.93 41.29 45.78 46.83
2.84 5.24 1.81 1.45 43.61 40.94 45.57 46.52
2.78 5.14 1.78 1.41 43.70 41.03 45.63 46.65
2.67 4.96 1.72 1.33 43.87 41.18 45.78 46.90
2.72 5.07 1.72 1.35 43.79 41.08 45.77 46.81
2.84 5.37 1.80 1.36 43.59 40.83 45.57 46.81
2.85 5.36 1.87 1.30 43.59 40.84 45.40 47.00
2.72 5.09 1.81 1.25 43.79 41.06 45.54 47.16
2.58 4.80 1.79 1.14 44.02 41.32 45.61 47.55
2.62 4.84 1.74 1.28 43.94 41.28 45.72 47.07
2.60 4.69 1.76 1.34 43.99 41.41 45.68 46.88
2.49 4.50 1.67 1.32 44.16 41.60 45.91 46.94
2.52 4.65 1.70 1.22 44.12 41.46 45.84 47.28
2.65 4.90 1.76 1.31 43.89 41.23 45.67 46.97
2.70 4.92 1.80 1.39 43.81 41.21 45.57 46.71
2.61 4.61 1.77 1.44 43.97 41.50 45.65 46.54
2.57 4.49 1.75 1.46 44.04 41.61 45.69 46.50
2.67 4.54 1.84 1.64 43.86 41.56 45.49 45.98
2.55 4.32 1.79 1.55 44.06 41.78 45.60 46.24
2.36 3.89 1.60 1.58 44.41 42.23 46.09 46.16
2.13 3.37 1.48 1.55 44.84 42.85 46.44 46.24
2.47 3.88 1.89 1.64 44.20 42.24 45.37 45.99
2.67 4.26 2.10 1.65 43.86 41.84 44.90 45.95
2.70 4.38 2.04 1.69 43.81 41.72 45.03 45.86
2.82 4.59 2.13 1.74 43.63 41.51 44.84 45.73
2.85 4.65 2.14 1.75 43.59 41.46 44.83 45.70
2.76 4.52 2.01 1.76 43.71 41.58 45.10 45.67
3.03 5.08 2.21 1.79 43.32 41.07 44.69 45.62
3.07 5.04 2.26 1.90 43.26 41.10 44.59 45.35
3.33 5.43 2.52 2.05 42.91 40.79 44.12 45.01
3.64 6.07 2.70 2.14 42.52 40.30 43.82 44.83
3.65 6.07 2.78 2.09 42.51 40.30 43.69 44.93
3.36 5.44 2.61 2.03 42.86 40.77 43.96 45.05
3.18 5.21 2.39 1.93 43.11 40.97 44.35 45.26
3.61 6.04 2.82 1.98 42.55 40.32 43.63 45.17
3.41 5.65 2.58 2.00 42.80 40.61 44.02 45.12
4.18 7.13 2.98 2.44 41.92 39.61 43.39 44.27
4.32 7.14 3.18 2.66 41.77 39.60 43.11 43.89
4.75 8.17 3.45 2.65 41.36 39.01 42.75 43.90
4.83 8.44 3.23 2.82 41.29 38.87 43.04 43.63
5.15 8.78 3.78 2.89 41.02 38.70 42.36 43.53
5.57 9.91 3.83 2.98 40.67 38.17 42.30 43.39
6.42 11.65 4.24 3.38 40.06 37.47 41.86 42.84
6.12 10.97 4.10 3.30 40.26 37.73 42.01 42.95
6.33 11.29 4.27 3.44 40.12 37.61 41.83 42.76
6.13 10.94 4.03 3.42 40.26 37.75 42.08 42.80
5.35 9.59 3.30 3.15 40.85 38.32 42.94 43.15
5.38 9.81 3.34 2.99 40.83 38.23 42.90 43.37
4.72 8.82 2.95 2.38 41.40 38.68 43.43 44.37
4.72 8.77 3.04 2.37 41.39 38.71 43.30 44.39
4.15 7.84 2.56 2.05 41.96 39.20 44.06 45.01
4.16 7.84 2.61 2.04 41.95 39.20 43.98 45.05
3.56 6.76 2.27 1.66 42.62 39.84 44.58 45.94
3.33 6.45 2.14 1.41 42.90 40.04 44.84 46.63
3.64 7.19 2.25 1.49 42.52 39.57 44.60 46.40
3.34 6.55 2.13 1.33 42.90 39.98 44.85 46.89
2.96 5.96 1.85 1.08 43.42 40.38 45.46 47.81
2.90 5.89 1.79 1.03 43.52 40.45 45.61 48.03
2.97 6.09 1.80 1.03 43.41 40.30 45.59 48.01
2.91 5.89 1.76 1.07 43.50 40.43 45.68 47.82
2.84 5.77 1.70 1.06 43.60 40.53 45.82 47.89
2.82 5.69 1.74 1.01 43.64 40.59 45.72 48.07
2.77 5.68 1.67 0.96 43.71 40.59 45.91 48.31
2.92 5.98 1.81 0.96 43.48 40.36 45.54 48.31
3.02 6.12 1.91 1.04 43.33 40.26 45.33 47.98
3.05 6.12 1.90 1.13 43.28 40.26 45.34 47.58
3.17 6.36 1.95 1.18 43.12 40.10 45.22 47.42
3.11 6.33 1.91 1.10 43.20 40.12 45.32 47.71
2.95 6.07 1.75 1.05 43.43 40.30 45.70 47.94
2.84 5.84 1.64 1.03 43.60 40.47 45.97 48.00
2.85 5.74 1.71 1.08 43.58 40.54 45.78 47.78
2.94 5.89 1.73 1.18 43.46 40.43 45.75 47.40
2.83 5.56 1.70 1.21 43.62 40.68 45.82 47.29
2.76 5.47 1.67 1.14 43.72 40.75 45.90 47.55
2.78 5.46 1.70 1.18 43.69 40.76 45.84 47.41
2.53 4.94 1.53 1.10 44.11 41.19 46.30 47.69
2.39 4.66 1.49 1.02 44.35 41.45 46.41 48.06
2.66 5.30 1.60 1.09 43.88 40.89 46.10 47.77
2.59 5.20 1.60 0.99 43.99 40.98 46.10 48.19
2.91 5.86 1.69 1.19 43.48 40.45 45.85 47.37
2.78 5.52 1.68 1.16 43.69 40.71 45.89 47.49
2.93 5.86 1.70 1.22 43.47 40.45 45.82 47.27
2.87 5.72 1.73 1.16 43.56 40.56 45.76 47.49
2.84 5.76 1.67 1.10 43.60 40.53 45.92 47.73
2.90 5.89 1.72 1.07 43.51 40.43 45.76 47.82
2.73 5.56 1.63 0.98 43.78 40.68 46.01 48.21
2.39 4.91 1.42 0.82 44.35 41.22 46.60 48.98
2.20 4.54 1.39 0.68 44.71 41.56 46.70 49.84
2.15 4.54 1.26 0.65 44.81 41.56 47.13 50.01
2.19 4.63 1.26 0.68 44.72 41.47 47.11 49.81
2.39 5.02 1.38 0.76 44.35 41.12 46.73 49.33
2.35 4.88 1.38 0.79 44.42 41.24 46.74 49.17
2.42 5.04 1.38 0.86 44.29 41.11 46.75 48.82
2.36 4.93 1.30 0.85 44.40 41.21 47.00 48.84
2.62 5.45 1.44 0.96 43.95 40.77 46.53 48.31
2.71 5.57 1.56 0.99 43.81 40.67 46.20 48.18
3.05 6.27 1.79 1.10 43.28 40.16 45.60 47.73
3.25 6.68 1.88 1.17 43.02 39.88 45.38 47.45
3.67 7.52 2.14 1.35 42.48 39.37 44.82 46.83
3.76 7.79 2.12 1.37 42.38 39.22 44.87 46.76
3.74 7.76 2.13 1.31 42.41 39.23 44.84 46.95
4.28 9.02 2.39 1.43 41.82 38.58 44.35 46.57
4.36 9.21 2.47 1.41 41.74 38.49 44.21 46.63
4.09 8.47 2.39 1.41 42.01 38.85 44.34 46.63
4.25 9.10 2.35 1.28 41.85 38.54 44.41 47.06
4.00 8.48 2.23 1.28 42.11 38.85 44.64 47.05
3.63 7.62 2.08 1.19 42.53 39.31 44.95 47.36
3.25 6.58 1.90 1.28 43.01 39.95 45.35 47.05
3.32 6.67 1.95 1.36 42.92 39.89 45.24 46.81
3.16 6.21 1.98 1.30 43.13 40.20 45.17 46.97
3.03 5.71 1.96 1.43 43.31 40.56 45.21 46.56
2.82 5.32 1.79 1.35 43.63 40.87 45.60 46.82
2.85 5.28 1.80 1.48 43.58 40.91 45.58 46.44
