4.33 8.58 2.56 1.85 41.77 38.80 44.05 45.47
4.16 8.23 2.45 1.80 41.94 38.98 44.25 45.58
4.30 8.76 2.48 1.67 41.79 38.71 44.19 45.91
4.24 8.46 2.60 1.66 41.86 38.86 43.98 45.93
4.22 8.49 2.55 1.62 41.87 38.84 44.06 46.02
4.10 8.31 2.36 1.64 42.00 38.94 44.41 45.97
4.28 8.82 2.42 1.59 41.82 38.68 44.29 46.11
4.21 8.66 2.30 1.67 41.89 38.76 44.52 45.92
4.44 9.03 2.55 1.74 41.66 38.57 44.07 45.73
4.49 9.25 2.45 1.77 41.61 38.47 44.24 45.65
4.41 9.14 2.44 1.66 41.68 38.52 44.26 45.92
4.45 9.48 2.36 1.50 41.65 38.36 44.39 46.36
4.48 9.49 2.44 1.51 41.62 38.36 44.26 46.35
5.13 10.95 2.86 1.58 41.03 37.74 43.57 46.13
5.12 11.22 2.58 1.55 41.04 37.63 44.02 46.22
5.57 12.18 2.86 1.67 40.67 37.27 43.56 45.90
5.98 13.03 3.14 1.76 40.36 36.98 43.16 45.68
5.55 12.29 2.87 1.48 40.69 37.23 43.56 46.43
5.80 13.02 3.02 1.36 40.50 36.99 43.33 46.79
5.14 11.41 2.72 1.30 41.02 37.56 43.80 46.99
4.99 10.91 2.65 1.40 41.15 37.75 43.90 46.69
5.01 10.98 2.56 1.51 41.13 37.73 44.05 46.34
4.92 10.51 2.68 1.57 41.21 37.92 43.85 46.15
4.80 10.12 2.71 1.56 41.32 38.08 43.80 46.19
4.30 9.03 2.35 1.51 41.80 38.57 44.42 46.33
3.90 8.18 2.17 1.35 42.22 39.00 44.77 46.84
3.53 7.36 2.00 1.23 42.66 39.46 45.12 47.24
3.17 6.73 1.79 1.00 43.12 39.85 45.59 48.15
2.99 6.36 1.68 0.92 43.38 40.10 45.88 48.50
3.27 6.88 1.88 1.06 42.99 39.76 45.38 47.90
2.91 5.79 1.83 1.11 43.49 40.50 45.51 47.69
2.78 5.44 1.70 1.20 43.69 40.78 45.82 47.33
3.14 6.17 1.86 1.39 43.16 40.23 45.42 46.70
3.15 6.14 1.94 1.38 43.14 40.25 45.25 46.73
2.92 5.63 1.78 1.35 43.48 40.63 45.63 46.83
2.86 5.47 1.79 1.30 43.57 40.76 45.60 46.98
2.99 5.72 1.90 1.35 43.37 40.56 45.35 46.84
2.78 5.25 1.83 1.25 43.70 40.93 45.52 47.16
2.93 5.54 1.91 1.33 43.48 40.70 45.33 46.91
3.15 5.99 2.02 1.43 43.16 40.36 45.08 46.59
3.23 6.16 2.05 1.48 43.04 40.24 45.02 46.41
3.07 5.89 1.92 1.40 43.26 40.43 45.31 46.67
2.94 5.88 1.78 1.17 43.44 40.44 45.62 47.46
2.78 5.70 1.66 0.99 43.69 40.58 45.93 48.20
2.67 5.53 1.58 0.91 43.86 40.71 46.14 48.55
2.58 5.37 1.55 0.80 44.03 40.83 46.23 49.11
2.48 5.18 1.52 0.73 44.19 40.98 46.32 49.49
2.31 4.81 1.44 0.67 44.50 41.30 46.55 49.89
2.31 4.91 1.37 0.65 44.50 41.22 46.77 49.98
2.16 4.77 1.21 0.51 44.78 41.35 47.31 51.08
2.05 4.52 1.22 0.40 45.01 41.58 47.26 52.08
2.17 4.77 1.28 0.46 44.76 41.35 47.05 51.45
2.52 5.52 1.47 0.56 44.12 40.71 46.44 50.62
2.62 5.72 1.55 0.58 43.96 40.56 46.24 50.52
2.67 5.93 1.51 0.57 43.87 40.40 46.34 50.55
2.44 5.41 1.37 0.54 44.26 40.80 46.77 50.78
2.38 5.34 1.27 0.52 44.37 40.86 47.10 50.98
2.18 4.83 1.21 0.50 44.75 41.29 47.32 51.15
1.88 4.11 1.05 0.49 45.38 41.99 47.93 51.23
1.89 4.00 1.16 0.51 45.37 42.12 47.51 51.01
2.20 4.75 1.33 0.52 44.71 41.37 46.88 50.99
2.09 4.49 1.31 0.48 44.93 41.61 46.96 51.29
1.70 3.55 1.10 0.46 45.82 42.63 47.73 51.46
1.75 3.80 1.08 0.34 45.72 42.34 47.80 52.76
1.65 3.55 1.04 0.37 45.96 42.63 47.97 52.47
1.76 3.84 1.06 0.39 45.67 42.29 47.89 52.26
2.04 4.28 1.28 0.57 45.03 41.82 47.07 50.58
2.03 4.31 1.27 0.51 45.06 41.80 47.09 51.03
1.95 4.08 1.24 0.52 45.24 42.03 47.20 50.93
1.79 3.85 1.14 0.40 45.59 42.28 47.57 52.15
1.82 3.92 1.14 0.39 45.54 42.20 47.57 52.16
1.70 3.64 1.08 0.36 45.84 42.52 47.80 52.53
1.84 3.89 1.17 0.46 45.49 42.24 47.45 51.49
1.73 3.63 1.12 0.44 45.75 42.54 47.64 51.67
1.81 3.83 1.14 0.45 45.56 42.30 47.56 51.59
2.27 4.66 1.51 0.64 44.58 41.45 46.35 50.10
2.71 5.31 1.90 0.93 43.80 40.88 45.36 48.47
3.04 5.73 2.13 1.26 43.31 40.56 44.86 47.15
3.23 6.06 2.15 1.48 43.04 40.31 44.82 46.45
3.46 6.32 2.29 1.78 42.74 40.12 44.54 45.65
3.72 6.60 2.56 1.99 42.44 39.94 44.06 45.15
3.53 6.18 2.42 2.00 42.67 40.23 44.32 45.15
3.34 5.81 2.31 1.90 42.90 40.49 44.51 45.36
3.00 5.07 2.00 1.93 43.37 41.09 45.13 45.30
3.08 5.14 2.19 1.89 43.27 41.03 44.73 45.40
2.86 4.68 2.01 1.89 43.58 41.44 45.11 45.38
2.85 4.69 1.97 1.88 43.59 41.42 45.19 45.39
2.59 4.16 1.88 1.71 44.01 41.95 45.40 45.81
2.37 3.82 1.66 1.63 44.38 42.31 45.92 46.01
2.45 3.90 1.68 1.78 44.24 42.23 45.87 45.64
2.45 4.12 1.60 1.64 44.23 41.98 46.10 45.98
2.73 4.40 1.83 1.96 43.77 41.70 45.50 45.22
2.73 4.39 1.86 1.92 43.78 41.71 45.45 45.29
2.47 3.99 1.68 1.74 44.21 42.12 45.87 45.73
2.36 3.79 1.53 1.76 44.40 42.34 46.30 45.67
2.22 3.58 1.45 1.65 44.66 42.60 46.51 45.97
2.16 3.49 1.39 1.59 44.79 42.70 46.71 46.11
2.45 3.98 1.73 1.63 44.25 42.14 45.75 46.02
2.80 4.82 1.90 1.69 43.66 41.30 45.36 45.87
2.99 5.28 1.99 1.69 43.38 40.90 45.15 45.86
3.18 5.53 2.17 1.83 43.11 40.71 44.77 45.51
3.31 5.71 2.21 2.02 42.93 40.57 44.69 45.08
3.70 6.66 2.38 2.06 42.45 39.90 44.37 45.00
3.68 6.57 2.43 2.05 42.47 39.96 44.27 45.01
3.47 6.27 2.34 1.80 42.73 40.15 44.43 45.59
3.77 6.88 2.57 1.85 42.37 39.75 44.03 45.45
3.66 6.65 2.49 1.84 42.49 39.90 44.17 45.48
3.30 6.04 2.27 1.59 42.95 40.32 44.58 46.11
3.10 5.76 2.03 1.51 43.22 40.53 45.05 46.34
2.80 5.38 1.82 1.20 43.66 40.82 45.53 47.33
2.63 4.98 1.72 1.19 43.93 41.16 45.77 47.38
2.60 4.97 1.64 1.20 43.98 41.17 45.99 47.33
2.26 4.24 1.53 1.02 44.58 41.86 46.30 48.03
2.36 4.42 1.54 1.12 44.41 41.67 46.27 47.65
2.46 4.70 1.59 1.07 44.23 41.41 46.12 47.84
2.71 5.13 1.74 1.26 43.80 41.03 45.73 47.13
2.61 4.95 1.66 1.23 43.97 41.19 45.94 47.25
2.78 5.29 1.71 1.33 43.70 40.90 45.80 46.89
2.70 5.17 1.65 1.28 43.82 40.99 45.96 47.06
2.85 5.45 1.70 1.41 43.58 40.77 45.83 46.64
2.73 5.14 1.65 1.39 43.78 41.02 45.97 46.69
3.00 5.69 1.75 1.56 43.36 40.58 45.72 46.20
2.95 5.62 1.68 1.54 43.44 40.64 45.88 46.26
3.27 6.28 1.86 1.66 42.99 40.15 45.45 45.93
3.19 6.08 1.82 1.69 43.09 40.29 45.54 45.85
3.23 6.09 1.87 1.72 43.05 40.29 45.42 45.78
3.19 6.14 1.85 1.58 43.09 40.25 45.45 46.15
2.99 5.83 1.73 1.39 43.38 40.47 45.74 46.69
2.72 5.53 1.48 1.15 43.79 40.71 46.44 47.54
2.77 5.87 1.45 1.00 43.70 40.45 46.51 48.13
2.65 5.69 1.37 0.90 43.90 40.59 46.76 48.59
2.88 6.33 1.47 0.86 43.53 40.12 46.46 48.81
3.16 6.87 1.62 0.98 43.14 39.76 46.03 48.21
3.46 7.40 1.79 1.19 42.75 39.45 45.60 47.39
3.90 8.40 1.95 1.36 42.22 38.90 45.23 46.80
4.06 8.72 2.09 1.38 42.05 38.73 44.94 46.72
4.11 8.83 2.13 1.37 42.00 38.68 44.86 46.77
4.32 9.40 2.22 1.35 41.78 38.41 44.67 46.83
4.44 9.66 2.34 1.33 41.66 38.29 44.44 46.89
4.86 10.69 2.59 1.30 41.27 37.85 44.00 46.98
4.80 10.72 2.45 1.22 41.32 37.83 44.24 47.26
4.97 11.06 2.58 1.28 41.17 37.70 44.02 47.06
4.74 10.53 2.43 1.24 41.38 37.91 44.27 47.19
3.93 8.75 1.92 1.11 42.19 38.71 45.29 47.68
3.55 7.93 1.75 0.96 42.64 39.14 45.72 48.29
3.25 7.43 1.54 0.77 43.03 39.44 46.27 49.27
2.87 6.61 1.39 0.61 43.56 39.94 46.71 50.31
2.77 6.39 1.35 0.57 43.71 40.09 46.82 50.58
2.75 6.32 1.41 0.54 43.74 40.14 46.65 50.81
2.78 6.40 1.41 0.52 43.71 40.09 46.65 50.96
2.80 6.41 1.47 0.52 43.66 40.07 46.44 50.96
2.88 6.61 1.50 0.51 43.56 39.94 46.38 51.04
2.66 6.10 1.39 0.49 43.89 40.29 46.70 51.22
2.43 5.60 1.26 0.42 44.29 40.67 47.11 51.93
2.47 5.70 1.27 0.42 44.22 40.58 47.08 51.90
2.56 5.96 1.29 0.42 44.07 40.40 47.03 51.91
2.48 5.63 1.33 0.48 44.19 40.63 46.90 51.33
2.50 5.68 1.32 0.50 44.15 40.59 46.93 51.11
2.48 5.70 1.24 0.49 44.20 40.58 47.19 51.23
2.34 5.36 1.19 0.49 44.44 40.85 47.39 51.24
2.33 5.33 1.21 0.46 44.46 40.88 47.29 51.51
2.25 5.10 1.21 0.43 44.63 41.07 47.30 51.81
2.38 5.37 1.33 0.44 44.38 40.86 46.91 51.65
2.37 5.27 1.40 0.44 44.40 40.93 46.67 51.74
2.76 6.13 1.61 0.55 43.72 40.27 46.07 50.76
2.99 6.62 1.73 0.61 43.38 39.93 45.76 50.27
2.86 6.41 1.62 0.56 43.56 40.06 46.04 50.61
2.70 6.06 1.51 0.53 43.82 40.31 46.36 50.85
2.64 6.00 1.43 0.49 43.92 40.35 46.59 51.20
2.49 5.62 1.38 0.46 44.17 40.64 46.73 51.49
2.40 5.36 1.34 0.49 44.33 40.84 46.86 51.19
2.31 5.03 1.34 0.55 44.50 41.12 46.87 50.72
2.48 5.31 1.48 0.66 44.18 40.88 46.44 49.91
2.61 5.53 1.57 0.71 43.97 40.70 46.16 49.60
2.50 5.26 1.53 0.70 44.15 40.92 46.28 49.67
2.32 4.99 1.38 0.60 44.47 41.15 46.73 50.37
2.07 4.38 1.29 0.53 44.98 41.72 47.04 50.88
2.00 4.24 1.24 0.53 45.11 41.86 47.19 50.89
2.14 4.50 1.31 0.63 44.82 41.60 46.96 50.17
2.34 4.73 1.42 0.86 44.44 41.38 46.60 48.78
2.26 4.61 1.38 0.79 44.59 41.49 46.75 49.16
2.32 4.62 1.45 0.88 44.48 41.48 46.52 48.69
2.43 4.81 1.51 0.99 44.27 41.32 46.35 48.20
2.68 5.25 1.69 1.10 43.86 40.93 45.87 47.75
2.74 5.25 1.78 1.18 43.76 40.94 45.62 47.43
2.64 4.97 1.74 1.22 43.92 41.17 45.75 47.29
2.70 5.05 1.74 1.30 43.83 41.10 45.73 47.00
2.64 4.88 1.73 1.31 43.93 41.26 45.76 46.99
2.80 5.27 1.77 1.37 43.66 40.92 45.65 46.77
2.75 5.16 1.75 1.34 43.75 41.01 45.72 46.90
2.75 5.21 1.72 1.33 43.74 40.97 45.78 46.91
2.71 5.13 1.70 1.30 43.81 41.04 45.84 47.00
2.69 5.14 1.70 1.23 43.84 41.03 45.83 47.23
2.57 4.89 1.71 1.12 44.03 41.24 45.81 47.63
2.64 5.00 1.77 1.16 43.91 41.14 45.66 47.51
2.60 4.89 1.78 1.11 43.99 41.24 45.62 47.69
2.67 4.97 1.77 1.26 43.87 41.17 45.65 47.13
2.63 4.78 1.79 1.32 43.93 41.34 45.61 46.91
2.55 4.62 1.71 1.32 44.07 41.49 45.79 46.93
2.59 4.80 1.73 1.22 44.01 41.32 45.74 47.26
2.70 5.02 1.77 1.30 43.82 41.12 45.66 46.99
2.73 4.99 1.82 1.39 43.76 41.15 45.53 46.71
2.71 4.80 1.83 1.52 43.80 41.33 45.51 46.33
2.66 4.66 1.79 1.51 43.90 41.45 45.61 46.35
2.74 4.69 1.87 1.67 43.75 41.42 45.41 45.92
2.61 4.43 1.80 1.59 43.97 41.67 45.57 46.12
2.42 4.02 1.63 1.61 44.29 42.09 46.00 46.06
2.17 3.45 1.48 1.57 44.77 42.75 46.42 46.17
2.49 3.93 1.89 1.66 44.16 42.19 45.36 45.94
2.78 4.45 2.15 1.75 43.69 41.65 44.81 45.71
2.93 4.76 2.16 1.86 43.47 41.36 44.78 45.44
3.10 5.01 2.35 1.96 43.22 41.14 44.43 45.23
3.12 5.10 2.32 1.94 43.20 41.06 44.48 45.26
2.97 4.84 2.17 1.90 43.41 41.29 44.77 45.36
3.23 5.43 2.37 1.89 43.05 40.79 44.40 45.37
3.26 5.35 2.40 2.04 43.00 40.85 44.34 45.05
3.51 5.79 2.62 2.11 42.69 40.51 43.95 44.89
3.85 6.44 2.89 2.22 42.28 40.05 43.53 44.66
3.82 6.34 2.92 2.22 42.31 40.11 43.48 44.68
3.57 5.83 2.77 2.12 42.60 40.48 43.70 44.87
3.37 5.58 2.49 2.03 42.86 40.67 44.18 45.06
3.78 6.28 2.97 2.08 42.36 40.15 43.40 44.97
3.59 5.96 2.73 2.08 42.58 40.38 43.77 44.96
4.36 7.57 3.14 2.37 41.74 39.34 43.16 44.39
4.52 7.57 3.32 2.69 41.58 39.34 42.93 43.83
5.02 8.66 3.63 2.77 41.13 38.76 42.54 43.71
5.22 9.13 3.53 2.99 40.96 38.53 42.66 43.37
5.52 9.46 4.08 3.03 40.71 38.38 42.03 43.32
5.93 10.45 4.11 3.24 40.40 37.94 41.99 43.03
6.87 12.47 4.57 3.57 39.76 37.17 41.54 42.61
6.45 11.58 4.32 3.46 40.03 37.50 41.78 42.74
6.74 12.06 4.61 3.56 39.85 37.32 41.50 42.62
6.52 11.70 4.29 3.58 39.99 37.45 41.81 42.59
5.55 9.97 3.43 3.25 40.69 38.14 42.78 43.02
5.67 10.35 3.54 3.11 40.60 37.98 42.64 43.21
4.92 9.21 3.08 2.46 41.21 38.49 43.26 44.22
4.92 9.13 3.19 2.44 41.21 38.52 43.09 44.26
4.37 8.22 2.74 2.15 41.73 38.98 43.75 44.81
4.35 8.18 2.74 2.12 41.75 39.01 43.75 44.86
3.68 6.97 2.34 1.71 42.48 39.70 44.44 45.79
3.48 6.77 2.20 1.45 42.72 39.82 44.70 46.51
3.85 7.66 2.32 1.55 42.28 39.29 44.48 46.22
3.58 7.08 2.27 1.37 42.60 39.63 44.56 46.75
3.12 6.31 1.93 1.12 43.19 40.13 45.28 47.63
3.16 6.51 1.92 1.06 43.13 39.99 45.29 47.89
3.21 6.62 1.94 1.08 43.06 39.92 45.26 47.81
3.14 6.43 1.88 1.13 43.16 40.05 45.40 47.62
3.08 6.33 1.82 1.08 43.25 40.12 45.52 47.80
3.07 6.26 1.87 1.07 43.27 40.16 45.41 47.86
2.97 6.15 1.76 1.01 43.40 40.24 45.67 48.09
3.26 6.79 1.96 1.03 43.00 39.81 45.20 48.02
3.19 6.63 1.92 1.03 43.09 39.92 45.31 47.98
3.08 6.27 1.85 1.11 43.25 40.16 45.45 47.68
3.32 6.76 1.99 1.20 42.92 39.83 45.13 47.35
3.32 6.89 1.95 1.13 42.92 39.75 45.22 47.61
3.11 6.46 1.82 1.07 43.20 40.03 45.54 47.84
2.99 6.22 1.71 1.05 43.37 40.19 45.81 47.92
2.91 5.89 1.72 1.11 43.50 40.43 45.78 47.66
3.07 6.24 1.77 1.20 43.26 40.18 45.65 47.34
2.91 5.77 1.71 1.25 43.50 40.52 45.81 47.18
2.85 5.72 1.69 1.15 43.58 40.56 45.86 47.51
2.72 5.45 1.62 1.08 43.79 40.77 46.05 47.79
2.50 4.99 1.48 1.04 44.15 41.16 46.44 47.97
2.40 4.76 1.44 0.99 44.34 41.36 46.54 48.19
2.71 5.49 1.58 1.06 43.80 40.74 46.13 47.87
2.68 5.41 1.64 0.99 43.85 40.80 45.99 48.20
3.03 6.21 1.70 1.17 43.32 40.20 45.82 47.44
2.85 5.71 1.69 1.14 43.59 40.56 45.85 47.58
3.03 6.16 1.72 1.22 43.31 40.24 45.76 47.26
2.99 6.08 1.71 1.17 43.38 40.30 45.80 47.43
2.92 5.98 1.68 1.11 43.47 40.36 45.89 47.67
3.00 6.18 1.74 1.09 43.36 40.22 45.72 47.78
2.84 5.85 1.66 1.00 43.60 40.46 45.93 48.13
2.51 5.23 1.46 0.83 44.14 40.95 46.47 48.96
2.30 4.79 1.43 0.69 44.51 41.33 46.58 49.77
2.30 4.91 1.32 0.66 44.52 41.22 46.91 49.91
2.34 4.99 1.33 0.69 44.44 41.14 46.88 49.72
2.55 5.43 1.45 0.77 44.07 40.78 46.53 49.28
2.51 5.30 1.45 0.80 44.13 40.89 46.53 49.10
2.57 5.42 1.44 0.86 44.03 40.80 46.55 48.80
2.57 5.43 1.40 0.89 44.03 40.79 46.67 48.63
2.85 5.98 1.56 0.99 43.59 40.36 46.20 48.17
2.89 6.03 1.62 1.02 43.53 40.33 46.04 48.06
3.22 6.72 1.82 1.10 43.07 39.87 45.52 47.71
3.56 7.43 2.00 1.24 42.62 39.43 45.13 47.21
4.01 8.37 2.29 1.38 42.10 38.91 44.54 46.73
4.05 8.51 2.25 1.38 42.06 38.83 44.61 46.73
4.11 8.63 2.32 1.39 41.99 38.77 44.48 46.72
4.76 10.12 2.66 1.49 41.36 38.08 43.89 46.40
4.87 10.41 2.71 1.49 41.26 37.96 43.80 46.41
4.56 9.58 2.63 1.47 41.55 38.33 43.94 46.47
4.62 9.97 2.58 1.32 41.48 38.15 44.02 46.92
4.40 9.44 2.41 1.36 41.70 38.39 44.32 46.79
4.08 8.68 2.27 1.28 42.03 38.75 44.58 47.08
3.71 7.55 2.13 1.45 42.45 39.36 44.85 46.52
3.70 7.48 2.13 1.49 42.46 39.40 44.86 46.41
3.48 6.87 2.16 1.42 42.72 39.77 44.79 46.61
3.34 6.39 2.11 1.53 42.90 40.09 44.89 46.29
3.05 5.79 1.93 1.44 43.29 40.51 45.28 46.56
3.11 5.80 1.96 1.56 43.21 40.51 45.21 46.19
