4.33 8.58 2.56 1.85 41.77 38.80 44.05 45.47
4.16 8.23 2.45 1.80 41.94 38.98 44.25 45.58
4.30 8.76 2.48 1.67 41.79 38.71 44.19 45.91
4.24 8.46 2.60 1.66 41.86 38.86 43.98 45.93
4.22 8.49 2.55 1.62 41.87 38.84 44.06 46.02
4.10 8.31 2.36 1.64 42.00 38.94 44.41 45.97
4.28 8.82 2.42 1.59 41.82 38.68 44.29 46.11
4.21 8.66 2.30 1.67 41.89 38.76 44.52 45.92
4.44 9.03 2.55 1.74 41.66 38.57 44.07 45.73
4.49 9.25 2.45 1.77 41.61 38.47 44.24 45.65
4.41 9.14 2.44 1.66 41.68 38.52 44.26 45.92
4.45 9.48 2.36 1.50 41.65 38.36 44.39 46.36
4.48 9.49 2.44 1.51 41.62 38.36 44.26 46.35
5.13 10.95 2.86 1.58 41.03 37.74 43.57 46.13
5.12 11.22 2.58 1.55 41.04 37.63 44.02 46.22
5.57 12.18 2.86 1.67 40.67 37.27 43.56 45.90
5.98 13.04 3.14 1.76 40.36 36.98 43.16 45.68
5.55 12.30 2.87 1.48 40.69 37.23 43.56 46.42
5.80 13.02 3.01 1.36 40.50 36.99 43.34 46.79
5.14 11.41 2.72 1.30 41.02 37.56 43.79 46.99
4.99 10.91 2.65 1.40 41.15 37.75 43.89 46.68
5.01 10.97 2.56 1.51 41.13 37.73 44.05 46.33
4.92 10.51 2.68 1.57 41.21 37.92 43.86 46.16
4.80 10.12 2.71 1.56 41.32 38.08 43.80 46.19
4.29 9.05 2.33 1.51 41.80 38.56 44.46 46.35
3.92 8.23 2.17 1.36 42.20 38.98 44.76 46.81
3.53 7.37 2.00 1.23 42.65 39.46 45.13 47.25
3.17 6.75 1.78 0.99 43.11 39.84 45.64 48.17
2.97 6.33 1.66 0.93 43.40 40.12 45.93 48.43
3.29 6.90 1.89 1.10 42.95 39.74 45.36 47.73
3.00 5.94 1.89 1.15 43.37 40.39 45.37 47.51
2.85 5.58 1.74 1.22 43.59 40.67 45.73 47.25
3.25 6.42 1.91 1.43 43.01 40.05 45.31 46.59
3.23 6.28 1.99 1.41 43.04 40.15 45.15 46.63
2.97 5.73 1.82 1.38 43.40 40.56 45.54 46.75
2.84 5.45 1.78 1.30 43.59 40.77 45.63 46.99
3.06 5.84 1.95 1.39 43.27 40.46 45.23 46.70
2.95 5.51 1.99 1.34 43.44 40.72 45.14 46.87
2.85 5.42 1.87 1.26 43.59 40.80 45.42 47.14
3.19 6.09 2.06 1.42 43.10 40.29 45.00 46.61
3.25 6.21 2.09 1.46 43.01 40.20 44.94 46.48
2.92 5.63 1.80 1.31 43.48 40.63 45.57 46.94
3.00 6.03 1.79 1.19 43.35 40.33 45.60 47.39
2.93 6.05 1.75 0.99 43.46 40.32 45.71 48.18
2.77 5.75 1.66 0.90 43.71 40.53 45.93 48.60
2.70 5.69 1.62 0.80 43.81 40.58 46.04 49.12
2.57 5.43 1.56 0.73 44.03 40.78 46.21 49.51
2.39 5.05 1.46 0.66 44.35 41.10 46.50 49.91
2.41 5.18 1.39 0.65 44.32 40.99 46.69 50.00
2.22 4.91 1.23 0.52 44.67 41.22 47.25 50.95
2.11 4.65 1.25 0.43 44.89 41.45 47.18 51.84
2.27 5.03 1.30 0.47 44.58 41.12 46.97 51.43
2.60 5.75 1.48 0.57 43.98 40.53 46.44 50.61
2.72 5.99 1.59 0.58 43.79 40.36 46.13 50.51
2.74 6.10 1.53 0.57 43.76 40.27 46.29 50.56
2.50 5.57 1.37 0.55 44.16 40.67 46.77 50.71
2.45 5.52 1.30 0.52 44.24 40.71 47.00 50.93
2.26 5.03 1.21 0.52 44.60 41.12 47.30 50.96
1.94 4.24 1.06 0.50 45.26 41.85 47.88 51.11
1.96 4.18 1.16 0.54 45.21 41.91 47.49 50.80
2.40 5.24 1.40 0.56 44.33 40.94 46.65 50.68
2.25 4.86 1.39 0.51 44.61 41.27 46.71 51.04
1.90 4.03 1.19 0.49 45.35 42.09 47.38 51.25
1.89 4.16 1.14 0.38 45.37 41.95 47.58 52.40
1.83 3.97 1.12 0.39 45.51 42.15 47.64 52.21
1.93 4.23 1.14 0.42 45.29 41.88 47.57 51.93
2.21 4.67 1.36 0.60 44.69 41.43 46.82 50.34
2.22 4.76 1.34 0.55 44.68 41.37 46.86 50.71
2.14 4.54 1.31 0.56 44.84 41.57 46.96 50.65
1.92 4.17 1.19 0.41 45.30 41.93 47.39 52.04
1.97 4.34 1.18 0.41 45.18 41.77 47.41 52.06
1.82 3.96 1.13 0.38 45.54 42.17 47.62 52.34
2.06 4.42 1.28 0.48 45.01 41.70 47.08 51.29
1.96 4.14 1.25 0.48 45.22 41.97 47.16 51.33
1.96 4.16 1.23 0.49 45.21 41.95 47.22 51.26
2.44 5.03 1.62 0.67 44.27 41.12 46.05 49.88
3.00 5.87 2.10 1.04 43.36 40.45 44.91 47.99
3.34 6.27 2.35 1.38 42.90 40.17 44.41 46.71
3.62 6.81 2.38 1.67 42.55 39.80 44.36 45.91
3.88 7.05 2.54 2.06 42.24 39.65 44.09 45.00
4.19 7.47 2.87 2.23 41.91 39.40 43.55 44.66
3.99 6.98 2.78 2.20 42.13 39.70 43.69 44.71
3.61 6.30 2.49 2.05 42.55 40.14 44.17 45.01
3.37 5.70 2.25 2.18 42.85 40.58 44.61 44.76
3.47 5.79 2.41 2.20 42.73 40.50 44.31 44.71
3.35 5.53 2.30 2.22 42.88 40.70 44.52 44.66
3.31 5.47 2.23 2.22 42.94 40.75 44.65 44.67
2.88 4.70 2.05 1.90 43.53 41.41 45.01 45.34
2.69 4.33 1.86 1.88 43.84 41.77 45.43 45.40
2.72 4.40 1.82 1.96 43.78 41.70 45.52 45.21
2.68 4.57 1.68 1.79 43.85 41.54 45.88 45.61
2.90 4.72 1.91 2.08 43.50 41.40 45.32 44.94
2.88 4.70 1.92 2.02 43.54 41.41 45.30 45.08
2.59 4.22 1.75 1.80 44.00 41.88 45.70 45.58
2.50 4.05 1.60 1.84 44.15 42.05 46.08 45.49
2.35 3.81 1.55 1.69 44.42 42.32 46.24 45.85
2.29 3.69 1.51 1.67 44.53 42.46 46.34 45.90
2.61 4.28 1.81 1.74 43.96 41.81 45.56 45.72
3.04 5.29 2.03 1.81 43.29 40.89 45.06 45.55
3.22 5.76 2.11 1.78 43.05 40.53 44.88 45.62
3.24 5.63 2.21 1.88 43.03 40.63 44.69 45.40
3.41 5.92 2.26 2.04 42.81 40.40 44.59 45.04
3.73 6.80 2.39 2.01 42.41 39.81 44.35 45.11
3.78 6.82 2.46 2.05 42.36 39.79 44.23 45.01
3.59 6.56 2.39 1.82 42.58 39.96 44.34 45.53
3.88 7.17 2.64 1.84 42.24 39.58 43.92 45.47
3.77 6.92 2.56 1.84 42.37 39.73 44.05 45.49
3.33 6.14 2.28 1.56 42.91 40.25 44.55 46.20
3.22 6.04 2.11 1.53 43.05 40.32 44.90 46.29
2.93 5.67 1.91 1.22 43.46 40.60 45.33 47.26
2.74 5.24 1.79 1.21 43.75 40.94 45.60 47.33
2.71 5.19 1.70 1.23 43.81 40.98 45.83 47.24
2.36 4.44 1.58 1.04 44.41 41.65 46.14 47.96
2.46 4.62 1.61 1.15 44.23 41.49 46.07 47.52
2.59 5.00 1.66 1.12 44.00 41.15 45.93 47.66
2.88 5.44 1.83 1.35 43.55 40.77 45.50 46.84
2.75 5.25 1.74 1.26 43.74 40.92 45.73 47.14
2.94 5.64 1.80 1.37 43.45 40.62 45.58 46.75
2.83 5.44 1.72 1.33 43.61 40.77 45.77 46.90
3.02 5.83 1.78 1.45 43.33 40.48 45.64 46.51
2.86 5.46 1.72 1.41 43.56 40.76 45.76 46.65
3.17 6.09 1.83 1.58 43.13 40.29 45.51 46.14
3.06 5.87 1.73 1.57 43.28 40.44 45.74 46.18
3.40 6.58 1.93 1.68 42.82 39.95 45.28 45.89
3.33 6.41 1.89 1.70 42.90 40.06 45.36 45.83
3.37 6.45 1.90 1.75 42.86 40.03 45.34 45.71
3.37 6.58 1.93 1.61 42.85 39.95 45.27 46.06
3.19 6.30 1.83 1.43 43.10 40.14 45.52 46.58
2.94 6.06 1.58 1.19 43.46 40.32 46.16 47.38
2.99 6.41 1.54 1.02 43.38 40.07 46.27 48.07
2.87 6.22 1.47 0.93 43.55 40.20 46.47 48.45
3.14 6.91 1.59 0.90 43.18 39.75 46.12 48.59
3.49 7.67 1.76 1.03 42.71 39.29 45.68 48.01
3.81 8.23 1.95 1.26 42.32 38.98 45.23 47.13
4.24 9.18 2.10 1.43 41.86 38.51 44.91 46.59
4.45 9.64 2.25 1.45 41.65 38.30 44.61 46.50
4.53 9.84 2.31 1.43 41.58 38.21 44.51 46.58
4.74 10.38 2.42 1.41 41.39 37.98 44.31 46.62
4.82 10.62 2.47 1.38 41.31 37.88 44.21 46.75
5.19 11.53 2.72 1.33 40.98 37.52 43.80 46.89
5.08 11.44 2.55 1.26 41.07 37.55 44.07 47.14
5.24 11.72 2.70 1.30 40.94 37.45 43.82 46.98
5.05 11.33 2.55 1.28 41.10 37.60 44.07 47.06
4.21 9.43 2.05 1.15 41.89 38.39 45.03 47.52
3.93 8.85 1.92 1.02 42.19 38.67 45.30 48.06
3.59 8.29 1.67 0.80 42.59 38.95 45.91 49.09
3.13 7.28 1.49 0.62 43.18 39.51 46.39 50.22
3.04 7.12 1.46 0.56 43.30 39.61 46.51 50.61
2.96 6.86 1.49 0.53 43.42 39.77 46.41 50.89
3.05 7.12 1.50 0.52 43.29 39.60 46.37 50.94
3.04 6.99 1.59 0.53 43.31 39.68 46.13 50.86
3.15 7.29 1.62 0.52 43.15 39.50 46.04 50.95
2.89 6.67 1.50 0.50 43.52 39.89 46.38 51.15
2.65 6.18 1.36 0.41 43.90 40.22 46.79 51.94
2.69 6.27 1.37 0.42 43.84 40.16 46.75 51.95
2.84 6.68 1.40 0.42 43.61 39.88 46.66 51.95
2.73 6.26 1.44 0.47 43.78 40.17 46.54 51.37
2.72 6.27 1.41 0.49 43.78 40.16 46.64 51.19
2.66 6.20 1.32 0.47 43.88 40.21 46.92 51.40
2.55 5.88 1.28 0.49 44.07 40.44 47.04 51.25
2.55 5.89 1.31 0.46 44.06 40.43 46.96 51.52
2.46 5.65 1.30 0.42 44.23 40.61 46.98 51.91
2.65 6.00 1.49 0.46 43.90 40.35 46.39 51.56
2.53 5.68 1.47 0.42 44.10 40.59 46.45 51.86
3.04 6.83 1.75 0.54 43.30 39.78 45.71 50.82
3.35 7.53 1.91 0.62 42.88 39.37 45.33 50.20
3.32 7.47 1.87 0.62 42.92 39.40 45.40 50.24
3.10 7.03 1.68 0.57 43.22 39.66 45.87 50.53
3.18 7.23 1.73 0.56 43.11 39.54 45.74 50.65
2.79 6.32 1.56 0.49 43.68 40.13 46.20 51.21
2.80 6.33 1.55 0.54 43.65 40.12 46.23 50.80
2.60 5.66 1.53 0.61 43.99 40.61 46.28 50.30
2.89 6.25 1.69 0.73 43.52 40.17 45.85 49.49
2.91 6.22 1.78 0.73 43.49 40.19 45.64 49.48
2.62 5.63 1.58 0.65 43.94 40.62 46.14 49.97
2.55 5.59 1.49 0.58 44.06 40.66 46.40 50.46
2.33 5.00 1.43 0.55 44.46 41.14 46.57 50.71
2.19 4.66 1.35 0.56 44.73 41.45 46.84 50.67
2.37 4.99 1.44 0.67 44.39 41.15 46.54 49.87
2.37 4.91 1.42 0.80 44.37 41.22 46.62 49.10
2.37 4.88 1.39 0.84 44.39 41.25 46.71 48.91
2.47 4.95 1.52 0.93 44.21 41.19 46.32 48.45
2.53 5.03 1.54 1.02 44.10 41.12 46.26 48.02
2.72 5.38 1.68 1.09 43.79 40.82 45.87 47.75
2.80 5.41 1.80 1.19 43.66 40.80 45.59 47.38
2.82 5.31 1.88 1.26 43.63 40.88 45.39 47.12
2.93 5.46 1.89 1.43 43.47 40.76 45.37 46.59
2.98 5.51 1.94 1.49 43.39 40.72 45.26 46.41
3.08 5.75 1.95 1.53 43.25 40.53 45.24 46.28
3.05 5.70 1.94 1.51 43.29 40.58 45.26 46.35
3.06 5.72 1.96 1.48 43.28 40.56 45.21 46.42
3.11 5.81 2.02 1.53 43.20 40.49 45.09 46.30
3.01 5.70 1.94 1.39 43.35 40.57 45.26 46.69
2.80 5.26 1.90 1.24 43.66 40.92 45.35 47.19
2.97 5.63 2.01 1.28 43.40 40.63 45.09 47.05
2.88 5.40 2.02 1.23 43.53 40.81 45.07 47.22
3.04 5.68 2.03 1.40 43.31 40.59 45.06 46.66
3.02 5.51 2.06 1.51 43.33 40.72 45.00 46.36
2.72 4.93 1.84 1.40 43.78 41.20 45.49 46.66
2.90 5.41 1.94 1.35 43.50 40.79 45.25 46.82
2.93 5.52 1.91 1.37 43.46 40.71 45.31 46.78
2.92 5.40 1.93 1.44 43.47 40.81 45.28 46.54
3.10 5.48 2.11 1.72 43.21 40.75 44.89 45.77
3.00 5.30 2.04 1.67 43.36 40.89 45.04 45.90
2.94 5.09 1.97 1.74 43.45 41.06 45.18 45.72
2.85 4.90 1.97 1.69 43.57 41.23 45.18 45.84
2.69 4.55 1.81 1.70 43.84 41.55 45.56 45.81
2.35 3.77 1.61 1.66 44.42 42.36 46.07 45.92
2.73 4.37 2.03 1.79 43.76 41.72 45.05 45.59
3.01 4.91 2.31 1.82 43.34 41.22 44.49 45.53
2.99 4.93 2.17 1.85 43.38 41.20 44.76 45.45
3.19 5.28 2.36 1.90 43.10 40.90 44.39 45.34
3.37 5.66 2.45 2.01 42.85 40.61 44.24 45.10
3.21 5.38 2.27 1.99 43.07 40.82 44.57 45.16
3.45 5.86 2.49 2.00 42.75 40.45 44.16 45.13
3.48 5.84 2.49 2.12 42.71 40.47 44.16 44.88
3.70 6.19 2.73 2.19 42.45 40.21 43.77 44.73
4.10 6.99 3.03 2.27 42.00 39.68 43.31 44.56
4.04 6.79 3.04 2.30 42.07 39.81 43.31 44.52
3.83 6.39 2.89 2.21 42.30 40.08 43.52 44.68
3.56 5.98 2.58 2.12 42.62 40.36 44.02 44.87
4.00 6.76 3.08 2.15 42.11 39.83 43.24 44.80
3.87 6.56 2.91 2.14 42.26 39.97 43.49 44.82
4.64 8.19 3.34 2.39 41.47 39.00 42.89 44.36
4.84 8.24 3.52 2.75 41.29 38.98 42.67 43.73
5.42 9.47 3.87 2.91 40.79 38.37 42.25 43.49
5.64 9.99 3.79 3.13 40.62 38.14 42.35 43.17
5.97 10.40 4.33 3.19 40.37 37.97 41.77 43.10
6.73 12.09 4.52 3.57 39.87 37.34 41.59 42.61
7.40 13.63 4.87 3.69 39.44 36.79 41.26 42.46
6.95 12.60 4.65 3.62 39.71 37.14 41.46 42.55
7.16 13.06 4.85 3.57 39.58 36.98 41.27 42.60
7.12 13.02 4.61 3.73 39.61 37.00 41.50 42.41
6.10 11.31 3.62 3.37 40.29 37.61 42.55 42.85
6.05 11.24 3.72 3.18 40.32 37.63 42.43 43.11
5.34 10.16 3.29 2.57 40.87 38.08 42.97 44.03
5.41 10.26 3.42 2.55 40.81 38.04 42.79 44.06
4.85 9.36 2.93 2.26 41.29 38.44 43.46 44.59
4.69 9.04 2.88 2.15 41.43 38.58 43.54 44.82
4.39 8.44 2.79 1.95 41.71 38.88 43.67 45.24
3.94 7.66 2.53 1.62 42.18 39.29 44.10 46.03
4.13 8.16 2.54 1.69 41.97 39.02 44.09 45.86
4.10 8.06 2.66 1.58 42.01 39.07 43.89 46.16
3.41 6.88 2.13 1.20 42.81 39.76 44.86 47.33
3.38 6.93 2.08 1.12 42.85 39.73 44.94 47.64
3.41 7.01 2.08 1.13 42.81 39.68 44.95 47.60
3.36 6.89 2.01 1.18 42.87 39.75 45.10 47.44
3.31 6.82 1.98 1.14 42.95 39.81 45.19 47.58
3.23 6.63 1.97 1.09 43.04 39.92 45.18 47.77
3.13 6.47 1.88 1.05 43.18 40.03 45.40 47.91
3.67 7.56 2.24 1.21 42.49 39.35 44.64 47.34
3.48 7.18 2.12 1.14 42.73 39.58 44.88 47.59
3.23 6.55 1.97 1.17 43.04 39.97 45.18 47.43
3.50 7.10 2.12 1.28 42.69 39.62 44.86 47.08
3.51 7.30 2.05 1.17 42.68 39.50 45.02 47.45
3.27 6.84 1.88 1.11 42.98 39.78 45.38 47.69
3.17 6.64 1.78 1.10 43.12 39.91 45.62 47.72
3.08 6.23 1.82 1.18 43.25 40.19 45.52 47.40
3.21 6.53 1.85 1.25 43.07 39.98 45.47 47.16
3.14 6.30 1.82 1.30 43.16 40.13 45.54 47.01
3.05 6.13 1.80 1.21 43.30 40.26 45.59 47.30
2.91 5.83 1.74 1.17 43.49 40.48 45.74 47.45
2.68 5.34 1.60 1.09 43.85 40.85 46.10 47.74
2.52 5.02 1.53 1.00 44.12 41.12 46.28 48.12
2.90 5.92 1.68 1.10 43.51 40.40 45.87 47.74
2.83 5.75 1.72 1.02 43.62 40.54 45.79 48.04
3.23 6.63 1.82 1.23 43.04 39.91 45.53 47.23
2.97 6.01 1.73 1.16 43.41 40.35 45.74 47.47
3.23 6.60 1.82 1.27 43.04 39.94 45.52 47.08
3.21 6.55 1.84 1.23 43.07 39.97 45.48 47.23
3.35 6.85 1.94 1.24 42.89 39.77 45.24 47.19
3.40 7.00 1.97 1.22 42.82 39.68 45.20 47.26
3.16 6.61 1.81 1.05 43.14 39.93 45.55 47.94
2.68 5.64 1.53 0.85 43.85 40.62 46.27 48.81
2.44 5.14 1.50 0.70 44.25 41.02 46.38 49.71
2.48 5.34 1.42 0.70 44.18 40.86 46.62 49.70
2.47 5.33 1.39 0.70 44.20 40.86 46.71 49.65
2.67 5.73 1.49 0.78 43.87 40.55 46.39 49.23
2.64 5.62 1.50 0.81 43.91 40.63 46.37 49.07
2.71 5.73 1.51 0.89 43.80 40.55 46.34 48.63
2.70 5.73 1.47 0.91 43.81 40.55 46.45 48.57
2.93 6.20 1.57 1.02 43.46 40.21 46.16 48.04
3.05 6.38 1.71 1.06 43.28 40.08 45.79 47.87
3.40 7.14 1.92 1.14 42.82 39.60 45.30 47.56
3.75 7.85 2.10 1.31 42.39 39.18 44.91 46.95
4.23 8.85 2.40 1.42 41.87 38.66 44.32 46.61
4.17 8.83 2.28 1.40 41.93 38.67 44.56 46.68
4.32 9.11 2.43 1.42 41.78 38.54 44.28 46.62
4.98 10.62 2.77 1.54 41.16 37.87 43.71 46.25
5.15 11.00 2.86 1.59 41.01 37.72 43.56 46.12
4.96 10.48 2.84 1.56 41.18 37.92 43.60 46.20
4.83 10.45 2.68 1.36 41.29 37.94 43.85 46.80
4.71 10.11 2.58 1.46 41.40 38.08 44.02 46.50
4.25 9.06 2.34 1.33 41.85 38.56 44.43 46.90
4.09 8.32 2.36 1.59 42.01 38.93 44.39 46.10
3.98 8.02 2.31 1.60 42.14 39.09 44.50 46.10
3.79 7.45 2.33 1.57 42.35 39.41 44.45 46.16
3.77 7.23 2.37 1.70 42.37 39.54 44.39 45.83
3.30 6.22 2.12 1.56 42.95 40.19 44.87 46.21
3.56 6.64 2.27 1.76 42.62 39.91 44.58 45.67
