4.33 8.58 2.56 1.85 41.77 38.80 44.05 45.47
4.16 8.23 2.45 1.80 41.94 38.98 44.25 45.58
4.30 8.76 2.48 1.67 41.79 38.71 44.19 45.91
4.24 8.46 2.60 1.66 41.86 38.86 43.98 45.93
4.22 8.49 2.55 1.62 41.87 38.84 44.06 46.02
4.10 8.31 2.36 1.64 42.00 38.94 44.41 45.97
4.28 8.82 2.42 1.59 41.82 38.68 44.29 46.11
4.21 8.66 2.30 1.67 41.89 38.76 44.52 45.92
4.44 9.03 2.55 1.74 41.66 38.57 44.07 45.73
4.49 9.25 2.45 1.77 41.61 38.47 44.24 45.65
4.41 9.14 2.44 1.66 41.68 38.52 44.26 45.92
4.45 9.48 2.36 1.50 41.65 38.36 44.39 46.36
4.48 9.49 2.44 1.51 41.62 38.36 44.26 46.35
5.13 10.95 2.86 1.58 41.03 37.74 43.57 46.13
5.12 11.22 2.58 1.55 41.04 37.63 44.02 46.22
5.57 12.18 2.86 1.67 40.67 37.27 43.56 45.90
5.98 13.04 3.14 1.76 40.36 36.98 43.16 45.68
5.55 12.30 2.87 1.48 40.69 37.23 43.56 46.42
5.80 13.02 3.01 1.36 40.50 36.99 43.34 46.79
5.14 11.41 2.72 1.30 41.02 37.56 43.79 46.99
4.99 10.91 2.65 1.40 41.15 37.75 43.89 46.68
5.01 10.97 2.56 1.51 41.13 37.73 44.05 46.33
4.92 10.51 2.68 1.57 41.21 37.92 43.86 46.16
4.80 10.12 2.71 1.56 41.32 38.08 43.80 46.19
4.30 9.04 2.32 1.51 41.80 38.57 44.47 46.32
3.92 8.23 2.18 1.36 42.19 38.98 44.75 46.80
3.52 7.36 1.99 1.23 42.66 39.46 45.15 47.25
3.17 6.75 1.77 0.98 43.12 39.84 45.65 48.21
2.98 6.34 1.68 0.93 43.38 40.11 45.88 48.45
3.30 6.91 1.91 1.08 42.95 39.74 45.32 47.78
2.94 5.84 1.85 1.13 43.45 40.46 45.46 47.61
2.82 5.50 1.73 1.21 43.63 40.73 45.75 47.28
3.22 6.31 1.91 1.42 43.06 40.13 45.32 46.60
3.20 6.23 1.99 1.40 43.07 40.19 45.15 46.67
2.97 5.73 1.83 1.36 43.40 40.55 45.52 46.79
2.82 5.39 1.77 1.30 43.63 40.82 45.65 46.99
3.06 5.85 1.94 1.38 43.28 40.46 45.25 46.73
2.94 5.53 1.97 1.34 43.44 40.70 45.20 46.87
2.86 5.43 1.87 1.29 43.57 40.79 45.42 47.05
3.22 6.12 2.07 1.47 43.05 40.26 44.96 46.47
3.28 6.23 2.09 1.50 42.98 40.18 44.93 46.36
2.95 5.67 1.83 1.34 43.43 40.59 45.51 46.84
2.98 5.96 1.79 1.18 43.39 40.38 45.60 47.40
2.89 5.92 1.74 1.02 43.52 40.41 45.72 48.07
2.73 5.66 1.63 0.91 43.76 40.61 46.02 48.53
2.65 5.55 1.61 0.81 43.89 40.69 46.08 49.05
2.53 5.31 1.54 0.74 44.10 40.88 46.25 49.43
2.36 4.95 1.46 0.67 44.40 41.19 46.48 49.87
2.37 5.05 1.40 0.66 44.39 41.10 46.68 49.95
2.20 4.85 1.22 0.52 44.71 41.27 47.27 50.96
2.06 4.54 1.23 0.42 44.99 41.56 47.23 51.91
2.23 4.91 1.30 0.47 44.66 41.22 46.99 51.42
2.58 5.68 1.48 0.57 44.02 40.58 46.44 50.56
2.68 5.87 1.58 0.59 43.85 40.44 46.15 50.45
2.72 6.04 1.53 0.57 43.79 40.32 46.27 50.53
2.48 5.50 1.38 0.55 44.19 40.73 46.74 50.72
2.44 5.48 1.30 0.53 44.26 40.75 46.98 50.89
2.23 4.96 1.21 0.52 44.65 41.18 47.30 50.96
1.91 4.17 1.07 0.50 45.31 41.93 47.85 51.11
1.95 4.14 1.18 0.54 45.22 41.96 47.42 50.80
2.28 4.93 1.36 0.55 44.55 41.20 46.79 50.73
2.17 4.65 1.36 0.52 44.76 41.46 46.81 50.99
1.78 3.72 1.14 0.48 45.62 42.42 47.56 51.32
1.82 3.97 1.12 0.37 45.53 42.14 47.65 52.50
1.71 3.69 1.07 0.38 45.79 42.46 47.85 52.33
1.81 3.95 1.08 0.40 45.55 42.16 47.79 52.12
2.12 4.45 1.32 0.59 44.88 41.65 46.93 50.45
2.09 4.44 1.31 0.53 44.92 41.66 46.97 50.86
2.03 4.26 1.28 0.55 45.06 41.84 47.07 50.71
1.82 3.92 1.15 0.40 45.53 42.20 47.53 52.13
1.87 4.05 1.14 0.40 45.42 42.05 47.55 52.15
1.74 3.76 1.09 0.37 45.73 42.38 47.76 52.49
1.94 4.13 1.22 0.47 45.26 41.97 47.28 51.44
1.86 3.92 1.20 0.46 45.44 42.20 47.34 51.52
1.84 3.89 1.17 0.47 45.48 42.23 47.45 51.43
2.38 4.88 1.60 0.65 44.37 41.25 46.10 49.99
2.89 5.60 2.01 1.06 43.52 40.65 45.09 47.88
3.32 6.19 2.35 1.41 42.92 40.21 44.41 46.65
3.55 6.68 2.36 1.62 42.62 39.88 44.40 46.04
3.81 6.89 2.49 2.05 42.32 39.75 44.16 45.02
4.15 7.30 2.87 2.28 41.95 39.50 43.55 44.55
4.04 7.01 2.85 2.28 42.06 39.68 43.58 44.56
3.62 6.26 2.52 2.08 42.55 40.17 44.12 44.96
3.35 5.61 2.27 2.17 42.88 40.64 44.57 44.76
3.43 5.67 2.40 2.23 42.77 40.60 44.33 44.64
3.36 5.49 2.33 2.25 42.87 40.73 44.46 44.60
3.29 5.41 2.23 2.23 42.96 40.80 44.64 44.66
2.87 4.64 2.06 1.91 43.55 41.46 45.00 45.32
2.67 4.26 1.85 1.89 43.87 41.83 45.45 45.37
2.71 4.31 1.83 1.97 43.81 41.78 45.51 45.19
2.60 4.38 1.66 1.76 43.98 41.71 45.94 45.67
2.87 4.62 1.92 2.07 43.55 41.48 45.30 44.98
2.84 4.58 1.93 2.02 43.59 41.52 45.27 45.08
2.54 4.11 1.71 1.79 44.08 41.99 45.80 45.59
2.44 3.94 1.58 1.82 44.25 42.18 46.15 45.53
2.33 3.75 1.55 1.69 44.46 42.39 46.24 45.85
2.25 3.62 1.48 1.65 44.61 42.54 46.43 45.96
2.57 4.19 1.80 1.72 44.04 41.91 45.58 45.79
3.01 5.19 2.04 1.81 43.34 40.98 45.03 45.57
3.15 5.60 2.09 1.77 43.14 40.65 44.92 45.65
3.26 5.65 2.24 1.89 43.00 40.61 44.64 45.36
3.40 5.89 2.26 2.05 42.82 40.43 44.59 45.01
3.81 6.89 2.45 2.09 42.32 39.75 44.23 44.93
3.77 6.76 2.48 2.07 42.37 39.83 44.19 44.97
3.55 6.46 2.37 1.82 42.63 40.03 44.38 45.54
3.84 7.02 2.63 1.87 42.29 39.66 43.93 45.42
3.74 6.81 2.55 1.85 42.40 39.80 44.06 45.45
3.30 6.06 2.26 1.57 42.95 40.31 44.59 46.17
3.15 5.88 2.05 1.51 43.15 40.44 45.01 46.33
2.87 5.52 1.86 1.22 43.55 40.71 45.42 47.27
2.71 5.15 1.76 1.22 43.80 41.02 45.67 47.26
2.67 5.10 1.69 1.23 43.86 41.06 45.84 47.25
2.30 4.31 1.56 1.04 44.51 41.79 46.21 47.96
2.41 4.51 1.59 1.13 44.31 41.59 46.12 47.58
2.55 4.86 1.66 1.11 44.07 41.26 45.93 47.66
2.78 5.25 1.81 1.29 43.68 40.93 45.55 47.03
2.70 5.13 1.72 1.24 43.83 41.03 45.78 47.21
2.84 5.41 1.77 1.34 43.60 40.80 45.66 46.85
2.76 5.28 1.71 1.30 43.71 40.90 45.81 46.98
2.96 5.65 1.78 1.45 43.42 40.61 45.63 46.51
2.80 5.29 1.70 1.42 43.65 40.90 45.82 46.61
3.08 5.85 1.80 1.59 43.24 40.46 45.58 46.12
3.00 5.73 1.70 1.56 43.36 40.55 45.81 46.20
3.31 6.38 1.87 1.69 42.93 40.08 45.40 45.87
3.26 6.19 1.86 1.73 43.00 40.21 45.44 45.76
3.26 6.17 1.86 1.74 43.00 40.23 45.43 45.71
3.24 6.23 1.89 1.60 43.03 40.18 45.37 46.10
3.05 5.98 1.77 1.41 43.29 40.36 45.65 46.65
2.78 5.67 1.50 1.17 43.69 40.59 46.37 47.46
2.84 6.05 1.46 1.00 43.60 40.31 46.47 48.13
2.73 5.89 1.40 0.90 43.77 40.43 46.67 48.57
2.98 6.56 1.49 0.88 43.39 39.96 46.39 48.71
3.29 7.18 1.68 1.01 42.96 39.57 45.89 48.11
3.73 7.98 1.93 1.27 42.42 39.11 45.28 47.09
4.11 8.87 2.05 1.41 41.99 38.65 45.02 46.65
4.27 9.18 2.20 1.43 41.83 38.50 44.72 46.58
4.31 9.32 2.23 1.39 41.78 38.44 44.66 46.70
4.52 9.86 2.32 1.36 41.58 38.19 44.48 46.78
4.64 10.17 2.40 1.35 41.47 38.06 44.33 46.84
5.01 11.04 2.65 1.32 41.14 37.70 43.90 46.92
4.97 11.19 2.49 1.24 41.17 37.64 44.17 47.19
5.10 11.42 2.61 1.28 41.05 37.55 43.97 47.06
4.86 10.89 2.45 1.24 41.26 37.76 44.24 47.20
4.03 9.01 1.95 1.13 42.08 38.59 45.23 47.61
3.85 8.64 1.88 1.01 42.28 38.76 45.39 48.09
3.42 7.90 1.59 0.76 42.79 39.16 46.12 49.29
3.06 7.12 1.45 0.61 43.27 39.61 46.52 50.26
2.98 6.92 1.44 0.57 43.40 39.73 46.55 50.59
2.91 6.72 1.47 0.54 43.49 39.85 46.45 50.79
2.97 6.92 1.46 0.52 43.41 39.73 46.48 50.97
2.94 6.77 1.53 0.53 43.44 39.82 46.28 50.92
3.06 7.06 1.59 0.52 43.28 39.64 46.12 50.98
2.80 6.46 1.45 0.50 43.65 40.03 46.51 51.19
2.58 5.99 1.33 0.42 44.02 40.36 46.90 51.93
2.60 6.05 1.33 0.42 43.98 40.31 46.90 51.93
2.72 6.39 1.36 0.42 43.78 40.08 46.81 51.93
2.61 5.97 1.39 0.48 43.96 40.37 46.70 51.32
2.63 6.03 1.37 0.50 43.92 40.33 46.76 51.16
2.62 6.08 1.29 0.48 43.96 40.29 47.04 51.32
2.48 5.69 1.25 0.49 44.19 40.58 47.17 51.24
2.46 5.67 1.25 0.45 44.23 40.60 47.16 51.60
2.35 5.39 1.23 0.42 44.43 40.81 47.23 51.91
2.49 5.68 1.36 0.43 44.16 40.59 46.79 51.76
2.45 5.51 1.42 0.41 44.24 40.72 46.60 51.95
2.90 6.53 1.66 0.53 43.50 39.98 45.94 50.92
3.20 7.18 1.80 0.61 43.09 39.57 45.58 50.29
3.14 7.05 1.78 0.59 43.16 39.65 45.63 50.40
2.94 6.68 1.59 0.55 43.45 39.89 46.13 50.71
2.99 6.83 1.63 0.53 43.38 39.80 46.03 50.89
2.68 6.10 1.48 0.47 43.85 40.28 46.44 51.45
2.67 6.03 1.47 0.52 43.87 40.33 46.48 51.00
2.47 5.37 1.44 0.59 44.22 40.83 46.55 50.47
2.73 5.88 1.59 0.71 43.78 40.44 46.12 49.60
2.78 5.92 1.69 0.73 43.69 40.41 45.86 49.47
2.56 5.45 1.56 0.67 44.05 40.77 46.21 49.86
2.44 5.30 1.44 0.59 44.25 40.89 46.55 50.42
2.22 4.74 1.37 0.54 44.67 41.38 46.76 50.80
2.11 4.46 1.31 0.55 44.90 41.64 46.97 50.72
2.28 4.80 1.39 0.66 44.55 41.32 46.70 49.96
2.42 4.92 1.47 0.88 44.29 41.22 46.47 48.68
2.49 5.05 1.49 0.92 44.17 41.10 46.39 48.50
2.53 4.98 1.60 0.99 44.11 41.16 46.09 48.18
2.64 5.15 1.66 1.11 43.91 41.01 45.92 47.68
2.95 5.74 1.88 1.22 43.44 40.55 45.40 47.26
2.96 5.63 1.96 1.29 43.42 40.63 45.21 47.03
2.85 5.33 1.91 1.33 43.58 40.86 45.33 46.90
2.90 5.39 1.90 1.42 43.50 40.82 45.35 46.61
2.99 5.48 1.99 1.50 43.37 40.74 45.14 46.38
3.06 5.69 1.95 1.55 43.27 40.58 45.23 46.24
3.04 5.65 1.95 1.52 43.31 40.61 45.22 46.33
3.04 5.70 1.96 1.49 43.29 40.58 45.22 46.41
3.08 5.72 1.99 1.52 43.25 40.56 45.14 46.33
3.00 5.68 1.95 1.38 43.36 40.59 45.23 46.72
2.78 5.23 1.89 1.22 43.69 40.95 45.37 47.25
2.93 5.53 1.99 1.27 43.46 40.70 45.15 47.09
2.77 5.21 1.94 1.17 43.70 40.97 45.26 47.45
2.87 5.36 1.91 1.33 43.55 40.83 45.32 46.88
2.78 5.03 1.91 1.41 43.69 41.12 45.33 46.64
2.64 4.79 1.79 1.36 43.91 41.33 45.61 46.80
2.79 5.21 1.87 1.29 43.68 40.96 45.41 47.04
2.90 5.45 1.91 1.34 43.51 40.77 45.33 46.87
2.83 5.22 1.87 1.41 43.61 40.95 45.42 46.63
3.05 5.36 2.06 1.72 43.29 40.84 44.99 45.78
2.93 5.15 1.98 1.65 43.47 41.01 45.16 45.95
2.90 4.99 1.95 1.74 43.51 41.15 45.22 45.71
2.81 4.83 1.94 1.68 43.64 41.29 45.26 45.87
2.64 4.46 1.76 1.69 43.92 41.64 45.66 45.86
2.35 3.80 1.59 1.65 44.43 42.34 46.10 45.97
2.68 4.25 2.01 1.78 43.85 41.85 45.11 45.62
2.96 4.80 2.29 1.80 43.41 41.32 44.54 45.57
2.93 4.80 2.15 1.84 43.46 41.32 44.80 45.49
3.13 5.14 2.34 1.91 43.17 41.02 44.44 45.32
3.25 5.39 2.40 1.96 43.01 40.81 44.33 45.20
3.08 5.10 2.20 1.93 43.25 41.05 44.71 45.28
3.36 5.69 2.43 1.96 42.87 40.58 44.27 45.22
3.39 5.61 2.44 2.13 42.82 40.64 44.25 44.85
3.66 6.10 2.71 2.17 42.50 40.28 43.79 44.78
4.01 6.77 3.00 2.26 42.10 39.82 43.36 44.58
3.97 6.63 3.00 2.27 42.14 39.92 43.35 44.57
3.75 6.17 2.88 2.21 42.39 40.23 43.53 44.68
3.52 5.87 2.57 2.11 42.67 40.44 44.03 44.90
3.91 6.50 3.08 2.14 42.21 40.00 43.24 44.84
3.75 6.26 2.89 2.11 42.39 40.17 43.52 44.88
4.50 7.85 3.28 2.37 41.60 39.18 42.97 44.38
4.67 7.88 3.44 2.71 41.44 39.17 42.77 43.80
5.20 9.01 3.75 2.84 40.97 38.59 42.40 43.60
5.43 9.49 3.68 3.11 40.78 38.36 42.47 43.20
5.69 9.78 4.22 3.08 40.58 38.23 41.88 43.24
6.07 10.64 4.20 3.37 40.30 37.86 41.90 42.86
7.06 12.84 4.70 3.62 39.65 37.04 41.41 42.54
6.59 11.80 4.47 3.51 39.94 37.41 41.63 42.68
6.91 12.36 4.73 3.63 39.74 37.21 41.38 42.53
6.64 11.92 4.39 3.63 39.90 37.37 41.71 42.53
5.67 10.23 3.49 3.30 40.59 38.03 42.70 42.95
5.78 10.59 3.62 3.14 40.51 37.88 42.54 43.16
4.98 9.31 3.13 2.51 41.16 38.44 43.17 44.13
5.00 9.28 3.25 2.46 41.14 38.45 43.00 44.22
4.46 8.44 2.77 2.18 41.64 38.87 43.70 44.76
4.40 8.30 2.77 2.13 41.69 38.94 43.70 44.85
4.02 7.49 2.63 1.92 42.10 39.39 43.94 45.30
3.72 7.17 2.42 1.58 42.43 39.58 44.30 46.16
3.98 7.82 2.48 1.65 42.13 39.20 44.19 45.97
3.87 7.57 2.53 1.51 42.26 39.34 44.11 46.34
3.25 6.53 2.05 1.16 43.01 39.98 45.01 47.48
3.22 6.58 2.00 1.09 43.05 39.95 45.12 47.77
3.26 6.70 1.99 1.09 43.00 39.87 45.13 47.75
3.20 6.53 1.93 1.15 43.07 39.98 45.27 47.55
3.15 6.48 1.88 1.11 43.14 40.02 45.39 47.69
3.13 6.42 1.90 1.08 43.17 40.06 45.35 47.80
3.04 6.27 1.82 1.04 43.30 40.16 45.52 47.97
3.67 7.50 2.25 1.26 42.49 39.38 44.62 47.16
3.56 7.27 2.18 1.20 42.63 39.52 44.75 47.34
3.19 6.43 1.95 1.19 43.10 40.05 45.24 47.40
3.45 6.94 2.12 1.28 42.75 39.71 44.86 47.04
3.44 7.10 2.04 1.18 42.77 39.62 45.04 47.40
3.21 6.66 1.87 1.11 43.06 39.90 45.42 47.65
3.07 6.34 1.77 1.10 43.26 40.11 45.65 47.73
2.96 5.96 1.77 1.16 43.42 40.38 45.66 47.50
3.11 6.26 1.81 1.25 43.21 40.16 45.55 47.15
2.97 5.88 1.74 1.28 43.41 40.44 45.73 47.07
2.90 5.78 1.74 1.18 43.51 40.51 45.73 47.40
2.73 5.44 1.64 1.10 43.77 40.77 45.98 47.71
2.55 5.09 1.51 1.05 44.06 41.07 46.33 47.92
2.43 4.82 1.47 0.99 44.27 41.30 46.45 48.15
2.75 5.57 1.61 1.08 43.73 40.67 46.06 47.82
2.68 5.39 1.65 0.99 43.85 40.82 45.97 48.16
3.06 6.26 1.73 1.19 43.27 40.16 45.75 47.37
2.85 5.72 1.70 1.14 43.57 40.55 45.82 47.57
3.10 6.29 1.76 1.23 43.23 40.15 45.67 47.22
3.04 6.18 1.75 1.19 43.30 40.22 45.70 47.39
2.96 6.06 1.70 1.11 43.42 40.31 45.83 47.68
3.05 6.27 1.79 1.09 43.29 40.16 45.61 47.74
2.94 6.04 1.73 1.03 43.46 40.32 45.75 47.99
2.59 5.40 1.52 0.85 44.00 40.80 46.33 48.81
2.36 4.93 1.46 0.68 44.41 41.20 46.48 49.80
2.38 5.11 1.35 0.68 44.36 41.05 46.81 49.81
2.44 5.23 1.38 0.72 44.25 40.95 46.72 49.58
2.62 5.63 1.46 0.76 43.95 40.63 46.49 49.31
2.60 5.52 1.49 0.80 43.97 40.71 46.40 49.09
2.68 5.67 1.49 0.87 43.86 40.60 46.40 48.72
2.68 5.68 1.44 0.90 43.86 40.59 46.54 48.58
2.91 6.16 1.55 1.01 43.50 40.23 46.22 48.10
3.03 6.35 1.69 1.06 43.31 40.10 45.86 47.90
3.38 7.11 1.91 1.13 42.84 39.61 45.33 47.59
3.75 7.84 2.09 1.31 42.39 39.19 44.92 46.95
4.20 8.78 2.39 1.42 41.90 38.70 44.34 46.61
4.14 8.74 2.27 1.40 41.96 38.72 44.57 46.68
4.31 9.08 2.43 1.42 41.79 38.55 44.27 46.61
5.00 10.65 2.80 1.55 41.14 37.86 43.66 46.22
5.17 11.05 2.87 1.58 41.00 37.70 43.55 46.13
4.94 10.43 2.85 1.54 41.19 37.95 43.58 46.26
4.83 10.42 2.71 1.35 41.29 37.95 43.80 46.83
4.70 10.05 2.58 1.45 41.41 38.11 44.01 46.52
4.26 9.10 2.35 1.32 41.84 38.54 44.41 46.95
4.08 8.31 2.35 1.57 42.03 38.94 44.41 46.16
3.95 7.96 2.30 1.60 42.16 39.12 44.52 46.09
3.76 7.40 2.31 1.55 42.38 39.44 44.49 46.23
3.70 7.09 2.33 1.68 42.45 39.63 44.46 45.89
3.20 6.10 2.02 1.47 43.08 40.27 45.07 46.44
3.33 6.23 2.13 1.63 42.91 40.19 44.85 46.01
