5.99 12.66 3.14 2.17 40.36 37.11 43.17 44.77
6.34 13.68 3.03 2.31 40.11 36.77 43.32 44.50
6.43 14.04 3.05 2.19 40.05 36.66 43.29 44.72
6.44 14.14 3.04 2.15 40.04 36.63 43.30 44.80
6.49 14.09 3.18 2.19 40.01 36.64 43.10 44.73
6.86 15.00 3.21 2.37 39.77 36.37 43.07 44.39
7.01 15.25 3.38 2.40 39.67 36.30 42.85 44.33
7.51 16.47 3.56 2.51 39.37 35.96 42.62 44.14
6.43 13.99 3.14 2.15 40.05 36.67 43.16 44.81
7.17 15.57 3.35 2.60 39.57 36.21 42.88 43.98
7.25 15.82 3.30 2.64 39.53 36.14 42.95 43.91
6.88 15.36 3.03 2.25 39.75 36.27 43.32 44.60
6.74 14.97 3.04 2.20 39.85 36.38 43.30 44.70
7.87 17.56 3.68 2.38 39.17 35.69 42.47 44.37
7.58 17.24 3.18 2.32 39.33 35.77 43.10 44.48
8.00 18.16 3.44 2.39 39.10 35.54 42.77 44.35
7.34 16.60 3.27 2.16 39.47 35.93 42.99 44.79
7.27 16.67 3.19 1.96 39.51 35.91 43.10 45.22
6.43 14.74 2.82 1.72 40.05 36.45 43.63 45.77
6.42 14.79 2.75 1.73 40.05 36.43 43.73 45.76
6.33 14.34 2.86 1.78 40.12 36.57 43.57 45.62
5.99 13.50 2.61 1.87 40.35 36.83 43.97 45.41
6.17 13.74 2.82 1.95 40.23 36.75 43.63 45.24
5.86 12.90 2.81 1.86 40.45 37.02 43.65 45.44
5.04 11.12 2.43 1.58 41.11 37.67 44.28 46.14
4.75 10.58 2.23 1.46 41.36 37.89 44.65 46.51
4.22 9.38 1.97 1.32 41.88 38.41 45.20 46.93
4.07 9.12 1.90 1.17 42.04 38.53 45.34 47.45
3.85 8.53 1.89 1.12 42.28 38.82 45.37 47.63
3.95 8.58 2.04 1.25 42.16 38.80 45.03 47.16
2.64 5.05 1.72 1.14 43.92 41.10 45.79 47.55
2.52 4.73 1.60 1.22 44.12 41.38 46.10 47.27
2.96 5.65 1.80 1.43 43.42 40.61 45.58 46.59
2.84 5.36 1.81 1.36 43.59 40.84 45.56 46.81
2.55 4.76 1.63 1.23 44.08 41.36 46.00 47.21
2.28 4.27 1.46 1.10 44.55 41.83 46.47 47.70
2.42 4.55 1.57 1.15 44.29 41.55 46.19 47.52
2.28 4.27 1.49 1.09 44.54 41.83 46.38 47.77
2.30 4.33 1.49 1.07 44.52 41.76 46.41 47.83
2.55 4.78 1.63 1.24 44.07 41.34 46.01 47.19
2.86 5.45 1.76 1.35 43.57 40.76 45.67 46.82
2.81 5.36 1.74 1.33 43.65 40.84 45.72 46.89
2.72 5.35 1.65 1.15 43.79 40.84 45.95 47.53
2.47 4.97 1.50 0.93 44.21 41.17 46.37 48.44
2.41 4.89 1.48 0.87 44.30 41.24 46.44 48.71
2.30 4.72 1.43 0.76 44.51 41.39 46.59 49.34
2.19 4.50 1.36 0.70 44.73 41.59 46.78 49.71
2.17 4.51 1.35 0.66 44.76 41.59 46.84 49.92
2.07 4.31 1.27 0.63 44.98 41.79 47.09 50.17
1.81 3.82 1.11 0.50 45.56 42.32 47.68 51.14
1.67 3.54 1.09 0.39 45.89 42.64 47.76 52.20
1.75 3.70 1.12 0.45 45.69 42.45 47.66 51.63
1.98 4.20 1.23 0.49 45.17 41.89 47.23 51.21
1.95 4.20 1.20 0.46 45.22 41.89 47.32 51.54
2.01 4.32 1.20 0.51 45.10 41.78 47.34 51.05
1.87 4.05 1.10 0.46 45.41 42.05 47.71 51.51
1.85 4.03 1.04 0.47 45.47 42.08 47.99 51.41
1.68 3.64 0.96 0.44 45.87 42.52 48.28 51.71
1.48 3.13 0.85 0.44 46.44 43.17 48.82 51.66
1.52 3.15 0.93 0.47 46.32 43.14 48.47 51.39
1.67 3.52 1.05 0.45 45.90 42.66 47.93 51.59
1.62 3.36 1.06 0.44 46.03 42.87 47.88 51.68
1.43 2.94 0.94 0.41 46.58 43.44 48.41 51.99
1.37 2.94 0.88 0.31 46.75 43.45 48.70 53.23
1.29 2.70 0.85 0.31 47.03 43.81 48.85 53.21
1.37 2.94 0.86 0.33 46.75 43.45 48.78 53.01
1.57 3.31 0.99 0.42 46.17 42.94 48.19 51.87
1.57 3.27 0.99 0.43 46.18 42.98 48.15 51.76
1.53 3.17 0.97 0.44 46.29 43.12 48.25 51.66
1.51 3.19 0.98 0.37 46.33 43.09 48.23 52.46
1.45 3.04 0.96 0.36 46.51 43.30 48.33 52.62
1.39 2.93 0.91 0.33 46.70 43.46 48.53 52.95
1.46 2.98 0.96 0.44 46.48 43.39 48.28 51.70
1.40 2.86 0.93 0.42 46.67 43.57 48.44 51.95
1.53 3.17 0.99 0.44 46.28 43.12 48.16 51.73
1.83 3.67 1.27 0.55 45.51 42.49 47.09 50.74
2.13 4.10 1.50 0.78 44.85 42.00 46.38 49.19
2.37 4.35 1.71 1.06 44.38 41.75 45.80 47.89
2.50 4.49 1.66 1.35 44.15 41.61 45.94 46.85
2.84 5.01 1.88 1.64 43.59 41.13 45.39 45.99
3.04 5.27 2.10 1.75 43.30 40.91 44.90 45.71
2.94 5.06 1.99 1.78 43.44 41.09 45.13 45.62
2.83 4.73 2.03 1.73 43.61 41.38 45.06 45.76
2.54 4.14 1.75 1.73 44.08 41.96 45.72 45.75
2.72 4.38 1.93 1.85 43.79 41.72 45.27 45.46
2.49 4.00 1.76 1.72 44.16 42.11 45.67 45.77
2.55 4.05 1.79 1.80 44.07 42.06 45.60 45.57
2.30 3.65 1.68 1.58 44.51 42.51 45.87 46.15
2.11 3.35 1.49 1.48 44.89 42.88 46.39 46.42
2.05 3.25 1.44 1.45 45.02 43.01 46.56 46.51
2.25 3.73 1.48 1.55 44.61 42.42 46.44 46.24
2.38 3.85 1.66 1.62 44.37 42.27 45.94 46.04
2.29 3.62 1.59 1.65 44.54 42.54 46.13 45.96
2.11 3.34 1.44 1.54 44.89 42.89 46.53 46.26
1.84 2.91 1.21 1.40 45.48 43.49 47.29 46.66
1.81 2.87 1.17 1.40 45.54 43.55 47.43 46.68
1.90 3.02 1.24 1.45 45.34 43.32 47.22 46.53
2.15 3.45 1.57 1.45 44.80 42.75 46.19 46.53
2.33 3.95 1.60 1.44 44.45 42.16 46.09 46.55
2.53 4.32 1.75 1.52 44.11 41.78 45.70 46.32
2.81 4.74 1.96 1.71 43.65 41.37 45.21 45.80
3.03 5.13 2.05 1.92 43.31 41.03 45.01 45.31
3.28 5.70 2.18 1.97 42.97 40.57 44.73 45.19
3.27 5.62 2.23 1.95 42.99 40.63 44.65 45.22
3.12 5.54 2.12 1.71 43.19 40.70 44.86 45.79
3.54 6.36 2.45 1.83 42.63 40.10 44.24 45.51
3.50 6.21 2.41 1.86 42.70 40.20 44.31 45.43
3.37 6.01 2.34 1.75 42.86 40.34 44.43 45.71
2.90 5.22 1.97 1.51 43.51 40.96 45.18 46.35
2.57 4.75 1.75 1.20 44.03 41.36 45.69 47.34
2.39 4.34 1.63 1.18 44.35 41.76 46.00 47.39
2.39 4.42 1.56 1.21 44.34 41.68 46.21 47.31
2.07 3.74 1.43 1.02 44.98 42.40 46.56 48.05
2.11 3.79 1.43 1.09 44.90 42.34 46.58 47.76
2.20 4.08 1.47 1.07 44.69 42.02 46.46 47.84
2.46 4.46 1.64 1.28 44.22 41.64 46.00 47.06
2.42 4.51 1.53 1.21 44.30 41.59 46.28 47.31
2.54 4.69 1.61 1.31 44.09 41.42 46.07 46.96
2.66 4.99 1.60 1.38 43.89 41.15 46.08 46.74
2.60 4.76 1.64 1.41 43.98 41.35 45.99 46.64
2.46 4.50 1.53 1.34 44.23 41.60 46.29 46.85
2.57 4.64 1.59 1.46 44.04 41.46 46.12 46.48
2.71 5.03 1.55 1.55 43.80 41.12 46.22 46.23
2.92 5.49 1.68 1.60 43.48 40.74 45.89 46.10
2.81 5.25 1.62 1.57 43.65 40.93 46.05 46.19
2.88 5.33 1.67 1.65 43.53 40.86 45.91 45.96
2.85 5.38 1.68 1.50 43.57 40.82 45.88 46.36
2.64 5.00 1.59 1.34 43.91 41.14 46.12 46.87
2.35 4.63 1.37 1.06 44.42 41.48 46.77 47.86
2.27 4.62 1.27 0.91 44.57 41.49 47.08 48.52
2.20 4.57 1.22 0.82 44.70 41.53 47.27 48.97
2.32 4.93 1.27 0.77 44.47 41.20 47.09 49.25
2.55 5.43 1.39 0.85 44.06 40.78 46.72 48.85
2.93 6.13 1.56 1.09 43.47 40.26 46.20 47.74
3.06 6.38 1.62 1.20 43.27 40.08 46.05 47.33
3.22 6.72 1.69 1.24 43.06 39.86 45.86 47.18
3.40 7.16 1.82 1.22 42.81 39.58 45.53 47.26
3.54 7.44 1.93 1.26 42.63 39.41 45.27 47.13
3.54 7.53 1.91 1.17 42.65 39.36 45.32 47.46
3.81 8.25 2.03 1.13 42.33 38.96 45.05 47.60
3.81 8.28 2.05 1.11 42.32 38.95 45.00 47.69
3.65 7.98 1.92 1.05 42.50 39.11 45.29 47.92
3.62 7.94 1.86 1.06 42.54 39.14 45.43 47.90
3.23 7.07 1.59 1.03 43.04 39.64 46.11 48.00
3.03 6.64 1.55 0.90 43.32 39.91 46.23 48.57
2.55 5.67 1.27 0.69 44.07 40.59 47.09 49.72
2.26 5.04 1.16 0.56 44.59 41.10 47.47 50.62
2.14 4.81 1.11 0.49 44.83 41.31 47.68 51.20
2.14 4.80 1.15 0.48 44.82 41.32 47.51 51.36
2.18 4.90 1.17 0.47 44.74 41.22 47.43 51.38
2.27 5.08 1.26 0.48 44.57 41.07 47.12 51.31
2.33 5.25 1.26 0.48 44.46 40.93 47.13 51.31
2.09 4.63 1.19 0.46 44.93 41.48 47.37 51.52
1.92 4.30 1.10 0.38 45.29 41.80 47.72 52.36
1.95 4.38 1.09 0.38 45.24 41.72 47.77 52.37
2.07 4.68 1.14 0.38 44.98 41.43 47.58 52.36
2.04 4.51 1.16 0.45 45.04 41.59 47.47 51.66
2.01 4.42 1.13 0.46 45.11 41.67 47.59 51.47
1.99 4.42 1.10 0.45 45.15 41.68 47.72 51.65
1.92 4.27 1.05 0.44 45.30 41.83 47.94 51.70
1.84 4.09 1.02 0.39 45.49 42.01 48.04 52.19
1.70 3.75 0.98 0.36 45.84 42.39 48.23 52.59
1.81 3.95 1.09 0.38 45.56 42.16 47.77 52.40
1.89 4.15 1.16 0.36 45.37 41.95 47.51 52.53
2.23 4.84 1.38 0.46 44.66 41.28 46.74 51.52
2.38 5.15 1.45 0.53 44.37 41.01 46.53 50.88
2.33 5.13 1.38 0.49 44.45 41.03 46.73 51.25
2.22 4.91 1.26 0.47 44.68 41.22 47.12 51.44
2.21 5.00 1.21 0.44 44.68 41.14 47.31 51.73
2.16 4.87 1.20 0.40 44.79 41.26 47.33 52.07
2.05 4.53 1.17 0.44 45.02 41.57 47.44 51.66
2.16 4.64 1.28 0.54 44.80 41.47 47.07 50.79
2.28 4.81 1.39 0.63 44.56 41.31 46.71 50.16
2.20 4.59 1.38 0.63 44.71 41.51 46.73 50.13
2.03 4.20 1.31 0.58 45.06 41.90 46.97 50.49
1.99 4.18 1.25 0.53 45.15 41.92 47.17 50.89
1.82 3.82 1.17 0.47 45.53 42.31 47.45 51.42
1.77 3.74 1.12 0.46 45.64 42.40 47.66 51.47
1.83 3.78 1.14 0.56 45.51 42.35 47.54 50.65
1.93 3.93 1.20 0.68 45.26 42.19 47.35 49.83
1.87 3.76 1.16 0.70 45.41 42.38 47.50 49.69
2.03 3.99 1.30 0.80 45.06 42.12 46.99 49.09
2.12 4.14 1.35 0.88 44.86 41.97 46.82 48.68
2.33 4.55 1.50 0.96 44.45 41.56 46.37 48.31
2.37 4.50 1.57 1.04 44.38 41.60 46.16 47.94
2.58 4.78 1.71 1.25 44.01 41.34 45.79 47.16
2.72 4.98 1.79 1.38 43.79 41.16 45.61 46.73
2.61 4.77 1.73 1.34 43.96 41.35 45.75 46.85
2.83 5.15 1.86 1.48 43.62 41.02 45.44 46.43
2.77 5.02 1.86 1.43 43.70 41.12 45.44 46.58
2.53 4.61 1.68 1.31 44.10 41.50 45.89 46.94
2.42 4.50 1.56 1.20 44.29 41.60 46.21 47.33
2.40 4.46 1.56 1.17 44.34 41.64 46.21 47.45
2.33 4.35 1.58 1.08 44.45 41.75 46.16 47.80
2.35 4.36 1.59 1.10 44.42 41.73 46.12 47.70
2.46 4.53 1.74 1.12 44.22 41.57 45.73 47.64
2.47 4.50 1.68 1.23 44.20 41.60 45.87 47.24
2.45 4.37 1.67 1.33 44.23 41.74 45.90 46.91
2.31 4.06 1.59 1.28 44.51 42.05 46.13 47.08
2.29 4.10 1.57 1.20 44.54 42.01 46.18 47.34
2.31 4.22 1.54 1.17 44.50 41.88 46.25 47.45
2.36 4.18 1.60 1.29 44.41 41.92 46.10 47.03
2.38 4.17 1.63 1.35 44.35 41.92 46.00 46.83
2.34 4.04 1.60 1.38 44.44 42.07 46.07 46.74
2.48 4.19 1.68 1.57 44.19 41.91 45.88 46.19
2.36 3.96 1.67 1.46 44.40 42.16 45.91 46.49
2.09 3.47 1.42 1.38 44.93 42.73 46.60 46.74
1.83 2.94 1.25 1.30 45.51 43.45 47.16 46.99
2.11 3.30 1.64 1.40 44.89 42.95 45.99 46.69
2.42 3.82 1.92 1.52 44.29 42.31 45.29 46.31
2.43 3.86 1.87 1.55 44.28 42.26 45.41 46.23
2.58 4.14 2.01 1.60 44.01 41.96 45.10 46.09
2.61 4.20 1.96 1.66 43.97 41.90 45.22 45.92
2.50 4.04 1.82 1.65 44.15 42.07 45.54 45.95
2.79 4.62 2.08 1.67 43.68 41.49 44.96 45.91
2.76 4.48 2.06 1.73 43.73 41.62 45.00 45.74
2.87 4.66 2.20 1.76 43.55 41.45 44.71 45.68
3.18 5.27 2.36 1.91 43.11 40.92 44.40 45.33
3.30 5.39 2.54 1.96 42.95 40.82 44.08 45.22
3.17 5.11 2.45 1.94 43.12 41.05 44.24 45.25
2.98 4.90 2.23 1.82 43.38 41.23 44.65 45.53
3.29 5.47 2.52 1.88 42.96 40.75 44.11 45.39
3.04 4.94 2.35 1.84 43.30 41.19 44.43 45.48
3.69 6.27 2.70 2.09 42.47 40.16 43.82 44.93
3.67 6.02 2.72 2.27 42.49 40.33 43.79 44.58
4.26 7.15 3.17 2.47 41.83 39.59 43.13 44.20
4.05 6.95 2.82 2.39 42.05 39.71 43.63 44.35
4.21 7.07 3.08 2.49 41.89 39.64 43.25 44.17
4.71 8.18 3.30 2.66 41.40 39.00 42.94 43.88
5.24 9.39 3.54 2.79 40.94 38.40 42.64 43.68
5.15 9.02 3.50 2.93 41.01 38.58 42.69 43.46
5.10 8.88 3.40 3.01 41.06 38.65 42.82 43.35
4.90 8.41 3.31 2.99 41.23 38.88 42.94 43.37
4.54 7.92 2.86 2.83 41.56 39.14 43.57 43.61
4.30 7.65 2.68 2.56 41.80 39.29 43.85 44.04
4.30 7.77 2.69 2.43 41.80 39.23 43.83 44.28
3.85 6.82 2.56 2.18 42.28 39.80 44.06 44.75
3.39 6.23 2.13 1.82 42.83 40.19 44.85 45.54
3.21 5.97 2.06 1.61 43.07 40.37 45.00 46.07
2.89 5.38 1.87 1.43 43.52 40.82 45.41 46.57
2.84 5.45 1.83 1.24 43.60 40.77 45.51 47.21
3.04 5.90 1.91 1.29 43.31 40.42 45.32 47.02
2.78 5.35 1.82 1.17 43.69 40.84 45.55 47.44
2.58 5.11 1.68 0.95 44.01 41.04 45.89 48.33
2.45 4.89 1.57 0.91 44.23 41.24 46.18 48.56
2.54 5.13 1.58 0.91 44.08 41.03 46.15 48.51
2.48 4.90 1.56 0.97 44.19 41.23 46.20 48.24
2.50 5.00 1.54 0.97 44.15 41.14 46.26 48.29
2.46 4.91 1.56 0.92 44.21 41.22 46.20 48.48
2.48 5.04 1.52 0.88 44.18 41.10 46.32 48.67
2.49 5.07 1.56 0.84 44.16 41.08 46.20 48.87
2.49 5.03 1.58 0.85 44.18 41.12 46.13 48.84
2.65 5.30 1.66 0.99 43.90 40.89 45.94 48.17
2.81 5.56 1.80 1.06 43.65 40.68 45.58 47.89
2.75 5.54 1.71 1.01 43.73 40.69 45.80 48.11
2.69 5.49 1.59 0.98 43.84 40.73 46.10 48.21
2.55 5.18 1.49 0.97 44.07 40.99 46.39 48.26
2.57 5.12 1.55 1.03 44.04 41.04 46.23 48.00
2.60 5.11 1.58 1.10 43.99 41.05 46.15 47.71
2.56 4.98 1.57 1.12 44.05 41.16 46.17 47.62
2.50 4.86 1.54 1.09 44.16 41.27 46.25 47.74
2.34 4.52 1.45 1.04 44.44 41.58 46.51 47.94
2.18 4.21 1.37 0.98 44.74 41.89 46.78 48.23
2.13 4.11 1.33 0.95 44.85 41.99 46.91 48.35
2.39 4.69 1.47 1.01 44.35 41.42 46.46 48.09
2.36 4.59 1.50 1.00 44.40 41.52 46.38 48.15
2.61 5.13 1.57 1.14 43.96 41.03 46.18 47.56
2.68 5.26 1.62 1.17 43.84 40.92 46.04 47.43
2.99 5.90 1.77 1.29 43.38 40.42 45.65 47.01
2.87 5.52 1.75 1.34 43.55 40.71 45.71 46.86
2.62 5.14 1.56 1.15 43.96 41.02 46.21 47.51
2.65 5.27 1.61 1.07 43.90 40.91 46.05 47.84
2.51 5.05 1.52 0.94 44.14 41.09 46.31 48.39
2.21 4.50 1.34 0.78 44.69 41.60 46.87 49.19
2.02 4.08 1.33 0.65 45.08 42.02 46.90 50.02
2.00 4.15 1.23 0.62 45.12 41.95 47.23 50.19
1.96 4.05 1.17 0.66 45.21 42.06 47.45 49.96
2.03 4.24 1.20 0.65 45.06 41.86 47.34 50.00
2.01 4.16 1.21 0.68 45.09 41.94 47.30 49.83
2.24 4.62 1.29 0.82 44.62 41.49 47.03 48.97
2.15 4.37 1.25 0.82 44.81 41.73 47.17 48.98
2.25 4.62 1.29 0.85 44.60 41.49 47.04 48.82
2.36 4.80 1.38 0.91 44.40 41.32 46.73 48.56
2.88 5.86 1.73 1.06 43.53 40.45 45.74 47.87
3.13 6.36 1.85 1.19 43.17 40.10 45.46 47.36
3.36 6.73 2.08 1.29 42.86 39.85 44.96 47.04
3.28 6.70 1.89 1.24 42.97 39.87 45.37 47.18
3.36 6.88 1.96 1.24 42.87 39.75 45.20 47.21
3.82 7.86 2.24 1.35 42.31 39.18 44.63 46.82
3.87 7.99 2.27 1.34 42.26 39.11 44.57 46.85
3.68 7.51 2.17 1.36 42.47 39.38 44.76 46.79
3.96 8.32 2.29 1.26 42.16 38.93 44.53 47.14
3.68 7.70 2.09 1.26 42.47 39.27 44.93 47.11
3.43 7.10 2.01 1.20 42.77 39.62 45.10 47.34
3.46 6.89 2.02 1.46 42.75 39.75 45.08 46.48
3.23 6.36 1.89 1.44 43.04 40.09 45.36 46.56
2.92 5.59 1.83 1.33 43.48 40.65 45.50 46.88
2.87 5.32 1.85 1.46 43.55 40.88 45.47 46.48
2.55 4.67 1.62 1.36 44.07 41.44 46.04 46.80
2.58 4.61 1.63 1.49 44.02 41.49 46.01 46.39
