5.99 12.66 3.14 2.17 40.36 37.11 43.17 44.77
6.34 13.68 3.03 2.31 40.11 36.77 43.32 44.50
6.43 14.04 3.05 2.19 40.05 36.66 43.29 44.72
6.44 14.14 3.04 2.15 40.04 36.63 43.30 44.80
6.49 14.09 3.18 2.19 40.01 36.64 43.10 44.73
6.86 15.00 3.21 2.37 39.77 36.37 43.07 44.39
7.01 15.25 3.38 2.40 39.67 36.30 42.85 44.33
7.51 16.47 3.56 2.51 39.37 35.96 42.62 44.14
6.43 13.99 3.14 2.15 40.05 36.67 43.16 44.81
7.17 15.57 3.35 2.60 39.57 36.21 42.88 43.98
7.25 15.82 3.30 2.64 39.53 36.14 42.95 43.91
6.88 15.36 3.03 2.25 39.75 36.27 43.32 44.60
6.74 14.97 3.04 2.20 39.85 36.38 43.30 44.70
7.87 17.56 3.68 2.38 39.17 35.69 42.47 44.37
7.58 17.24 3.18 2.32 39.33 35.77 43.10 44.48
8.00 18.16 3.44 2.39 39.10 35.54 42.77 44.35
7.34 16.60 3.27 2.16 39.47 35.93 42.99 44.79
7.27 16.67 3.19 1.96 39.51 35.91 43.10 45.22
6.43 14.74 2.82 1.72 40.05 36.45 43.63 45.77
6.42 14.79 2.75 1.73 40.05 36.43 43.73 45.76
6.33 14.34 2.86 1.78 40.12 36.57 43.57 45.62
6.01 13.54 2.62 1.87 40.34 36.82 43.95 45.42
6.19 13.76 2.87 1.95 40.21 36.74 43.56 45.24
5.86 12.89 2.83 1.84 40.45 37.02 43.62 45.48
5.01 11.03 2.41 1.58 41.14 37.70 44.31 46.14
4.74 10.54 2.25 1.44 41.37 37.90 44.62 46.56
4.21 9.37 1.94 1.33 41.88 38.41 45.25 46.90
4.05 9.10 1.89 1.17 42.06 38.54 45.36 47.47
3.84 8.50 1.90 1.13 42.28 38.84 45.36 47.60
3.96 8.61 2.03 1.26 42.15 38.78 45.05 47.12
2.70 5.19 1.77 1.14 43.82 40.98 45.67 47.55
2.58 4.90 1.62 1.22 44.01 41.23 46.04 47.25
2.99 5.71 1.82 1.43 43.38 40.56 45.52 46.58
2.92 5.52 1.86 1.37 43.48 40.71 45.45 46.77
2.58 4.88 1.63 1.23 44.02 41.25 46.03 47.24
2.37 4.45 1.52 1.13 44.39 41.65 46.31 47.61
2.51 4.74 1.62 1.17 44.14 41.38 46.03 47.47
2.33 4.38 1.53 1.08 44.46 41.72 46.29 47.79
2.38 4.53 1.54 1.08 44.36 41.57 46.27 47.80
2.62 4.95 1.66 1.23 43.96 41.19 45.92 47.21
2.91 5.55 1.79 1.39 43.49 40.69 45.60 46.70
2.85 5.51 1.74 1.30 43.58 40.72 45.72 47.00
2.75 5.47 1.64 1.14 43.74 40.76 45.99 47.55
2.50 5.08 1.51 0.91 44.15 41.08 46.34 48.53
2.44 4.98 1.47 0.87 44.26 41.16 46.46 48.73
2.36 4.86 1.45 0.77 44.40 41.26 46.53 49.28
2.27 4.68 1.40 0.71 44.58 41.42 46.66 49.61
2.22 4.63 1.38 0.65 44.67 41.48 46.74 50.00
2.12 4.41 1.30 0.64 44.88 41.69 46.99 50.09
1.85 3.91 1.14 0.50 45.46 42.21 47.57 51.14
1.70 3.60 1.11 0.39 45.82 42.56 47.69 52.21
1.79 3.78 1.14 0.45 45.60 42.35 47.56 51.65
2.05 4.39 1.27 0.50 45.01 41.71 47.11 51.15
2.06 4.42 1.29 0.48 44.99 41.68 47.05 51.38
2.09 4.49 1.26 0.52 44.94 41.62 47.13 51.00
1.94 4.21 1.15 0.47 45.25 41.89 47.52 51.45
1.94 4.22 1.10 0.49 45.27 41.88 47.74 51.26
1.77 3.81 1.02 0.47 45.66 42.33 48.03 51.43
1.56 3.29 0.91 0.46 46.21 42.96 48.53 51.46
1.58 3.28 0.97 0.49 46.14 42.96 48.29 51.19
1.72 3.60 1.09 0.47 45.78 42.57 47.77 51.43
1.68 3.48 1.09 0.45 45.89 42.71 47.74 51.62
1.46 3.00 0.95 0.42 46.49 43.36 48.33 51.86
1.39 2.96 0.89 0.32 46.70 43.42 48.63 53.10
1.33 2.80 0.87 0.32 46.90 43.66 48.76 53.09
1.40 3.00 0.88 0.34 46.65 43.36 48.68 52.85
1.61 3.39 1.00 0.44 46.06 42.83 48.14 51.67
1.61 3.35 1.03 0.45 46.06 42.88 48.02 51.60
1.57 3.24 1.02 0.44 46.19 43.03 48.05 51.71
1.52 3.21 0.99 0.37 46.31 43.07 48.19 52.47
1.46 3.07 0.96 0.35 46.48 43.26 48.31 52.67
1.40 2.95 0.92 0.33 46.66 43.43 48.48 52.86
1.52 3.12 0.98 0.45 46.32 43.19 48.20 51.59
1.45 2.96 0.95 0.42 46.54 43.43 48.34 51.88
1.56 3.22 1.01 0.45 46.20 43.05 48.08 51.57
1.86 3.73 1.27 0.56 45.45 42.41 47.10 50.63
2.15 4.17 1.50 0.78 44.80 41.93 46.37 49.20
2.38 4.38 1.70 1.07 44.36 41.71 45.83 47.84
2.53 4.58 1.68 1.33 44.10 41.52 45.89 46.89
2.87 5.07 1.90 1.64 43.55 41.08 45.36 45.97
3.08 5.38 2.11 1.76 43.24 40.82 44.89 45.68
2.99 5.20 1.99 1.79 43.37 40.98 45.14 45.59
2.86 4.84 2.02 1.73 43.56 41.28 45.08 45.75
2.63 4.35 1.79 1.74 43.94 41.74 45.61 45.73
2.78 4.50 1.97 1.85 43.70 41.60 45.18 45.46
2.53 4.03 1.79 1.76 44.10 42.08 45.60 45.68
2.62 4.20 1.84 1.82 43.94 41.90 45.48 45.52
2.36 3.74 1.75 1.61 44.40 42.41 45.71 46.08
2.18 3.49 1.52 1.51 44.75 42.70 46.30 46.33
2.10 3.35 1.47 1.48 44.91 42.88 46.46 46.42
2.31 3.84 1.49 1.60 44.50 42.29 46.41 46.10
2.46 4.04 1.69 1.66 44.22 42.06 45.86 45.94
2.33 3.68 1.63 1.67 44.47 42.47 46.02 45.90
2.20 3.56 1.51 1.53 44.71 42.62 46.36 46.27
1.91 3.01 1.28 1.43 45.33 43.35 47.07 46.58
1.87 2.99 1.21 1.42 45.41 43.38 47.30 46.60
1.95 3.13 1.28 1.46 45.22 43.18 47.07 46.50
2.24 3.65 1.60 1.48 44.63 42.51 46.10 46.43
2.37 4.04 1.61 1.47 44.37 42.07 46.05 46.46
2.60 4.49 1.77 1.53 43.99 41.61 45.64 46.30
2.84 4.82 1.97 1.73 43.60 41.30 45.18 45.76
3.06 5.18 2.10 1.92 43.27 40.99 44.92 45.30
3.21 5.57 2.15 1.90 43.08 40.68 44.82 45.36
3.26 5.64 2.22 1.94 42.99 40.62 44.68 45.26
3.12 5.54 2.13 1.69 43.19 40.70 44.85 45.85
3.44 6.18 2.40 1.75 42.77 40.23 44.35 45.72
3.41 6.11 2.36 1.76 42.81 40.27 44.41 45.67
3.32 5.93 2.33 1.70 42.93 40.40 44.47 45.83
2.90 5.25 1.98 1.47 43.51 40.93 45.16 46.47
2.57 4.80 1.75 1.17 44.03 41.32 45.70 47.44
2.41 4.41 1.64 1.18 44.31 41.68 45.97 47.42
2.41 4.45 1.59 1.18 44.31 41.65 46.11 47.42
2.09 3.81 1.44 1.01 44.93 42.32 46.55 48.09
2.13 3.86 1.45 1.09 44.85 42.27 46.52 47.78
2.20 4.04 1.51 1.05 44.71 42.07 46.35 47.94
2.49 4.54 1.65 1.28 44.17 41.57 45.95 47.08
2.53 4.77 1.61 1.23 44.09 41.35 46.07 47.22
2.60 4.80 1.67 1.33 43.98 41.32 45.90 46.89
2.69 5.05 1.64 1.39 43.83 41.10 45.99 46.71
2.64 4.86 1.65 1.43 43.91 41.27 45.95 46.59
2.51 4.62 1.56 1.36 44.13 41.49 46.20 46.78
2.64 4.82 1.58 1.51 43.92 41.30 46.13 46.35
2.70 5.03 1.54 1.53 43.82 41.12 46.26 46.28
3.00 5.66 1.71 1.62 43.36 40.60 45.79 46.02
2.90 5.40 1.68 1.63 43.50 40.81 45.86 46.01
2.92 5.37 1.70 1.68 43.48 40.83 45.83 45.88
2.88 5.41 1.70 1.54 43.53 40.80 45.82 46.27
2.70 5.13 1.60 1.35 43.83 41.03 46.08 46.83
2.42 4.80 1.38 1.10 44.28 41.32 46.73 47.74
2.36 4.82 1.30 0.95 44.41 41.30 47.00 48.37
2.28 4.73 1.24 0.88 44.55 41.38 47.20 48.72
2.39 5.08 1.30 0.81 44.34 41.08 47.01 49.06
2.63 5.57 1.41 0.89 43.94 40.67 46.63 48.63
3.03 6.35 1.58 1.14 43.32 40.10 46.13 47.56
3.18 6.62 1.65 1.26 43.12 39.92 45.95 47.15
3.40 7.12 1.77 1.31 42.82 39.62 45.66 46.98
3.55 7.48 1.87 1.29 42.63 39.40 45.41 47.02
3.55 7.45 1.93 1.26 42.63 39.41 45.27 47.13
3.54 7.56 1.89 1.18 42.65 39.35 45.38 47.43
3.87 8.41 2.04 1.16 42.26 38.88 45.04 47.50
3.88 8.45 2.08 1.13 42.24 38.87 44.97 47.62
3.71 8.11 1.95 1.07 42.44 39.04 45.23 47.82
3.68 8.10 1.88 1.08 42.47 39.05 45.41 47.80
3.14 6.89 1.54 1.01 43.16 39.76 46.26 48.09
3.00 6.61 1.51 0.88 43.36 39.93 46.34 48.71
2.61 5.87 1.28 0.70 43.96 40.45 47.07 49.69
2.31 5.18 1.19 0.57 44.49 40.99 47.39 50.61
2.19 4.93 1.12 0.52 44.72 41.20 47.62 50.98
2.20 4.91 1.19 0.50 44.71 41.22 47.39 51.18
2.25 5.03 1.22 0.49 44.62 41.12 47.27 51.20
2.33 5.17 1.32 0.50 44.46 41.00 46.94 51.11
2.39 5.36 1.31 0.50 44.34 40.84 46.96 51.11
2.18 4.84 1.22 0.48 44.75 41.28 47.26 51.36
1.99 4.45 1.12 0.39 45.14 41.64 47.62 52.19
2.03 4.57 1.11 0.40 45.06 41.54 47.66 52.11
2.15 4.88 1.17 0.39 44.81 41.24 47.46 52.18
2.10 4.65 1.19 0.46 44.91 41.46 47.38 51.49
2.08 4.59 1.18 0.49 44.94 41.52 47.43 51.23
2.07 4.62 1.14 0.46 44.97 41.49 47.58 51.47
1.99 4.42 1.09 0.46 45.14 41.68 47.74 51.53
1.90 4.24 1.05 0.41 45.35 41.86 47.93 52.01
1.72 3.83 0.97 0.38 45.77 42.31 48.25 52.39
1.84 4.03 1.11 0.38 45.48 42.08 47.70 52.30
1.94 4.28 1.16 0.37 45.25 41.81 47.47 52.43
2.27 4.96 1.39 0.48 44.56 41.18 46.72 51.35
2.45 5.35 1.47 0.53 44.24 40.85 46.47 50.86
2.39 5.28 1.38 0.50 44.35 40.90 46.72 51.16
2.27 5.08 1.27 0.47 44.57 41.07 47.10 51.38
2.37 5.36 1.27 0.46 44.39 40.84 47.09 51.47
2.22 4.99 1.24 0.43 44.67 41.15 47.21 51.82
2.10 4.62 1.21 0.47 44.91 41.48 47.31 51.37
2.13 4.65 1.24 0.50 44.85 41.46 47.22 51.10
2.25 4.80 1.35 0.60 44.61 41.32 46.82 50.33
2.18 4.61 1.32 0.61 44.75 41.50 46.92 50.28
2.05 4.30 1.27 0.58 45.02 41.80 47.10 50.52
2.03 4.31 1.26 0.52 45.05 41.79 47.14 50.93
1.84 3.89 1.18 0.47 45.47 42.23 47.42 51.42
1.79 3.77 1.13 0.47 45.60 42.37 47.61 51.44
1.90 3.94 1.18 0.58 45.34 42.17 47.41 50.51
1.97 4.03 1.21 0.68 45.19 42.08 47.30 49.82
1.90 3.83 1.18 0.70 45.33 42.30 47.40 49.66
2.08 4.12 1.32 0.81 44.94 41.99 46.91 49.05
2.19 4.29 1.38 0.90 44.73 41.81 46.74 48.58
2.39 4.69 1.52 0.99 44.34 41.42 46.32 48.19
2.43 4.63 1.59 1.05 44.28 41.47 46.11 47.91
2.62 4.88 1.73 1.24 43.95 41.25 45.74 47.19
2.73 5.02 1.79 1.38 43.76 41.12 45.60 46.72
2.63 4.82 1.73 1.35 43.92 41.30 45.74 46.83
2.88 5.25 1.88 1.50 43.54 40.93 45.39 46.37
2.80 5.08 1.87 1.44 43.66 41.08 45.41 46.55
2.55 4.65 1.66 1.34 44.07 41.46 45.93 46.87
2.46 4.59 1.57 1.23 44.22 41.52 46.18 47.24
2.43 4.54 1.56 1.19 44.27 41.56 46.19 47.39
2.36 4.39 1.59 1.09 44.40 41.71 46.11 47.75
2.37 4.39 1.61 1.11 44.39 41.71 46.07 47.69
2.63 4.83 1.83 1.21 43.94 41.29 45.50 47.29
2.50 4.54 1.72 1.23 44.16 41.56 45.76 47.24
2.44 4.37 1.66 1.29 44.25 41.72 45.93 47.03
2.31 4.10 1.58 1.26 44.49 42.01 46.14 47.13
2.31 4.16 1.56 1.19 44.50 41.94 46.19 47.36
2.31 4.25 1.53 1.16 44.49 41.85 46.28 47.48
2.37 4.23 1.60 1.29 44.38 41.87 46.10 47.03
2.42 4.24 1.67 1.36 44.29 41.86 45.92 46.80
2.41 4.20 1.63 1.40 44.31 41.90 46.00 46.67
2.53 4.32 1.69 1.57 44.10 41.77 45.85 46.17
2.39 4.03 1.67 1.46 44.35 42.07 45.92 46.48
2.12 3.55 1.42 1.37 44.88 42.63 46.60 46.76
1.85 2.99 1.26 1.31 45.45 43.37 47.12 46.95
2.13 3.32 1.64 1.41 44.85 42.92 45.97 46.63
2.47 3.92 1.94 1.54 44.21 42.20 45.24 46.26
2.48 3.99 1.88 1.57 44.18 42.12 45.38 46.17
2.63 4.26 2.02 1.61 43.93 41.83 45.06 46.06
2.65 4.30 1.97 1.67 43.90 41.79 45.18 45.90
2.57 4.20 1.84 1.68 44.03 41.89 45.48 45.89
2.83 4.71 2.10 1.69 43.61 41.40 44.91 45.84
2.86 4.71 2.10 1.77 43.57 41.41 44.91 45.66
2.94 4.84 2.22 1.77 43.44 41.28 44.67 45.66
3.24 5.47 2.37 1.89 43.03 40.75 44.39 45.37
3.29 5.43 2.53 1.91 42.96 40.78 44.10 45.32
3.20 5.30 2.41 1.88 43.08 40.89 44.30 45.39
3.03 5.05 2.24 1.79 43.32 41.10 44.63 45.61
3.33 5.57 2.53 1.88 42.91 40.68 44.09 45.39
3.07 5.02 2.36 1.85 43.26 41.13 44.41 45.47
3.74 6.39 2.72 2.11 42.40 40.07 43.79 44.89
3.71 6.12 2.75 2.26 42.44 40.26 43.74 44.59
4.29 7.24 3.19 2.45 41.80 39.53 43.10 44.23
4.07 7.00 2.85 2.37 42.03 39.68 43.58 44.39
4.21 7.10 3.06 2.48 41.89 39.62 43.27 44.20
4.71 8.20 3.28 2.66 41.40 38.99 42.96 43.89
5.32 9.56 3.58 2.82 40.87 38.33 42.60 43.63
5.20 9.13 3.53 2.95 40.97 38.52 42.66 43.43
5.11 8.93 3.41 3.00 41.05 38.62 42.81 43.36
4.97 8.60 3.32 2.99 41.17 38.79 42.93 43.37
4.60 8.09 2.87 2.83 41.50 39.05 43.55 43.60
4.36 7.80 2.70 2.57 41.74 39.21 43.82 44.03
4.33 7.86 2.71 2.41 41.77 39.18 43.80 44.32
3.88 6.93 2.55 2.17 42.24 39.73 44.06 44.77
3.42 6.29 2.14 1.83 42.79 40.14 44.83 45.50
3.24 6.04 2.07 1.62 43.02 40.32 44.98 46.03
2.96 5.53 1.92 1.44 43.41 40.71 45.30 46.54
3.02 5.79 1.94 1.33 43.34 40.51 45.27 46.91
3.13 6.05 1.98 1.36 43.18 40.31 45.18 46.81
2.83 5.44 1.84 1.21 43.61 40.77 45.48 47.32
2.63 5.23 1.69 0.98 43.93 40.95 45.86 48.21
2.50 4.99 1.60 0.93 44.14 41.15 46.10 48.44
2.58 5.20 1.60 0.93 44.02 40.97 46.08 48.44
2.53 5.02 1.57 0.99 44.10 41.12 46.15 48.17
2.55 5.11 1.55 0.98 44.07 41.05 46.23 48.21
2.48 4.94 1.57 0.92 44.19 41.19 46.16 48.48
2.50 5.09 1.53 0.88 44.15 41.07 46.29 48.68
2.50 5.08 1.56 0.86 44.15 41.08 46.22 48.76
2.51 5.09 1.59 0.87 44.13 41.07 46.13 48.74
2.66 5.32 1.66 1.01 43.88 40.88 45.95 48.10
2.83 5.61 1.78 1.10 43.61 40.64 45.62 47.74
2.78 5.58 1.71 1.04 43.69 40.66 45.78 47.95
2.71 5.54 1.60 0.99 43.80 40.70 46.07 48.18
2.56 5.20 1.49 0.98 44.05 40.97 46.38 48.23
2.60 5.17 1.56 1.05 43.99 40.99 46.19 47.93
2.61 5.16 1.57 1.11 43.96 41.01 46.18 47.65
2.59 5.02 1.57 1.16 44.01 41.12 46.17 47.48
2.52 4.90 1.56 1.09 44.12 41.23 46.21 47.75
2.37 4.57 1.48 1.06 44.38 41.53 46.45 47.86
2.21 4.25 1.39 1.00 44.69 41.85 46.72 48.14
2.15 4.13 1.35 0.96 44.81 41.97 46.81 48.30
2.39 4.67 1.48 1.02 44.35 41.43 46.44 48.05
2.37 4.64 1.51 0.98 44.37 41.47 46.34 48.21
2.61 5.15 1.57 1.12 43.96 41.01 46.17 47.64
2.62 5.14 1.57 1.14 43.95 41.02 46.18 47.56
2.82 5.54 1.67 1.25 43.63 40.70 45.90 47.18
2.78 5.39 1.69 1.26 43.69 40.82 45.85 47.12
2.59 5.13 1.57 1.07 44.00 41.03 46.17 47.83
2.63 5.25 1.62 1.02 43.93 40.93 46.05 48.03
2.49 5.02 1.52 0.93 44.17 41.13 46.33 48.43
2.19 4.47 1.32 0.78 44.72 41.63 46.92 49.19
2.04 4.14 1.33 0.65 45.03 41.95 46.89 49.99
1.97 4.10 1.19 0.63 45.18 42.00 47.40 50.15
1.98 4.07 1.19 0.67 45.17 42.04 47.38 49.87
2.05 4.27 1.21 0.67 45.01 41.82 47.28 49.88
2.18 4.50 1.31 0.74 44.74 41.60 46.97 49.41
2.20 4.55 1.26 0.79 44.71 41.56 47.14 49.14
2.08 4.27 1.18 0.79 44.95 41.82 47.42 49.13
2.24 4.62 1.26 0.84 44.63 41.49 47.14 48.87
2.35 4.79 1.35 0.90 44.43 41.33 46.84 48.59
2.86 5.83 1.69 1.07 43.56 40.47 45.85 47.85
3.19 6.50 1.86 1.23 43.09 40.01 45.44 47.22
3.40 6.87 2.04 1.29 42.82 39.77 45.03 47.03
3.30 6.74 1.90 1.25 42.95 39.85 45.35 47.15
3.43 7.03 1.97 1.28 42.79 39.66 45.19 47.07
3.85 7.96 2.22 1.36 42.28 39.12 44.67 46.78
3.91 8.08 2.28 1.35 42.21 39.06 44.54 46.83
3.69 7.53 2.19 1.34 42.46 39.36 44.72 46.86
3.98 8.37 2.31 1.26 42.13 38.91 44.48 47.13
3.72 7.77 2.12 1.25 42.43 39.23 44.86 47.15
3.48 7.19 2.04 1.23 42.71 39.56 45.04 47.24
3.45 6.91 2.01 1.44 42.75 39.74 45.11 46.54
3.24 6.38 1.90 1.44 43.03 40.09 45.35 46.54
2.97 5.69 1.87 1.34 43.41 40.58 45.40 46.85
2.87 5.31 1.86 1.45 43.55 40.88 45.45 46.52
2.55 4.66 1.63 1.34 44.07 41.44 46.00 46.84
2.60 4.69 1.66 1.45 43.98 41.42 45.93 46.52
