5.99 12.66 3.14 2.17 40.36 37.11 43.17 44.77
6.34 13.68 3.03 2.31 40.11 36.77 43.32 44.50
6.43 14.04 3.05 2.19 40.05 36.66 43.29 44.72
6.44 14.14 3.04 2.15 40.04 36.63 43.30 44.80
6.49 14.09 3.18 2.19 40.01 36.64 43.10 44.73
6.86 15.00 3.21 2.37 39.77 36.37 43.07 44.39
7.01 15.25 3.38 2.40 39.67 36.30 42.85 44.33
7.51 16.47 3.56 2.51 39.37 35.96 42.62 44.14
6.43 13.99 3.14 2.15 40.05 36.67 43.16 44.81
7.17 15.57 3.35 2.60 39.57 36.21 42.88 43.98
7.25 15.82 3.30 2.64 39.53 36.14 42.95 43.91
6.88 15.36 3.03 2.25 39.75 36.27 43.32 44.60
6.74 14.97 3.04 2.20 39.85 36.38 43.30 44.70
7.87 17.56 3.68 2.38 39.17 35.69 42.47 44.37
7.58 17.24 3.18 2.32 39.33 35.77 43.10 44.48
8.00 18.16 3.44 2.39 39.10 35.54 42.77 44.35
7.34 16.60 3.27 2.16 39.47 35.93 42.99 44.79
7.27 16.67 3.19 1.96 39.51 35.91 43.10 45.22
6.43 14.74 2.82 1.72 40.05 36.45 43.63 45.77
6.42 14.79 2.75 1.73 40.05 36.43 43.73 45.76
6.33 14.34 2.86 1.78 40.12 36.57 43.57 45.62
6.02 13.54 2.64 1.87 40.34 36.81 43.92 45.41
6.20 13.76 2.89 1.95 40.21 36.74 43.53 45.24
5.86 12.90 2.83 1.83 40.45 37.02 43.61 45.50
5.00 11.02 2.40 1.58 41.14 37.71 44.32 46.13
4.74 10.55 2.25 1.44 41.37 37.90 44.61 46.56
4.21 9.36 1.94 1.34 41.89 38.42 45.25 46.88
4.06 9.11 1.90 1.17 42.04 38.54 45.33 47.44
3.84 8.51 1.86 1.13 42.29 38.83 45.42 47.59
3.98 8.64 2.05 1.26 42.13 38.77 45.01 47.11
2.91 5.68 1.87 1.18 43.50 40.59 45.42 47.42
2.81 5.42 1.72 1.26 43.66 40.79 45.77 47.11
3.14 6.10 1.88 1.45 43.16 40.28 45.40 46.51
3.14 6.03 1.95 1.42 43.17 40.33 45.23 46.61
2.78 5.30 1.72 1.31 43.70 40.89 45.77 46.96
2.59 4.95 1.62 1.21 44.00 41.19 46.05 47.32
2.80 5.43 1.74 1.23 43.67 40.79 45.72 47.24
2.58 4.91 1.67 1.16 44.02 41.23 45.91 47.48
2.57 4.95 1.64 1.14 44.03 41.19 45.99 47.58
2.90 5.58 1.80 1.33 43.51 40.67 45.58 46.90
3.19 6.13 1.97 1.46 43.10 40.26 45.19 46.49
3.02 5.90 1.84 1.33 43.33 40.43 45.50 46.90
2.89 5.77 1.73 1.17 43.52 40.52 45.75 47.43
2.67 5.48 1.59 0.95 43.86 40.74 46.12 48.34
2.59 5.34 1.54 0.89 44.00 40.86 46.26 48.64
2.48 5.14 1.50 0.81 44.19 41.03 46.38 49.03
2.38 4.95 1.47 0.73 44.36 41.19 46.47 49.49
2.28 4.77 1.40 0.67 44.54 41.34 46.67 49.85
2.18 4.57 1.33 0.66 44.74 41.53 46.89 49.97
1.92 4.08 1.17 0.52 45.29 42.03 47.44 51.00
1.76 3.75 1.13 0.42 45.67 42.39 47.61 51.94
1.85 3.93 1.16 0.47 45.45 42.19 47.48 51.46
2.11 4.52 1.29 0.51 44.89 41.58 47.04 51.02
2.07 4.45 1.28 0.48 44.97 41.65 47.06 51.31
2.14 4.62 1.28 0.53 44.82 41.48 47.07 50.87
1.98 4.30 1.17 0.46 45.17 41.80 47.43 51.50
1.96 4.29 1.11 0.49 45.21 41.81 47.70 51.23
1.77 3.82 1.02 0.46 45.66 42.31 48.06 51.51
1.57 3.37 0.90 0.45 46.17 42.85 48.61 51.61
1.64 3.46 0.97 0.48 45.99 42.74 48.27 51.33
1.76 3.73 1.08 0.45 45.68 42.41 47.79 51.59
1.75 3.70 1.12 0.45 45.69 42.46 47.64 51.66
1.51 3.13 0.98 0.42 46.34 43.18 48.21 51.89
1.46 3.16 0.91 0.32 46.48 43.14 48.53 53.08
1.39 2.96 0.90 0.32 46.69 43.42 48.59 53.00
1.48 3.19 0.91 0.33 46.44 43.09 48.56 52.92
1.67 3.53 1.03 0.45 45.90 42.65 48.00 51.60
1.66 3.47 1.04 0.45 45.94 42.73 47.94 51.57
1.52 3.13 0.99 0.43 46.32 43.17 48.17 51.85
1.47 3.12 0.95 0.35 46.45 43.19 48.38 52.72
1.46 3.09 0.94 0.33 46.50 43.23 48.41 52.88
1.42 3.01 0.92 0.33 46.61 43.34 48.50 53.00
1.59 3.26 1.05 0.46 46.12 42.99 47.93 51.54
1.52 3.12 1.00 0.43 46.32 43.18 48.13 51.84
1.60 3.32 1.02 0.45 46.10 42.92 48.03 51.61
1.94 3.92 1.33 0.59 45.24 42.20 46.91 50.43
2.25 4.36 1.57 0.80 44.62 41.74 46.18 49.09
2.48 4.59 1.75 1.11 44.18 41.52 45.70 47.67
2.65 4.83 1.73 1.38 43.91 41.30 45.74 46.74
3.02 5.40 1.95 1.72 43.33 40.82 45.22 45.79
3.23 5.68 2.20 1.83 43.04 40.59 44.71 45.52
3.16 5.50 2.10 1.88 43.14 40.73 44.92 45.40
2.99 5.10 2.06 1.82 43.37 41.06 45.00 45.54
2.78 4.67 1.84 1.83 43.70 41.45 45.49 45.51
2.86 4.72 1.98 1.87 43.57 41.40 45.17 45.41
2.75 4.49 1.91 1.85 43.75 41.62 45.32 45.48
2.81 4.59 1.91 1.93 43.65 41.53 45.32 45.29
2.54 4.08 1.81 1.72 44.10 42.04 45.55 45.81
2.34 3.81 1.59 1.60 44.46 42.33 46.12 46.09
2.28 3.72 1.56 1.56 44.57 42.44 46.22 46.22
2.32 3.85 1.51 1.60 44.48 42.28 46.35 46.09
2.60 4.29 1.74 1.77 43.99 41.81 45.74 45.67
2.60 4.29 1.69 1.83 43.98 41.81 45.85 45.51
2.44 4.05 1.59 1.66 44.26 42.05 46.11 45.92
2.17 3.54 1.39 1.58 44.76 42.63 46.70 46.14
2.06 3.39 1.28 1.50 45.00 42.83 47.07 46.37
2.12 3.49 1.34 1.53 44.87 42.70 46.88 46.30
2.52 4.18 1.71 1.67 44.11 41.92 45.80 45.89
2.69 4.66 1.78 1.63 43.84 41.45 45.64 46.01
2.83 4.98 1.86 1.64 43.62 41.16 45.43 45.98
2.98 5.16 2.01 1.76 43.40 41.01 45.10 45.69
3.16 5.46 2.09 1.93 43.14 40.76 44.94 45.27
2.99 5.35 1.98 1.65 43.37 40.85 45.16 45.97
3.26 5.84 2.13 1.80 43.01 40.47 44.86 45.57
3.14 5.70 2.13 1.59 43.16 40.58 44.85 46.11
3.24 5.94 2.22 1.55 43.04 40.40 44.67 46.23
3.32 6.06 2.24 1.65 42.93 40.31 44.64 45.96
3.27 5.98 2.21 1.62 42.99 40.37 44.70 46.04
2.99 5.60 1.95 1.43 43.37 40.65 45.23 46.60
2.77 5.35 1.78 1.16 43.72 40.85 45.63 47.49
2.61 4.94 1.70 1.20 43.97 41.20 45.84 47.36
2.61 4.98 1.63 1.22 43.97 41.16 46.02 47.26
2.26 4.23 1.49 1.07 44.59 41.87 46.40 47.86
2.28 4.21 1.51 1.14 44.55 41.89 46.34 47.58
2.45 4.61 1.58 1.14 44.26 41.50 46.15 47.58
2.71 5.08 1.74 1.33 43.80 41.08 45.74 46.91
2.74 5.24 1.71 1.28 43.75 40.94 45.82 47.07
2.79 5.31 1.70 1.36 43.68 40.88 45.83 46.79
2.84 5.43 1.69 1.40 43.60 40.79 45.86 46.65
2.95 5.61 1.76 1.50 43.43 40.64 45.69 46.39
2.85 5.35 1.71 1.48 43.59 40.86 45.79 46.44
3.23 6.13 1.91 1.64 43.05 40.27 45.32 45.98
3.05 5.85 1.73 1.57 43.30 40.47 45.77 46.17
3.34 6.51 1.86 1.66 42.90 40.00 45.45 45.95
3.16 6.05 1.81 1.61 43.14 40.32 45.56 46.08
3.36 6.54 1.86 1.69 42.87 39.99 45.43 45.85
3.11 6.10 1.71 1.51 43.21 40.29 45.80 46.35
3.30 6.69 1.78 1.45 42.95 39.89 45.64 46.53
2.99 6.17 1.57 1.23 43.38 40.24 46.17 47.26
3.13 6.69 1.58 1.11 43.19 39.89 46.17 47.67
2.97 6.35 1.49 1.06 43.42 40.12 46.39 47.91
3.22 7.08 1.59 0.99 43.07 39.65 46.14 48.20
3.27 7.12 1.66 1.04 42.99 39.62 45.93 47.98
3.75 8.12 1.81 1.33 42.39 39.04 45.55 46.91
4.08 8.80 1.94 1.50 42.03 38.70 45.25 46.39
4.45 9.71 2.11 1.52 41.66 38.27 44.89 46.32
4.46 9.57 2.27 1.55 41.64 38.33 44.58 46.24
4.53 9.74 2.30 1.53 41.58 38.25 44.51 46.29
4.62 10.04 2.37 1.45 41.50 38.13 44.39 46.53
4.80 10.60 2.45 1.37 41.32 37.89 44.25 46.77
4.90 10.84 2.53 1.34 41.23 37.79 44.10 46.85
4.55 10.09 2.26 1.32 41.55 38.10 44.59 46.94
4.54 10.10 2.19 1.32 41.57 38.09 44.73 46.94
3.94 8.69 1.87 1.25 42.19 38.75 45.42 47.17
3.52 7.81 1.72 1.04 42.66 39.20 45.77 47.98
2.98 6.73 1.41 0.79 43.39 39.85 46.64 49.14
2.50 5.66 1.25 0.60 44.15 40.60 47.16 50.38
2.30 5.23 1.15 0.52 44.51 40.94 47.51 51.02
2.25 5.06 1.19 0.50 44.61 41.09 47.36 51.16
2.33 5.27 1.23 0.49 44.45 40.91 47.22 51.23
2.45 5.52 1.34 0.50 44.23 40.71 46.87 51.14
2.52 5.69 1.36 0.50 44.12 40.58 46.80 51.15
2.31 5.17 1.27 0.48 44.50 41.00 47.08 51.34
2.13 4.81 1.19 0.40 44.84 41.31 47.38 52.08
2.15 4.88 1.17 0.41 44.80 41.25 47.46 51.96
2.22 5.06 1.20 0.40 44.67 41.09 47.35 52.08
2.25 5.05 1.23 0.46 44.61 41.10 47.23 51.47
2.27 5.07 1.22 0.52 44.57 41.09 47.25 51.00
2.20 4.94 1.19 0.49 44.70 41.20 47.37 51.26
2.11 4.71 1.12 0.48 44.89 41.40 47.62 51.28
1.98 4.45 1.07 0.42 45.16 41.64 47.84 51.87
1.78 3.99 0.99 0.38 45.61 42.12 48.18 52.34
1.91 4.21 1.13 0.39 45.32 41.89 47.61 52.23
1.99 4.42 1.18 0.37 45.14 41.68 47.40 52.41
2.39 5.25 1.41 0.50 44.35 40.93 46.63 51.15
2.56 5.62 1.51 0.55 44.05 40.63 46.34 50.75
2.51 5.56 1.44 0.51 44.14 40.68 46.54 51.04
2.39 5.36 1.30 0.50 44.35 40.84 46.98 51.14
2.50 5.68 1.33 0.49 44.16 40.59 46.91 51.24
2.32 5.23 1.28 0.46 44.47 40.94 47.07 51.56
2.19 4.84 1.24 0.51 44.72 41.29 47.21 51.05
2.23 4.87 1.28 0.52 44.66 41.25 47.05 50.96
2.44 5.25 1.42 0.63 44.27 40.93 46.60 50.12
2.32 4.93 1.39 0.64 44.48 41.21 46.72 50.09
2.16 4.54 1.33 0.60 44.80 41.57 46.91 50.32
2.12 4.51 1.30 0.57 44.86 41.59 46.99 50.61
1.96 4.12 1.24 0.52 45.20 41.98 47.20 50.96
1.90 4.00 1.19 0.52 45.34 42.11 47.38 50.99
2.02 4.19 1.26 0.62 45.07 41.91 47.13 50.18
2.29 4.63 1.39 0.86 44.53 41.47 46.72 48.80
2.12 4.25 1.34 0.77 44.87 41.85 46.85 49.26
2.25 4.47 1.41 0.87 44.61 41.62 46.63 48.76
2.40 4.74 1.49 0.96 44.34 41.37 46.41 48.32
2.61 5.15 1.62 1.06 43.96 41.01 46.03 47.89
2.64 5.12 1.68 1.12 43.92 41.04 45.88 47.64
2.56 4.88 1.64 1.16 44.05 41.25 45.98 47.50
2.63 4.93 1.69 1.28 43.93 41.21 45.84 47.07
2.50 4.64 1.63 1.23 44.15 41.47 46.00 47.23
2.61 4.89 1.69 1.27 43.96 41.25 45.87 47.10
2.79 5.27 1.72 1.36 43.68 40.91 45.77 46.80
2.83 5.32 1.78 1.41 43.60 40.87 45.63 46.66
2.81 5.29 1.78 1.35 43.65 40.89 45.62 46.83
2.60 4.88 1.68 1.23 43.99 41.25 45.89 47.22
2.46 4.61 1.64 1.12 44.22 41.50 45.97 47.63
2.46 4.60 1.65 1.12 44.23 41.50 45.96 47.63
2.55 4.71 1.80 1.13 44.07 41.40 45.57 47.61
2.62 4.84 1.75 1.28 43.95 41.29 45.72 47.07
2.61 4.70 1.75 1.37 43.97 41.42 45.69 46.76
2.43 4.36 1.64 1.30 44.27 41.74 45.99 46.98
2.45 4.48 1.65 1.23 44.23 41.62 45.96 47.22
2.51 4.62 1.64 1.26 44.14 41.48 45.98 47.14
2.56 4.62 1.70 1.36 44.05 41.48 45.82 46.81
2.60 4.61 1.75 1.44 43.98 41.49 45.70 46.56
2.52 4.38 1.71 1.47 44.12 41.72 45.79 46.46
2.59 4.42 1.73 1.62 44.00 41.68 45.74 46.05
2.48 4.21 1.71 1.52 44.19 41.89 45.81 46.32
2.20 3.73 1.47 1.41 44.70 42.41 46.45 46.63
1.93 3.15 1.32 1.34 45.27 43.15 46.94 46.86
2.19 3.48 1.66 1.43 44.73 42.71 45.94 46.57
2.57 4.14 2.00 1.57 44.04 41.97 45.13 46.18
2.58 4.19 1.95 1.60 44.01 41.90 45.24 46.08
2.82 4.63 2.15 1.67 43.63 41.47 44.81 45.89
2.84 4.71 2.08 1.73 43.59 41.40 44.95 45.75
2.77 4.66 1.91 1.73 43.71 41.45 45.31 45.75
3.02 5.15 2.18 1.73 43.33 41.01 44.75 45.75
3.02 5.12 2.15 1.79 43.33 41.04 44.81 45.60
3.16 5.37 2.29 1.83 43.13 40.84 44.54 45.50
3.33 5.61 2.44 1.94 42.91 40.64 44.25 45.24
3.62 6.07 2.69 2.10 42.55 40.30 43.83 44.92
3.54 5.91 2.61 2.09 42.64 40.41 43.95 44.94
3.27 5.56 2.35 1.90 42.98 40.68 44.41 45.35
3.52 6.03 2.61 1.92 42.67 40.33 43.98 45.30
3.34 5.65 2.49 1.89 42.89 40.61 44.17 45.36
4.04 7.04 2.83 2.24 42.07 39.66 43.61 44.62
4.10 6.94 2.93 2.42 42.00 39.72 43.45 44.29
4.78 8.25 3.43 2.66 41.34 38.97 42.77 43.89
4.79 8.43 3.12 2.82 41.33 38.87 43.19 43.64
5.03 8.87 3.42 2.81 41.11 38.65 42.79 43.64
5.53 9.82 3.73 3.03 40.71 38.21 42.41 43.32
6.06 10.91 3.92 3.35 40.31 37.75 42.20 42.89
5.98 10.74 3.94 3.27 40.36 37.82 42.17 42.99
6.01 10.95 3.86 3.22 40.34 37.74 42.27 43.04
6.17 11.26 3.85 3.40 40.23 37.62 42.27 42.81
5.51 10.19 3.23 3.12 40.72 38.05 43.04 43.19
5.11 9.53 3.09 2.70 41.05 38.34 43.23 43.81
4.78 9.05 2.90 2.38 41.34 38.56 43.51 44.37
4.74 8.97 2.85 2.39 41.38 38.60 43.58 44.35
4.31 8.33 2.54 2.07 41.79 38.93 44.09 44.96
3.93 7.62 2.37 1.79 42.19 39.31 44.38 45.62
3.58 6.93 2.24 1.58 42.59 39.73 44.63 46.14
3.37 6.61 2.10 1.39 42.86 39.93 44.92 46.69
3.74 7.49 2.27 1.45 42.41 39.40 44.57 46.51
3.37 6.67 2.13 1.30 42.86 39.90 44.85 46.99
3.15 6.46 1.90 1.10 43.15 40.04 45.34 47.69
2.95 6.03 1.77 1.03 43.44 40.33 45.65 48.01
3.12 6.46 1.84 1.06 43.20 40.04 45.49 47.87
3.04 6.20 1.82 1.11 43.31 40.22 45.54 47.67
3.00 6.15 1.76 1.08 43.37 40.25 45.67 47.79
2.81 5.70 1.74 1.00 43.64 40.58 45.72 48.12
2.69 5.51 1.61 0.95 43.84 40.72 46.07 48.37
2.96 6.05 1.85 0.98 43.43 40.32 45.47 48.22
2.85 5.84 1.75 0.97 43.58 40.48 45.71 48.26
2.85 5.74 1.77 1.03 43.59 40.54 45.64 47.99
3.09 6.19 1.91 1.16 43.24 40.22 45.32 47.48
3.07 6.28 1.87 1.08 43.25 40.15 45.42 47.81
2.93 6.02 1.72 1.06 43.46 40.33 45.78 47.88
2.81 5.71 1.67 1.05 43.65 40.57 45.91 47.95
2.86 5.72 1.72 1.13 43.57 40.56 45.77 47.60
2.91 5.81 1.71 1.20 43.50 40.49 45.79 47.35
2.93 5.82 1.72 1.26 43.46 40.49 45.79 47.12
2.81 5.56 1.70 1.18 43.64 40.68 45.84 47.43
2.66 5.30 1.57 1.12 43.88 40.89 46.15 47.66
2.42 4.77 1.45 1.04 44.29 41.34 46.52 47.96
2.38 4.68 1.46 1.00 44.36 41.42 46.49 48.14
2.64 5.29 1.58 1.05 43.92 40.90 46.14 47.93
2.56 5.10 1.57 0.99 44.06 41.05 46.18 48.17
2.94 5.97 1.68 1.17 43.45 40.38 45.87 47.45
2.88 5.73 1.73 1.18 43.54 40.55 45.75 47.43
2.98 5.97 1.72 1.24 43.39 40.37 45.79 47.18
3.06 6.15 1.77 1.25 43.28 40.24 45.64 47.17
2.93 5.95 1.71 1.12 43.47 40.38 45.80 47.62
2.94 6.00 1.71 1.09 43.46 40.35 45.79 47.77
2.85 5.88 1.66 1.00 43.58 40.43 45.92 48.11
2.52 5.23 1.48 0.84 44.13 40.95 46.43 48.90
2.24 4.64 1.39 0.68 44.63 41.47 46.70 49.76
2.19 4.63 1.27 0.69 44.72 41.48 47.09 49.76
2.20 4.61 1.27 0.72 44.70 41.49 47.09 49.56
2.31 4.90 1.30 0.72 44.49 41.22 46.99 49.54
2.39 5.00 1.36 0.82 44.35 41.15 46.81 49.01
2.46 5.20 1.34 0.85 44.22 40.97 46.87 48.84
2.38 4.98 1.29 0.87 44.37 41.16 47.02 48.76
2.59 5.34 1.42 1.00 44.01 40.86 46.61 48.14
2.72 5.59 1.52 1.05 43.79 40.66 46.30 47.93
3.12 6.46 1.75 1.14 43.19 40.03 45.69 47.57
3.36 6.90 1.93 1.25 42.87 39.74 45.26 47.17
3.57 7.28 2.06 1.36 42.61 39.51 44.98 46.81
3.61 7.48 2.01 1.33 42.56 39.39 45.10 46.89
4.05 8.41 2.27 1.49 42.05 38.88 44.58 46.40
4.41 9.17 2.48 1.58 41.68 38.51 44.19 46.13
4.52 9.54 2.47 1.54 41.58 38.33 44.20 46.24
4.11 8.52 2.35 1.45 41.99 38.83 44.41 46.53
4.50 9.67 2.46 1.36 41.60 38.28 44.23 46.78
3.97 8.48 2.13 1.29 42.15 38.85 44.86 47.02
3.76 7.91 2.12 1.26 42.38 39.15 44.88 47.12
3.55 7.28 2.02 1.37 42.62 39.51 45.09 46.77
3.75 7.72 2.03 1.50 42.39 39.26 45.05 46.38
3.54 7.08 2.10 1.44 42.64 39.63 44.92 46.54
3.45 6.81 2.02 1.52 42.75 39.80 45.08 46.32
3.11 6.01 1.91 1.40 43.21 40.34 45.33 46.65
3.20 6.04 1.97 1.60 43.07 40.32 45.18 46.08
