0.00 0.00 0.00 0.00 0.00 0.00 0.00 0.00
0.00 0.00 0.00 0.00 0.00 0.00 0.00 0.00
0.00 0.00 0.00 0.00 0.00 0.00 0.00 0.00
0.00 0.00 0.00 0.00 0.00 0.00 0.00 0.00
0.00 0.00 0.00 0.00 0.00 0.00 0.00 0.00
0.00 0.00 0.00 0.00 0.00 0.00 0.00 0.00
0.00 0.00 0.00 0.00 0.00 0.00 0.00 0.00
0.00 0.00 0.00 0.00 0.00 0.00 0.00 0.00
0.00 0.00 0.00 0.00 0.00 0.00 0.00 0.00
0.00 0.00 0.00 0.00 0.00 0.00 0.00 0.00
0.00 0.00 0.00 0.00 0.00 0.00 0.00 0.00
0.00 0.00 0.00 0.00 0.00 0.00 0.00 0.00
0.00 0.00 0.00 0.00 0.00 0.00 0.00 0.00
0.00 0.00 0.00 0.00 0.00 0.00 0.00 0.00
0.00 0.00 0.00 0.00 0.00 0.00 0.00 0.00
0.00 0.00 0.00 0.00 0.00 0.00 0.00 0.00
0.00 0.00 0.00 0.00 0.00 0.00 0.00 0.00
0.00 0.00 0.00 0.00 0.00 0.00 0.00 0.00
0.00 0.00 0.00 0.00 0.00 0.00 0.00 0.00
0.00 0.00 0.00 0.00 0.00 0.00 0.00 0.00
0.00 0.00 0.00 0.00 0.00 0.00 0.00 0.00
0.00 0.00 0.00 0.00 0.00 0.00 0.00 0.00
0.00 0.00 0.00 0.00 0.00 0.00 0.00 0.00
0.00 0.00 0.00 0.00 0.00 0.00 0.00 0.00
0.00 0.00 0.00 0.00 0.00 0.00 0.00 0.00
0.00 0.00 0.00 0.00 0.00 0.00 0.00 0.00
0.00 0.00 0.00 0.00 0.00 0.00 0.00 0.00
0.00 0.00 0.00 0.00 0.00 0.00 0.00 0.00
0.00 0.00 0.00 0.00 0.00 0.00 0.00 0.00
0.00 0.00 0.00 0.00 0.00 0.00 0.00 0.01
0.00 0.02 0.00 0.00 0.00 0.01 0.00 0.01
0.00 0.03 0.00 0.00 0.01 0.02 0.00 0.01
0.01 0.02 0.00 0.00 0.01 0.01 0.02 0.02
0.01 0.02 0.01 0.00 0.01 0.01 0.03 0.01
0.00 0.01 0.00 0.00 0.01 0.01 0.01 0.01
0.01 0.05 0.01 0.00 0.03 0.03 0.05 0.03
0.03 0.09 0.01 0.01 0.06 0.05 0.06 0.14
0.03 0.07 0.02 0.01 0.07 0.05 0.13 0.11
0.02 0.07 0.02 0.00 0.06 0.05 0.11 0.05
0.02 0.06 0.02 0.00 0.04 0.03 0.10 0.04
0.00 0.01 0.01 0.00 0.01 0.01 0.02 0.01
0.01 0.02 0.01 0.00 0.01 0.01 0.03 0.01
0.00 0.01 0.00 0.00 0.00 0.00 0.02 0.01
0.00 0.02 0.00 0.00 0.01 0.01 0.01 0.01
0.00 0.02 0.00 0.00 0.01 0.01 0.01 0.01
0.01 0.05 0.00 0.00 0.02 0.03 0.01 0.02
0.00 0.03 0.00 0.00 0.02 0.02 0.01 0.03
0.01 0.04 0.00 0.00 0.02 0.03 0.01 0.02
0.00 0.03 0.00 0.00 0.02 0.02 0.01 0.03
0.01 0.04 0.00 0.00 0.03 0.04 0.01 0.01
0.00 0.03 0.00 0.00 0.02 0.03 0.01 0.01
0.01 0.04 0.00 0.00 0.03 0.05 0.01 0.03
0.01 0.05 0.00 0.00 0.03 0.04 0.02 0.02
0.01 0.04 0.00 0.00 0.02 0.03 0.02 0.01
0.01 0.04 0.00 0.00 0.02 0.03 0.01 0.02
0.00 0.04 0.00 0.00 0.02 0.03 0.01 0.02
0.01 0.05 0.00 0.00 0.03 0.04 0.01 0.01
0.00 0.03 0.00 0.00 0.02 0.03 0.01 0.01
0.00 0.00 0.00 0.00 0.00 0.01 0.00 0.01
0.00 0.01 0.00 0.00 0.01 0.01 0.00 0.02
0.00 0.01 0.00 0.00 0.01 0.01 0.03 0.03
0.00 0.01 0.00 0.00 0.01 0.01 0.03 0.01
0.00 0.01 0.01 0.00 0.03 0.02 0.08 0.08
0.00 0.00 0.00 0.00 0.00 0.00 0.04 0.06
0.00 0.00 0.00 0.00 0.00 0.00 0.02 0.05
0.00 0.00 0.00 0.00 0.00 0.00 0.01 0.05
0.00 0.00 0.00 0.00 0.00 0.00 0.01 0.02
0.00 0.00 0.00 0.00 0.00 0.00 0.00 0.02
0.00 0.00 0.00 0.00 0.00 0.00 0.01 0.01
0.00 0.00 0.00 0.00 0.00 0.00 0.00 0.03
0.00 0.00 0.00 0.00 0.00 0.00 0.00 0.05
0.00 0.00 0.00 0.00 0.00 0.00 0.00 0.04
0.00 0.00 0.00 0.00 0.00 0.00 0.01 0.01
0.00 0.00 0.00 0.00 0.00 0.01 0.01 0.02
0.00 0.00 0.00 0.00 0.00 0.00 0.01 0.03
0.00 0.00 0.00 0.00 0.00 0.00 0.01 0.01
0.00 0.00 0.00 0.00 0.00 0.00 0.00 0.00
0.00 0.00 0.00 0.00 0.00 0.00 0.00 0.00
0.00 0.00 0.00 0.00 0.00 0.00 0.01 0.00
0.00 0.00 0.00 0.00 0.00 0.00 0.00 0.00
0.00 0.00 0.00 0.00 0.00 0.00 0.00 0.01
0.00 0.01 0.00 0.00 0.00 0.00 0.00 0.00
0.00 0.00 0.00 0.00 0.00 0.00 0.00 0.00
0.00 0.00 0.00 0.00 0.00 0.00 0.01 0.00
0.00 0.00 0.00 0.00 0.00 0.00 0.00 0.00
0.00 0.00 0.00 0.00 0.00 0.00 0.00 0.00
0.00 0.00 0.00 0.00 0.00 0.00 0.00 0.00
0.00 0.00 0.00 0.00 0.00 0.00 0.00 0.00
0.00 0.00 0.00 0.00 0.00 0.00 0.01 0.00
0.00 0.00 0.00 0.00 0.00 0.00 0.00 0.00
0.01 0.03 0.00 0.00 0.02 0.03 0.01 0.00
0.02 0.08 0.00 0.01 0.05 0.08 0.01 0.04
0.03 0.13 0.01 0.00 0.07 0.11 0.05 0.02
0.00 0.00 0.00 0.00 0.01 0.00 0.00 0.03
0.02 0.06 0.01 0.00 0.06 0.07 0.08 0.03
0.00 0.01 0.00 0.00 0.02 0.02 0.02 0.02
0.02 0.04 0.01 0.01 0.06 0.05 0.08 0.06
0.01 0.02 0.01 0.01 0.03 0.02 0.04 0.04
0.01 0.02 0.00 0.00 0.01 0.01 0.01 0.02
0.01 0.03 0.01 0.00 0.02 0.02 0.03 0.01
0.01 0.04 0.01 0.00 0.02 0.02 0.03 0.01
0.01 0.03 0.00 0.00 0.01 0.01 0.01 0.01
0.00 0.00 0.00 0.00 0.00 0.00 0.00 0.01
0.00 0.03 0.00 0.00 0.01 0.01 0.00 0.00
0.01 0.02 0.00 0.00 0.01 0.01 0.01 0.01
0.00 0.02 0.00 0.00 0.00 0.01 0.01 0.00
0.00 0.01 0.00 0.00 0.00 0.00 0.00 0.01
0.00 0.01 0.00 0.00 0.00 0.00 0.00 0.00
0.00 0.01 0.00 0.00 0.00 0.01 0.00 0.00
0.00 0.01 0.00 0.00 0.01 0.01 0.00 0.01
0.00 0.01 0.00 0.00 0.00 0.00 0.00 0.00
0.01 0.04 0.00 0.00 0.02 0.03 0.02 0.02
0.02 0.09 0.01 0.01 0.07 0.08 0.06 0.09
0.01 0.03 0.00 0.00 0.03 0.03 0.03 0.03
0.03 0.08 0.01 0.01 0.07 0.05 0.07 0.17
0.01 0.03 0.01 0.01 0.02 0.02 0.03 0.08
0.00 0.01 0.00 0.00 0.01 0.01 0.02 0.02
0.00 0.02 0.00 0.00 0.01 0.01 0.01 0.01
0.00 0.01 0.00 0.00 0.00 0.01 0.00 0.00
0.00 0.01 0.00 0.00 0.00 0.00 0.00 0.00
0.01 0.03 0.00 0.00 0.01 0.02 0.01 0.01
0.00 0.02 0.00 0.00 0.01 0.01 0.01 0.01
0.00 0.00 0.00 0.00 0.00 0.00 0.00 0.01
0.00 0.01 0.00 0.00 0.01 0.00 0.01 0.02
0.00 0.00 0.00 0.00 0.00 0.00 0.00 0.00
0.00 0.00 0.00 0.00 0.00 0.00 0.00 0.00
0.00 0.00 0.00 0.00 0.00 0.00 0.00 0.01
0.00 0.00 0.00 0.00 0.00 0.00 0.00 0.00
0.00 0.00 0.00 0.00 0.00 0.00 0.00 0.01
0.00 0.00 0.00 0.00 0.00 0.00 0.00 0.01
0.00 0.00 0.00 0.00 0.00 0.00 0.00 0.01
0.00 0.00 0.00 0.00 0.00 0.00 0.00 0.01
0.00 0.00 0.00 0.00 0.00 0.00 0.00 0.01
0.00 0.00 0.00 0.00 0.00 0.00 0.00 0.01
0.00 0.00 0.00 0.00 0.00 0.00 0.00 0.01
0.00 0.00 0.00 0.00 0.00 0.00 0.00 0.00
0.00 0.00 0.00 0.00 0.00 0.00 0.00 0.00
0.00 0.00 0.00 0.00 0.00 0.00 0.00 0.01
0.00 0.00 0.00 0.00 0.00 0.00 0.00 0.00
0.00 0.00 0.00 0.00 0.00 0.00 0.00 0.01
0.00 0.00 0.00 0.00 0.00 0.00 0.00 0.00
0.00 0.00 0.00 0.00 0.00 0.00 0.00 0.01
0.00 0.00 0.00 0.00 0.00 0.00 0.00 0.00
0.00 0.00 0.00 0.00 0.00 0.00 0.00 0.00
0.00 0.00 0.00 0.00 0.00 0.00 0.00 0.00
0.00 0.00 0.00 0.00 0.00 0.00 0.00 0.01
0.00 0.00 0.00 0.00 0.00 0.00 0.00 0.01
0.00 0.00 0.00 0.00 0.00 0.00 0.01 0.04
0.00 0.00 0.00 0.00 0.00 0.00 0.00 0.06
0.00 0.00 0.00 0.00 0.00 0.00 0.00 0.04
0.00 0.00 0.00 0.00 0.00 0.00 0.01 0.02
0.00 0.00 0.00 0.00 0.00 0.00 0.00 0.02
0.00 0.00 0.00 0.00 0.00 0.00 0.00 0.02
0.00 0.00 0.00 0.00 0.00 0.00 0.00 0.04
0.00 0.00 0.00 0.00 0.00 0.00 0.00 0.03
0.00 0.00 0.00 0.00 0.00 0.00 0.00 0.04
0.00 0.00 0.00 0.00 0.00 0.00 0.00 0.02
0.00 0.00 0.00 0.00 0.00 0.00 0.00 0.01
0.00 0.00 0.00 0.00 0.00 0.00 0.01 0.01
0.00 0.00 0.00 0.00 0.00 0.00 0.00 0.02
0.00 0.00 0.00 0.00 0.00 0.00 0.00 0.01
0.00 0.00 0.00 0.00 0.00 0.00 0.02 0.02
0.00 0.01 0.00 0.00 0.00 0.01 0.01 0.03
0.00 0.01 0.00 0.00 0.01 0.01 0.01 0.02
0.00 0.01 0.00 0.00 0.00 0.01 0.01 0.02
0.00 0.03 0.00 0.00 0.01 0.01 0.02 0.02
0.01 0.04 0.00 0.00 0.01 0.02 0.01 0.02
0.00 0.02 0.00 0.00 0.01 0.01 0.02 0.01
0.00 0.02 0.00 0.00 0.01 0.01 0.01 0.01
0.00 0.02 0.00 0.00 0.01 0.01 0.02 0.01
0.01 0.03 0.00 0.00 0.02 0.02 0.03 0.01
0.00 0.03 0.00 0.00 0.01 0.02 0.02 0.01
0.00 0.01 0.00 0.00 0.00 0.00 0.00 0.01
0.00 0.01 0.00 0.00 0.01 0.01 0.00 0.00
0.00 0.02 0.00 0.00 0.01 0.01 0.01 0.01
0.00 0.01 0.00 0.00 0.01 0.01 0.00 0.01
0.00 0.01 0.00 0.00 0.01 0.01 0.00 0.01
0.00 0.01 0.00 0.00 0.01 0.01 0.01 0.04
0.00 0.01 0.00 0.00 0.01 0.01 0.01 0.01
0.00 0.01 0.00 0.00 0.00 0.01 0.01 0.00
0.00 0.00 0.00 0.00 0.00 0.00 0.00 0.01
0.00 0.01 0.00 0.00 0.01 0.01 0.01 0.01
0.00 0.01 0.00 0.00 0.00 0.01 0.00 0.01
0.00 0.01 0.00 0.00 0.00 0.00 0.01 0.01
0.00 0.00 0.00 0.00 0.00 0.00 0.01 0.00
0.00 0.00 0.00 0.00 0.00 0.00 0.01 0.00
0.00 0.01 0.00 0.00 0.00 0.00 0.01 0.00
0.00 0.00 0.00 0.00 0.00 0.00 0.00 0.00
0.00 0.00 0.00 0.00 0.00 0.00 0.00 0.00
0.00 0.00 0.00 0.00 0.00 0.00 0.00 0.00
0.00 0.00 0.00 0.00 0.00 0.00 0.01 0.01
0.00 0.00 0.00 0.00 0.00 0.00 0.00 0.01
0.00 0.00 0.00 0.00 0.00 0.00 0.00 0.00
0.00 0.00 0.00 0.00 0.00 0.00 0.00 0.02
0.00 0.00 0.00 0.00 0.00 0.00 0.00 0.01
0.00 0.00 0.00 0.00 0.00 0.00 0.00 0.01
0.00 0.00 0.00 0.00 0.00 0.00 0.00 0.00
0.00 0.00 0.00 0.00 0.00 0.00 0.00 0.01
0.00 0.00 0.00 0.00 0.00 0.00 0.01 0.01
0.00 0.00 0.00 0.00 0.00 0.00 0.00 0.02
0.00 0.00 0.00 0.00 0.00 0.00 0.00 0.02
0.00 0.00 0.00 0.00 0.00 0.00 0.00 0.01
0.00 0.00 0.00 0.00 0.00 0.00 0.01 0.00
0.00 0.00 0.00 0.00 0.00 0.00 0.00 0.00
0.00 0.00 0.00 0.00 0.00 0.00 0.00 0.00
0.00 0.00 0.00 0.00 0.00 0.00 0.00 0.00
0.00 0.00 0.00 0.00 0.00 0.00 0.01 0.00
0.00 0.00 0.00 0.00 0.00 0.00 0.01 0.01
0.00 0.00 0.00 0.00 0.00 0.00 0.00 0.00
0.00 0.00 0.00 0.00 0.00 0.00 0.01 0.00
0.00 0.00 0.00 0.00 0.00 0.00 0.00 0.00
0.00 0.00 0.00 0.00 0.00 0.00 0.00 0.00
0.00 0.00 0.00 0.00 0.00 0.00 0.00 0.00
0.00 0.00 0.00 0.00 0.00 0.00 0.00 0.00
0.00 0.00 0.00 0.00 0.00 0.00 0.01 0.00
0.00 0.01 0.00 0.00 0.00 0.00 0.00 0.00
0.00 0.01 0.00 0.00 0.00 0.01 0.00 0.00
0.00 0.01 0.00 0.00 0.00 0.01 0.00 0.00
0.00 0.00 0.00 0.00 0.00 0.00 0.00 0.00
0.00 0.01 0.00 0.00 0.00 0.00 0.00 0.01
0.00 0.00 0.00 0.00 0.00 0.00 0.00 0.00
0.00 0.00 0.00 0.00 0.00 0.00 0.01 0.00
0.00 0.00 0.00 0.00 0.00 0.00 0.01 0.00
0.00 0.00 0.00 0.00 0.00 0.00 0.00 0.00
0.00 0.00 0.00 0.00 0.00 0.00 0.00 0.00
0.00 0.00 0.00 0.00 0.00 0.00 0.00 0.00
0.00 0.00 0.00 0.00 0.00 0.00 0.00 0.00
0.00 0.00 0.00 0.00 0.00 0.00 0.00 0.00
0.00 0.01 0.00 0.00 0.00 0.00 0.00 0.00
0.00 0.01 0.00 0.00 0.00 0.00 0.00 0.00
0.00 0.00 0.00 0.00 0.00 0.00 0.00 0.00
0.00 0.01 0.00 0.00 0.00 0.00 0.00 0.00
0.00 0.00 0.00 0.00 0.00 0.00 0.00 0.00
0.00 0.00 0.00 0.00 0.00 0.00 0.00 0.00
0.00 0.00 0.00 0.00 0.00 0.00 0.00 0.00
0.00 0.00 0.00 0.00 0.00 0.00 0.00 0.00
0.00 0.00 0.00 0.00 0.00 0.00 0.00 0.00
0.00 0.00 0.00 0.00 0.00 0.00 0.00 0.00
0.00 0.00 0.00 0.00 0.00 0.00 0.00 0.00
0.00 0.00 0.00 0.00 0.00 0.00 0.00 0.00
0.06 0.37 0.01 0.00 0.07 0.11 0.03 0.03
0.15 0.70 0.03 0.02 0.14 0.17 0.09 0.10
0.27 1.38 0.06 0.02 0.30 0.38 0.18 0.15
0.15 0.80 0.03 0.01 0.20 0.25 0.11 0.11
0.24 1.34 0.05 0.01 0.34 0.44 0.23 0.07
0.10 0.53 0.02 0.01 0.14 0.17 0.08 0.09
0.08 0.46 0.01 0.01 0.12 0.16 0.03 0.08
0.10 0.54 0.02 0.00 0.15 0.20 0.08 0.05
0.10 0.61 0.01 0.00 0.18 0.25 0.07 0.05
0.12 0.68 0.02 0.00 0.23 0.30 0.11 0.07
0.11 0.61 0.01 0.01 0.18 0.22 0.05 0.18
0.09 0.45 0.02 0.01 0.16 0.19 0.09 0.14
0.03 0.14 0.00 0.00 0.06 0.07 0.02 0.06
0.04 0.20 0.00 0.00 0.06 0.08 0.02 0.05
0.04 0.19 0.00 0.00 0.06 0.07 0.02 0.06
0.03 0.14 0.01 0.00 0.05 0.06 0.03 0.03
0.03 0.19 0.00 0.00 0.06 0.09 0.02 0.03
0.03 0.15 0.00 0.00 0.05 0.07 0.02 0.03
0.03 0.12 0.01 0.00 0.05 0.06 0.03 0.04
0.03 0.12 0.01 0.00 0.05 0.06 0.05 0.03
0.02 0.08 0.00 0.00 0.03 0.04 0.01 0.03
0.02 0.07 0.00 0.00 0.04 0.04 0.01 0.05
0.03 0.13 0.00 0.00 0.07 0.09 0.04 0.07
0.01 0.06 0.00 0.00 0.04 0.04 0.02 0.04
0.01 0.05 0.00 0.00 0.03 0.03 0.01 0.03
0.01 0.06 0.00 0.00 0.03 0.04 0.01 0.04
0.03 0.15 0.01 0.01 0.06 0.07 0.03 0.06
0.04 0.21 0.01 0.01 0.08 0.10 0.04 0.08
0.09 0.37 0.03 0.01 0.15 0.15 0.14 0.14
0.08 0.34 0.02 0.02 0.13 0.13 0.10 0.18
0.02 0.10 0.00 0.00 0.03 0.04 0.03 0.03
0.03 0.14 0.01 0.00 0.05 0.06 0.03 0.05
0.03 0.14 0.00 0.00 0.05 0.06 0.02 0.04
0.03 0.14 0.01 0.00 0.06 0.08 0.04 0.04
0.02 0.14 0.00 0.00 0.08 0.10 0.04 0.03
0.03 0.21 0.00 0.00 0.10 0.15 0.03 0.04
0.03 0.19 0.00 0.00 0.10 0.13 0.05 0.06
0.06 0.31 0.01 0.00 0.16 0.19 0.11 0.10
0.04 0.26 0.01 0.00 0.12 0.16 0.05 0.06
0.08 0.45 0.01 0.01 0.19 0.24 0.10 0.13
0.13 0.65 0.03 0.02 0.32 0.35 0.22 0.30
0.14 0.67 0.03 0.01 0.28 0.31 0.23 0.21
0.10 0.54 0.02 0.01 0.19 0.24 0.12 0.08
0.10 0.49 0.02 0.01 0.15 0.17 0.10 0.15
0.21 1.02 0.03 0.03 0.26 0.30 0.14 0.26
0.30 1.54 0.06 0.03 0.32 0.38 0.20 0.22
0.33 1.68 0.07 0.03 0.34 0.39 0.24 0.25
0.18 1.06 0.02 0.01 0.16 0.22 0.05 0.08
0.30 1.66 0.05 0.02 0.22 0.27 0.12 0.14
0.22 1.31 0.02 0.01 0.16 0.21 0.06 0.07
0.15 0.89 0.03 0.01 0.14 0.18 0.08 0.06
0.24 1.35 0.03 0.02 0.17 0.21 0.08 0.14
0.30 1.65 0.04 0.02 0.27 0.31 0.14 0.22
0.24 1.38 0.03 0.02 0.24 0.30 0.09 0.18
0.29 1.48 0.06 0.02 0.31 0.38 0.21 0.19
0.25 1.33 0.05 0.02 0.25 0.31 0.17 0.11
0.31 1.54 0.05 0.04 0.33 0.40 0.18 0.23
0.30 1.44 0.09 0.02 0.34 0.41 0.29 0.15
0.25 1.26 0.04 0.04 0.35 0.45 0.16 0.25
0.34 1.74 0.08 0.03 0.43 0.58 0.29 0.14
