5.99 12.66 3.14 2.17 40.36 37.11 43.17 44.77
6.34 13.68 3.03 2.31 40.11 36.77 43.32 44.50
6.43 14.04 3.05 2.19 40.05 36.66 43.29 44.72
6.44 14.14 3.04 2.15 40.04 36.63 43.30 44.80
6.49 14.09 3.18 2.19 40.01 36.64 43.10 44.73
6.86 15.00 3.21 2.37 39.77 36.37 43.07 44.39
7.01 15.25 3.38 2.40 39.67 36.30 42.85 44.33
7.51 16.47 3.56 2.51 39.37 35.96 42.62 44.14
6.43 13.99 3.14 2.15 40.05 36.67 43.16 44.81
7.17 15.57 3.35 2.60 39.57 36.21 42.88 43.98
7.25 15.82 3.30 2.64 39.53 36.14 42.95 43.91
6.88 15.36 3.03 2.25 39.75 36.27 43.32 44.60
6.74 14.97 3.04 2.20 39.85 36.38 43.30 44.70
7.87 17.56 3.68 2.38 39.17 35.69 42.47 44.37
7.58 17.24 3.18 2.32 39.33 35.77 43.10 44.48
8.00 18.16 3.44 2.39 39.10 35.54 42.77 44.35
7.34 16.60 3.27 2.16 39.47 35.93 42.99 44.79
7.27 16.67 3.19 1.96 39.51 35.91 43.10 45.22
6.43 14.74 2.82 1.72 40.05 36.45 43.63 45.77
6.42 14.79 2.75 1.73 40.05 36.43 43.73 45.76
6.33 14.34 2.86 1.78 40.12 36.57 43.57 45.62
6.01 13.54 2.63 1.86 40.34 36.81 43.94 45.43
6.20 13.77 2.88 1.95 40.21 36.74 43.54 45.24
5.86 12.90 2.83 1.84 40.45 37.02 43.61 45.48
5.01 11.04 2.41 1.58 41.13 37.70 44.32 46.13
4.74 10.56 2.23 1.44 41.37 37.89 44.64 46.55
4.21 9.33 1.95 1.34 41.89 38.43 45.21 46.87
4.06 9.12 1.90 1.16 42.05 38.53 45.36 47.47
3.83 8.50 1.85 1.13 42.30 38.84 45.45 47.61
3.97 8.61 2.05 1.25 42.14 38.78 45.01 47.18
3.03 6.01 1.90 1.18 43.32 40.35 45.34 47.40
2.97 5.81 1.78 1.31 43.41 40.49 45.63 46.95
3.17 6.28 1.83 1.40 43.12 40.16 45.51 46.67
3.22 6.31 1.93 1.41 43.06 40.13 45.28 46.63
2.87 5.46 1.78 1.34 43.57 40.75 45.63 46.85
2.76 5.26 1.73 1.29 43.73 40.92 45.75 47.04
3.02 5.87 1.86 1.33 43.34 40.45 45.44 46.91
2.81 5.38 1.82 1.24 43.64 40.83 45.53 47.23
2.77 5.31 1.76 1.23 43.72 40.89 45.69 47.24
3.17 6.13 1.94 1.43 43.12 40.26 45.25 46.58
3.36 6.51 2.06 1.53 42.86 39.99 45.00 46.29
3.15 6.16 1.95 1.36 43.14 40.24 45.24 46.80
2.99 5.96 1.80 1.21 43.37 40.38 45.59 47.32
2.78 5.71 1.64 1.00 43.69 40.57 45.98 48.13
2.70 5.59 1.60 0.91 43.82 40.66 46.09 48.55
2.61 5.42 1.56 0.84 43.97 40.79 46.19 48.89
2.47 5.12 1.53 0.76 44.20 41.04 46.28 49.32
2.37 4.98 1.45 0.70 44.38 41.16 46.52 49.70
2.27 4.75 1.38 0.68 44.57 41.36 46.73 49.82
2.00 4.23 1.22 0.54 45.13 41.88 47.26 50.82
1.82 3.90 1.17 0.40 45.53 42.23 47.45 52.08
1.95 4.16 1.20 0.49 45.24 41.94 47.35 51.25
2.20 4.75 1.33 0.54 44.70 41.37 46.91 50.85
2.14 4.61 1.31 0.49 44.83 41.49 46.96 51.20
2.23 4.85 1.31 0.54 44.65 41.28 46.98 50.80
2.04 4.47 1.18 0.48 45.03 41.63 47.40 51.33
2.04 4.47 1.15 0.49 45.04 41.63 47.52 51.22
1.83 3.97 1.05 0.47 45.51 42.15 47.91 51.41
1.61 3.44 0.92 0.46 46.07 42.76 48.51 51.54
1.68 3.57 0.99 0.49 45.87 42.61 48.16 51.24
1.97 4.21 1.21 0.48 45.19 41.89 47.30 51.31
2.13 4.59 1.33 0.49 44.84 41.52 46.91 51.20
1.79 3.75 1.14 0.49 45.59 42.39 47.56 51.27
1.63 3.55 0.99 0.35 46.00 42.62 48.16 52.63
1.65 3.59 0.99 0.35 45.97 42.59 48.15 52.67
1.73 3.81 1.01 0.36 45.75 42.32 48.09 52.49
1.91 4.10 1.13 0.50 45.32 42.00 47.60 51.13
2.01 4.37 1.19 0.50 45.09 41.73 47.38 51.19
1.79 3.83 1.09 0.46 45.59 42.30 47.76 51.52
1.74 3.79 1.05 0.39 45.72 42.35 47.92 52.23
1.74 3.79 1.07 0.37 45.72 42.35 47.83 52.45
1.66 3.59 1.02 0.37 45.93 42.58 48.02 52.53
1.86 3.95 1.16 0.47 45.44 42.17 47.50 51.38
1.78 3.77 1.12 0.46 45.62 42.37 47.64 51.52
1.79 3.79 1.12 0.47 45.60 42.35 47.65 51.40
2.22 4.46 1.52 0.67 44.67 41.64 46.31 49.84
2.57 5.05 1.77 0.89 44.03 41.10 45.66 48.61
2.86 5.38 1.94 1.27 43.56 40.82 45.26 47.09
3.10 5.78 1.94 1.56 43.22 40.51 45.24 46.18
3.65 6.69 2.28 1.99 42.51 39.88 44.55 45.15
3.73 6.67 2.44 2.09 42.41 39.89 44.26 44.94
3.73 6.50 2.49 2.19 42.42 40.00 44.17 44.72
3.43 5.95 2.21 2.12 42.78 40.38 44.69 44.87
3.23 5.50 2.04 2.12 43.05 40.73 45.03 44.86
3.10 5.23 2.07 1.99 43.22 40.95 44.96 45.14
3.19 5.31 2.14 2.12 43.09 40.88 44.83 44.87
3.25 5.35 2.13 2.26 43.02 40.85 44.84 44.59
3.04 4.99 2.06 2.07 43.31 41.15 44.99 44.97
2.69 4.50 1.73 1.85 43.83 41.60 45.74 45.46
2.68 4.46 1.80 1.81 43.84 41.64 45.59 45.56
2.35 3.95 1.50 1.57 44.43 42.16 46.36 46.16
2.63 4.45 1.70 1.76 43.93 41.66 45.83 45.69
2.71 4.54 1.74 1.86 43.80 41.57 45.72 45.45
2.46 4.10 1.58 1.71 44.21 42.00 46.14 45.81
2.26 3.74 1.46 1.59 44.59 42.41 46.50 46.11
2.12 3.51 1.31 1.54 44.88 42.68 46.97 46.27
2.26 3.73 1.42 1.62 44.60 42.42 46.61 46.04
2.56 4.34 1.73 1.61 44.05 41.76 45.75 46.05
2.69 4.71 1.76 1.61 43.83 41.41 45.67 46.08
2.94 5.25 1.91 1.65 43.46 40.94 45.32 45.95
3.00 5.26 2.02 1.72 43.36 40.93 45.09 45.78
3.25 5.69 2.11 1.94 43.02 40.58 44.88 45.25
3.14 5.66 2.04 1.72 43.16 40.61 45.03 45.77
3.51 6.43 2.26 1.84 42.68 40.05 44.60 45.48
3.46 6.38 2.29 1.72 42.74 40.09 44.53 45.77
3.72 6.89 2.52 1.73 42.43 39.75 44.11 45.74
3.77 6.92 2.53 1.85 42.37 39.73 44.09 45.47
3.55 6.49 2.43 1.73 42.63 40.01 44.28 45.76
3.22 6.05 2.13 1.49 43.05 40.31 44.85 46.40
2.96 5.75 1.90 1.23 43.42 40.54 45.34 47.24
2.86 5.47 1.84 1.27 43.56 40.75 45.48 47.08
2.88 5.49 1.81 1.34 43.54 40.74 45.57 46.87
2.49 4.69 1.63 1.14 44.18 41.43 46.01 47.58
2.45 4.56 1.60 1.19 44.24 41.54 46.09 47.37
2.70 5.13 1.75 1.22 43.83 41.04 45.71 47.29
2.95 5.52 1.89 1.43 43.44 40.71 45.37 46.59
2.92 5.59 1.82 1.35 43.47 40.65 45.52 46.83
3.03 5.80 1.83 1.47 43.32 40.50 45.51 46.48
3.00 5.74 1.83 1.43 43.37 40.54 45.52 46.59
3.19 6.12 1.90 1.57 43.09 40.27 45.35 46.18
3.03 5.73 1.82 1.56 43.31 40.55 45.52 46.21
3.45 6.55 2.05 1.74 42.76 39.97 45.01 45.73
3.11 5.98 1.77 1.57 43.21 40.36 45.65 46.16
3.47 6.77 1.92 1.74 42.73 39.83 45.31 45.74
3.15 6.10 1.79 1.56 43.14 40.28 45.59 46.19
3.54 6.91 1.96 1.74 42.65 39.74 45.21 45.73
3.28 6.46 1.79 1.58 42.98 40.03 45.61 46.15
3.48 7.07 1.87 1.51 42.71 39.64 45.42 46.34
3.16 6.53 1.67 1.29 43.13 39.98 45.90 47.03
3.30 7.09 1.66 1.16 42.94 39.62 45.93 47.49
3.21 6.88 1.60 1.13 43.07 39.75 46.08 47.59
3.47 7.68 1.68 1.05 42.73 39.28 45.87 47.94
3.48 7.58 1.76 1.10 42.71 39.33 45.67 47.72
3.94 8.55 1.89 1.39 42.17 38.81 45.37 46.69
4.29 9.32 2.01 1.55 41.80 38.43 45.09 46.23
4.65 10.22 2.15 1.59 41.45 38.04 44.80 46.11
4.67 10.08 2.34 1.60 41.43 38.10 44.43 46.08
4.72 10.19 2.37 1.60 41.39 38.05 44.38 46.08
4.84 10.53 2.48 1.51 41.28 37.90 44.19 46.34
5.00 11.06 2.55 1.41 41.14 37.69 44.07 46.65
5.04 11.14 2.60 1.37 41.11 37.66 43.98 46.76
4.70 10.40 2.36 1.35 41.40 37.96 44.39 46.82
4.70 10.45 2.28 1.37 41.41 37.94 44.55 46.78
3.94 8.73 1.86 1.23 42.17 38.72 45.45 47.22
3.50 7.78 1.67 1.04 42.69 39.22 45.89 47.96
3.04 6.90 1.42 0.81 43.30 39.74 46.59 49.07
2.57 5.86 1.24 0.61 44.03 40.46 47.19 50.30
2.34 5.33 1.17 0.53 44.44 40.86 47.45 50.92
2.33 5.26 1.22 0.51 44.46 40.92 47.28 51.05
2.43 5.53 1.27 0.50 44.27 40.70 47.10 51.19
2.52 5.68 1.36 0.52 44.11 40.59 46.79 50.97
2.59 5.87 1.39 0.51 44.00 40.44 46.70 51.05
2.37 5.31 1.32 0.49 44.38 40.88 46.94 51.19
2.21 5.00 1.22 0.42 44.68 41.14 47.26 51.93
2.25 5.11 1.21 0.43 44.61 41.05 47.31 51.79
2.30 5.24 1.23 0.42 44.51 40.94 47.22 51.86
2.31 5.19 1.26 0.49 44.49 40.98 47.13 51.23
2.34 5.24 1.25 0.54 44.43 40.94 47.15 50.81
2.28 5.10 1.23 0.49 44.56 41.06 47.22 51.23
2.19 4.88 1.17 0.50 44.74 41.25 47.45 51.16
2.03 4.56 1.10 0.44 45.05 41.54 47.73 51.69
1.83 4.10 1.02 0.38 45.50 42.00 48.04 52.33
1.94 4.28 1.15 0.39 45.25 41.82 47.51 52.26
2.03 4.49 1.22 0.38 45.06 41.61 47.27 52.33
2.45 5.37 1.46 0.50 44.25 40.83 46.48 51.13
2.67 5.89 1.56 0.56 43.87 40.43 46.20 50.62
2.62 5.81 1.51 0.52 43.96 40.49 46.34 51.00
2.49 5.62 1.35 0.50 44.17 40.64 46.84 51.13
2.58 5.89 1.36 0.49 44.01 40.43 46.79 51.23
2.42 5.54 1.27 0.45 44.29 40.70 47.08 51.59
2.28 5.06 1.27 0.51 44.55 41.09 47.09 51.01
2.29 5.05 1.29 0.52 44.54 41.10 47.03 50.98
2.52 5.49 1.45 0.63 44.11 40.73 46.53 50.11
2.43 5.22 1.44 0.66 44.27 40.96 46.56 49.97
2.25 4.75 1.37 0.62 44.62 41.37 46.77 50.19
2.21 4.69 1.36 0.58 44.69 41.41 46.81 50.48
2.07 4.37 1.29 0.54 44.98 41.72 47.04 50.84
1.99 4.23 1.21 0.52 45.14 41.87 47.29 50.96
2.14 4.49 1.28 0.65 44.83 41.61 47.08 49.98
2.39 4.82 1.44 0.90 44.35 41.30 46.55 48.57
2.26 4.61 1.38 0.77 44.60 41.49 46.72 49.28
2.49 5.07 1.50 0.89 44.17 41.08 46.36 48.65
2.67 5.46 1.58 0.98 43.86 40.76 46.15 48.21
2.81 5.68 1.68 1.08 43.64 40.58 45.89 47.80
2.90 5.78 1.78 1.16 43.50 40.51 45.62 47.49
2.93 5.66 1.85 1.27 43.47 40.60 45.47 47.09
3.02 5.73 1.91 1.43 43.33 40.55 45.33 46.59
2.85 5.35 1.80 1.39 43.59 40.85 45.58 46.70
3.07 5.71 1.95 1.53 43.27 40.56 45.23 46.28
3.14 6.01 1.95 1.45 43.16 40.34 45.24 46.50
2.84 5.40 1.77 1.36 43.60 40.81 45.66 46.81
2.77 5.37 1.66 1.26 43.72 40.83 45.92 47.13
2.63 5.03 1.65 1.20 43.94 41.11 45.96 47.35
2.56 4.91 1.67 1.10 44.05 41.21 45.91 47.71
2.51 4.77 1.65 1.11 44.13 41.34 45.94 47.67
2.75 5.14 1.87 1.22 43.74 41.02 45.42 47.25
2.62 4.86 1.75 1.25 43.95 41.27 45.70 47.18
2.58 4.71 1.72 1.31 44.02 41.41 45.76 46.96
2.49 4.56 1.62 1.29 44.17 41.54 46.04 47.02
2.55 4.74 1.65 1.25 44.07 41.37 45.96 47.16
2.58 4.81 1.64 1.29 44.01 41.31 45.98 47.01
2.63 4.81 1.72 1.38 43.92 41.31 45.78 46.75
2.65 4.74 1.75 1.44 43.91 41.38 45.69 46.54
2.57 4.55 1.71 1.46 44.03 41.55 45.80 46.49
2.64 4.57 1.75 1.61 43.92 41.54 45.70 46.08
2.56 4.44 1.72 1.51 44.05 41.66 45.77 46.33
2.25 3.88 1.46 1.41 44.60 42.25 46.47 46.62
1.96 3.22 1.31 1.34 45.22 43.05 46.97 46.87
2.23 3.59 1.66 1.43 44.65 42.58 45.93 46.56
2.67 4.37 2.03 1.60 43.87 41.73 45.06 46.10
2.76 4.52 2.07 1.68 43.73 41.58 44.97 45.88
3.03 5.01 2.21 1.87 43.31 41.13 44.69 45.41
3.20 5.40 2.28 1.93 43.08 40.80 44.55 45.29
3.27 5.55 2.30 1.96 42.98 40.69 44.51 45.20
3.39 5.90 2.35 1.91 42.83 40.42 44.42 45.32
3.44 5.89 2.38 2.04 42.77 40.43 44.36 45.04
3.65 6.41 2.46 2.07 42.51 40.06 44.22 44.98
3.72 6.37 2.67 2.13 42.42 40.09 43.88 44.84
3.88 6.69 2.79 2.17 42.24 39.88 43.68 44.76
3.92 6.70 2.72 2.35 42.20 39.87 43.79 44.42
3.92 6.76 2.71 2.29 42.20 39.83 43.80 44.53
4.12 7.13 2.98 2.25 41.98 39.60 43.39 44.61
4.08 7.07 2.93 2.23 42.03 39.64 43.46 44.65
4.57 7.99 3.11 2.60 41.53 39.11 43.20 43.97
5.10 8.98 3.47 2.86 41.05 38.60 42.72 43.57
6.10 10.81 4.12 3.37 40.28 37.79 41.99 42.86
6.01 10.89 3.75 3.41 40.34 37.76 42.40 42.81
6.56 11.89 4.25 3.55 39.96 37.38 41.85 42.62
7.16 13.26 4.50 3.74 39.58 36.91 41.60 42.40
8.17 15.57 4.92 4.02 39.01 36.21 41.21 42.09
8.08 15.31 4.81 4.11 39.06 36.28 41.31 41.99
7.39 14.05 4.42 3.71 39.44 36.65 41.68 42.44
8.29 16.00 4.83 4.04 38.95 36.09 41.29 42.06
6.99 13.58 3.82 3.58 39.69 36.80 42.31 42.59
6.64 13.05 3.71 3.15 39.91 36.97 42.43 43.14
6.18 12.44 3.34 2.76 40.22 37.19 42.89 43.72
6.11 12.31 3.37 2.66 40.27 37.23 42.86 43.88
5.28 10.69 2.86 2.31 40.90 37.84 43.57 44.49
5.14 10.49 2.83 2.09 41.03 37.92 43.61 44.93
4.77 9.66 2.74 1.91 41.34 38.28 43.75 45.31
3.88 7.63 2.42 1.61 42.24 39.32 44.30 46.07
4.22 8.40 2.59 1.68 41.89 38.91 44.01 45.88
3.84 7.60 2.43 1.49 42.33 39.37 44.30 46.41
3.48 7.16 2.05 1.22 42.74 39.61 45.03 47.28
3.32 6.88 1.96 1.13 42.96 39.81 45.25 47.62
3.44 7.16 1.98 1.18 42.78 39.60 45.18 47.43
3.33 6.84 1.93 1.20 42.93 39.80 45.28 47.33
3.29 6.79 1.90 1.17 42.98 39.83 45.34 47.47
3.06 6.28 1.83 1.07 43.30 40.18 45.52 47.84
2.91 6.03 1.69 1.01 43.52 40.37 45.86 48.09
3.24 6.69 1.97 1.07 43.04 39.90 45.19 47.84
3.08 6.36 1.85 1.04 43.26 40.12 45.47 47.99
2.98 6.03 1.84 1.07 43.40 40.33 45.50 47.83
3.27 6.59 2.00 1.21 43.00 39.95 45.13 47.31
3.23 6.63 1.93 1.13 43.05 39.92 45.28 47.62
3.06 6.28 1.77 1.10 43.29 40.16 45.64 47.71
2.96 6.05 1.75 1.09 43.43 40.32 45.71 47.77
3.01 6.08 1.80 1.17 43.34 40.30 45.59 47.45
3.07 6.15 1.80 1.25 43.27 40.25 45.56 47.16
3.09 6.17 1.79 1.33 43.23 40.24 45.60 46.90
2.94 5.82 1.77 1.22 43.46 40.48 45.66 47.27
2.77 5.51 1.64 1.17 43.71 40.72 46.00 47.45
2.55 5.06 1.50 1.08 44.08 41.10 46.37 47.82
2.46 4.85 1.50 1.02 44.23 41.28 46.39 48.05
2.73 5.51 1.60 1.06 43.78 40.72 46.08 47.87
2.64 5.32 1.60 1.01 43.91 40.88 46.10 48.11
3.08 6.28 1.75 1.22 43.25 40.16 45.70 47.28
3.00 6.02 1.78 1.21 43.36 40.35 45.63 47.31
3.16 6.35 1.80 1.33 43.15 40.12 45.59 46.92
3.27 6.58 1.88 1.35 43.00 39.96 45.40 46.86
3.13 6.45 1.76 1.18 43.18 40.04 45.68 47.41
3.22 6.66 1.82 1.17 43.06 39.90 45.52 47.45
3.13 6.53 1.77 1.08 43.18 39.99 45.65 47.79
2.80 5.90 1.58 0.91 43.67 40.43 46.14 48.54
2.49 5.27 1.46 0.75 44.17 40.93 46.49 49.38
2.56 5.53 1.38 0.75 44.06 40.72 46.72 49.34
2.55 5.43 1.40 0.81 44.08 40.80 46.69 49.06
2.77 5.98 1.50 0.84 43.72 40.39 46.39 48.88
2.80 5.98 1.50 0.90 43.68 40.38 46.36 48.59
2.99 6.44 1.55 0.99 43.39 40.07 46.24 48.20
3.05 6.48 1.59 1.09 43.32 40.05 46.15 47.78
3.31 6.93 1.76 1.23 42.97 39.76 45.70 47.26
3.30 6.97 1.76 1.18 42.97 39.73 45.69 47.44
3.63 7.67 1.97 1.27 42.54 39.30 45.20 47.12
4.19 8.76 2.26 1.55 41.94 38.74 44.61 46.26
4.60 9.65 2.52 1.63 41.54 38.32 44.14 46.03
4.69 9.92 2.48 1.66 41.46 38.21 44.21 45.96
4.85 10.36 2.53 1.68 41.29 38.00 44.11 45.90
5.46 11.65 2.89 1.85 40.78 37.50 43.53 45.46
5.41 11.72 2.77 1.73 40.82 37.46 43.72 45.76
4.87 10.35 2.66 1.60 41.27 38.00 43.89 46.08
5.42 11.90 2.80 1.58 40.81 37.40 43.66 46.17
5.02 10.95 2.57 1.54 41.15 37.77 44.05 46.28
4.71 10.12 2.49 1.52 41.43 38.11 44.19 46.33
4.55 9.52 2.47 1.66 41.58 38.39 44.23 45.96
4.71 9.86 2.51 1.76 41.43 38.22 44.16 45.70
4.59 9.41 2.55 1.81 41.55 38.44 44.08 45.59
4.47 9.04 2.58 1.80 41.66 38.61 44.04 45.60
4.05 8.12 2.29 1.75 42.09 39.08 44.55 45.73
4.32 8.53 2.52 1.90 41.82 38.88 44.14 45.36
