5.99 12.66 3.14 2.17 40.36 37.11 43.17 44.77
6.34 13.68 3.03 2.31 40.11 36.77 43.32 44.50
6.43 14.04 3.05 2.19 40.05 36.66 43.29 44.72
6.44 14.14 3.04 2.15 40.04 36.63 43.30 44.80
6.49 14.09 3.18 2.19 40.01 36.64 43.10 44.73
6.86 15.00 3.21 2.37 39.77 36.37 43.07 44.39
7.01 15.25 3.38 2.40 39.67 36.30 42.85 44.33
7.51 16.47 3.56 2.51 39.37 35.96 42.62 44.14
6.43 13.99 3.14 2.15 40.05 36.67 43.16 44.81
7.17 15.57 3.35 2.60 39.57 36.21 42.88 43.98
7.25 15.82 3.30 2.64 39.53 36.14 42.95 43.91
6.88 15.36 3.03 2.25 39.75 36.27 43.32 44.60
6.74 14.97 3.04 2.20 39.85 36.38 43.30 44.70
7.87 17.56 3.68 2.38 39.17 35.69 42.47 44.37
7.58 17.24 3.18 2.32 39.33 35.77 43.10 44.48
8.00 18.16 3.44 2.39 39.10 35.54 42.77 44.35
7.34 16.60 3.27 2.16 39.47 35.93 42.99 44.79
7.27 16.67 3.19 1.96 39.51 35.91 43.10 45.22
6.43 14.74 2.82 1.72 40.05 36.45 43.63 45.77
6.42 14.79 2.75 1.73 40.05 36.43 43.73 45.76
6.33 14.34 2.86 1.78 40.12 36.57 43.57 45.62
6.02 13.55 2.63 1.87 40.34 36.81 43.93 45.42
6.20 13.76 2.89 1.95 40.21 36.74 43.53 45.24
5.86 12.89 2.83 1.83 40.45 37.02 43.61 45.50
4.99 11.00 2.40 1.58 41.15 37.71 44.32 46.14
4.74 10.53 2.25 1.43 41.37 37.90 44.60 46.57
4.22 9.37 1.94 1.35 41.88 38.42 45.26 46.84
4.06 9.11 1.89 1.18 42.05 38.54 45.35 47.42
3.84 8.49 1.89 1.14 42.29 38.84 45.37 47.57
3.97 8.62 2.03 1.27 42.14 38.77 45.06 47.11
2.80 5.41 1.83 1.16 43.66 40.80 45.51 47.50
2.69 5.17 1.67 1.23 43.84 41.00 45.92 47.23
3.07 5.92 1.86 1.44 43.26 40.41 45.44 46.54
3.02 5.76 1.92 1.38 43.33 40.53 45.30 46.74
2.67 5.08 1.67 1.26 43.87 41.07 45.91 47.12
2.46 4.67 1.57 1.14 44.22 41.44 46.17 47.58
2.64 5.05 1.69 1.17 43.93 41.10 45.85 47.46
2.42 4.57 1.58 1.11 44.30 41.53 46.14 47.69
2.46 4.73 1.57 1.08 44.22 41.39 46.17 47.79
2.72 5.20 1.71 1.26 43.78 40.97 45.80 47.12
3.02 5.76 1.88 1.43 43.33 40.52 45.40 46.58
2.92 5.69 1.77 1.31 43.47 40.58 45.64 46.97
2.81 5.63 1.68 1.15 43.63 40.63 45.89 47.54
2.58 5.27 1.55 0.93 44.01 40.92 46.24 48.46
2.51 5.14 1.49 0.90 44.14 41.02 46.39 48.60
2.43 5.02 1.47 0.80 44.27 41.13 46.45 49.08
2.33 4.82 1.43 0.73 44.47 41.30 46.57 49.53
2.25 4.69 1.40 0.66 44.60 41.42 46.66 49.96
2.16 4.51 1.32 0.65 44.79 41.59 46.93 49.99
1.89 4.01 1.16 0.52 45.36 42.11 47.48 51.03
1.72 3.67 1.11 0.40 45.76 42.48 47.67 52.15
1.81 3.84 1.14 0.45 45.55 42.28 47.56 51.61
2.04 4.38 1.25 0.49 45.03 41.72 47.15 51.20
2.03 4.36 1.27 0.46 45.06 41.74 47.11 51.52
2.07 4.45 1.25 0.50 44.98 41.65 47.16 51.09
1.92 4.16 1.14 0.45 45.31 41.94 47.56 51.63
1.92 4.19 1.09 0.47 45.31 41.91 47.76 51.36
1.74 3.77 1.00 0.45 45.72 42.37 48.10 51.61
1.53 3.25 0.90 0.44 46.28 43.01 48.58 51.69
1.59 3.31 0.96 0.48 46.13 42.93 48.30 51.32
1.73 3.66 1.08 0.46 45.75 42.49 47.80 51.56
1.68 3.51 1.09 0.44 45.87 42.67 47.74 51.71
1.47 3.04 0.97 0.42 46.44 43.30 48.28 51.91
1.39 2.97 0.90 0.31 46.69 43.39 48.60 53.22
1.34 2.82 0.88 0.32 46.86 43.63 48.68 53.13
1.41 3.01 0.89 0.32 46.65 43.34 48.64 53.06
1.62 3.41 1.01 0.43 46.04 42.81 48.09 51.78
1.62 3.38 1.03 0.44 46.05 42.84 48.00 51.75
1.58 3.26 1.03 0.44 46.15 43.00 47.99 51.72
1.53 3.23 0.99 0.36 46.29 43.04 48.16 52.53
1.47 3.09 0.97 0.34 46.47 43.22 48.26 52.86
1.41 2.99 0.93 0.33 46.63 43.38 48.46 53.01
1.53 3.17 0.99 0.44 46.27 43.12 48.18 51.65
1.45 2.99 0.95 0.42 46.50 43.37 48.35 51.92
1.56 3.23 1.00 0.45 46.20 43.04 48.14 51.66
1.86 3.74 1.28 0.56 45.44 42.40 47.07 50.61
2.16 4.20 1.49 0.78 44.80 41.90 46.40 49.22
2.39 4.42 1.68 1.07 44.35 41.68 45.88 47.85
2.54 4.64 1.67 1.33 44.07 41.47 45.90 46.89
2.88 5.13 1.87 1.64 43.54 41.03 45.42 45.98
3.09 5.41 2.14 1.74 43.22 40.80 44.84 45.72
3.00 5.23 1.99 1.79 43.36 40.95 45.15 45.61
2.87 4.87 2.00 1.73 43.55 41.26 45.11 45.74
2.65 4.41 1.77 1.76 43.90 41.69 45.66 45.68
2.78 4.54 1.94 1.86 43.69 41.56 45.26 45.43
2.57 4.12 1.81 1.78 44.03 41.98 45.55 45.62
2.63 4.25 1.82 1.81 43.93 41.85 45.53 45.54
2.36 3.75 1.71 1.61 44.41 42.39 45.81 46.07
2.19 3.54 1.51 1.51 44.74 42.65 46.35 46.34
2.12 3.40 1.47 1.48 44.88 42.82 46.48 46.42
2.31 3.84 1.48 1.60 44.50 42.29 46.42 46.09
2.47 4.07 1.68 1.67 44.20 42.04 45.88 45.90
2.39 3.85 1.62 1.70 44.35 42.28 46.04 45.83
2.25 3.71 1.50 1.55 44.60 42.44 46.37 46.22
1.99 3.23 1.28 1.45 45.15 43.04 47.04 46.50
1.93 3.11 1.24 1.45 45.27 43.20 47.21 46.53
1.98 3.18 1.26 1.48 45.18 43.10 47.13 46.43
2.40 3.93 1.66 1.61 44.33 42.19 45.92 46.06
2.55 4.36 1.72 1.57 44.07 41.74 45.77 46.19
2.71 4.69 1.83 1.59 43.81 41.42 45.51 46.12
2.95 5.06 2.04 1.76 43.43 41.09 45.05 45.66
3.09 5.29 2.08 1.92 43.23 40.90 44.95 45.31
2.89 5.09 1.95 1.64 43.52 41.06 45.23 45.98
3.09 5.46 2.06 1.75 43.23 40.76 44.99 45.70
2.98 5.37 2.02 1.56 43.38 40.83 45.08 46.19
3.04 5.51 2.13 1.48 43.31 40.72 44.85 46.44
3.12 5.67 2.12 1.58 43.19 40.60 44.88 46.16
3.12 5.69 2.10 1.56 43.19 40.58 44.92 46.19
2.81 5.19 1.85 1.37 43.65 40.98 45.46 46.76
2.56 4.87 1.69 1.13 44.04 41.26 45.85 47.59
2.41 4.47 1.61 1.15 44.31 41.63 46.07 47.54
2.42 4.53 1.55 1.17 44.30 41.57 46.24 47.43
2.10 3.87 1.43 1.00 44.91 42.25 46.57 48.12
2.16 3.91 1.45 1.11 44.79 42.21 46.52 47.67
2.26 4.20 1.50 1.07 44.59 41.90 46.36 47.82
2.53 4.63 1.65 1.31 44.10 41.48 45.96 46.95
2.39 4.45 1.53 1.20 44.34 41.65 46.29 47.35
2.61 4.87 1.63 1.33 43.97 41.26 46.02 46.89
2.74 5.18 1.64 1.40 43.75 40.98 45.99 46.65
2.74 5.06 1.69 1.46 43.76 41.09 45.85 46.50
2.65 4.94 1.64 1.39 43.89 41.20 45.99 46.70
2.82 5.24 1.70 1.53 43.62 40.94 45.83 46.28
2.81 5.29 1.61 1.54 43.64 40.89 46.06 46.26
3.19 6.07 1.82 1.68 43.10 40.30 45.54 45.88
3.04 5.67 1.78 1.68 43.30 40.60 45.62 45.89
3.01 5.64 1.72 1.65 43.35 40.62 45.77 45.96
2.76 5.19 1.62 1.48 43.72 40.98 46.05 46.44
2.89 5.68 1.65 1.35 43.52 40.59 45.96 46.85
2.62 5.30 1.44 1.11 43.96 40.90 46.55 47.68
2.60 5.45 1.37 0.98 43.98 40.77 46.76 48.24
2.50 5.28 1.30 0.91 44.16 40.91 46.99 48.52
2.62 5.63 1.38 0.86 43.95 40.63 46.75 48.80
2.84 6.12 1.48 0.93 43.59 40.26 46.43 48.46
3.33 7.13 1.67 1.19 42.91 39.60 45.91 47.38
3.56 7.51 1.79 1.38 42.62 39.38 45.60 46.72
3.89 8.33 1.96 1.39 42.23 38.93 45.21 46.69
3.90 8.31 2.06 1.34 42.22 38.94 45.00 46.85
3.93 8.38 2.09 1.32 42.19 38.90 44.94 46.92
3.94 8.51 2.06 1.23 42.18 38.83 44.99 47.22
4.16 9.10 2.16 1.23 41.94 38.54 44.78 47.23
4.37 9.60 2.31 1.20 41.73 38.31 44.51 47.34
4.01 8.84 2.04 1.13 42.11 38.67 45.04 47.60
3.98 8.81 1.96 1.16 42.14 38.68 45.21 47.47
3.54 7.83 1.67 1.11 42.64 39.19 45.90 47.66
3.30 7.31 1.63 0.95 42.95 39.49 46.00 48.34
2.79 6.30 1.33 0.75 43.67 40.14 46.89 49.37
2.41 5.44 1.21 0.58 44.31 40.77 47.31 50.49
2.27 5.15 1.14 0.52 44.57 41.01 47.56 51.00
2.22 4.98 1.19 0.49 44.67 41.16 47.39 51.20
2.30 5.19 1.21 0.49 44.52 40.98 47.29 51.24
2.39 5.34 1.32 0.50 44.35 40.85 46.93 51.15
2.45 5.53 1.32 0.50 44.24 40.71 46.93 51.12
2.26 5.05 1.24 0.48 44.60 41.10 47.20 51.30
2.06 4.62 1.16 0.41 44.99 41.48 47.51 52.03
2.07 4.65 1.14 0.41 44.98 41.45 47.57 51.99
2.17 4.94 1.18 0.40 44.76 41.19 47.41 52.13
2.19 4.90 1.22 0.46 44.72 41.23 47.28 51.48
2.21 4.89 1.21 0.52 44.69 41.23 47.29 50.99
2.15 4.80 1.17 0.48 44.81 41.32 47.45 51.29
2.07 4.61 1.11 0.48 44.98 41.49 47.67 51.34
1.96 4.42 1.06 0.41 45.20 41.68 47.89 51.96
1.78 3.98 0.99 0.37 45.64 42.14 48.19 52.50
1.88 4.16 1.11 0.38 45.38 41.94 47.66 52.37
1.95 4.31 1.17 0.36 45.24 41.79 47.47 52.51
2.32 5.08 1.39 0.49 44.47 41.07 46.70 51.24
2.52 5.52 1.48 0.55 44.12 40.72 46.43 50.75
2.45 5.42 1.42 0.51 44.24 40.79 46.60 51.04
2.35 5.28 1.28 0.49 44.42 40.91 47.06 51.24
2.46 5.61 1.30 0.48 44.22 40.64 46.99 51.33
2.28 5.14 1.27 0.44 44.55 41.02 47.09 51.70
2.17 4.78 1.23 0.49 44.77 41.34 47.21 51.21
2.22 4.87 1.28 0.50 44.67 41.26 47.06 51.10
2.39 5.15 1.42 0.61 44.34 41.01 46.62 50.28
2.25 4.79 1.35 0.62 44.60 41.33 46.81 50.24
2.12 4.47 1.30 0.59 44.87 41.63 47.00 50.46
2.08 4.42 1.28 0.54 44.95 41.67 47.06 50.77
1.91 4.03 1.21 0.51 45.31 42.08 47.31 51.10
1.86 3.90 1.17 0.50 45.45 42.22 47.46 51.16
1.98 4.10 1.23 0.60 45.18 42.01 47.25 50.34
2.04 4.20 1.22 0.70 45.04 41.90 47.27 49.70
1.95 3.92 1.21 0.71 45.24 42.20 47.32 49.59
2.14 4.26 1.33 0.82 44.83 41.83 46.90 48.96
2.29 4.55 1.42 0.92 44.53 41.56 46.62 48.49
2.49 4.93 1.54 0.99 44.17 41.21 46.24 48.16
2.51 4.82 1.63 1.07 44.14 41.30 46.02 47.82
2.56 4.82 1.67 1.18 44.06 41.30 45.92 47.44
2.64 4.90 1.71 1.30 43.92 41.23 45.80 46.99
2.54 4.70 1.65 1.26 44.09 41.41 45.95 47.13
2.69 4.99 1.74 1.35 43.84 41.16 45.74 46.85
2.76 5.13 1.77 1.38 43.73 41.03 45.67 46.75
2.71 5.04 1.73 1.35 43.81 41.11 45.75 46.82
2.67 5.00 1.71 1.30 43.87 41.15 45.82 46.99
2.50 4.70 1.61 1.20 44.15 41.41 46.07 47.34
2.40 4.48 1.63 1.10 44.33 41.61 46.02 47.73
2.42 4.51 1.65 1.11 44.29 41.59 45.97 47.68
2.46 4.55 1.75 1.09 44.22 41.55 45.70 47.77
2.49 4.59 1.68 1.19 44.18 41.51 45.87 47.38
2.46 4.43 1.66 1.29 44.22 41.67 45.92 47.04
2.33 4.16 1.57 1.25 44.47 41.94 46.16 47.18
2.35 4.27 1.58 1.19 44.43 41.83 46.15 47.38
2.44 4.48 1.60 1.24 44.26 41.62 46.10 47.18
2.50 4.49 1.68 1.34 44.15 41.61 45.89 46.86
2.51 4.46 1.69 1.39 44.13 41.64 45.85 46.68
2.50 4.34 1.71 1.44 44.16 41.76 45.80 46.56
2.56 4.35 1.71 1.61 44.05 41.74 45.80 46.07
2.43 4.12 1.68 1.49 44.28 41.98 45.89 46.40
2.15 3.62 1.44 1.39 44.81 42.54 46.55 46.71
1.87 3.04 1.27 1.31 45.40 43.30 47.11 46.95
2.15 3.40 1.65 1.40 44.81 42.82 45.97 46.65
2.49 3.97 1.95 1.53 44.18 42.14 45.23 46.28
2.49 4.02 1.89 1.57 44.16 42.09 45.36 46.18
2.70 4.43 2.05 1.63 43.81 41.66 45.01 46.02
2.72 4.48 2.00 1.68 43.78 41.62 45.12 45.88
2.65 4.39 1.87 1.69 43.90 41.70 45.41 45.84
2.93 4.91 2.15 1.71 43.47 41.22 44.80 45.80
2.91 4.82 2.12 1.78 43.49 41.30 44.87 45.62
3.00 4.98 2.24 1.77 43.36 41.16 44.63 45.64
3.29 5.60 2.37 1.89 42.96 40.65 44.38 45.37
3.35 5.58 2.55 1.90 42.89 40.66 44.06 45.34
3.28 5.51 2.44 1.89 42.98 40.72 44.26 45.37
3.09 5.18 2.29 1.81 43.23 40.99 44.53 45.57
3.39 5.74 2.55 1.90 42.82 40.54 44.07 45.35
3.25 5.43 2.43 1.88 43.02 40.78 44.27 45.40
3.93 6.80 2.80 2.19 42.19 39.81 43.66 44.72
3.97 6.65 2.87 2.38 42.15 39.90 43.56 44.37
4.68 8.06 3.39 2.60 41.43 39.07 42.83 43.97
4.71 8.27 3.08 2.76 41.40 38.96 43.24 43.72
5.01 8.79 3.40 2.83 41.14 38.69 42.82 43.61
5.50 9.73 3.73 3.02 40.73 38.25 42.41 43.33
5.99 10.78 3.93 3.27 40.36 37.80 42.19 42.99
5.94 10.67 3.91 3.24 40.40 37.85 42.21 43.03
5.95 10.80 3.85 3.22 40.38 37.80 42.28 43.06
6.07 11.08 3.80 3.34 40.30 37.68 42.34 42.89
5.49 10.06 3.22 3.17 40.74 38.10 43.05 43.12
5.04 9.35 3.04 2.73 41.10 38.42 43.30 43.77
4.96 9.29 3.05 2.55 41.18 38.45 43.30 44.07
4.67 8.79 2.86 2.36 41.44 38.69 43.57 44.41
4.28 8.21 2.53 2.11 41.81 38.99 44.11 44.88
4.09 7.80 2.49 1.96 42.02 39.21 44.17 45.21
3.53 6.72 2.24 1.61 42.66 39.86 44.64 46.05
3.04 5.80 1.98 1.34 43.30 40.50 45.17 46.86
3.23 6.26 2.04 1.39 43.04 40.17 45.03 46.70
2.94 5.68 1.91 1.25 43.44 40.59 45.32 47.18
2.73 5.42 1.75 1.01 43.78 40.79 45.70 48.11
2.58 5.16 1.64 0.94 44.02 41.01 46.00 48.38
2.63 5.30 1.64 0.94 43.94 40.89 45.99 48.41
2.62 5.20 1.63 1.02 43.95 40.97 46.01 48.05
2.61 5.24 1.59 0.99 43.97 40.93 46.11 48.18
2.54 5.07 1.61 0.95 44.07 41.08 46.07 48.35
2.57 5.22 1.56 0.91 44.04 40.96 46.19 48.52
2.54 5.19 1.58 0.86 44.08 40.98 46.16 48.79
2.55 5.17 1.60 0.88 44.07 41.00 46.10 48.69
2.68 5.39 1.67 1.00 43.84 40.82 45.93 48.13
2.87 5.70 1.81 1.10 43.55 40.57 45.55 47.73
2.84 5.74 1.74 1.04 43.60 40.54 45.73 47.98
2.77 5.66 1.66 1.00 43.70 40.60 45.94 48.10
2.61 5.32 1.54 0.98 43.96 40.87 46.26 48.23
2.63 5.26 1.59 1.05 43.93 40.92 46.13 47.92
2.70 5.34 1.63 1.12 43.82 40.86 46.01 47.63
2.69 5.23 1.64 1.18 43.84 40.95 45.97 47.43
2.60 5.09 1.61 1.10 43.98 41.07 46.05 47.72
2.43 4.76 1.49 1.04 44.28 41.36 46.40 47.98
2.23 4.34 1.38 0.97 44.65 41.76 46.73 48.26
2.24 4.38 1.36 0.96 44.64 41.72 46.78 48.32
2.44 4.86 1.46 1.00 44.26 41.27 46.48 48.14
2.39 4.77 1.47 0.92 44.35 41.35 46.45 48.47
2.66 5.35 1.55 1.08 43.88 40.85 46.22 47.79
2.62 5.20 1.57 1.08 43.95 40.97 46.19 47.77
2.72 5.40 1.61 1.15 43.79 40.81 46.07 47.53
2.76 5.48 1.63 1.15 43.73 40.75 46.02 47.51
2.68 5.42 1.57 1.05 43.85 40.80 46.18 47.93
2.71 5.50 1.61 1.01 43.81 40.73 46.08 48.06
2.61 5.32 1.55 0.96 43.98 40.88 46.24 48.33
2.27 4.68 1.36 0.77 44.57 41.43 46.79 49.25
2.10 4.34 1.33 0.65 44.90 41.76 46.91 50.03
2.05 4.31 1.21 0.64 45.02 41.80 47.32 50.09
2.04 4.26 1.20 0.66 45.03 41.84 47.34 49.92
2.13 4.49 1.23 0.68 44.84 41.61 47.23 49.82
2.23 4.64 1.31 0.75 44.65 41.47 46.97 49.37
2.25 4.69 1.27 0.79 44.62 41.43 47.10 49.17
2.14 4.44 1.19 0.80 44.82 41.66 47.40 49.09
2.34 4.83 1.30 0.86 44.45 41.29 46.99 48.77
2.45 5.05 1.38 0.92 44.25 41.11 46.74 48.50
2.92 6.01 1.68 1.07 43.48 40.35 45.87 47.82
3.23 6.62 1.86 1.22 43.03 39.92 45.43 47.26
3.47 7.04 2.05 1.31 42.73 39.66 45.01 46.97
3.37 6.93 1.92 1.27 42.86 39.73 45.30 47.09
3.74 7.72 2.11 1.40 42.40 39.25 44.89 46.69
4.02 8.32 2.31 1.44 42.09 38.93 44.50 46.54
4.07 8.49 2.32 1.42 42.04 38.85 44.48 46.62
3.81 7.83 2.23 1.37 42.33 39.20 44.65 46.77
4.10 8.64 2.39 1.28 42.00 38.77 44.36 47.05
3.78 7.96 2.13 1.27 42.35 39.13 44.85 47.10
3.53 7.35 2.03 1.21 42.65 39.48 45.04 47.29
3.43 6.92 1.99 1.39 42.78 39.73 45.15 46.70
3.38 6.72 1.93 1.48 42.85 39.87 45.27 46.42
3.13 6.10 1.92 1.38 43.18 40.30 45.31 46.73
3.07 5.79 1.92 1.49 43.28 40.53 45.30 46.39
2.70 5.02 1.71 1.36 43.83 41.15 45.80 46.78
2.75 5.00 1.74 1.50 43.76 41.16 45.74 46.36
